    1154
       1816.1203       1.0008981      0.98369879       0.0000000
       1816.1411       1.0006461      0.98359591       0.0000000
       1816.1620      0.99924135      0.98280919       0.0000000
       1816.1828      0.99799925      0.98140466       0.0000000
       1816.2036      0.99626392      0.97968650       0.0000000
       1816.2245      0.99609965      0.97970480       0.0000000
       1816.2453      0.99543303      0.97893357       0.0000000
       1816.2661      0.99399269      0.97766376       0.0000000
       1816.2870      0.99460983      0.97795641       0.0000000
       1816.3078      0.98629427      0.96980846       0.0000000
       1816.3286      0.95841646      0.94207644       0.0000000
       1816.3495      0.92767632      0.91178286       128.00000
       1816.3703      0.91371423      0.89819050       0.0000000
       1816.3911      0.90863407      0.89531267       128.00000
       1816.4120      0.92931676      0.91086519       128.00000
       1816.4328      0.96752477      0.94801682       0.0000000
       1816.4536      0.98579633      0.96633196       128.00000
       1816.4745      0.99354738      0.97163641       128.00000
       1816.4953      0.99338502      0.96299350       128.00000
       1816.5161      0.99231607      0.97504342       128.00000
       1816.5370      0.99124664      0.97541159       128.00000
       1816.5578      0.98940670      0.97106886       128.00000
       1816.5786      0.99064076      0.97265267       128.00000
       1816.5995      0.98821241      0.96839011       128.00000
       1816.6203      0.98909980      0.97212833       128.00000
       1816.6411      0.99538338      0.97707045       128.00000
       1816.6620      0.99507564      0.97768331       0.0000000
       1816.6828      0.99369735      0.97604960       128.00000
       1816.7036      0.99296486      0.97493124       0.0000000
       1816.7245      0.99496937      0.97840875       0.0000000
       1816.7453      0.99567997      0.97830856       128.00000
       1816.7661      0.99318779      0.97820938       128.00000
       1816.7870      0.99607521      0.97935182       128.00000
       1816.8078      0.99827015      0.98250026       0.0000000
       1816.8286      0.99579519      0.97961086       0.0000000
       1816.8495      0.99100405      0.97262967       128.00000
       1816.8703      0.99290693      0.97999340       128.00000
       1816.8911      0.99211133      0.97528189       128.00000
       1816.9120      0.99599260      0.98002499       0.0000000
       1816.9328      0.99717146      0.98172432       0.0000000
       1816.9536      0.99465567      0.97884709       128.00000
       1816.9745      0.99338275      0.97820199       128.00000
       1816.9953       1.0005602      0.98069274       128.00000
       1817.0161      0.99607652      0.98074555       128.00000
       1817.0370      0.99670631      0.98042727       128.00000
       1817.0578      0.99236202      0.97600430       0.0000000
       1817.0786      0.99338418      0.97832882       0.0000000
       1817.0995      0.99397230      0.97851557       0.0000000
       1817.1203      0.99616367      0.98150361       0.0000000
       1817.1411      0.99583650      0.98047668       128.00000
       1817.1620       1.1280303      0.97894806       128.00000
       1817.1828      0.99902368      0.98323047       128.00000
       1817.2036      0.99367297      0.97897291       128.00000
       1817.2245      0.99702263      0.98256952       128.00000
       1817.2453      0.99871391      0.98237997       128.00000
       1817.2662      0.99750590      0.98429060       0.0000000
       1817.2870      0.99649262      0.98413372       128.00000
       1817.3078      0.99426883      0.97862279       128.00000
       1817.3287      0.99940223      0.98661101       128.00000
       1817.3495      0.99924147      0.98668247       0.0000000
       1817.3703       1.0002027      0.98740900       0.0000000
       1817.3912       1.0010709      0.98779523       128.00000
       1817.4120      0.99956143      0.98729444       0.0000000
       1817.4328      0.99638981      0.98657423       128.00000
       1817.4537      0.99929160      0.98778135       0.0000000
       1817.4745       1.0005856      0.98902559       0.0000000
       1817.4953      0.99943501      0.98826814       0.0000000
       1817.5162      0.99836117      0.98750132       0.0000000
       1817.5370      0.99964988      0.98814517       128.00000
       1817.5578      0.99908000      0.98722774       0.0000000
       1817.5787      0.99852657      0.98836476       128.00000
       1817.5995      0.99711311      0.98472232       128.00000
       1817.6203      0.99894893      0.98822111       0.0000000
       1817.6412      0.99808890      0.98861307       128.00000
       1817.6620      0.99807113      0.98704267       128.00000
       1817.6828      0.99924678      0.98907125       0.0000000
       1817.7037       1.0015932      0.99084157       0.0000000
       1817.7245      0.99963117      0.98946702       128.00000
       1817.7453       1.0000000      0.98936361       0.0000000
       1817.7662      0.99914420      0.98809803       128.00000
       1817.7870       1.0010058      0.99046654       0.0000000
       1817.8078       1.0003147      0.99030477       128.00000
       1817.8287       1.0015324      0.99038774       0.0000000
       1817.8495      0.99771070      0.99034840       128.00000
       1817.8703      0.99776101      0.98799801       0.0000000
       1817.8912      0.99934953      0.99027228       0.0000000
       1817.9120      0.99819303      0.98866832       0.0000000
       1817.9328       1.0011590      0.99224001       0.0000000
       1817.9537       1.0000367      0.99146581       0.0000000
       1817.9745       1.0005201      0.99222416       0.0000000
       1817.9953       1.0002087      0.98906946       128.00000
       1818.0162      0.99610567      0.98701489       128.00000
       1818.0370       1.0001196      0.99200171       0.0000000
       1818.0578      0.99886531      0.99083799       0.0000000
       1818.0787      0.99917710      0.99108344       0.0000000
       1818.0995      0.99979693      0.99260008       0.0000000
       1818.1203      0.99336249      0.98545921       0.0000000
       1818.1412      0.95338738      0.94566935       0.0000000
       1818.1620      0.89817333      0.89092278       0.0000000
       1818.1828      0.86126143      0.85446566       0.0000000
       1818.2037      0.85932970      0.85345441       0.0000000
       1818.2245      0.89345312      0.88609725       0.0000000
       1818.2453      0.94741935      0.93970609       128.00000
       1818.2662      0.98950398      0.98144537       0.0000000
       1818.2870      0.99604988      0.98928761       0.0000000
       1818.3078       1.0008378      0.99028289       0.0000000
       1818.3287      0.99873370      0.99097866       0.0000000
       1818.3495      0.99958998      0.99337679       0.0000000
       1818.3704       1.0022069      0.99448168       0.0000000
       1818.3912       1.0038801      0.99607766       0.0000000
       1818.4120       1.0100935       1.0017478       128.00000
       1818.4329       1.0121368       1.0053102       0.0000000
       1818.4537       1.0122324       1.0044585       0.0000000
       1818.4745       1.0136877       1.0070825       0.0000000
       1818.4954       1.0122490       1.0067267       0.0000000
       1818.5162       1.0121518       1.0058961       0.0000000
       1818.5370       1.0100586       1.0036731       0.0000000
       1818.5579       1.0085922       1.0033407       0.0000000
       1818.5787       1.0065777       1.0006913       0.0000000
       1818.5995       1.0063041       1.0013993       0.0000000
       1818.6204       1.0044581      0.99843991       0.0000000
       1818.6412       1.0030087      0.99687076       0.0000000
       1818.6620       1.0026691      0.99742359       0.0000000
       1818.6829      0.99990845      0.99442011       0.0000000
       1818.7037      0.99837685      0.99439871       128.00000
       1818.7245       1.0000994      0.99452680       0.0000000
       1818.7454      0.99916381      0.99445552       0.0000000
       1818.7662      0.99840629      0.99391878       0.0000000
       1818.7870      0.99470520      0.99022955       0.0000000
       1818.8079      0.97100961      0.96588999       0.0000000
       1818.8287      0.94098622      0.93669301       0.0000000
       1818.8495      0.92163485      0.91748959       0.0000000
       1818.8704      0.91737777      0.91329390       0.0000000
       1818.8912      0.93234843      0.92794061       0.0000000
       1818.9120      0.96242696      0.95798606       0.0000000
       1818.9329      0.98881286      0.98413229       0.0000000
       1818.9537      0.99979085      0.99422413       0.0000000
       1818.9745      0.99880886      0.99477988       0.0000000
       1818.9954      0.99876529      0.99404877       128.00000
       1819.0162      0.99934369      0.99444818       0.0000000
       1819.0370      0.99933207      0.99508119       0.0000000
       1819.0579      0.99938148      0.99526465       0.0000000
       1819.0787       1.0003426      0.99688023       0.0000000
       1819.0995       1.0001831      0.99592257       0.0000000
       1819.1204      0.99941760      0.99537760       0.0000000
       1819.1412       1.0002468      0.99676418       0.0000000
       1819.1620      0.99815547      0.99505979       0.0000000
       1819.1829       1.0009367      0.99784333       0.0000000
       1819.2037       1.0009737      0.99793583       0.0000000
       1819.2245       1.0008277      0.99825132       0.0000000
       1819.2454       1.0005871      0.99724603       128.00000
       1819.2662       1.0002180      0.99747396       0.0000000
       1819.2870      0.99994636      0.99770164       0.0000000
       1819.3079       1.0177475      0.99904233       128.00000
       1819.3287      0.99921471      0.99729073       0.0000000
       1819.3495       1.0001397      0.99799979       0.0000000
       1819.3704       1.0002979      0.99825162       0.0000000
       1819.3912       1.0013386      0.99874026       0.0000000
       1819.4120       1.0012939      0.99869466       0.0000000
       1819.4329       1.0007924      0.99825418       0.0000000
       1819.4537       1.0016856      0.99943662       0.0000000
       1819.4745       1.0001477      0.99759358       0.0000000
       1819.4954       1.0006800      0.99833703       0.0000000
       1819.5162       1.0010132      0.99942291       0.0000000
       1819.5370       1.0000865      0.99852514       0.0000000
       1819.5579       1.0003084      0.99700487       0.0000000
       1819.5787       1.0001175      0.99830621       0.0000000
       1819.5996       1.0009512      0.99862301       0.0000000
       1819.6204      0.99966282      0.99818468       0.0000000
       1819.6412       1.0009938      0.99892366       0.0000000
       1819.6621       1.0003654      0.99766743       0.0000000
       1819.6829       1.0012766      0.99973947       0.0000000
       1819.7037       1.0016243       1.0003556       0.0000000
       1819.7246       1.0016688       1.0007732       0.0000000
       1819.7454       1.0018517      0.99941653       0.0000000
       1819.7662       1.0040445       1.0015841       0.0000000
       1819.7871       1.0003860      0.99858725       0.0000000
       1819.8079       1.0016690       1.0002052       0.0000000
       1819.8287       1.0019066      0.99989498       0.0000000
       1819.8496       1.0017266       1.0013467       0.0000000
       1819.8704       1.0027355       1.0011356       0.0000000
       1819.8912       1.0023395       1.0012838       0.0000000
       1819.9121       1.0001436      0.99861503       0.0000000
       1819.9329       1.0026653       1.0017557       0.0000000
       1819.9537       1.0025773       1.0004246       0.0000000
       1819.9746       1.0012152       1.0009129       0.0000000
       1819.9954       1.0000921      0.99893349       0.0000000
       1820.0162       1.0001404      0.99832940       0.0000000
       1820.0371       1.0008227      0.99946964       0.0000000
       1820.0579       1.0012889      0.99987561       0.0000000
       1820.0787       1.0020202       1.0017402       0.0000000
       1820.0996       1.0010908       1.0000209       0.0000000
       1820.1204       1.0008538       1.0000081       0.0000000
       1820.1412       1.0002760      0.99908656       0.0000000
       1820.1621       1.0005471      0.99935496       0.0000000
       1820.1829      0.99932110      0.99863905       0.0000000
       1820.2037       1.0006814       1.0001490       0.0000000
       1820.2246       1.0007296      0.99978524       0.0000000
       1820.2454      0.99868888      0.99738359       0.0000000
       1820.2662       1.0002719       1.0000000       0.0000000
       1820.2871      0.99989027      0.99949676       0.0000000
       1820.3079       1.0014675       1.0011523       0.0000000
       1820.3287      0.99993116      0.99779069       0.0000000
       1820.3496      0.99970615      0.99877602       0.0000000
       1820.3704      0.99947774      0.99885654       0.0000000
       1820.3912       1.0000420      0.99939281       0.0000000
       1820.4121       1.0003700      0.99933916       0.0000000
       1820.4329       1.0013345       1.0001632       0.0000000
       1820.4537      0.99931532      0.99820381       0.0000000
       1820.4746      0.99998003      0.99857104       0.0000000
       1820.4954      0.99940914      0.99803096       0.0000000
       1820.5162      0.99847424      0.99598777       0.0000000
       1820.5371       1.0003107      0.99831563       0.0000000
       1820.5579      0.99712968      0.99531949       0.0000000
       1820.5787      0.99956769      0.99858701       128.00000
       1820.5996      0.99630719      0.99356508       0.0000000
       1820.6204      0.96486974      0.96420413       0.0000000
       1820.6412      0.91038936      0.90869820       0.0000000
       1820.6621      0.86747766      0.86596954       0.0000000
       1820.6829      0.85517871      0.85374188       0.0000000
       1820.7037      0.87988096      0.87897837       0.0000000
       1820.7246      0.93255085      0.93114167       0.0000000
       1820.7454      0.97964019      0.97831935       0.0000000
       1820.7662      0.99602294      0.99596149       0.0000000
       1820.7871      0.99568212      0.99199450       0.0000000
       1820.8079      0.99726361      0.99601358       0.0000000
       1820.8287      0.99961537      0.99804980       0.0000000
       1820.8496      0.99919504      0.99889076       0.0000000
       1820.8704       1.0032717       1.0017250       0.0000000
       1820.8913       1.0056322       1.0035063       0.0000000
       1820.9121       1.0080509       1.0063834       0.0000000
       1820.9329       1.0082338       1.0074167       0.0000000
       1820.9538       1.0092793       1.0060728       0.0000000
       1820.9746       1.0085720       1.0084692       128.00000
       1820.9954       1.0102136       1.0084727       0.0000000
       1821.0163       1.0054660       1.0032699       128.00000
       1821.0371       1.0041906       1.0025775       128.00000
       1821.0579       1.0031297       1.0015910       0.0000000
       1821.0788       1.0015079      0.99949467       0.0000000
       1821.0996       1.0004615      0.99875730       0.0000000
       1821.1204      0.99691701      0.99359345       128.00000
       1821.1413  -2.3588953e-15      0.86398584       128.00000
       1821.1621      0.99909312       1.0017501       0.0000000
       1821.1829      0.99875557       1.0008851       0.0000000
       1821.2038      0.99671125      0.99911797       0.0000000
       1821.2246      0.99662238      0.99969536       128.00000
       1821.2454      0.99542141      0.99810809       0.0000000
       1821.2663      0.99400389      0.99654412       128.00000
       1821.2871      0.97661203      0.97985357       0.0000000
       1821.3079      0.94457293      0.94779617       0.0000000
       1821.3288      0.92164677      0.92453337       0.0000000
       1821.3496      0.91393757      0.91632044       0.0000000
       1821.3704      0.92656249      0.92997104       0.0000000
       1821.3913      0.95041251      0.95266217       128.00000
       1821.4121      0.98290473      0.98692566       0.0000000
       1821.4329      0.99716216       1.0010996       0.0000000
       1821.4538      0.99843490       1.0021762       0.0000000
       1821.4746      0.99791420       1.0025215       0.0000000
       1821.4954      0.99642044      0.99854887       128.00000
       1821.5163      0.99897444       1.0035206       0.0000000
       1821.5371      0.99846572       1.0030702       0.0000000
       1821.5579       1.0006967       1.0059956       128.00000
       1821.5788      0.99841839       1.0033896       128.00000
       1821.5996      0.99957269       1.0049797       0.0000000
       1821.6204      0.99985206       1.0060292       0.0000000
       1821.6413       1.0012693       1.0072064       0.0000000
       1821.6621      0.99955112       1.0062333       0.0000000
       1821.6829       1.0010600       1.0062391       128.00000
       1821.7038      0.99940354       1.0044523       128.00000
       1821.7246       1.0012610       1.0074557       0.0000000
       1821.7454       1.0002097       1.0071872       0.0000000
       1821.7663      0.99911273       1.0046836       128.00000
       1821.7871       1.0005058       1.0079713       0.0000000
       1821.8079       1.0009975       1.0086588       0.0000000
       1821.8288      0.99976355       1.0074195       0.0000000
       1821.8496       1.0006756       1.0082288       0.0000000
       1821.8704       1.0019464       1.0103302       0.0000000
       1821.8913       1.0013129       1.0089400       0.0000000
       1821.9121       1.0002792       1.0075821       0.0000000
       1821.9329       1.0012003       1.0099363       0.0000000
       1821.9538       1.0005748       1.0087678       0.0000000
       1821.9746       1.0013418       1.0093218       0.0000000
       1821.9954      0.99864936       1.0070333       0.0000000
       1822.0163      0.99940896       1.0084406       0.0000000
       1822.0371      0.99968487       1.0086209       0.0000000
       1822.0579      0.99932492       1.0088987       0.0000000
       1822.0788      0.99993730       1.0081050       0.0000000
       1822.0996      0.99905026       1.0082135       0.0000000
       1822.1204       1.0000716       1.0091239       0.0000000
       1822.1413      0.99921358       1.0079553       0.0000000
       1822.1621       1.0004169       1.0101205       0.0000000
       1822.1829       1.0010121       1.0105504       0.0000000
       1822.2038      0.99945307       1.0093404       0.0000000
       1822.2246       1.0007042       1.0093430       0.0000000
       1822.2454       1.0005047       1.0101055       0.0000000
       1822.2663       1.0016079       1.0109833       0.0000000
       1822.2871       1.0006588       1.0102053       0.0000000
       1822.3079       1.0066643       1.0123087       128.00000
       1822.3288       1.0024521       1.0128250       0.0000000
       1822.3496       1.0029591       1.0138301       0.0000000
       1822.3705       1.0024966       1.0122559       0.0000000
       1822.3913       1.0025429       1.0133322       0.0000000
       1822.4121       1.0013978       1.0115258       0.0000000
       1822.4330       1.0024542       1.0129607       0.0000000
       1822.4538       1.0026892       1.0126928       0.0000000
       1822.4746       1.0028387       1.0138037       0.0000000
       1822.4955       1.0030916       1.0141808       0.0000000
       1822.5163       1.0022432       1.0132017       0.0000000
       1822.5371       1.0021710       1.0127072       0.0000000
       1822.5580       1.0008967       1.0113785       0.0000000
       1822.5788       1.0018007       1.0127957       0.0000000
       1822.5996       1.0007933       1.0122485       0.0000000
       1822.6205       1.0007336       1.0118634       0.0000000
       1822.6413       1.0009722       1.0123351       0.0000000
       1822.6621       1.0004057       1.0117563       0.0000000
       1822.6830       1.0004117       1.0117865       0.0000000
       1822.7038       1.0009816       1.0126573       0.0000000
       1822.7246      0.99999738       1.0117767       0.0000000
       1822.7455       1.0002472       1.0122591       0.0000000
       1822.7663       1.0014617       1.0131299       0.0000000
       1822.7871       1.0023007       1.0138941       0.0000000
       1822.8080       1.0016299       1.0125835       0.0000000
       1822.8288       1.0039787       1.0160592       0.0000000
       1822.8496       1.0044428       1.0161847       0.0000000
       1822.8705       1.0028546       1.0150057       0.0000000
       1822.8913       1.0010206       1.0132941       0.0000000
       1822.9121      0.99968368       1.0115495       0.0000000
       1822.9330       1.0004497       1.0120610       0.0000000
       1822.9538       1.0026243       1.0144390       0.0000000
       1822.9746       1.0003630       1.0119725       0.0000000
       1822.9955      0.99911016       1.0122041       0.0000000
       1823.0163      0.99940366       1.0133059       0.0000000
       1823.0371      0.99900949       1.0136756       0.0000000
       1823.0580      0.99934095       1.0130903       0.0000000
       1823.0788      0.99620652       1.0094770       0.0000000
       1823.0996      0.97786266      0.98960829       0.0000000
       1823.1205      0.92610699      0.93815303       0.0000000
       1823.1413      0.87777752      0.88849282       0.0000000
       1823.1621      0.85696954      0.86730057       128.00000
       1823.1830      0.87280422      0.88407350       0.0000000
       1823.2038      0.92170888      0.93386245       0.0000000
       1823.2246      0.97294545      0.98561084       0.0000000
       1823.2455      0.99808800       1.0122216       0.0000000
       1823.2663      0.99945158       1.0122457       0.0000000
       1823.2871      0.99878126       1.0125133       0.0000000
       1823.3080       1.0025821       1.0163521       0.0000000
       1823.3288       1.0029321       1.0167414       0.0000000
       1823.3496       1.0065889       1.0201172       0.0000000
       1823.3705       1.0088025       1.0217285       0.0000000
       1823.3913       1.0117471       1.0260141       0.0000000
       1823.4121       1.0111101       1.0254753       0.0000000
       1823.4330       1.0129861       1.0268331       0.0000000
       1823.4538       1.0147510       1.0294987       0.0000000
       1823.4746       1.0134661       1.0280485       0.0000000
       1823.4955       1.0122080       1.0270398       0.0000000
       1823.5163       1.0120118       1.0260314       0.0000000
       1823.5371       1.0091220       1.0235152       0.0000000
       1823.5580       1.0068020       1.0216396       0.0000000
       1823.5788       1.0047917       1.0195264       0.0000000
       1823.5996       1.0039166       1.0189940       0.0000000
       1823.6205       1.0022935       1.0173135       0.0000000
       1823.6413       1.0009028       1.0157390       0.0000000
       1823.6621       1.0005536       1.0156885       0.0000000
       1823.6830      0.99874371       1.0145410       0.0000000
       1823.7038      0.99764001       1.0131752       0.0000000
       1823.7246      0.99837619       1.0133129       0.0000000
       1823.7455      0.99689960       1.0127517       0.0000000
       1823.7663      0.98268902      0.99799025       0.0000000
       1823.7871      0.95433366      0.96927118       0.0000000
       1823.8080      0.92559075      0.94033557       0.0000000
       1823.8288      0.91397297      0.92901921       0.0000000
       1823.8496      0.92059469      0.93564755       0.0000000
       1823.8705      0.94586372      0.96114534       0.0000000
       1823.8913      0.97643685      0.99191612       0.0000000
       1823.9121      0.99779463       1.0147352       0.0000000
       1823.9330      0.99960744       1.0164554       0.0000000
       1823.9538      0.99817008       1.0145557       0.0000000
       1823.9747      0.99862820       1.0155909       0.0000000
       1823.9955      0.99848717       1.0153884       0.0000000
       1824.0163      0.99828458       1.0149757       0.0000000
       1824.0372      0.99896437       1.0157565       0.0000000
       1824.0580       1.0006946       1.0171548       0.0000000
       1824.0788      0.99997973       1.0174762       0.0000000
       1824.0997      0.99972796       1.0171301       0.0000000
       1824.1205       1.0011425       1.0183231       0.0000000
       1824.1413       1.0005515       1.0179166       0.0000000
       1824.1622       1.0003951       1.0180762       0.0000000
       1824.1830       1.0008367       1.0183773       0.0000000
       1824.2038       1.0018601       1.0200002       0.0000000
       1824.2247       1.0022079       1.0202200       0.0000000
       1824.2455       1.0014168       1.0193112       0.0000000
       1824.2663       1.0010185       1.0199685       0.0000000
       1824.2872       1.1138034       1.0197213       128.00000
       1824.3080       1.0016434       1.0196813       0.0000000
       1824.3288       1.0013206       1.0194166       0.0000000
       1824.3497       1.0014592       1.0197629       0.0000000
       1824.3705       1.0007570       1.0187261       0.0000000
       1824.3913       1.0000547       1.0186157       0.0000000
       1824.4122       1.0006170       1.0191704       0.0000000
       1824.4330      0.99996370       1.0186064       0.0000000
       1824.4538       1.0010526       1.0195978       0.0000000
       1824.4747      0.99929243       1.0185721       0.0000000
       1824.4955      0.99993128       1.0189291       0.0000000
       1824.5163      0.99993026       1.0190089       0.0000000
       1824.5372       1.0003380       1.0193236       0.0000000
       1824.5580       1.0000426       1.0189551       0.0000000
       1824.5788      0.99993277       1.0193152       0.0000000
       1824.5997       1.0007677       1.0199674       0.0000000
       1824.6205      0.99887782       1.0176780       0.0000000
       1824.6413      0.99972445       1.0191981       0.0000000
       1824.6622       1.0006703       1.0205483       0.0000000
       1824.6830       1.0001152       1.0196452       0.0000000
       1824.7038       1.0013641       1.0205817       0.0000000
       1824.7247      0.99998122       1.0197730       0.0000000
       1824.7455      0.99870861       1.0187382       0.0000000
       1824.7663       1.0007875       1.0204741       0.0000000
       1824.7872       1.0007062       1.0198113       0.0000000
       1824.8080       1.0009763       1.0213898       0.0000000
       1824.8288       1.0014729       1.0213938       0.0000000
       1824.8497       1.0003716       1.0201052       0.0000000
       1824.8705       1.0014225       1.0215245       0.0000000
       1824.8913       1.0008771       1.0210078       0.0000000
       1824.9122       1.0011364       1.0213768       0.0000000
       1824.9330       1.0005049       1.0208998       0.0000000
       1824.9538       1.0005609       1.0208297       0.0000000
       1824.9747       1.0018052       1.0225477       0.0000000
       1824.9955       1.0011573       1.0222719       0.0000000
       1825.0163       1.0008553       1.0215358       0.0000000
       1825.0372      0.99979413       1.0207129       0.0000000
       1825.0580      0.99926358       1.0202940       0.0000000
       1825.0788      0.99985015       1.0209858       0.0000000
       1825.0997      0.99955106       1.0204055       0.0000000
       1825.1205      0.99955374       1.0204897       0.0000000
       1825.1413      0.99893218       1.0204389       0.0000000
       1825.1622       1.0000000       1.0209688       0.0000000
       1825.1830       1.0002743       1.0214736       0.0000000
       1825.2038      0.99956238       1.0210377       0.0000000
       1825.2247       1.0012898       1.0232303       0.0000000
       1825.2455       1.0027121       1.0232556       0.0000000
       1825.2663       1.0007502       1.0227571       0.0000000
       1825.2872       1.0012165       1.0224764       0.0000000
       1825.3080      0.99921119       1.0211401       0.0000000
       1825.3288       1.0000057       1.0217772       0.0000000
       1825.3497       1.0007201       1.0221545       0.0000000
       1825.3705      0.99950635       1.0215861       0.0000000
       1825.3913      0.99998415       1.0217395       0.0000000
       1825.4122      0.99822819       1.0196508       0.0000000
       1825.4330      0.99819440       1.0198621       0.0000000
       1825.4538      0.99927163       1.0204170       0.0000000
       1825.4747      0.99845672       1.0198753       0.0000000
       1825.4955      0.99900985       1.0199690       0.0000000
       1825.5163      0.99851602       1.0201037       0.0000000
       1825.5372      0.99924296       1.0215594       0.0000000
       1825.5580      0.99836230       1.0199624       0.0000000
       1825.5788      0.98473793       1.0060400       0.0000000
       1825.5997      0.93687105      0.95727915       0.0000000
       1825.6205      0.88399619      0.90280974       0.0000000
       1825.6413      0.85431492      0.87295282       0.0000000
       1825.6622      0.86243397      0.88047850       0.0000000
       1825.6830      0.90489173      0.92418641       0.0000000
       1825.7038      0.95701998      0.97727293       0.0000000
       1825.7247      0.99281788       1.0142974       0.0000000
       1825.7455      0.99489212       1.0165626       0.0000000
       1825.7663      0.99672472       1.0180618       0.0000000
       1825.7872      0.99806702       1.0203844       0.0000000
       1825.8080      0.99972385       1.0208082       0.0000000
       1825.8288       1.0019581       1.0242567       0.0000000
       1825.8497       1.0036340       1.0252739       0.0000000
       1825.8705       1.0073788       1.0287882       0.0000000
       1825.8914       1.0108562       1.0331316       0.0000000
       1825.9122       1.0095825       1.0305440       0.0000000
       1825.9330       1.0122322       1.0329934       0.0000000
       1825.9539       1.0114616       1.0324922       0.0000000
       1825.9747       1.0093542       1.0292958       0.0000000
       1825.9955       1.0080721       1.0285249       0.0000000
       1826.0164       1.0057671       1.0242062       0.0000000
       1826.0372       1.0039922       1.0225881       0.0000000
       1826.0580       1.0019594       1.0221386       0.0000000
       1826.0789       1.0023750       1.0215226       0.0000000
       1826.0997       1.0017772       1.0197524       0.0000000
       1826.1205      0.99739951       1.0156776       0.0000000
       1826.1414  -2.4158343e-15      0.88483578       128.00000
       1826.1622      0.99992692       1.0213943       0.0000000
       1826.1830       1.0011675       1.0230697       0.0000000
       1826.2039      0.99971604       1.0207583       0.0000000
       1826.2247      0.99940199       1.0212263       0.0000000
       1826.2455      0.99077177       1.0115150       0.0000000
       1826.2664      0.96144849      0.98136669       0.0000000
       1826.2872      0.93357760      0.95284092       0.0000000
       1826.3080      0.91669679      0.93624276       0.0000000
       1826.3289      0.91816205      0.93697977       128.00000
       1826.3497      0.93950737      0.95869052       0.0000000
       1826.3705      0.96962470      0.98941982       0.0000000
       1826.3914      0.99459535       1.0136141       0.0000000
       1826.4122      0.99925339       1.0199049       0.0000000
       1826.4330      0.99783510       1.0176148       0.0000000
       1826.4539      0.99971110       1.0203177       0.0000000
       1826.4747      0.99827474       1.0174893       0.0000000
       1826.4955       1.0009893       1.0202445       0.0000000
       1826.5164       1.0015410       1.0206357       0.0000000
       1826.5372       1.0006024       1.0194260       0.0000000
       1826.5580       1.0004786       1.0182786       0.0000000
       1826.5789       1.0013745       1.0191909       0.0000000
       1826.5997       1.0000844       1.0169928       0.0000000
       1826.6205       1.0008960       1.0182897       0.0000000
       1826.6414       1.0037153       1.0203344       0.0000000
       1826.6622       1.0035681       1.0198165       0.0000000
       1826.6830       1.0019301       1.0160334       128.00000
       1826.7039       1.0040191       1.0169127       0.0000000
       1826.7247       1.0052603       1.0184319       0.0000000
       1826.7455       1.0046904       1.0159926       0.0000000
       1826.7664       1.0038210       1.0148610       0.0000000
       1826.7872       1.0049816       1.0149782       0.0000000
       1826.8080       1.0041032       1.0138026       0.0000000
       1826.8289       1.0041782       1.0135083       0.0000000
       1826.8497       1.0043778       1.0141493       0.0000000
       1826.8705       1.0039631       1.0140897       0.0000000
       1826.8914       1.0047116       1.0143180       0.0000000
       1826.9122       1.0033579       1.0127342       0.0000000
       1826.9330       1.0033969       1.0115874       0.0000000
       1826.9539       1.0027854       1.0095540       128.00000
       1826.9747       1.0034374       1.0094012       0.0000000
       1826.9955       1.0053650       1.0089463       0.0000000
       1827.0164       1.0042409       1.0074414       0.0000000
       1827.0372       1.0030954       1.0039827       0.0000000
       1827.0580       1.0018367       1.0011849       0.0000000
       1827.0789       1.0030906       1.0025680       0.0000000
       1827.0997       1.0019940       1.0006014       128.00000
       1827.1205       1.0032700       1.0009677       128.00000
       1827.1414       1.0022600       1.0008540       0.0000000
       1827.1622       1.0000162      0.99905586       0.0000000
       1827.1830      0.99975085      0.99851155       0.0000000
       1827.2039       1.0028883      0.99867570       128.00000
       1827.2247      0.99851638      0.99597782       0.0000000
       1827.2455      0.99791640      0.99448532       0.0000000
       1827.2664      0.99916202      0.99562818       0.0000000
       1827.2872      0.99713278      0.99343157       0.0000000
       1827.3080      0.99848670      0.99347615       0.0000000
       1827.3289      0.99791843      0.99289584       0.0000000
       1827.3497      0.99775785      0.99204141       0.0000000
       1827.3705      0.99827719      0.99140954       0.0000000
       1827.3914      0.99790817      0.98977250       0.0000000
       1827.4122      0.99963886      0.99118495       0.0000000
       1827.4330      0.99817920      0.98810935       0.0000000
       1827.4539      0.99893326      0.98840863       0.0000000
       1827.4747      0.99731714      0.98669976       0.0000000
       1827.4955      0.99882638      0.98550415       0.0000000
       1827.5164      0.99999970      0.98552525       0.0000000
       1827.5372      0.99979615      0.98314679       0.0000000
       1827.5580      0.99995869      0.98119760       0.0000000
       1827.5789       1.0018394      0.98238736       0.0000000
       1827.5997       1.0029055      0.98175901       0.0000000
       1827.6205       1.0041201      0.98026526       0.0000000
       1827.6414       1.0002730      0.97748452       0.0000000
       1827.6622       1.0019723      0.97636950       0.0000000
       1827.6830       1.0038567      0.97378045       0.0000000
       1827.7039       1.0090936      0.97349507       0.0000000
       1827.7247       1.0096414      0.96780819       0.0000000
       1827.7455       1.0159706      0.96751738       0.0000000
       1827.7664       1.0205330      0.96599358       0.0000000
       1827.7872       1.0243821      0.96414399       0.0000000
       1827.8080       1.0262372      0.96144760       0.0000000
       1827.8289       1.0295746      0.96092212       0.0000000
       1827.8497       1.0359758      0.96373969       128.00000
       1827.8705       1.0369154      0.96199977       0.0000000
       1827.8914       1.0385755      0.96154571       0.0000000
       1827.9122       1.0432950      0.96356952       0.0000000
       1827.9330       1.0468954      0.96304482       0.0000000
       1827.9539       1.0538697      0.96450150       0.0000000
       1827.9747       1.0607502      0.96434182       0.0000000
       1828.9747   3.6906212e-15      0.96581239       128.00000
       1828.9956      0.99392128      0.97304451       0.0000000
       1829.0164      0.99544537      0.97567695       0.0000000
       1829.0372      0.99437433      0.97657073       0.0000000
       1829.0581      0.99507701      0.97503448       0.0000000
       1829.0789      0.99357992      0.97929859       0.0000000
       1829.0997      0.99446160      0.97954869       0.0000000
       1829.1206      0.99543631      0.97954065       0.0000000
       1829.1414      0.99515855      0.98201561       0.0000000
       1829.1622      0.99570745      0.98085839       0.0000000
       1829.1831      0.99771690      0.98318052       128.00000
       1829.2039      0.99754256      0.98355639       0.0000000
       1829.2247      0.99772233      0.98362005       0.0000000
       1829.2456      0.99922240      0.98422462       0.0000000
       1829.2664      0.99573094      0.98315227       128.00000
       1829.2872      0.99687469      0.98186684       0.0000000
       1829.3081      0.99689060      0.98218209       0.0000000
       1829.3289      0.99871242      0.98536557       0.0000000
       1829.3497      0.99965233      0.98258591       0.0000000
       1829.3706      0.99810153      0.98273081       0.0000000
       1829.3914      0.99969363      0.98069507       128.00000
       1829.4122      0.99854153      0.98385578       0.0000000
       1829.4331      0.99845982      0.98261368       128.00000
       1829.4539      0.99763548      0.98301816       0.0000000
       1829.4747      0.99886274      0.97979754       0.0000000
       1829.4956      0.99913317      0.98466825       0.0000000
       1829.5164      0.99986190      0.98320353       0.0000000
       1829.5372      0.99918222      0.98065794       0.0000000
       1829.5581      0.99620861      0.98232996       128.00000
       1829.5789      0.99925005      0.98196435       0.0000000
       1829.5997      0.99974197      0.97798055       128.00000
       1829.6206      0.99968696      0.98178875       128.00000
       1829.6414       1.0027912      0.97591525       0.0000000
       1829.6622      0.90954089      0.97665554       128.00000
       1829.6831       1.0010605      0.97515720       0.0000000
       1829.7039       1.0011840      0.97367692       0.0000000
       1829.7247       1.0007358      0.98157281       0.0000000
       1829.7456       1.0003625      0.97731978       0.0000000
       1829.7664       1.0004820      0.97864980       0.0000000
       1829.7872       1.0003151      0.97891128       0.0000000
       1829.8081       1.0036490      0.97479486       0.0000000
       1829.8289       1.0035522      0.97680521       0.0000000
       1829.8497       1.0043603      0.97634768       0.0000000
       1829.8706       1.0021765      0.97540462       0.0000000
       1829.8914       1.0034983      0.97468060       0.0000000
       1829.9122       1.0022156      0.98195726       0.0000000
       1829.9331       1.0030829      0.97891492       0.0000000
       1829.9539       1.0023181      0.97719944       0.0000000
       1829.9747       1.0012963      0.98049873       0.0000000
       1829.9956       1.0023476      0.98024708       0.0000000
       1830.0164       1.0019503      0.97948956       0.0000000
       1830.0372      0.99935609      0.97841716       0.0000000
       1830.0581       1.0001967      0.97910655       0.0000000
       1830.0789       1.0014987      0.98052496       0.0000000
       1830.0997       1.0011704      0.97623158       0.0000000
       1830.1206       1.0002663      0.98301822       0.0000000
       1830.1414      0.99979925      0.98536700       0.0000000
       1830.1622      0.99994493      0.98139268       128.00000
       1830.1831       1.0011548      0.98251939       0.0000000
       1830.2039      0.99985564      0.98209715       0.0000000
       1830.2247      0.99932861      0.98196155       0.0000000
       1830.2456      0.99920917      0.99095398       0.0000000
       1830.2664      0.99754709      0.98685116       0.0000000
       1830.2872      0.99969274      0.98372149       0.0000000
       1830.3081       1.0021791      0.98460019       0.0000000
       1830.3289      0.99936682      0.98713934       0.0000000
       1830.3497      0.99818403      0.98548025       0.0000000
       1830.3706      0.99833977      0.99244738       0.0000000
       1830.3914      0.99861741      0.99164885       0.0000000
       1830.4122      0.99727732      0.98841125       0.0000000
       1830.4331      0.99976647      0.98864096       0.0000000
       1830.4539      0.99985510      0.98874801       0.0000000
       1830.4747      0.99747133      0.98815447       0.0000000
       1830.4956      0.99818218      0.98834628       0.0000000
       1830.5164      0.99730986      0.99035913       0.0000000
       1830.5372      0.99542564      0.98598564       0.0000000
       1830.5581      0.96295226      0.95628834       0.0000000
       1830.5789      0.91063684      0.90602565       0.0000000
       1830.5997      0.86530375      0.85724831       0.0000000
       1830.6206      0.85575497      0.84571403       0.0000000
       1830.6414      0.88290805      0.87800461       0.0000000
       1830.6622      0.93333131      0.92765671       0.0000000
       1830.6831      0.98324919      0.97070736       0.0000000
       1830.7039      0.99563992      0.98868251       0.0000000
       1830.7247      0.99755532      0.99083865       0.0000000
       1830.7456      0.99855441      0.99024463       0.0000000
       1830.7664       1.0003296      0.99398208       0.0000000
       1830.7872       1.0015705      0.99685884       0.0000000
       1830.8081       1.0056987      0.99842602       0.0000000
       1830.8289       1.0079597       1.0014044       0.0000000
       1830.8497       1.0090514       1.0022976       0.0000000
       1830.8706       1.0117232       1.0060177       0.0000000
       1830.8914       1.0141413       1.0084788       0.0000000
       1830.9122       1.0112442       1.0078741       0.0000000
       1830.9331       1.0104178       1.0054858       0.0000000
       1830.9539       1.0088842       1.0050863       0.0000000
       1830.9747       1.0071284       1.0016648       0.0000000
       1830.9956       1.0071419       1.0037332       0.0000000
       1831.0164       1.0030226      0.99906206       0.0000000
       1831.0372       1.0025890      0.99898946       0.0000000
       1831.0581       1.0023491      0.99779910       0.0000000
       1831.0789       1.0010660      0.99671477       0.0000000
       1831.0997      0.99825609      0.99657172       0.0000000
       1831.1206      0.99678445      0.99442327       0.0000000
       1831.1414      0.99624646      0.99199218       128.00000
       1831.1622      0.99558061      0.98984528       128.00000
       1831.1831      0.99753135      0.99203730       0.0000000
       1831.2039      0.99439722      0.98879248       0.0000000
       1831.2247      0.97303694      0.96704996       0.0000000
       1831.2456      0.94304913      0.93797415       128.00000
       1831.2664      0.91667306      0.91263413       128.00000
       1831.2872      0.91271722      0.90672487       0.0000000
       1831.3081      0.92505854      0.92236507       0.0000000
       1831.3289      0.95173216      0.94717860       0.0000000
       1831.3497      0.98047483      0.98044902       0.0000000
       1831.3706      0.99741149      0.99158883       0.0000000
       1831.3914      0.99838996      0.99543744       0.0000000
       1831.4122      0.99517024      0.99298972       128.00000
       1831.4331      0.99681032      0.99198639       128.00000
       1831.4539      0.99747771      0.99565095       0.0000000
       1831.4747      0.99796861      0.99566907       128.00000
       1831.4956      0.99873102      0.99692839       0.0000000
       1831.5164      0.99820197      0.99514413       0.0000000
       1831.5372      0.99881655      0.99675524       0.0000000
       1831.5581      0.99913782      0.99566966       0.0000000
       1831.5789      0.99969685      0.99471748       128.00000
       1831.5997      0.99899983      0.99425745       0.0000000
       1831.6206      0.99850577      0.99561155       0.0000000
       1831.6414      0.99983555      0.99310505       128.00000
       1831.6622       1.0008723      0.99437034       0.0000000
       1831.6831       1.0036042      0.99566936       128.00000
       1831.7039       1.0005814      0.99586380       0.0000000
       1831.7247      0.99943066      0.99667138       0.0000000
       1831.7456       1.0004805      0.99371713       0.0000000
       1831.7664       1.0002264      0.99442250       0.0000000
       1831.7872       1.0003439      0.99478364       0.0000000
       1831.8081       1.0011019      0.99503982       128.00000
       1831.8289       1.0008941      0.99692273       0.0000000
       1831.8497      0.99903697      0.99520731       0.0000000
       1831.8706      0.99765605      0.99630338       0.0000000
       1831.8914      0.99949515      0.99496907       0.0000000
       1831.9122      0.99790245      0.99393260       0.0000000
       1831.9331      0.99880874      0.99794656       0.0000000
       1831.9539       1.0004942      0.99448436       0.0000000
       1831.9747      0.99860102      0.99543101       0.0000000
       1831.9956       1.0002569      0.99434721       0.0000000
       1832.0164      0.99838281      0.99628353       0.0000000
       1832.0372      0.99736673      0.99456578       0.0000000
       1832.0581      0.99887127      0.99668407       0.0000000
       1832.0789      0.99873012      0.99639916       0.0000000
       1832.0997      0.99931639      0.99408650       0.0000000
       1832.1206      0.99772966      0.99642271       0.0000000
       1832.1414      0.99808449      0.99765617       0.0000000
       1832.1622      0.99844646      0.99803287       0.0000000
       1832.1831      0.99793488      0.99635899       0.0000000
       1832.2039      0.99801946      0.99727213       0.0000000
       1832.2247      0.99978572      0.99866378       0.0000000
       1832.2456      0.99840838      0.99727619       0.0000000
       1832.2664       1.0001527      0.99881816       0.0000000
       1832.2872       1.0011889      0.99812621       0.0000000
       1832.3081      0.99226880      0.99807757       128.00000
       1832.3289       1.0003725      0.99865383       0.0000000
       1832.3497       1.0021355       1.0002753       0.0000000
       1832.3706       1.0024821      0.99960923       0.0000000
       1832.3914       1.0012337      0.99993092       0.0000000
       1832.4123       1.0015442      0.99945128       0.0000000
       1832.4331       1.0015054      0.99903500       0.0000000
       1832.4539      0.99934477      0.99875492       0.0000000
       1832.4748       1.0007626      0.99826324       0.0000000
       1832.4956       1.0012130       1.0001240       0.0000000
       1832.5164       1.0005131      0.99928498       0.0000000
       1832.5373      0.99561286      0.99759752       128.00000
       1832.5581       1.0001167      0.99955422       0.0000000
       1832.5789      0.99952745      0.99898571       0.0000000
       1832.5998      0.99793833      0.99936295       0.0000000
       1832.6206      0.99881119       1.0005478       0.0000000
       1832.6414       1.0000445      0.99993926       0.0000000
       1832.6623      0.99902529      0.99903506       0.0000000
       1832.6831       1.0003221      0.99930340       0.0000000
       1832.7039       1.0001464       1.0004619       0.0000000
       1832.7248       1.0006101       1.0011539       0.0000000
       1832.7456       1.0024662       1.0024332       0.0000000
       1832.7664       1.0033458       1.0007887       128.00000
       1832.7873      0.99986655      0.99823409       0.0000000
       1832.8081       1.0004864      0.99963880       0.0000000
       1832.8289      0.99970889      0.99889219       0.0000000
       1832.8498      0.99966896      0.99868393       0.0000000
       1832.8706       1.0002544       1.0025101       0.0000000
       1832.8914      0.99761289      0.99853969       0.0000000
       1832.9123      0.99988753      0.99711663       0.0000000
       1832.9331      0.99936199      0.99954647       0.0000000
       1832.9539      0.99957687      0.99787438       0.0000000
       1832.9748      0.99779326      0.99791086       0.0000000
       1832.9956      0.99808526      0.99937552       0.0000000
       1833.0164      0.99674797      0.99749398       0.0000000
       1833.0373      0.97334695      0.97422159       0.0000000
       1833.0581      0.92239493      0.92357320       0.0000000
       1833.0789      0.87432957      0.87565088       0.0000000
       1833.0998      0.85387111      0.85122877       0.0000000
       1833.1206      0.87342811      0.87264997       0.0000000
       1833.1414      0.91990209      0.91976106       0.0000000
       1833.1623      0.97270739      0.97291517       0.0000000
       1833.1831      0.99578261      0.99556994       0.0000000
       1833.2039      0.99625969      0.99659604       0.0000000
       1833.2248      0.99916881      0.99740344       0.0000000
       1833.2456       1.0001174       1.0012208       0.0000000
       1833.2664       1.0023383       1.0025047       0.0000000
       1833.2873       1.0050592       1.0053926       0.0000000
       1833.3081       1.0066768       1.0077614       0.0000000
       1833.3289       1.0091455       1.0102199       0.0000000
       1833.3498       1.0110786       1.0120003       0.0000000
       1833.3706       1.0131630       1.0121049       0.0000000
       1833.3914       1.0135002       1.0144807       0.0000000
       1833.4123       1.0107267       1.0120180       0.0000000
       1833.4331       1.0113333       1.0099527       0.0000000
       1833.4539       1.0105176       1.0075748       0.0000000
       1833.4748       1.0083280       1.0057425       0.0000000
       1833.4956       1.0071931       1.0025091       0.0000000
       1833.5164       1.0046574       1.0049106       0.0000000
       1833.5373       1.0033036       1.0076816       0.0000000
       1833.5581       1.0020740       1.0046109       0.0000000
       1833.5789       1.0010091       1.0038302       0.0000000
       1833.5998       1.0009623       1.0034219       0.0000000
       1833.6206      0.99950123       1.0034270       0.0000000
       1833.6414      0.99831420      0.99988073       0.0000000
       1833.6623      0.99844354       1.0023447       0.0000000
       1833.6831      0.99777585      0.99866515       128.00000
       1833.7039      0.98105687      0.98209590       0.0000000
       1833.7248      0.95145130      0.95094007       0.0000000
       1833.7456      0.92735642      0.92745864       0.0000000
       1833.7664      0.91665673      0.91161770       0.0000000
       1833.7873      0.92196792      0.91249412       0.0000000
       1833.8081      0.94715595      0.94130284       0.0000000
       1833.8289      0.97664809      0.96841908       0.0000000
       1833.8498      0.99684060      0.98657751       0.0000000
       1833.8706      0.99781930      0.99440193       0.0000000
       1833.8914       1.0002582      0.98683190       0.0000000
       1833.9123       1.0000573      0.98879892       0.0000000
       1833.9331      0.99820954      0.99538869       0.0000000
       1833.9539      0.99941146      0.99536395       0.0000000
       1833.9748      0.99888158      0.99562079       0.0000000
       1833.9956      0.99873573      0.98790085       0.0000000
       1834.0164      0.99906993      0.98855227       0.0000000
       1834.0373      0.99794090      0.99855667       0.0000000
       1834.0581       1.0004072      0.99269050       0.0000000
       1834.0789      0.99940211      0.98991519       0.0000000
       1834.0998      0.99956965      0.99416125       0.0000000
       1834.1206       1.0023125      0.99177289       0.0000000
       1834.1414       1.0008701      0.99905765       0.0000000
       1834.1623       1.0035733      0.99264306       0.0000000
       1834.1831       1.0003015      0.99358910       0.0000000
       1834.2039       1.0025961      0.99517989       0.0000000
       1834.2248       1.0020355      0.99638772       0.0000000
       1834.2456       1.0015862       1.0000000       0.0000000
       1834.2664   3.3212302e-15      0.86914575       128.00000
       1834.2873       1.0018615       1.0055505       0.0000000
       1834.3081       1.0010648       1.0053089       0.0000000
       1834.3289       1.0000776       1.0044364       0.0000000
       1834.3498       1.0004971       1.0031295       0.0000000
       1834.3706       1.0003983       1.0062034       0.0000000
       1834.3914       1.0032054       1.0060203       0.0000000
       1834.4123       1.0020410       1.0049769       0.0000000
       1834.4331       1.0028071       1.0046113       0.0000000
       1834.4539       1.0019782       1.0038046       0.0000000
       1834.4748      0.99955195       1.0034051       0.0000000
       1834.4956       1.0003953       1.0039616       0.0000000
       1834.5164       1.0013449       1.0029610       0.0000000
       1834.5373       1.0008563       1.0019928       0.0000000
       1834.5581      0.99990511       1.0057735       0.0000000
       1834.5789       1.0005313       1.0054127       0.0000000
       1834.5998       1.0018779       1.0067102       0.0000000
       1834.6206       1.0001091       1.0066671       0.0000000
       1834.6414       1.0010223       1.0067545       0.0000000
       1834.6623       1.0013597       1.0068448       0.0000000
       1834.6831       1.0005425       1.0063866       0.0000000
       1834.7039       1.0029259       1.0076306       0.0000000
       1834.7248       1.0026280       1.0065846       0.0000000
       1834.7456       1.0025709       1.0065374       0.0000000
       1834.7664       1.0016750       1.0081980       0.0000000
       1834.7873       1.0018115       1.0076467       0.0000000
       1834.8081       1.0032134       1.0089346       0.0000000
       1834.8289       1.0013492       1.0086370       0.0000000
       1834.8498       1.0025427       1.0078382       0.0000000
       1834.8706       1.0025511       1.0072384       0.0000000
       1834.8914       1.0011693       1.0075976       0.0000000
       1834.9123       1.0013551       1.0072604       0.0000000
       1834.9331       1.0005132       1.0063992       0.0000000
       1834.9539       1.0012449       1.0067221       128.00000
       1834.9748       1.0030135       1.0068830       128.00000
       1834.9956      0.99181259       1.0065739       128.00000
       1835.0164       1.0039237       1.0072674       128.00000
       1835.0373       1.0000070       1.0045050       0.0000000
       1835.0581       1.0009533       1.0037107       128.00000
       1835.0789       1.0016662       1.0059663       0.0000000
       1835.0998       1.0009693       1.0054535       0.0000000
       1835.1206       1.0014416       1.0049070       0.0000000
       1835.1414       1.0012813       1.0032656       0.0000000
       1835.1623       1.0021842       1.0034362       0.0000000
       1835.1831       1.0008012       1.0041693       0.0000000
       1835.2039       1.0015886       1.0039314       0.0000000
       1835.2248       1.0029234       1.0063592       0.0000000
       1835.2456       1.0013194       1.0076267       0.0000000
       1835.2664       1.0010399       1.0066904       0.0000000
       1835.2873       1.0015339       1.0041375       0.0000000
       1835.3081       1.0008855       1.0007632       0.0000000
       1835.3289       1.0023357       1.0005002       0.0000000
       1835.3498       1.0024959      0.99977571       0.0000000
       1835.3706       1.0014019       1.0061326       0.0000000
       1835.3914       1.0018033       1.0066044       0.0000000
       1835.4123       1.0011922       1.0029985       0.0000000
       1835.4331       1.0000054       1.0038141       0.0000000
       1835.4539      0.99963039       1.0000479       0.0000000
       1835.4748       1.0008992       1.0060489       0.0000000
       1835.4956      0.99922210       1.0050821       0.0000000
       1835.5164      0.98675478      0.98785752       0.0000000
       1835.5373      0.93735331      0.94162667       0.0000000
       1835.5581      0.88638574      0.89215004       0.0000000
       1835.5789      0.85593992      0.85962331       128.00000
       1835.5998      0.86627293      0.86563623       128.00000
       1835.6206      0.90603977      0.90803891       128.00000
       1835.6414      0.96411902      0.96599311       128.00000
       1835.6623      0.99469262      0.99697059       0.0000000
       1835.6831       1.0007012       1.0014130       0.0000000
       1835.7039      0.99737364       1.0024775       0.0000000
       1835.7248       1.0012698       1.0015845       128.00000
       1835.7456       1.0027229       1.0055650       0.0000000
       1835.7664       1.0038879       1.0070099       0.0000000
       1835.7873       1.0066574       1.0110070       0.0000000
       1835.8081       1.0090561       1.0136379       0.0000000
       1835.8289       1.0109445       1.0158477       128.00000
       1835.8498       1.0137743       1.0154213       0.0000000
       1835.8706       1.0133175       1.0176011       0.0000000
       1835.8914       1.0126079       1.0151964       0.0000000
       1835.9123       1.0126017       1.0166123       0.0000000
       1835.9331       1.0088551       1.0141420       0.0000000
       1835.9539       1.0079238       1.0137144       128.00000
       1835.9748       1.0068437       1.0107348       0.0000000
       1835.9956       1.0050365       1.0095345       0.0000000
       1836.0164       1.0026459       1.0087556       0.0000000
       1836.0373       1.0027517       1.0088874       0.0000000
       1836.0581       1.0018930       1.0039949       0.0000000
       1836.0789      0.99964631       1.0006810       0.0000000
       1836.0998      0.99951553      0.99906474       0.0000000
       1836.1206      0.99825740       1.0028344       128.00000
       1836.1414      0.99851805       1.0016295       0.0000000
       1836.1623      0.99969596      0.99834818       0.0000000
       1836.1831      0.98858118      0.98858219       0.0000000
       1836.2039      0.96202511      0.95827919       0.0000000
       1836.2248      0.93389791      0.92916572       0.0000000
       1836.2456      0.91606086      0.91325444       0.0000000
       1836.2664      0.91913301      0.91500616       128.00000
       1836.2873      0.94055563      0.93997186       128.00000
       1836.3081      0.96993226      0.97668701       0.0000000
       1836.3289      0.99401766      0.99821323       0.0000000
       1836.3498       1.0001281       1.0043286       0.0000000
       1836.3706      0.99842203       1.0020946       0.0000000
       1836.3914       1.0002456       1.0028565       0.0000000
       1836.4123      0.99941379       1.0047839       0.0000000
       1836.4331      0.99871540       1.0077726       0.0000000
       1836.4539      0.99928623       1.0040257       0.0000000
       1836.4748      0.99998111       1.0064416       0.0000000
       1836.4956      0.99918956       1.0071639       0.0000000
       1836.5164       1.0005555       1.0068845       128.00000
       1836.5373      0.99844432       1.0077058       0.0000000
       1836.5581      0.99948543       1.0086834       0.0000000
       1836.5789       1.0005535       1.0053600       0.0000000
       1836.5998      0.99951285       1.0076215       0.0000000
       1836.6206       1.0010777       1.0055526       0.0000000
       1836.6414      0.99982530       1.0072619       0.0000000
       1836.6623       1.0005157       1.0088218       0.0000000
       1836.6831      0.99942952       1.0102080       0.0000000
       1836.7039      0.99905586       1.0091909       0.0000000
       1836.7248      0.99892795       1.0086353       0.0000000
       1836.7456       1.0011051       1.0063808       0.0000000
       1836.7664      0.99819529       1.0055003       0.0000000
       1836.7873      0.99779493       1.0037488       0.0000000
       1836.8081      0.99761379       1.0058944       0.0000000
       1836.8289      0.99706244       1.0073361       0.0000000
       1836.8498      0.99978226       1.0092330       0.0000000
       1836.8706      0.99775189       1.0068495       0.0000000
       1836.8914      0.99864405       1.0076488       0.0000000
       1836.9123      0.99861455       1.0094986       0.0000000
       1836.9331      0.99751270       1.0080134       0.0000000
       1836.9539      0.99794841       1.0086845       0.0000000
       1836.9748      0.99796659       1.0069238       0.0000000
       1836.9956      0.99812639       1.0052975       0.0000000
       1837.0164       1.0000592       1.0078288       0.0000000
       1837.0373       1.0018604       1.0088950       0.0000000
       1837.0581      0.99902976       1.0064857       0.0000000
       1837.0789       1.0008247       1.0069766       0.0000000
       1837.0998       1.0005869       1.0096358       0.0000000
       1837.1206       1.0006379       1.0109364       0.0000000
       1837.1414       1.0010744       1.0115017       0.0000000
       1837.1623       1.0014322       1.0126364       0.0000000
       1837.1831       1.0003821       1.0113961       0.0000000
       1837.2039       1.0007668       1.0101264       0.0000000
       1837.2248       1.0017486       1.0122997       0.0000000
       1837.2456       1.0014577       1.0106633       0.0000000
       1837.2664       1.0012459       1.0077691       0.0000000
       1837.2873       1.0025505       1.0111889       0.0000000
       1837.3081       1.0035671       1.0108806       0.0000000
       1837.3289       1.0023686       1.0084596       0.0000000
       1837.3498       1.0018774       1.0099723       0.0000000
       1837.3706       1.0025914       1.0121194       0.0000000
       1837.3914       1.0023160       1.0112164       0.0000000
       1837.4123       1.0010778       1.0107900       0.0000000
       1837.4331       1.0001097       1.0106680       0.0000000
       1837.4539       1.0008746       1.0111232       0.0000000
       1837.4748       1.0013188       1.0108950       0.0000000
       1837.4956      0.99970800       1.0107678       0.0000000
       1837.5164       1.0011126       1.0114045       0.0000000
       1837.5373       1.0002471       1.0101792       0.0000000
       1837.5581       1.0003492       1.0116274       0.0000000
       1837.5789      0.99979222       1.0118529       0.0000000
       1837.5998      0.99951029       1.0103507       0.0000000
       1837.6206      0.99893451       1.0102330       0.0000000
       1837.6414      0.99921119       1.0113082       0.0000000
       1837.6623      0.99947214       1.0115969       0.0000000
       1837.6831      0.99966782       1.0110471       0.0000000
       1837.7039      0.99872893       1.0102545       0.0000000
       1837.7248      0.99883890       1.0109289       0.0000000
       1837.7456      0.99823511       1.0106565       0.0000000
       1837.7664      0.99813694       1.0105377       0.0000000
       1837.7872       1.0002112       1.0122919       0.0000000
       1837.8081       1.0002402       1.0126185       0.0000000
       1837.8289      0.99893540       1.0109909       0.0000000
       1837.8497      0.99984419       1.0119650       0.0000000
       1837.8706      0.99928671       1.0128391       0.0000000
       1837.8914      0.99852294       1.0120627       0.0000000
       1837.9122       1.0006031       1.0131124       0.0000000
       1837.9331       1.0008110       1.0129383       0.0000000
       1837.9539      0.99834001       1.0110669       0.0000000
       1837.9747      0.99808627       1.0112380       0.0000000
       1837.9956      0.99219871       1.0053823       0.0000000
       1838.0164      0.94799954      0.96065992       0.0000000
       1838.0372      0.89679670      0.90941501       0.0000000
       1838.0581      0.86015189      0.87186837       0.0000000
       1838.0789      0.85756445      0.86988837       0.0000000
       1838.0997      0.89555597      0.90785128       0.0000000
       1838.1206      0.94769150      0.96129721       0.0000000
       1838.1414      0.99043560       1.0037296       0.0000000
       1838.1622      0.99521661       1.0088394       0.0000000
       1838.1831      0.99602890       1.0101081       0.0000000
       1838.2039      0.99980956       1.0131518       0.0000000
       1838.2247       1.0010624       1.0157412       0.0000000
       1838.2456       1.0032182       1.0170001       0.0000000
       1838.2664       1.0052396       1.0191212       0.0000000
       1838.2872       1.0091991       1.0208554       0.0000000
       1838.3081       1.0104618       1.0240360       0.0000000
       1838.3289       1.0137222       1.0274942       0.0000000
       1838.3497       1.0130705       1.0276785       0.0000000
       1838.3706       1.0122533       1.0270510       0.0000000
       1838.3914       1.0107012       1.0251164       0.0000000
       1838.4122       1.0086485       1.0235749       0.0000000
       1838.4331       1.0076978       1.0226880       0.0000000
       1838.4539       1.0052730       1.0195105       0.0000000
       1838.4747       1.0040520       1.0182759       0.0000000
       1838.4956       1.0015235       1.0144972       0.0000000
       1838.5164       1.0021322       1.0139959       0.0000000
       1838.5372       1.0003706       1.0128404       0.0000000
       1838.5581      0.99939722       1.0123653       0.0000000
       1838.5789      0.99843049       1.0092705       0.0000000
       1838.5997      0.99692631       1.0083755       0.0000000
       1838.6206      0.99666929       1.0082006       0.0000000
       1838.6414      0.99742192       1.0020978       0.0000000
       1838.6622      0.99164897      0.99541807       0.0000000
       1838.6831      0.96533304      0.97255415       0.0000000
       1838.7039      0.93552238      0.94707108       0.0000000
       1838.7456      0.91356450      0.92344922       128.00000
       1838.7664      0.93176740      0.94184911       0.0000000
       1838.7872      0.96089607      0.96784574       0.0000000
       1838.8081      0.98928863      0.99614793       128.00000
       1838.8289      0.99733007       1.0083044       0.0000000
       1838.8497      0.99698323       1.0097297       0.0000000
       1838.8706      0.99740058       1.0098876       0.0000000
       1838.8914      0.99708778       1.0083755       128.00000
       1838.9122      0.99767739       1.0050932       0.0000000
       1838.9331      0.99873519       1.0090899       0.0000000
       1838.9539      0.99924958       1.0089902       0.0000000
       1838.9747      0.99858773       1.0031748       0.0000000
       1838.9956      0.99923915      0.99908388       0.0000000
       1839.0164       1.0000000       1.0052797       0.0000000
       1839.0372      0.99873608       1.0041018       0.0000000
       1839.0581       1.0002278       1.0042078       0.0000000
       1839.0789      0.99950373       1.0046324       0.0000000
       1839.0997       1.0007435       1.0047559       0.0000000
       1839.1206       1.0008427       1.0037285       0.0000000
       1839.1414       1.0024345       1.0033841       0.0000000
       1839.1622       1.0014230       1.0038533       0.0000000
       1839.1831       1.0012763       1.0051697       0.0000000
       1839.2039       1.0006481       1.0024772       0.0000000
       1839.2247       1.0003181       1.0018048       0.0000000
       1839.2456       1.0005181       1.0044142       0.0000000
       1839.2664       1.0008931       1.0063523       0.0000000
       1839.2872      0.99988139       1.0022469       0.0000000
       1839.3081       1.0002164       1.0041935       0.0000000
       1839.3289      0.99748647      0.99932379       0.0000000
       1839.3497       1.0003772       1.0042913       0.0000000
       1839.3706      0.99970645       1.0024191       0.0000000
       1839.3914      0.99993521       1.0027413       128.00000
       1839.4122       1.0005702       1.0022395       0.0000000
       1839.4331       1.0010012       1.0019566       0.0000000
       1839.4539      0.99975008       1.0013022       0.0000000
       1839.4747       1.0000924       1.0077590       0.0000000
       1839.4956       1.0002539       1.0048927       0.0000000
       1839.5164   3.3105728e-15      0.86635405       128.00000
       1839.5372       1.0007246       1.0077642       0.0000000
       1839.5581      0.99932861       1.0083909       0.0000000
       1839.5789       1.0019603       1.0086863       128.00000
       1839.5997       1.0020871       1.0069706       0.0000000
       1839.6206       1.0010675       1.0100921       0.0000000
       1839.6414       1.0018259       1.0118845       0.0000000
       1839.6622       1.0016547       1.0119520       0.0000000
       1839.6831       1.0031300       1.0133057       0.0000000
       1839.7039       1.0028110       1.0130757       128.00000
       1839.7247       1.0026110       1.0128757       0.0000000
       1839.7456       1.0044773       1.0144799       0.0000000
       1839.7664       1.0031998       1.0124213       128.00000
       1839.7872       1.0026618       1.0072536       128.00000
       1839.8081       1.0025183       1.0109285       128.00000
       1839.8289       1.0016284       1.0116383       128.00000
       1839.8497       1.0032684       1.0122893       0.0000000
       1839.8706       1.0032907       1.0117147       0.0000000
       1839.8914       1.0030808       1.0103284       128.00000
       1839.9122       1.0031630       1.0078657       128.00000
       1839.9331       1.0046196       1.0110753       0.0000000
       1839.9539       1.0041908       1.0112010       0.0000000
       1839.9747       1.0024731       1.0101323       0.0000000
       1839.9956      0.99997681       1.0078117       128.00000
       1840.0164       1.0038168       1.0092216       0.0000000
       1840.0372       1.0043284       1.0091381       0.0000000
       1840.0581       1.0026374       1.0088930       0.0000000
       1840.0789       1.0027690       1.0070211       128.00000
       1840.0997       1.0021272       1.0069908       0.0000000
       1840.1206       1.0047631       1.0069702       0.0000000
       1840.1414       1.0045626       1.0066804       0.0000000
       1840.1622       1.0041693       1.0068035       128.00000
       1840.1831       1.0031319       1.0050122       0.0000000
       1840.2039       1.0020030       1.0042366       0.0000000
       1840.2247       1.0016913       1.0057442       0.0000000
       1840.2456       1.0010787       1.0045943       0.0000000
       1840.2664       1.0024848       1.0034049       0.0000000
       1840.2872       1.0000674       1.0003340       0.0000000
       1840.3081       1.0006006      0.99976987       0.0000000
       1840.3289       1.0012102       1.0008848       0.0000000
       1840.3497       1.0006732      0.99891502       0.0000000
       1840.3706       1.0007426      0.99617714       0.0000000
       1840.3914      0.99908572      0.99558651       0.0000000
       1840.4122      0.99693084      0.99466103       0.0000000
       1840.4331      0.99622017      0.99370867       0.0000000
       1840.4539      0.99816817      0.99318296       128.00000
       1840.4747      0.99263090      0.98758161       128.00000
       1840.4956      0.95839894      0.95373225       0.0000000
       1840.5164      0.90317547      0.89749980       0.0000000
       1840.5372      0.86100447      0.85438520       0.0000000
       1840.5581      0.84839571      0.84273767       0.0000000
       1840.5789      0.87780809      0.87017435       0.0000000
       1840.5997      0.92789447      0.92076027       0.0000000
       1840.6206      0.97773445      0.96721846       0.0000000
       1840.6414      0.99200034      0.97981274       0.0000000
       1840.6622      0.99042749      0.98191315       0.0000000
       1840.6831      0.99322462      0.98097748       128.00000
       1840.7039      0.99500036      0.98182893       0.0000000
       1840.7247      0.99636406      0.98287171       0.0000000
       1840.7456      0.99891382      0.98577505       0.0000000
       1840.7664      0.99982685      0.98745149       0.0000000
       1840.7872       1.0042102      0.98834378       0.0000000
       1840.8081       1.0062534      0.99070013       0.0000000
       1840.8289       1.0069433      0.99027282       0.0000000
       1840.8497       1.0055566      0.98958188       0.0000000
       1840.8706       1.0056739      0.98923784       0.0000000
       1840.8914       1.0051124      0.98869473       0.0000000
       1840.9122       1.0031973      0.98689926       0.0000000
       1840.9331       1.0031065      0.98373061       0.0000000
       1840.9539       1.0019988      0.98287010       0.0000000
       1840.9747      0.99935496      0.97776604       0.0000000
       1840.9956      0.99857748      0.97466272       128.00000
       1841.0164      0.99783617      0.97324193       0.0000000
       1841.0372      0.99832213      0.97174966       0.0000000
       1841.0581       1.0006447      0.97038049       0.0000000
       1841.0789       1.0015018      0.96782446       0.0000000
       1841.0997       1.0017936      0.96545315       0.0000000
       1841.1206       1.0038880      0.96553260       0.0000000
       1841.1414       1.0038848      0.96367747       0.0000000
