    1106
       1790.7023      0.99879652      0.98276865       128.00000
       1790.7231      0.99545491      0.98241937       0.0000000
       1790.7439      0.98850334      0.97860026       0.0000000
       1790.7648      0.98577505      0.97853720       0.0000000
       1790.7856      0.98241097      0.97793227       0.0000000
       1790.8064      0.98653823      0.97824055       0.0000000
       1790.8273      0.98852515      0.98008853       0.0000000
       1790.8481      0.98843235      0.97830814       0.0000000
       1790.8689      0.98859960      0.97792983       0.0000000
       1790.8898      0.98627979      0.97446281       0.0000000
       1790.9106      0.98576093      0.97460848       0.0000000
       1790.9314      0.98619431      0.97589731       0.0000000
       1790.9523      0.98339111      0.97269553       0.0000000
       1790.9731      0.98323184      0.97138041       0.0000000
       1790.9939      0.98435795      0.97313821       0.0000000
       1791.0148      0.98356396      0.97208327       0.0000000
       1791.0356      0.98506868      0.97484386       0.0000000
       1791.0564      0.98507661      0.97374648       0.0000000
       1791.0773      0.98503518      0.97387153       0.0000000
       1791.0981      0.98562479      0.97490984       0.0000000
       1791.3898       1.0143704      0.92996979       128.00000
       1791.4106       1.0208451      0.93544054       128.00000
       1791.4315       1.0205839      0.93702781       128.00000
       1791.4523       1.0239322      0.94303471       128.00000
       1791.4731       1.0233859      0.94565117       128.00000
       1791.4940       1.0214225      0.94839931       128.00000
       1791.5148       1.0206833      0.95052910       128.00000
       1791.5356       1.0188104      0.95274574       128.00000
       1791.5565       1.0166763      0.95370024       128.00000
       1791.5773       1.0153573      0.95674181       0.0000000
       1791.5981       1.0148309      0.95932955       0.0000000
       1791.6190       1.0089047      0.95865053       128.00000
       1791.6398       1.0115880      0.96188194       0.0000000
       1791.6606       1.0095159      0.96129334       0.0000000
       1791.6815       1.0091348      0.96386153       0.0000000
       1791.7023       1.0082684      0.96701831       0.0000000
       1791.7231       1.0043472      0.96542418       0.0000000
       1791.7440       1.0051192      0.96958345       0.0000000
       1791.7648       1.0062684      0.96984380       0.0000000
       1791.7856       1.0045394      0.97096717       0.0000000
       1791.8065       1.0032029      0.97046566       0.0000000
       1791.8273       1.0007828      0.97283208       128.00000
       1791.8481       1.0026920      0.97359717       0.0000000
       1791.8690       1.0022298      0.97427243       0.0000000
       1791.8898       1.0017773      0.97465748       0.0000000
       1791.9106       1.0015653      0.97623831       0.0000000
       1791.9315       1.0015064      0.97691858       0.0000000
       1791.9523       1.0017552      0.97824067       0.0000000
       1791.9731       1.0015372      0.97868532       0.0000000
       1791.9940       1.0007806      0.97934425       0.0000000
       1792.0148       1.0013942      0.98026377       0.0000000
       1792.0356       1.0016195      0.98159885       0.0000000
       1792.0565       1.0014988      0.98192328       0.0000000
       1792.0773       1.0004052      0.98190302       0.0000000
       1792.0981       1.0003120      0.98155683       128.00000
       1792.1190      0.99962014      0.98114800       128.00000
       1792.1398      0.99843884      0.98059410       128.00000
       1792.1606       1.0004793      0.98347241       128.00000
       1792.1815      0.99972355      0.98358357       128.00000
       1792.2023      0.99988449      0.98398668       128.00000
       1792.2231      0.99991083      0.98538417       128.00000
       1792.2440      0.99988562      0.98530340       128.00000
       1792.2648      0.99976152      0.98621482       128.00000
       1792.2856      0.99974048      0.98627216       128.00000
       1792.3065       1.0000411      0.98694891       128.00000
       1792.3273      0.99933386      0.98662686       128.00000
       1792.3481      0.99934936      0.98710144       128.00000
       1792.3690       1.0000000      0.98818231       128.00000
       1792.3898      0.99948239      0.98784703       128.00000
       1792.4106       1.0003870      0.98932290       128.00000
       1792.4315       1.0001370      0.98902768       128.00000
       1792.4523      0.99934220      0.98876023       128.00000
       1792.4731      0.99998969      0.98903614       128.00000
       1792.4940      0.99970341      0.99059218       0.0000000
       1792.5148       1.0002095      0.98989457       128.00000
       1792.5356      0.99844193      0.99107963       0.0000000
       1792.5565       1.0007741      0.99095255       0.0000000
       1792.5773       1.0011612      0.99236792       0.0000000
       1792.5981       1.0014172      0.99241489       0.0000000
       1792.6190       1.0012580      0.99303061       0.0000000
       1792.6398       1.0014663      0.99273992       0.0000000
       1792.6606       1.0007371      0.99214989       0.0000000
       1792.6815       1.0009507      0.99262631       0.0000000
       1792.7023      0.99770683      0.98745596       0.0000000
       1792.7231       1.0007392      0.99283731       0.0000000
       1792.7440       1.0002104      0.99157524       0.0000000
       1792.7648      0.99994993      0.99188828       0.0000000
       1792.7857      0.99982643      0.99181312       0.0000000
       1792.8065       1.0001673      0.99335963       0.0000000
       1792.8273       1.0004768      0.99282962       0.0000000
       1792.8482       1.0011262      0.99456239       0.0000000
       1792.8690       1.0006516      0.99300772       0.0000000
       1792.8898       1.0005733      0.99441487       0.0000000
       1792.9107       1.0002573      0.99312389       0.0000000
       1792.9315       1.0010390      0.99562597       0.0000000
       1792.9523      0.99950612      0.99279219       0.0000000
       1792.9732       1.0005133      0.99489045       0.0000000
       1792.9940       1.0001222      0.99377823       0.0000000
       1793.0148      0.99914408      0.99354887       0.0000000
       1793.0357      0.99930745      0.99310291       0.0000000
       1793.0565      0.99994189      0.99423456       128.00000
       1793.0773      0.99957520      0.99340796       0.0000000
       1793.0982       1.0000259      0.99418896       128.00000
       1793.1190      0.99944574      0.99450105       0.0000000
       1793.1398      0.99910706      0.99438143       0.0000000
       1793.1607      0.99832451      0.99368697       0.0000000
       1793.1815      0.99698633      0.99393165       0.0000000
       1793.2023      0.99897188      0.99487317       0.0000000
       1793.2232      0.99872452      0.99402279       0.0000000
       1793.2440      0.99810553      0.99488997       0.0000000
       1793.2648      0.99781847      0.99377716       0.0000000
       1793.2857      0.99849582      0.99468797       0.0000000
       1793.3065      0.99849343      0.99421245       0.0000000
       1793.3273      0.99728584      0.99321103       0.0000000
       1793.3482      0.99847263      0.99497646       0.0000000
       1793.3690      0.99798411      0.99482143       0.0000000
       1793.3898      0.99875230      0.99513823       0.0000000
       1793.4107      0.99806488      0.99641424       0.0000000
       1793.4315      0.99880940      0.99468398       0.0000000
       1793.4523      0.99957478      0.99655420       0.0000000
       1793.4732       1.0003414      0.99664593       0.0000000
       1793.4940       1.0006938      0.99781883       0.0000000
       1793.5148       1.0023133      0.99845254       0.0000000
       1793.5357       1.0015924      0.99970251       0.0000000
       1793.5565       1.0024532      0.99951094       0.0000000
       1793.5773       1.0035490       1.0011090       0.0000000
       1793.5982       1.0029571       1.0016763       0.0000000
       1793.6190       1.0052793       1.0020009       0.0000000
       1793.6398       1.0033038       1.0029798       0.0000000
       1793.6607       1.0054977       1.0029321       0.0000000
       1793.6815       1.0056025       1.0027697       0.0000000
       1793.7023       1.0064340       1.0036602       0.0000000
       1793.7232       1.0052661       1.0046012       0.0000000
       1793.7440       1.0057077       1.0042422       0.0000000
       1793.7648       1.0065690       1.0057275       0.0000000
       1793.7857       1.0069205       1.0042552       0.0000000
       1793.8065       1.0080148       1.0053076       0.0000000
       1793.8273       1.0059116       1.0042200       0.0000000
       1793.8482       1.0074956       1.0048393       0.0000000
       1793.8690       1.0069188       1.0057478       0.0000000
       1793.8898       1.0071951       1.0044582       0.0000000
       1793.9107       1.0062597       1.0039183       0.0000000
       1793.9315       1.0067282       1.0044283       0.0000000
       1793.9523       1.0053612       1.0039785       0.0000000
       1793.9732       1.0057644       1.0027298       0.0000000
       1793.9940       1.0051980       1.0043793       0.0000000
       1794.0148       1.0052869       1.0026898       0.0000000
       1794.0357       1.0034816       1.0030531       0.0000000
       1794.0565       1.0036505       1.0018827       0.0000000
       1794.0773       1.0005885       1.0022073       0.0000000
       1794.0982       1.0033123       1.0008756       0.0000000
       1794.1190       1.0013574       1.0011842       0.0000000
       1794.1398       1.0031239       1.0011231       0.0000000
       1794.1607       1.0004610       1.0017309       0.0000000
       1794.1815       1.0017675       1.0003545       0.0000000
       1794.2023      0.99921089       1.0000957       0.0000000
       1794.2232       1.0020034       1.0000846       0.0000000
       1794.2440       1.0006319       1.0005072       0.0000000
       1794.2648       1.0014960      0.99953151       0.0000000
       1794.2857       1.0008925      0.99961060       0.0000000
       1794.3065       1.0006107       1.0001723       0.0000000
       1794.3273       1.0014316      0.99925643       0.0000000
       1794.3482       1.0019168       1.0009886       0.0000000
       1794.3690       1.0023160      0.99986535       0.0000000
       1794.3898       1.0000601       1.0010867       0.0000000
       1794.4107       1.0022177       1.0002936       0.0000000
       1794.4315       1.0011832       1.0003759       0.0000000
       1794.4523       1.0016754      0.99991536       0.0000000
       1794.4732      0.99925381       1.0013865       0.0000000
       1794.4940       1.0019475       1.0006834       0.0000000
       1794.5148       1.0006514       1.0010340       0.0000000
       1794.5357       1.0004331      0.99890500       0.0000000
       1794.5565       1.0015084      0.99912947       0.0000000
       1794.5773       1.0011235      0.99948031       0.0000000
       1794.5982       1.0000881      0.99900150       0.0000000
       1794.6190       1.0000305      0.99995184       0.0000000
       1794.6399       1.0011566      0.99946982       0.0000000
       1794.6607      0.99996191       1.0004536       0.0000000
       1794.6815       1.0006675      0.99819320       0.0000000
       1794.7024       1.0011901      0.99975932       0.0000000
       1794.7232      0.99932569      0.99790478       0.0000000
       1794.7440       1.0003202      0.99947596       0.0000000
       1794.7649       1.0006123      0.99849087       0.0000000
       1794.7857       1.0001214      0.99900693       0.0000000
       1794.8065       1.0011134      0.99976093       0.0000000
       1794.8274       1.0003457      0.99848330       0.0000000
       1794.8482       1.0004846      0.99833721       0.0000000
       1794.8690       1.0006775      0.99823225       0.0000000
       1794.8899       1.0005403      0.99921024       0.0000000
       1794.9107       1.0006423      0.99821281       0.0000000
       1794.9315       1.0001249       1.0001293       0.0000000
       1794.9524   1.3086645e-14      0.88323182       128.00000
       1794.9732       1.0000863       1.0016989       0.0000000
       1794.9940       1.0016060      0.99944109       0.0000000
       1795.0149       1.0017284       1.0014708       0.0000000
       1795.0357       1.0011774       1.0004486       0.0000000
       1795.0565       1.0014373       1.0011398       0.0000000
       1795.0774       1.0016483       1.0012170       0.0000000
       1795.0982       1.0014321       1.0005102       0.0000000
       1795.1190       1.0006695       1.0010931       0.0000000
       1795.1399       1.0005692      0.99997818       0.0000000
       1795.1607       1.0013540       1.0016022       0.0000000
       1795.1815       1.0004288      0.99975097       0.0000000
       1795.2024       1.0004562       1.0004063       0.0000000
       1795.2232      0.99982560      0.99899095       0.0000000
       1795.2440      0.99997264      0.99965817       0.0000000
       1795.2649       1.0005193      0.99991900       0.0000000
       1795.2857      0.99941611      0.99903637       0.0000000
       1795.3065       1.0003605      0.99939293       0.0000000
       1795.3274      0.99927473       1.0000528       0.0000000
       1795.3482      0.99925947      0.99902689       0.0000000
       1795.3690      0.99961561      0.99961299       0.0000000
       1795.3899       1.0005809       1.0003443       0.0000000
       1795.4107      0.99967390      0.99939626       0.0000000
       1795.4315       1.0008829       1.0009874       0.0000000
       1795.4524      0.99970239      0.99908465       0.0000000
       1795.4732      0.99749696       1.0005478       0.0000000
       1795.4940      0.99917626      0.99939811       0.0000000
       1795.5149      0.99960458       1.0004231       0.0000000
       1795.5357      0.99993777      0.99942684       0.0000000
       1795.5565      0.99923730      0.99974918       0.0000000
       1795.5774      0.99838394      0.99892741       0.0000000
       1795.5982      0.99953520       1.0001780       0.0000000
       1795.6190      0.99869919      0.99840957       0.0000000
       1795.6399      0.99854106      0.99869257       0.0000000
       1795.6607      0.99808455      0.99982148       0.0000000
       1795.6815      0.99987215       1.0000432       0.0000000
       1795.7024      0.99965489       1.0004905       0.0000000
       1795.7232      0.99849540      0.99896848       0.0000000
       1795.7440      0.99870092      0.99972421       0.0000000
       1795.7649      0.99896407      0.99902397       0.0000000
       1795.7857      0.99934518       1.0002981       0.0000000
       1795.8065      0.99893206      0.99897593       0.0000000
       1795.8274      0.99929124       1.0004444       0.0000000
       1795.8482      0.99891257      0.99925756       0.0000000
       1795.8690      0.99923944      0.99985284       0.0000000
       1795.8899      0.99913365      0.99984366       0.0000000
       1795.9107      0.99878663      0.99911684       0.0000000
       1795.9315      0.99882567      0.99965751       0.0000000
       1795.9524      0.99851048      0.99890107       0.0000000
       1795.9732      0.99852294      0.99974924       0.0000000
       1795.9940      0.99697465      0.99925905       0.0000000
       1796.0149      0.99923301       1.0000000       0.0000000
       1796.0357      0.99904400      0.99923801       0.0000000
       1796.0565      0.99883348      0.99988610       0.0000000
       1796.0774      0.99889582      0.99973869       0.0000000
       1796.0982      0.99994302       1.0009674       0.0000000
       1796.1190      0.99897063       1.0001652       0.0000000
       1796.1399       1.0006784       1.0018702       0.0000000
       1796.1607      0.99950105       1.0001119       0.0000000
       1796.1815      0.99985218       1.0012832       0.0000000
       1796.2024       1.0011344       1.0018597       0.0000000
       1796.2232       1.0002739       1.0012339       0.0000000
       1796.2440       1.0007517       1.0015777       0.0000000
       1796.2649       1.0001280       1.0007061       0.0000000
       1796.2857       1.0015541       1.0027217       0.0000000
       1796.3065       1.0007063       1.0012227       0.0000000
       1796.3274       1.0007519       1.0021340       0.0000000
       1796.3482       1.0002133       1.0010686       0.0000000
       1796.3690       1.0003579       1.0013460       0.0000000
       1796.3899       1.0000724       1.0011096       0.0000000
       1796.4107      0.99996448       1.0007483       0.0000000
       1796.4315       1.0005116       1.0017673       0.0000000
       1796.4524      0.99990165       1.0005487       0.0000000
       1796.4732      0.99941528       1.0008142       0.0000000
       1796.4940      0.99896622      0.99982607       0.0000000
       1796.5149       1.0005635       1.0019001       0.0000000
       1796.5357      0.99958163       1.0003012       0.0000000
       1796.5565      0.99950689       1.0011288       0.0000000
       1796.5774       1.0000513       1.0010049       0.0000000
       1796.5982       1.0003029       1.0014414       0.0000000
       1796.6190      0.99970812       1.0008237       0.0000000
       1796.6399      0.99927795       1.0005065       0.0000000
       1796.6607      0.99959910       1.0012090       0.0000000
       1796.6815      0.99966949       1.0009619       0.0000000
       1796.7024      0.99998456       1.0015770       0.0000000
       1796.7232      0.99967134       1.0006168       0.0000000
       1796.7440      0.99946856       1.0012181       0.0000000
       1796.7649      0.99976391       1.0007368       0.0000000
       1796.7857       1.0003006       1.0015503       0.0000000
       1796.8066      0.99954331       1.0008332       0.0000000
       1796.8274      0.99929845       1.0004028       0.0000000
       1796.8482      0.99996889       1.0014595       0.0000000
       1796.8691      0.99855524      0.99995822       0.0000000
       1796.8899      0.99899095       1.0003181       0.0000000
       1796.9107      0.99860793      0.99993092       0.0000000
       1796.9316      0.99914157       1.0011003       0.0000000
       1796.9524      0.99833691      0.99954736       0.0000000
       1796.9732      0.99867249       1.0003605       0.0000000
       1796.9941      0.99774587      0.99909556       0.0000000
       1797.0149      0.99859172       1.0000145       0.0000000
       1797.0357      0.99876207       1.0005658       0.0000000
       1797.0566      0.99742371      0.99879062       0.0000000
       1797.0774      0.99856734      0.99999589       0.0000000
       1797.0982      0.99801779      0.99963492       0.0000000
       1797.1191      0.99943554       1.0014216       0.0000000
       1797.1399      0.99954838       1.0011636       0.0000000
       1797.1607       1.0002662       1.0023232       0.0000000
       1797.1816      0.99691236       1.0019186       128.00000
       1797.2024       1.0015368       1.0034891       0.0000000
       1797.2232       1.0024059       1.0040761       0.0000000
       1797.2441       1.0028349       1.0045410       0.0000000
       1797.2649       1.0034441       1.0055292       0.0000000
       1797.2857       1.0047122       1.0065398       0.0000000
       1797.3066       1.0058711       1.0075874       0.0000000
       1797.3274       1.0057404       1.0072805       0.0000000
       1797.3482       1.0068268       1.0089835       0.0000000
       1797.3691       1.0071703       1.0088333       0.0000000
       1797.3899       1.0076829       1.0090915       0.0000000
       1797.4107       1.0078176       1.0093156       0.0000000
       1797.4316       1.0076642       1.0096399       0.0000000
       1797.4524       1.0077310       1.0094559       0.0000000
       1797.4732       1.0078648       1.0097767       0.0000000
       1797.4941       1.0079871       1.0096726       0.0000000
       1797.5149       1.0076362       1.0097909       0.0000000
       1797.5357       1.0073960       1.0095104       0.0000000
       1797.5566       1.0066864       1.0082154       0.0000000
       1797.5774       1.0063920       1.0089071       0.0000000
       1797.5982       1.0039414       1.0080441       0.0000000
       1797.6191       1.0065566       1.0091009       0.0000000
       1797.6399       1.0057596       1.0077748       0.0000000
       1797.6607       1.0052716       1.0070962       0.0000000
       1797.6816       1.0048776       1.0069767       0.0000000
       1797.7024       1.0039498       1.0056280       0.0000000
       1797.7232       1.0048954       1.0065794       0.0000000
       1797.7441       1.0046977       1.0063549       0.0000000
       1797.7649       1.0033820       1.0059742       0.0000000
       1797.7857       1.0026542       1.0042987       0.0000000
       1797.8066       1.0032912       1.0054117       0.0000000
       1797.8274       1.0023528       1.0044413       0.0000000
       1797.8482       1.0021484       1.0039552       0.0000000
       1797.8691       1.0020955       1.0033809       0.0000000
       1797.8899       1.0020900       1.0041199       0.0000000
       1797.9107       1.0022525       1.0039570       0.0000000
       1797.9316       1.0024019       1.0038877       0.0000000
       1797.9524       1.0022045       1.0044249       0.0000000
       1797.9732       1.0019161       1.0039291       0.0000000
       1797.9941       1.0027956       1.0049866       0.0000000
       1798.0149       1.0022603       1.0040400       0.0000000
       1798.0357       1.0026814       1.0052308       0.0000000
       1798.0566       1.0021085       1.0038179       0.0000000
       1798.0774       1.0000839       1.0042162       128.00000
       1798.0982       1.0018533       1.0030828       0.0000000
       1798.1191       1.0027565       1.0046560       0.0000000
       1798.1399       1.0014018       1.0029171       0.0000000
       1798.1607       1.0019448       1.0043166       0.0000000
       1798.1816       1.0014877       1.0032269       0.0000000
       1798.2024       1.0015020       1.0037738       0.0000000
       1798.2232       1.0019242       1.0036929       0.0000000
       1798.2441       1.0006564       1.0023885       0.0000000
       1798.2649       1.0014268       1.0035970       0.0000000
       1798.2857       1.0012412       1.0028948       0.0000000
       1798.3066       1.0011023       1.0034938       0.0000000
       1798.3274       1.0010101       1.0027819       0.0000000
       1798.3482       1.0005246       1.0029063       0.0000000
       1798.3691       1.0006949       1.0024775       0.0000000
       1798.3899       1.0006614       1.0024867       0.0000000
       1798.4107       1.0011033       1.0030464       0.0000000
       1798.4316       1.0006789       1.0026761       0.0000000
       1798.4524       1.0016330       1.0037551       0.0000000
       1798.4732       1.0007722       1.0026423       0.0000000
       1798.4941       1.0024693       1.0050108       0.0000000
       1798.5149       1.0016973       1.0037735       0.0000000
       1798.5357       1.0024632       1.0049304       0.0000000
       1798.5566       1.0013406       1.0031263       0.0000000
       1798.5774       1.0018743       1.0037169       0.0000000
       1798.5982       1.0017911       1.0033164       0.0000000
       1798.6191       1.0001619       1.0014201       0.0000000
       1798.6399       1.0011228       1.0027606       0.0000000
       1798.6607      0.99999613       1.0010194       0.0000000
       1798.6816       1.0017003       1.0037149       0.0000000
       1798.7024       1.0006537       1.0014335       0.0000000
       1798.7232       1.0015539       1.0032562       0.0000000
       1798.7441       1.0013869       1.0034988       0.0000000
       1798.7649       1.0005374       1.0020362       0.0000000
       1798.7857       1.0003701       1.0025547       0.0000000
       1798.8066      0.99996704       1.0011818       0.0000000
       1798.8274       1.0006614       1.0025108       0.0000000
       1798.8482      0.99781001       1.0015036       128.00000
       1798.8691      0.99998844       1.0011564       0.0000000
       1798.8899       1.0000401       1.0014483       0.0000000
       1798.9107      0.99939495       1.0006483       0.0000000
       1798.9316       1.0004107       1.0012507       0.0000000
       1798.9524      0.99917924      0.99974364       0.0000000
       1798.9732       1.0000832       1.0009886       0.0000000
       1798.9941       1.0007266       1.0010923       0.0000000
       1799.0149       1.0006769       1.0018471       0.0000000
       1799.0357       1.0004168       1.0005938       0.0000000
       1799.0566       1.0003347       1.0008605       0.0000000
       1799.0774       1.0005463       1.0017587       0.0000000
       1799.0982       1.0006260       1.0012503       0.0000000
       1799.1191      0.99978769      0.99994010       0.0000000
       1799.1399      0.99956435      0.99898541       0.0000000
       1799.1607      0.99801791       1.0012654       0.0000000
       1799.1816      0.99911791      0.99881935       0.0000000
       1799.2024   1.2680975e-14      0.85585272       128.00000
       1799.2232      0.99941945       1.0025711       0.0000000
       1799.2441      0.99930441       1.0017949       0.0000000
       1799.2649      0.99928802       1.0021864       0.0000000
       1799.2857      0.99949723       1.0021436       0.0000000
       1799.3066      0.99910599       1.0020950       0.0000000
       1799.3274      0.99850023       1.0012349       0.0000000
       1799.3482      0.99836475       1.0007463       0.0000000
       1799.3691      0.99904805       1.0024323       0.0000000
       1799.3899      0.99838650       1.0009269       0.0000000
       1799.4108      0.99905866       1.0023316       0.0000000
       1799.4316      0.99891084       1.0016098       0.0000000
       1799.4524      0.99903166       1.0017772       0.0000000
       1799.4733      0.99997276       1.0034251       0.0000000
       1799.4941      0.99898404       1.0014329       0.0000000
       1799.5149      0.99994928       1.0032548       0.0000000
       1799.5358      0.99875420       1.0013008       0.0000000
       1799.5566      0.99978191       1.0026929       0.0000000
       1799.5774      0.99968624       1.0026114       0.0000000
       1799.5983      0.99944413       1.0025241       0.0000000
       1799.6191      0.99926525       1.0026747       0.0000000
       1799.6399      0.99839467       1.0019572       0.0000000
       1799.6608      0.99995250       1.0036337       0.0000000
       1799.6816      0.99960500       1.0026002       0.0000000
       1799.7024      0.99976778       1.0031017       0.0000000
       1799.7233       1.0003557       1.0037991       0.0000000
       1799.7441       1.0008097       1.0037441       0.0000000
       1799.7649       1.0006616       1.0038505       0.0000000
       1799.7858       1.0007257       1.0034461       0.0000000
       1799.8066       1.0013858       1.0045339       0.0000000
       1799.8274       1.0002235       1.0028499       0.0000000
       1799.8483       1.0008142       1.0037695       0.0000000
       1799.8691       1.0015310       1.0040801       0.0000000
       1799.8899       1.0015199       1.0044280       0.0000000
       1799.9108       1.0019119       1.0050293       0.0000000
       1799.9316       1.0016665       1.0041966       0.0000000
       1799.9524       1.0015981       1.0048846       0.0000000
       1799.9733       1.0019705       1.0045705       0.0000000
       1799.9941       1.0012935       1.0042572       0.0000000
       1800.0149       1.0025738       1.0051147       0.0000000
       1800.0358       1.0014665       1.0043765       0.0000000
       1800.0566       1.0016434       1.0043911       0.0000000
       1800.0774       1.0014641       1.0040773       0.0000000
       1800.0983       1.0024327       1.0053235       0.0000000
       1800.1191       1.0022420       1.0045611       0.0000000
       1800.1399       1.0025847       1.0054964       0.0000000
       1800.1608      0.99805290       1.0044383       128.00000
       1800.1816       1.0016456       1.0043149       0.0000000
       1800.2024       1.0018706       1.0046943       0.0000000
       1800.2233       1.0009954       1.0034132       0.0000000
       1800.2441       1.0023900       1.0050100       0.0000000
       1800.2649      0.99885380       1.0042371       0.0000000
       1800.2858       1.0045274       1.0071149       0.0000000
       1800.3066       1.0030404       1.0049071       0.0000000
       1800.3274       1.0021442       1.0044582       0.0000000
       1800.3483       1.0016057       1.0045738       0.0000000
       1800.3691      0.99997503       1.0028875       0.0000000
       1800.3899      0.99997169       1.0039318       128.00000
       1800.4108      0.99905801       1.0021741       128.00000
       1800.4316      0.99880165       1.0024956       128.00000
       1800.4524      0.99920648       1.0030197       128.00000
       1800.4733      0.99840862       1.0017885       128.00000
       1800.4941      0.99835461       1.0019002       128.00000
       1800.5149      0.99750471       1.0012709       128.00000
       1800.5358      0.99729168       1.0016822       128.00000
       1800.5566      0.99627107       1.0002500       128.00000
       1800.5774      0.99632943       1.0004337       128.00000
       1800.5983      0.99662292       1.0004765       128.00000
       1800.6191      0.99579436       1.0000377       128.00000
       1800.6399      0.99567807       1.0001534       128.00000
       1800.6608      0.99526685      0.99905163       128.00000
       1800.6816      0.99617106       1.0006975       128.00000
       1800.7024      0.99470413      0.99919456       128.00000
       1800.7233      0.99470848      0.99909395       128.00000
       1800.7441      0.99368423      0.99891663       128.00000
       1800.7649      0.99411207      0.99839842       128.00000
       1800.7858      0.99426258      0.99910164       128.00000
       1800.8066      0.99390167      0.99858451       128.00000
       1800.8274      0.99378908      0.99870491       128.00000
       1800.8483      0.99387223      0.99916404       128.00000
       1800.8691      0.99449557      0.99939489       128.00000
       1800.8899      0.99478400      0.99998695       128.00000
       1800.9108      0.99400854      0.99930418       128.00000
       1800.9316      0.99288195       1.0021071       128.00000
       1800.9524      0.99229228       1.0005370       128.00000
       1800.9733      0.99562776       1.0010207       128.00000
       1800.9941      0.99613440       1.0016676       128.00000
       1801.0149      0.99520069       1.0004385       128.00000
       1801.0358      0.99482745       1.0009019       128.00000
       1801.0566      0.99196595      0.99853539       128.00000
       1801.0774      0.99063224      0.99883759       128.00000
       1801.0983      0.98969966      0.99772543       128.00000
       1801.1191      0.98810899      0.99633521       128.00000
       1801.1399      0.98828143      0.99686772       128.00000
       1801.1608      0.98726898      0.99585825       128.00000
       1801.1816      0.98717433      0.99590671       128.00000
       1801.2024      0.98644382      0.99527150       128.00000
       1801.2233      0.98631561      0.99542999       128.00000
       1801.2441      0.98711312      0.99638915       128.00000
       1801.2649      0.98455828      0.99403834       128.00000
       1801.2858      0.98416144      0.99372590       128.00000
       1801.3066      0.98343176      0.99313909       128.00000
       1801.3274      0.98125291      0.99117821       128.00000
       1801.3483      0.98104590      0.99108124       128.00000
       1801.3691      0.97755748      0.98755789       128.00000
       1801.3899      0.97572541      0.98592591       128.00000
       1801.4108      0.97407109      0.98438275       128.00000
       1801.4316      0.97102028      0.98143154       128.00000
       1801.4524      0.96878481      0.97931516       128.00000
       1801.4733      0.96565491      0.97630161       128.00000
       1801.4941      0.96383959      0.97449684       128.00000
       1801.5149      0.95597160      0.97088361       128.00000
       1801.5358      0.95620030      0.96709538       128.00000
       1801.5566      0.95341998      0.96477234       128.00000
       1801.5774      0.95067441      0.96164775       128.00000
       1801.5983      0.94970459      0.96082032       128.00000
       1801.6191      0.94523448      0.95654345       128.00000
       1801.6399      0.94063884      0.95350850       128.00000
       1801.6608      0.94072926      0.95213085       128.00000
       1801.6816      0.93648058      0.94787931       128.00000
       1801.7024      0.93397200      0.94536901       128.00000
       1801.7233      0.92930132      0.94071651       128.00000
       1801.7441      0.92491049      0.93631881       128.00000
       1801.7649      0.92171490      0.93317115       128.00000
       1801.7858      0.91493398      0.92637277       128.00000
       1801.8066      0.91331881      0.92480046       128.00000
       1801.8274      0.90415686      0.91962028       128.00000
       1801.8483      0.90082216      0.91233587       128.00000
       1801.8691      0.89603418      0.90768707       128.00000
       1801.8899      0.88965559      0.90149391       128.00000
       1801.9108      0.88281536      0.89437115       128.00000
       1801.9316      0.87564218      0.88716215       128.00000
       1801.9524      0.86708826      0.87869328       128.00000
       1801.9733      0.86412287      0.87559897       128.00000
       1801.9941      0.85840940      0.86991471       128.00000
       1802.0149      0.85433561      0.86581755       128.00000
       1802.0358      0.85327095      0.86472237       128.00000
       1802.0566      0.85182977      0.86333168       128.00000
       1802.0774      0.85413808      0.86650586       128.00000
       1802.0983      0.85636300      0.86797905       128.00000
       1802.1191      0.86069572      0.87245226       128.00000
       1802.1399      0.86635470      0.87823808       128.00000
       1802.1608      0.87346637      0.88557172       128.00000
       1802.1816      0.88083744      0.89301234       128.00000
       1802.2024      0.88767540      0.89996207       128.00000
       1802.2233      0.89497644      0.90743083       128.00000
       1802.2441      0.90284425      0.91547173       128.00000
       1802.2649      0.91194087      0.92472684       128.00000
       1802.2858      0.91870070      0.93171060       128.00000
       1802.3066      0.92596370      0.93920034       128.00000
       1802.3274      0.93310362      0.94667244       128.00000
       1802.3483      0.94145638      0.95490432       128.00000
       1802.3691      0.95169419      0.96524709       128.00000
       1802.3899      0.96337521      0.97719890       128.00000
       1802.4108      0.97183204      0.98600096       128.00000
       1802.4316      0.97771448      0.99170560       128.00000
       1803.4733       1.0004536       1.0086032       0.0000000
       1803.4941       1.0001426       1.0085921       0.0000000
       1803.5150      0.99913412       1.0075245       0.0000000
       1803.5358       1.0003099       1.0071586       0.0000000
       1803.5566       1.0004523       1.0076680       0.0000000
       1803.5775      0.99970013       1.0071062       0.0000000
       1803.5983       1.0000328       1.0064368       0.0000000
       1803.6191       1.0003891       1.0074816       0.0000000
       1803.6400       1.0002800       1.0079017       0.0000000
       1803.6608      0.99925572       1.0061320       0.0000000
       1803.6816       1.0008724       1.0064063       0.0000000
       1803.7025      0.99947745       1.0050020       0.0000000
       1803.7233      0.99978483       1.0066334       0.0000000
       1803.7441       1.0003124       1.0073171       0.0000000
       1803.7650       1.0002030       1.0066534       0.0000000
       1803.7858      0.99903250       1.0062215       0.0000000
       1803.8066      0.99998683       1.0069721       0.0000000
       1803.8275      0.99927908       1.0055978       0.0000000
       1803.8483      0.99951142       1.0056406       0.0000000
       1803.8691       1.0003009       1.0063840       0.0000000
       1803.8900      0.99930596       1.0052078       0.0000000
       1803.9108      0.99986017       1.0058687       0.0000000
       1803.9316      0.99950314       1.0059983       0.0000000
       1803.9525      0.99878085       1.0045004       0.0000000
       1803.9733       1.0004697       1.0064106       0.0000000
       1803.9941      0.99949628       1.0049713       0.0000000
       1804.0150      0.99941063       1.0053556       0.0000000
       1804.0358      0.99976832       1.0047029       0.0000000
       1804.0566      0.99887186       1.0047294       0.0000000
       1804.0775      0.99980849       1.0046818       0.0000000
       1804.0983      0.99841106       1.0045749       0.0000000
       1804.1191      0.99855977       1.0039164       0.0000000
       1804.1400      0.99876982       1.0042630       0.0000000
       1804.1608      0.99828947       1.0039365       0.0000000
       1804.1816      0.99786222       1.0036098       0.0000000
       1804.2025      0.99821430       1.0032551       0.0000000
       1804.2233      0.99779671       1.0037916       0.0000000
       1804.2441      0.99789804       1.0027345       0.0000000
       1804.2650      0.99739957       1.0035661       0.0000000
       1804.2858      0.99762911       1.0026674       0.0000000
       1804.3066      0.99749297       1.0027059       0.0000000
       1804.3275      0.99669987       1.0017408       0.0000000
       1804.3483      0.99692184       1.0024590       0.0000000
       1804.3691      0.99790329       1.0032032       0.0000000
       1804.3900      0.99619639       1.0019178       0.0000000
       1804.4108      0.99788374       1.0028312       0.0000000
       1804.4316      0.99853587       1.0025718       0.0000000
       1804.4525      0.99687904       1.0022310       0.0000000
       1804.4733      0.99906939       1.0023464       0.0000000
       1804.4941      0.99860555       1.0009114       0.0000000
       1804.5150      0.99947238       1.0029138       0.0000000
       1804.5358      0.99999601       1.0028808       0.0000000
       1804.5566       1.0001800       1.0030268       0.0000000
       1804.5775       1.0009699       1.0036170       0.0000000
       1804.5983       1.0023979       1.0064666       0.0000000
       1804.6191       1.0018994       1.0056366       0.0000000
       1804.6400       1.0031753       1.0061057       0.0000000
       1804.6608       1.0034273       1.0053791       0.0000000
       1804.6816       1.0041825       1.0073014       0.0000000
       1804.7025       1.0054606       1.0088943       0.0000000
       1804.7233       1.0058914       1.0079333       0.0000000
       1804.7441       1.0053278       1.0076711       0.0000000
       1804.7650       1.0064417       1.0089438       0.0000000
       1804.7858       1.0054474       1.0072678       0.0000000
       1804.8066       1.0052807       1.0079741       0.0000000
       1804.8275       1.0076288       1.0086504       0.0000000
       1804.8483       1.0056986       1.0092523       0.0000000
       1804.8691       1.0066271       1.0080901       0.0000000
       1804.8900       1.0061177       1.0101851       0.0000000
       1804.9108       1.0065813       1.0079430       0.0000000
       1804.9316       1.0064706       1.0079403       0.0000000
       1804.9525       1.0052636       1.0067600       0.0000000
       1804.9733       1.0055758       1.0073464       0.0000000
       1804.9941       1.0047336       1.0068431       0.0000000
       1805.0150       1.0054461       1.0066143       0.0000000
       1805.0358       1.0052353       1.0063833       0.0000000
       1805.0566       1.0046068       1.0073146       0.0000000
       1805.0775       1.0042001       1.0061846       0.0000000
       1805.0983       1.0031803       1.0040131       0.0000000
       1805.1191       1.0034138       1.0039550       0.0000000
       1805.1400       1.0029204       1.0028414       0.0000000
       1805.1608       1.0019163       1.0034420       0.0000000
       1805.1816       1.0013003       1.0021394       0.0000000
       1805.2025       1.0018842       1.0028394       0.0000000
       1805.2233       1.0008730       1.0029119       0.0000000
       1805.2441       1.0017842       1.0030936       0.0000000
       1805.2650       1.0011528       1.0026239       0.0000000
       1805.2858       1.0004120       1.0010881       0.0000000
       1805.3066       1.0000964       1.0021142       0.0000000
       1805.3275       1.0006583       1.0023479       0.0000000
       1805.3483       1.0004517       1.0022882       0.0000000
       1805.3691       1.0004056       1.0028682       0.0000000
       1805.3900       1.0015123       1.0025446       0.0000000
       1805.4108       1.0006706       1.0018811       0.0000000
       1805.4316       1.0009816       1.0017890       0.0000000
       1805.4525       1.0012056       1.0031139       0.0000000
       1805.4733       1.0011109       1.0027568       0.0000000
       1805.4941       1.0007747       1.0017400       0.0000000
       1805.5150       1.0018687       1.0029994       0.0000000
       1805.5358       1.0011424       1.0043354       0.0000000
       1805.5566       1.0011903       1.0030373       0.0000000
       1805.5775       1.0005811       1.0013583       0.0000000
       1805.5983       1.0025653       1.0042864       0.0000000
       1805.6191      0.99996215       1.0015911       0.0000000
       1805.6400       1.0005113       1.0025480       0.0000000
       1805.6608       1.0001786       1.0014186       0.0000000
       1805.6816      0.99999905       1.0006667       0.0000000
       1805.7025      0.99953669      0.99932122       0.0000000
       1805.7233      0.99909037       1.0005602       0.0000000
       1805.7441       1.0008951       1.0007650       0.0000000
       1805.7650      0.99864316      0.99921888       128.00000
       1805.7858       1.0003903       1.0019013       0.0000000
       1805.8066       1.0005112       1.0016538       0.0000000
       1805.8275      0.99997640       1.0019379       0.0000000
       1805.8483      0.99986029       1.0017073       0.0000000
       1805.8691       1.0005120       1.0020405       0.0000000
       1805.8900       1.0011756       1.0007422       0.0000000
       1805.9108      0.99945545       1.0026820       0.0000000
       1805.9316       1.0008950       1.0026317       0.0000000
       1805.9525       1.0013869       1.0004319       0.0000000
       1805.9733      0.99988151       1.0029788       0.0000000
       1805.9941       1.0003182       1.0028932       0.0000000
       1806.0150       1.0004420       1.0037497       0.0000000
       1806.0358       1.0005434       1.0021433       0.0000000
       1806.0566       1.0004826       1.0023912       0.0000000
       1806.0775       1.0012854       1.0036303       0.0000000
       1806.0983      0.99937147       1.0024202       0.0000000
       1806.1191       1.0005217       1.0030494       0.0000000
       1806.1400       1.0003439       1.0029758       0.0000000
       1806.1608       1.0001810       1.0023750       0.0000000
       1806.1816       1.0001073       1.0015761       0.0000000
       1806.2025      0.99994147       1.0029087       0.0000000
       1806.2233      0.99973840       1.0015491       0.0000000
       1806.2441      0.99927962       1.0019143       0.0000000
       1806.2650       1.0001435       1.0033822       0.0000000
       1806.2858       1.0004894       1.0033092       0.0000000
       1806.3066      0.99951112       1.0023735       0.0000000
       1806.3275      0.99903965       1.0019956       0.0000000
       1806.3483      0.99967611       1.0023748       0.0000000
       1806.3691      0.99935704       1.0009454       0.0000000
       1806.3900      0.99805695       1.0015681       0.0000000
       1806.4108      0.99904001       1.0012732       0.0000000
       1806.4316      0.99909991       1.0008894       0.0000000
       1806.4525      0.99896622       1.0001265       0.0000000
       1806.4733      0.99895722       1.0011312       0.0000000
       1806.4941      0.99933785       1.0007863       0.0000000
       1806.5150      0.99950403       1.0005301       0.0000000
       1806.5358      0.99901611       1.0015960       0.0000000
       1806.5566      0.99965167       1.0010791       0.0000000
       1806.5775      0.99857229      0.99988019       0.0000000
       1806.5983      0.99785125      0.99944359       0.0000000
       1806.6191      0.99850690       1.0008596       0.0000000
       1806.6400      0.99870795       1.0013002       0.0000000
       1806.6608      0.99819887      0.99920088       0.0000000
       1806.6816      0.99801552      0.99920982       0.0000000
       1806.7025      0.99877894       1.0013344       0.0000000
       1806.7233      0.99773860      0.99925220       0.0000000
       1806.7441      0.99844110      0.99984705       0.0000000
       1806.7650      0.99820232       1.0012256       0.0000000
       1806.7858      0.99863911      0.99943382       0.0000000
       1806.8066      0.99851590       1.0008153       0.0000000
       1806.8275       1.0013075      0.99992472       0.0000000
       1806.8483      0.99876863       1.0002102       0.0000000
       1806.8691      0.99833739       1.0002716       0.0000000
       1806.8900      0.99844450      0.99890894       0.0000000
       1806.9108      0.99841899       1.0011518       0.0000000
       1806.9316      0.99797010      0.99866456       0.0000000
       1806.9525      0.99696749      0.99871230       0.0000000
       1806.9733      0.99741417      0.99939096       0.0000000
       1806.9941      0.99808651       1.0000557       0.0000000
       1807.0150      0.99779594      0.99869603       0.0000000
       1807.0358      0.99766195      0.99845350       0.0000000
       1807.0566      0.99813414      0.99938387       0.0000000
       1807.0775      0.99755836       1.0004423       0.0000000
       1807.0983      0.99736965      0.99976879       0.0000000
       1807.1191      0.99821711       1.0002242       0.0000000
       1807.1400      0.99795294      0.99939471       0.0000000
       1807.1608      0.99912477       1.0009918       0.0000000
       1807.1816      0.99852639       1.0003937       0.0000000
       1807.2025      0.99942058       1.0000032       0.0000000
       1807.2233      0.99956119      0.99878716       0.0000000
       1807.2441      0.99930000       1.0002555       0.0000000
       1807.2650      0.99999171      0.99994749       0.0000000
       1807.2858       1.0003457       1.0002928       0.0000000
       1807.3066      0.99975085      0.99964184       0.0000000
       1807.3275       1.0003972       1.0011542       0.0000000
       1807.3483      0.99983048      0.99944723       0.0000000
       1807.3691       1.0004312       1.0013342       0.0000000
       1807.3900       1.0012004       1.0008591       0.0000000
       1807.4108       1.0004656       1.0005639       0.0000000
       1807.4316      0.99941516      0.99825740       0.0000000
       1807.4525      0.99956608      0.99965280       0.0000000
       1807.4733      0.99985731      0.99944776       0.0000000
       1807.4941      0.99966687      0.99900138       0.0000000
       1807.5150      0.99907899      0.99939758       0.0000000
       1807.5358      0.99885035      0.99905419       0.0000000
       1807.5566      0.99870622      0.99782062       0.0000000
       1807.5775      0.99963748      0.99809945       0.0000000
       1807.5983      0.99849200       1.0000114       0.0000000
       1807.6191      0.99961221       1.0000825       0.0000000
       1807.6400      0.99854124      0.99945402       0.0000000
       1807.6608      0.99837750      0.99883628       0.0000000
       1807.6816      0.99934167       1.0008055       0.0000000
       1807.7025      0.99972111       1.0011042       0.0000000
       1807.7233      0.99936420      0.99859142       0.0000000
       1807.7441      0.99954808      0.99855626       0.0000000
       1807.7650      0.99895692      0.99900496       0.0000000
       1807.7858       1.0003906       1.0012678       0.0000000
       1807.8066      0.99917209      0.99932045       0.0000000
       1807.8275      0.99851197      0.99834061       0.0000000
       1807.8483      0.99820530      0.99894500       0.0000000
       1807.8691       1.0000654       1.0003065       0.0000000
       1807.8900      0.99828231      0.99795777       0.0000000
       1807.9108      0.99839264      0.99897504       0.0000000
       1807.9316      0.99802864      0.99902618       0.0000000
       1807.9525      0.99870741      0.99743325       0.0000000
       1807.9733      0.99889106      0.99787003       0.0000000
       1807.9941  -1.7526228e-15      0.86055148       128.00000
       1808.0150      0.99811995      0.99807429       0.0000000
       1808.0358      0.99723607      0.99817103       0.0000000
       1808.0566      0.99701434      0.99757284       0.0000000
       1808.0775      0.99704504      0.99721020       0.0000000
       1808.0983      0.99762517      0.99767214       0.0000000
       1808.1191      0.99775714      0.99970210       0.0000000
       1808.1400      0.99688256      0.99815822       0.0000000
       1808.1608      0.99872047      0.99871755       0.0000000
       1808.1816      0.99820650      0.99967980       0.0000000
       1808.2025      0.99911034       1.0003769       0.0000000
       1808.2233      0.99947494      0.99885249       0.0000000
       1808.2441      0.99879080      0.99794108       0.0000000
       1808.2650      0.99987346       1.0018483       0.0000000
       1808.2858       1.0010778       1.0039376       0.0000000
       1808.3066       1.0022095       1.0031581       0.0000000
       1808.3275       1.0036384       1.0036297       0.0000000
       1808.3483       1.0039159       1.0054466       0.0000000
       1808.3691       1.0058061       1.0075037       0.0000000
       1808.3900       1.0057080       1.0077977       0.0000000
       1808.4108       1.0056295       1.0074322       0.0000000
       1808.4316       1.0072017       1.0095342       0.0000000
       1808.4525       1.0066766       1.0087645       0.0000000
       1808.4733       1.0073390       1.0085239       0.0000000
       1808.4941       1.0072583       1.0091275       0.0000000
       1808.5150       1.0076555       1.0098461       0.0000000
       1808.5358       1.0075814       1.0060740       0.0000000
       1808.5566       1.0065581       1.0077833       0.0000000
       1808.5775       1.0070955       1.0081162       0.0000000
       1808.5983       1.0077221       1.0090386       0.0000000
       1808.6191       1.0058504       1.0078535       0.0000000
       1808.6400       1.0053440       1.0070286       0.0000000
       1808.6608       1.0057522       1.0068196       0.0000000
       1808.6816       1.0047694       1.0066129       0.0000000
       1808.7025       1.0048895       1.0068998       0.0000000
       1808.7233       1.0045154       1.0051175       0.0000000
       1808.7441       1.0035059       1.0049211       0.0000000
       1808.7650       1.0051991       1.0056421       0.0000000
       1808.7858       1.0035170       1.0047613       0.0000000
       1808.8066       1.0030187       1.0045000       0.0000000
       1808.8275       1.0024390       1.0027262       0.0000000
       1808.8483       1.0025662       1.0044466       0.0000000
       1808.8691       1.0031006       1.0045624       0.0000000
       1808.8900       1.0017326       1.0027659       0.0000000
       1808.9108       1.0003767       1.0019834       0.0000000
       1808.9316       1.0020508       1.0027375       0.0000000
       1808.9525       1.0003717       1.0027286       0.0000000
       1808.9733       1.0009303       1.0023782       0.0000000
       1808.9941       1.0007812       1.0016824       0.0000000
       1809.0150      0.99965143       1.0014272       0.0000000
       1809.0358       1.0021929       1.0035009       0.0000000
       1809.0566       1.0017658       1.0016569       0.0000000
       1809.0775       1.0009313       1.0005153       0.0000000
       1809.0983       1.0012213       1.0009652       0.0000000
       1809.1191       1.0018153       1.0012126       0.0000000
       1809.1400       1.0017217      0.99942464       0.0000000
       1809.1608       1.0019276       1.0022950       0.0000000
       1809.1816       1.0009540       1.0020365       0.0000000
       1809.2025       1.0017692      0.99981606       0.0000000
       1809.2233       1.0018035       1.0003712       0.0000000
       1809.2441       1.0001841       1.0009623       0.0000000
       1809.2650      0.99977547       1.0006198       0.0000000
       1809.2858       1.0001309      0.99994719       0.0000000
       1809.3066      0.99914622       1.0007011       0.0000000
       1809.3275       1.0000877       1.0004491       0.0000000
       1809.3483      0.99970496      0.99904144       0.0000000
       1809.3691       1.0000834      0.99904352       0.0000000
       1809.3900      0.99982095       1.0000126       0.0000000
       1809.4108       1.0002427       1.0003254       0.0000000
       1809.4316       1.0000958       1.0002881       0.0000000
       1809.4525       1.0009493       1.0001923       0.0000000
       1809.4733       1.0001731      0.99986440       0.0000000
       1809.4941       1.0015427       1.0012131       0.0000000
       1809.5150      0.99988604       1.0005461       0.0000000
       1809.5358       1.0008737      0.99874467       0.0000000
       1809.5566       1.0006886       1.0003184       0.0000000
       1809.5775       1.0011200       1.0010024       0.0000000
       1809.5983       1.0006790      0.99972689       0.0000000
       1809.6191       1.0011330      0.99938715       0.0000000
       1809.6400       1.0010837       1.0002286       0.0000000
       1809.6608       1.0004252      0.99923450       0.0000000
       1809.6816       1.0000956       1.0007149       0.0000000
       1809.7025       1.0007032       1.0005226       0.0000000
       1809.7233       1.0000571       1.0012032       0.0000000
       1809.7441       1.0000292      0.99706012       0.0000000
       1809.7650       1.0004754      0.99889189       0.0000000
       1809.7858       1.0002152      0.99815333       0.0000000
       1809.8066       1.0000772      0.99832642       0.0000000
       1809.8275       1.0010773       1.0001546       0.0000000
       1809.8483      0.99919182      0.99898839       0.0000000
       1809.8691      0.99798208      0.99889851       0.0000000
       1809.8900      0.99878353      0.99774104       0.0000000
       1809.9108      0.99881363      0.99893332       0.0000000
       1809.9316      0.99986190      0.99815822       0.0000000
       1809.9525      0.99956673      0.99763411       0.0000000
       1809.9733      0.99912167      0.99756485       0.0000000
       1809.9941      0.99954218      0.99784052       0.0000000
       1810.0150       1.0000390      0.99791771       0.0000000
       1810.0358      0.99968928      0.99806374       0.0000000
       1810.0566       1.0001273      0.99690282       0.0000000
       1810.0775      0.99952364      0.99753720       0.0000000
       1810.0983      0.99969131      0.99739742       0.0000000
       1810.1191       1.0000672      0.99755454       0.0000000
       1810.1400      0.99889511      0.99874139       0.0000000
       1810.1608      0.99998444      0.99914920       0.0000000
       1810.1816      0.99966186      0.99826092       0.0000000
       1810.2025      0.99949306      0.99768800       0.0000000
       1810.2233      0.99920177      0.99713063       0.0000000
       1810.2441      0.99842197      0.99733746       0.0000000
       1810.2650      0.99927521      0.99818069       0.0000000
       1810.2858      0.99813509      0.99707651       0.0000000
       1810.3066      0.99910390      0.99940461       0.0000000
       1810.3275      0.99844539      0.99679768       0.0000000
       1810.3483      0.99772561      0.99668103       0.0000000
       1810.3691      0.99745661      0.99598169       0.0000000
       1810.3900      0.99780548      0.99620324       0.0000000
       1810.4108      0.99853855      0.99853432       0.0000000
       1810.4316      0.99824077      0.99776351       0.0000000
       1810.4525      0.99748558      0.99676114       0.0000000
       1810.4733      0.99765831      0.99686199       0.0000000
       1810.4941      0.99802089      0.99556112       0.0000000
       1810.5150      0.99787790      0.99647611       0.0000000
       1810.5358      0.99776655      0.99751437       0.0000000
       1810.5566      0.99813497      0.99883544       0.0000000
       1810.5775      0.99834585      0.99716908       0.0000000
       1810.5983      0.99778891      0.99770248       0.0000000
       1810.6191      0.99750936      0.99700040       0.0000000
       1810.6400      0.99753726      0.99777478       0.0000000
       1810.6608      0.99870205      0.99859357       0.0000000
       1810.6816      0.99793750      0.99834114       0.0000000
       1810.7025      0.99889278      0.99867803       0.0000000
       1810.7233      0.99785602      0.99608278       0.0000000
       1810.7441      0.99840182      0.99705195       0.0000000
       1810.7650      0.99851471      0.99732989       0.0000000
       1810.7858      0.99770844      0.99875802       0.0000000
       1810.8066      0.99804258      0.99815345       0.0000000
       1810.8275      0.99969453      0.99891752       0.0000000
       1810.8483      0.99881494      0.99866843       0.0000000
       1810.8691      0.99866796      0.99797225       0.0000000
       1810.8900      0.99964511      0.99884307       0.0000000
       1810.9108      0.99842137      0.99816591       0.0000000
       1810.9316      0.99955589      0.99775469       0.0000000
       1810.9525      0.99940699      0.99844259       0.0000000
       1810.9733      0.99996829       1.0000708       0.0000000
       1810.9941      0.99977386      0.99862510       0.0000000
       1811.0150      0.99961185      0.99849927       0.0000000
       1811.0358      0.99954039      0.99782115       0.0000000
       1811.0566      0.99947733      0.99861974       0.0000000
       1811.0775      0.99937952      0.99729508       0.0000000
       1811.0983      0.99921817      0.99728274       0.0000000
       1811.1191      0.99940848      0.99845731       0.0000000
       1811.1400      0.99990857      0.99712616       0.0000000
       1811.1608      0.99968219      0.99838167       0.0000000
       1811.1816       1.0002069      0.99792308       0.0000000
       1811.2025      0.99945033      0.99749076       0.0000000
       1811.2233      0.99966079      0.99762911       0.0000000
       1811.2441      0.99919039      0.99716675       0.0000000
       1811.2650      0.99987036      0.99781525       0.0000000
       1811.2858      0.99879348      0.99689442       0.0000000
       1811.3066      0.99998522      0.99843943       0.0000000
       1811.3275      0.99913174      0.99746209       0.0000000
       1811.3483       1.0000927      0.99830258       0.0000000
       1811.3691       1.0000000      0.99858022       0.0000000
       1811.3900       1.0004857      0.99842697       0.0000000
       1811.4108      0.99997115      0.99737829       0.0000000
       1811.4316      0.99923974      0.99754804       0.0000000
       1811.4525       1.0001354      0.99657166       0.0000000
       1811.4733      0.99841708      0.99766564       0.0000000
       1811.4941      0.99847990      0.99652749       0.0000000
       1811.5150      0.99906528      0.99670500       0.0000000
       1811.5358      0.99834996      0.99545598       0.0000000
       1811.5566      0.99788088      0.99616152       0.0000000
       1811.5775      0.99763650      0.99646997       0.0000000
       1811.5983      0.99782783      0.99680865       0.0000000
       1811.6191      0.99742454      0.99609727       0.0000000
       1811.6400      0.99756682      0.99564219       0.0000000
       1811.6608      0.99722439      0.99644661       0.0000000
       1811.6816      0.99763310      0.99615216       0.0000000
       1811.7025      0.99651277      0.99470127       0.0000000
       1811.7233      0.99720854      0.99512887       0.0000000
       1811.7441      0.99779743      0.99371946       0.0000000
       1811.7650      0.99735916      0.99449295       0.0000000
       1811.7858      0.99730879      0.99391681       0.0000000
       1811.8066      0.99859673      0.99550629       0.0000000
       1811.8275      0.99756563      0.99586904       0.0000000
       1811.8483      0.99896687      0.99693114       0.0000000
       1811.8691      0.99886060      0.99673760       0.0000000
       1811.8900      0.99971074      0.99743229       0.0000000
       1811.9108       1.0010288      0.99867958       0.0000000
       1811.9316      0.99977732      0.99894553       0.0000000
       1811.9525       1.0021576       1.0000000       0.0000000
       1811.9733       1.0017430       1.0002337       0.0000000
       1811.9941       1.0026404       1.0011265       0.0000000
       1812.0150       1.0033438       1.0019615       0.0000000
       1812.0358       1.0048139       1.0031723       0.0000000
       1812.0566       1.0052831       1.0037919       0.0000000
       1812.0775       1.0056757       1.0040632       0.0000000
       1812.0983       1.0060070       1.0044410       0.0000000
       1812.1191       1.0060796       1.0046270       0.0000000
       1812.1400       1.0058526       1.0048953       0.0000000
       1812.1608       1.0060350       1.0042708       0.0000000
       1812.1816       1.0059769       1.0042907       0.0000000
       1812.2025       1.0073894       1.0051411       0.0000000
       1812.2233       1.0057893       1.0053236       0.0000000
       1812.2441       1.0060164       1.0051773       0.0000000
       1812.2650       1.0068902       1.0049499       0.0000000
       1812.2858       1.0061883       1.0052555       0.0000000
       1812.3066       1.0059489       1.0044645       0.0000000
       1812.3275       1.0053493       1.0036168       0.0000000
       1812.3483       1.0062492       1.0049186       0.0000000
       1812.3691       1.0051055       1.0036629       0.0000000
       1812.3900       1.0053979       1.0036513       0.0000000
       1812.4108       1.0050777       1.0024589       0.0000000
       1812.4316       1.0042608       1.0027786       0.0000000
       1812.4525       1.0041428       1.0028356       0.0000000
       1812.4733       1.0039753       1.0021369       0.0000000
       1812.4941  -1.7602642e-15      0.86430180       128.00000
       1812.5150       1.0031028       1.0008545       0.0000000
       1812.5358       1.0022331      0.99967313       0.0000000
       1812.5566       1.0019262      0.99877524       0.0000000
       1812.5775       1.0012796      0.99719113       0.0000000
       1812.5983       1.0020233      0.99842811       0.0000000
       1812.6191       1.0019271      0.99786973       0.0000000
       1812.6400       1.0029038       1.0007523       0.0000000
       1812.6608       1.0008904       1.0000366       0.0000000
       1812.6816       1.0010694       1.0003560       0.0000000
       1812.7025       1.0015266       1.0004703       0.0000000
       1812.7233      0.99950874      0.99985546       0.0000000
       1812.7441       1.0002433      0.99979782       0.0000000
       1812.7650       1.0020429       1.0002512       0.0000000
       1812.7858       1.0005674      0.99976408       0.0000000
       1812.8066       1.0010246      0.99970114       0.0000000
       1812.8275       1.0013152      0.99963033       0.0000000
       1812.8483       1.0017941      0.99853164       0.0000000
       1812.8691       1.0006735      0.99757189       0.0000000
       1812.8900       1.0013056      0.99995559       0.0000000
       1812.9108       1.0004877      0.99930269       0.0000000
       1812.9316       1.0002400      0.99815184       0.0000000
       1812.9525       1.0002286      0.99756074       0.0000000
       1812.9733       1.0007139      0.99816900       0.0000000
       1812.9941       1.0002238      0.99878919       0.0000000
       1813.0149       1.0006560      0.99855560       0.0000000
       1813.0358      0.99995893      0.99841535       0.0000000
       1813.0566       1.0008830      0.99849409       0.0000000
       1813.0774       1.0002595      0.99847358       0.0000000
       1813.0983       1.0012375      0.99960136       0.0000000
       1813.1191       1.0001789      0.99803221       0.0000000
       1813.1399       1.0000157      0.99734271       0.0000000
       1813.1608      0.99989855      0.99800336       0.0000000
       1813.1816       1.0004534      0.99844092       0.0000000
       1813.2024      0.99999183      0.99974084       0.0000000
       1813.2233       1.0008029       1.0000039       0.0000000
       1813.2441      0.99984294      0.99827105       0.0000000
       1813.2649       1.0001091      0.99988025       0.0000000
       1813.2858       1.0009601      0.99985176       0.0000000
       1813.3066      0.99953127      0.99792689       0.0000000
       1813.3274       1.0002818      0.99595118       0.0000000
       1813.3483       1.0041226      0.99626929       128.00000
       1813.3691      0.99969614      0.99623311       0.0000000
       1813.3899       1.0008678      0.99654853       0.0000000
       1813.4108       1.0004308      0.99672949       0.0000000
       1813.4316       1.0000699      0.99634033       0.0000000
       1813.4524      0.99977463      0.99724132       0.0000000
       1813.4733      0.99971843      0.99696308       0.0000000
       1813.4941      0.99942875      0.99709296       0.0000000
       1813.5149      0.99974591      0.99532592       0.0000000
       1813.5358      0.99986792      0.99695617       0.0000000
       1813.5566      0.99984324      0.99586743       0.0000000
       1813.5774       1.0003188      0.99496710       0.0000000
       1813.5983      0.99996567      0.99491674       0.0000000
       1813.6191       1.0002985      0.99568009       0.0000000
       1813.6399       1.0004922      0.99612272       0.0000000
       1813.6608       1.0001957      0.99490863       0.0000000
       1813.6816       1.0002444      0.99615639       0.0000000
       1813.7024       1.0001884      0.99559188       0.0000000
       1813.7233       1.0001909      0.99608523       0.0000000
       1813.7441       1.0005202      0.99718893       0.0000000
       1813.7649       1.0000118      0.99662483       0.0000000
       1813.7858       1.0014007      0.99662429       0.0000000
       1813.8066       1.0003487      0.99649465       0.0000000
       1813.8274      0.99922085      0.99529624       0.0000000
       1813.8483      0.99952203      0.99526387       0.0000000
       1813.8691      0.99886703      0.99543756       0.0000000
       1813.8899       1.0002003      0.99488360       0.0000000
       1813.9108      0.99943227      0.99429154       0.0000000
       1813.9316      0.99880046      0.99507523       0.0000000
       1813.9524      0.99926281      0.99330246       0.0000000
       1813.9733      0.99829924      0.99361521       0.0000000
       1813.9941      0.99973905      0.99474227       0.0000000
       1814.0149      0.99922031      0.99586511       0.0000000
       1814.0358       1.0000291      0.99573654       0.0000000
       1814.0566      0.99928570      0.99371201       0.0000000
       1814.0774       1.0001230      0.99378753       0.0000000
       1814.0983       1.0007628      0.99363637       0.0000000
       1814.1191       1.0001709      0.99373960       0.0000000
       1814.1399       1.0008929      0.99332434       0.0000000
       1814.1608       1.0007266      0.99396366       0.0000000
       1814.1816       1.0015785      0.99677265       0.0000000
       1814.2024       1.0010988      0.99790877       0.0000000
       1814.2233       1.0016735      0.99852622       0.0000000
       1814.2441       1.0014412      0.99831766       0.0000000
       1814.2649       1.0025269      0.99945980       0.0000000
       1814.2858       1.0000740      0.99704343       0.0000000
       1814.3066       1.0009675      0.99798816       0.0000000
       1814.3274       1.0009928      0.99805194       0.0000000
       1814.3483       1.0008409      0.99799323       0.0000000
       1814.3691       1.0013710      0.99858832       0.0000000
       1814.3899       1.0014071      0.99870664       0.0000000
       1814.4108      0.99985009      0.99723864       0.0000000
       1814.4316       1.0013973      0.99829274       0.0000000
       1814.4524       1.0005516      0.99810028       0.0000000
       1814.4733       1.0004737      0.99803972       0.0000000
       1814.4941      0.99939346      0.99707931       0.0000000
       1814.5149       1.0001951      0.99791974       0.0000000
       1814.5358       1.0008091      0.99861526       0.0000000
       1814.5566      0.99953181      0.99744028       0.0000000
       1814.5774       1.0002373      0.99829108       0.0000000
       1814.5983       1.0003210      0.99842983       0.0000000
       1814.6191       1.0006902      0.99892682       0.0000000
       1814.6399       1.0011973       1.0001335       0.0000000
       1814.6608       1.0019155       1.0007235       0.0000000
       1814.6816       1.0021577       1.0008646       0.0000000
       1814.7024       1.0019298       1.0008711       0.0000000
       1814.7233      0.99969327      0.99866951       0.0000000
       1814.7441      0.99927610      0.99798369       0.0000000
       1814.7649      0.99867696      0.99827307       0.0000000
       1814.7858      0.99857175      0.99836731       0.0000000
       1814.8066       1.0012919       1.0014235       0.0000000
       1814.8274       1.0039480       1.0045891       0.0000000
       1814.8483       1.0081363       1.0089731       0.0000000
       1814.8691       1.0074406       1.0084301       0.0000000
       1814.8899      0.99813038      0.99878502       0.0000000
       1814.9108      0.98245174      0.98274517       0.0000000
       1814.9316      0.96736288      0.95995820       0.0000000
       1814.9524      0.94009715      0.93894809       128.00000
       1814.9733      0.92076111      0.91894966       128.00000
       1814.9941      0.90125173      0.89868855       128.00000
       1815.0149      0.88442469      0.88138348       128.00000
