    1147
       2010.3066      0.99447113       1.0254838       0.0000000
       2010.3274       1.0190607       1.0258971       0.0000000
       2010.3482       1.0246148       1.0228382       128.00000
       2010.3691       1.0430070       1.0283337       0.0000000
       2010.3899       1.0684824       1.0314015       0.0000000
       2010.4107       1.0626462       1.0332830       0.0000000
       2010.4316       1.0840284       1.0347151       0.0000000
       2010.4524       1.1085998       1.0343484       128.00000
       2010.4732       1.0502656       1.0367401       0.0000000
       2010.4941       1.0577456       1.0349985       0.0000000
       2010.5149       1.0465348       1.0331125       0.0000000
       2010.5358       1.0456840       1.0327351       0.0000000
       2010.5566       1.0320101       1.0327978       0.0000000
       2010.5774       1.0444235       1.0315665       0.0000000
       2010.5983       1.0332171       1.0287957       0.0000000
       2010.6191       1.0261626       1.0274186       0.0000000
       2010.6399       1.0365800       1.0244483       0.0000000
       2010.6608       1.0472102       1.0245259       0.0000000
       2010.6816       1.0375465       1.0204512       0.0000000
       2010.7024       1.0323234       1.0173641       0.0000000
       2010.7233       1.0434699       1.0167391       0.0000000
       2010.7441       1.0217003       1.0171525       0.0000000
       2010.7649       1.0196880       1.0145266       0.0000000
       2010.7858       1.0159104       1.0118257       0.0000000
       2010.8066       1.0090953       1.0112350       0.0000000
       2010.8274       1.0040793       1.0076743       0.0000000
       2010.8483       1.0098230       1.0052168       0.0000000
       2010.8691       1.0139613       1.0032907       0.0000000
       2010.8899       1.0124042       1.0050303       0.0000000
       2010.9108       1.0014069       1.0034748       0.0000000
       2010.9316       1.0060818       1.0036814       0.0000000
       2010.9524      0.99636203      0.99972695       0.0000000
       2010.9733       1.0005796      0.99969751       0.0000000
       2010.9941       1.0040078      0.99303317       0.0000000
       2011.0149      0.99474061      0.99232429       0.0000000
       2011.0358      0.99889290      0.99068660       0.0000000
       2011.0566      0.99545741      0.99078071       0.0000000
       2011.0774      0.98883283      0.98891634       0.0000000
       2011.0983      0.98414022      0.98856384       0.0000000
       2011.1191      0.99201280      0.98676449       0.0000000
       2011.1399      0.97835356      0.98603570       0.0000000
       2011.1608       1.0000000      0.98554355       0.0000000
       2011.1816      0.99516326      0.98347843       0.0000000
       2011.2024      0.99704361      0.98665845       0.0000000
       2011.2233      0.99285263      0.98524797       0.0000000
       2011.2441      0.98378116      0.98482925       0.0000000
       2011.2649      0.98635703      0.98413903       0.0000000
       2011.2858      0.96933490      0.97251993       0.0000000
       2011.3066      0.97413671      0.96802330       0.0000000
       2011.3274      0.96714610      0.96133471       0.0000000
       2011.3483      0.96750176      0.96089441       0.0000000
       2011.3691      0.95599335      0.95933288       0.0000000
       2011.3899      0.96378672      0.96020633       0.0000000
       2011.4108      0.96388215      0.96171653       0.0000000
       2011.4316      0.96506494      0.96555412       0.0000000
       2011.4524      0.97275937      0.96562773       0.0000000
       2011.4733      0.97035944      0.96920127       0.0000000
       2011.4941      0.98248678      0.96840155       0.0000000
       2011.5149      0.97712368      0.96801406       0.0000000
       2011.5358      0.96682996      0.96899754       0.0000000
       2011.5566      0.96580267      0.97490633       0.0000000
       2011.5774      0.96843082      0.97457254       0.0000000
       2011.5983      0.96431631      0.97981393       0.0000000
       2011.6191      0.97857744      0.98955870       0.0000000
       2011.6399      0.99390262      0.99726874       0.0000000
       2011.6608      0.99061483       1.0042284       0.0000000
       2011.6816       1.0016441       1.0067934       0.0000000
       2011.7024       1.0147159       1.0085784       0.0000000
       2011.7233      0.99508494       1.0126787       0.0000000
       2011.7441       1.0026375       1.0136338       0.0000000
       2011.7649       1.0069448       1.0185822       128.00000
       2011.7858      0.99957836       1.0171438       0.0000000
       2011.8066       1.0046633       1.0143358       128.00000
       2011.8274       1.0094343       1.0225521       0.0000000
       2011.8483       1.0069244       1.0244676       0.0000000
       2011.8691       1.0069816       1.0230675       0.0000000
       2011.8899       1.0101093       1.0261037       0.0000000
       2011.9108       1.0140018       1.0328199       128.00000
       2011.9316       1.0200139       1.0294776       128.00000
       2011.9524       1.0166003       1.0343044       0.0000000
       2011.9733       1.0388618       1.0385799       0.0000000
       2011.9941       1.0316918       1.0407690       0.0000000
       2012.0149       1.0272692       1.0414125       0.0000000
       2012.0358       1.0177840       1.0436331       0.0000000
       2012.0566       1.0259031       1.0446813       0.0000000
       2012.0774       1.0511719       1.0463624       0.0000000
       2012.0983       1.0412455       1.0488111       0.0000000
       2012.1191       1.0471058       1.0504982       0.0000000
       2012.1399       1.0175911       1.0519873       128.00000
       2012.1608       1.0517378       1.0529445       0.0000000
       2012.1816       1.0440265       1.0544732       0.0000000
       2012.2025       1.0481422       1.0580462       0.0000000
       2012.2233       1.0552237       1.0585544       0.0000000
       2012.2441       1.0528637       1.0598067       0.0000000
       2012.2650       1.0653803       1.0613998       128.00000
       2012.2858       1.0532902       1.0659577       0.0000000
       2012.3066       1.0474604       1.0665251       0.0000000
       2012.3275       1.0582249       1.0683250       0.0000000
       2012.3483       1.0576643       1.0683697       0.0000000
       2012.3691       1.0638038       1.0703461       0.0000000
       2012.3900       1.0697085       1.0696496       0.0000000
       2012.4108       1.0556400       1.0726990       0.0000000
       2012.4316       1.0548058       1.0736485       0.0000000
       2012.4525       1.0659615       1.0770502       0.0000000
       2012.4733       1.0763572       1.0816685       128.00000
       2012.4941       1.0664175       1.0798713       0.0000000
       2012.5150       1.0509466       1.0759159       128.00000
       2012.5358       1.0670794       1.0793391       0.0000000
       2012.5566       1.0609725       1.0801491       0.0000000
       2012.5775       1.0519376       1.0775493       0.0000000
       2012.5983       1.0629334       1.0775061       0.0000000
       2012.6191       1.0528504       1.0757680       0.0000000
       2012.6400       1.0728128       1.0765262       0.0000000
       2012.6608       1.0555433       1.0737834       0.0000000
       2012.6816       1.0176556       1.0765051       128.00000
       2012.7025       1.0394932       1.0751296       0.0000000
       2012.7233       1.0412015       1.0704625       0.0000000
       2012.7441       1.0311632       1.0712990       128.00000
       2012.7650       1.0282254       1.0666504       128.00000
       2012.7858       1.0524390       1.0632921       0.0000000
       2012.8066       1.0269531       1.0639774       0.0000000
       2012.8275       1.0383040       1.0632774       0.0000000
       2012.8483       1.0287690       1.0591204       0.0000000
       2012.8691       1.0163729       1.0574913       128.00000
       2012.8900       1.0280399       1.0553226       0.0000000
       2012.9108       1.0228661       1.0505894       0.0000000
       2012.9316       1.0142640       1.0494244       0.0000000
       2012.9525       1.0285883       1.0496362       0.0000000
       2012.9733       1.0098294       1.0461214       0.0000000
       2012.9941       1.0247234       1.0476232       0.0000000
       2013.0150       1.0225354       1.0438066       0.0000000
       2013.0358       1.0185724       1.0425261       0.0000000
       2013.0566       1.0278949       1.0402011       0.0000000
       2013.0775       1.0086664       1.0388758       0.0000000
       2013.0983       1.0149783       1.0329148       128.00000
       2013.1191      0.99880826       1.0354016       128.00000
       2013.1400       1.0161200       1.0308479       0.0000000
       2013.1608      0.99765062       1.0244101       128.00000
       2013.1816       1.0119969       1.0248446       128.00000
       2013.2025      0.99794388       1.0216882       0.0000000
       2013.2233      0.99643224       1.0184271       0.0000000
       2013.2441       1.0068654       1.0229343       128.00000
       2013.2650      0.99367738       1.0171174       0.0000000
       2013.2858       1.0094595       1.0115678       128.00000
       2013.3066       1.0061945       1.0125386       0.0000000
       2013.3275       1.0002069       1.0119771       0.0000000
       2013.3483      0.98618013       1.0090555       0.0000000
       2013.3691      0.98945504       1.0048517       0.0000000
       2013.3900      0.99379700       1.0010943       0.0000000
       2013.4108      0.98326689      0.99834740       0.0000000
       2013.4316      0.98095089      0.99455214       0.0000000
       2013.4525      0.97415304      0.99121875       0.0000000
       2013.4733      0.98872304      0.98853922       128.00000
       2013.4941      0.96125263      0.98454517       0.0000000
       2013.5150      0.96875966      0.98074979       128.00000
       2013.5358      0.96727252      0.98155016       0.0000000
       2013.5566      0.94629806      0.97816736       0.0000000
       2013.5775      0.93412691      0.97707367       128.00000
       2013.5983      0.94661778      0.97967267       128.00000
       2013.6191      0.96234137      0.98068929       0.0000000
       2013.6400      0.96262616      0.97493219       128.00000
       2013.6608      0.95771039      0.98167104       0.0000000
       2013.6816      0.95444638      0.98465049       0.0000000
       2013.7025      0.96971083      0.98637867       128.00000
       2013.7233      0.96151811      0.99202001       0.0000000
       2013.7441      0.95611477      0.99311286       128.00000
       2013.7650      0.97578990      0.99998623       0.0000000
       2013.7858      0.96646976      0.99918681       0.0000000
       2013.8066      0.96766895      0.99594009       0.0000000
       2013.8275      0.96279079      0.99832934       128.00000
       2013.8483      0.96378660      0.99522436       0.0000000
       2013.8691      0.96438324      0.99299824       128.00000
       2013.8900      0.97792214      0.99431860       0.0000000
       2013.9108      0.97125232      0.99544948       0.0000000
       2013.9316      0.96080172      0.99218315       0.0000000
       2013.9525      0.96635073      0.99652821       128.00000
       2013.9733      0.96479189      0.99242288       0.0000000
       2013.9942      0.97749203      0.99501163       0.0000000
       2014.0150      0.96872300      0.99615109       0.0000000
       2014.0358      0.97709280      0.99499899       0.0000000
       2014.0567      0.98964173      0.99962866       128.00000
       2014.0775      0.95289510      0.99576598       128.00000
       2014.0983      0.98615956      0.99287659       128.00000
       2014.1192      0.98748887      0.99398792       0.0000000
       2014.1400      0.98728812      0.99496305       0.0000000
       2014.1608      0.97924936      0.99962699       128.00000
       2014.1817      0.97287208      0.99760544       0.0000000
       2014.2025      0.97042894      0.99497199       0.0000000
       2014.2233      0.97804171      0.99627769       0.0000000
       2014.2442      0.98770839       1.0000446       0.0000000
       2014.2650      0.98059738      0.99692714       0.0000000
       2014.2858      0.98949778       1.0031298       128.00000
       2014.3067      0.98743188      0.99929208       128.00000
       2014.3275      0.98678577       1.0017618       0.0000000
       2014.3483       1.0133997       1.0045694       128.00000
       2014.3692      0.99277455       1.0018650       0.0000000
       2014.3900       1.0016048       1.0069391       128.00000
       2014.4108      0.98649210       1.0058284       0.0000000
       2014.4317       1.0036602       1.0023274       128.00000
       2014.4525      0.99793470       1.0076264       0.0000000
       2014.4733      0.98694932       1.0039177       0.0000000
       2014.4942       1.0036664       1.0114783       128.00000
       2014.5150      0.98994190       1.0114403       0.0000000
       2014.5358      0.99610388       1.0100223       128.00000
       2014.5567       1.0070405       1.0114042       0.0000000
       2014.5775      0.99128371       1.0114028       0.0000000
       2014.5983       1.0019090       1.0120232       0.0000000
       2014.6192      0.99775350       1.0141332       128.00000
       2014.6400      0.99619770       1.0095712       128.00000
       2014.6608      0.99926627       1.0106949       0.0000000
       2014.6817      0.99028027       1.0089103       0.0000000
       2014.7025      0.99480766       1.0088559       0.0000000
       2014.7233      0.99104166       1.0092343       128.00000
       2014.7442      0.99330717       1.0104897       0.0000000
       2014.7650      0.97644234       1.0044584       128.00000
       2014.7858      0.98991615       1.0050164       0.0000000
       2014.8067      0.98518723       1.0015286       0.0000000
       2014.8275      0.97557777       1.0015347       128.00000
       2014.8483      0.98225945       1.0030054       0.0000000
       2014.8692      0.97931790      0.99575442       128.00000
       2014.8900      0.98654377      0.99573368       0.0000000
       2014.9108      0.96084195      0.99169391       0.0000000
       2014.9317      0.96871972      0.99359351       128.00000
       2014.9525      0.95684761      0.99012595       0.0000000
       2014.9733      0.96890235      0.98589361       128.00000
       2014.9942      0.97685951      0.98462808       0.0000000
       2015.0150      0.96241224      0.98434073       0.0000000
       2015.0358      0.97368020      0.98640722       0.0000000
       2015.0567      0.97216815      0.97998047       128.00000
       2015.0775      0.98683757      0.98193383       0.0000000
       2015.0983      0.97128344      0.98018610       0.0000000
       2015.1192      0.96528733      0.97752559       0.0000000
       2015.1400      0.98636234      0.97765464       128.00000
       2015.1608      0.96138996      0.97739154       0.0000000
       2015.1817      0.94788855      0.97027010       128.00000
       2015.2025      0.96737248      0.97205007       0.0000000
       2015.2233      0.96188587      0.97059697       0.0000000
       2015.2442      0.94954771      0.97117484       128.00000
       2015.2650      0.95107418      0.96968180       0.0000000
       2015.2858      0.95605648      0.96492267       0.0000000
       2015.3067      0.97266579      0.96831787       0.0000000
       2015.3275      0.96370924      0.96600890       0.0000000
       2015.3483      0.95502281      0.96847451       128.00000
       2015.3692      0.96640295      0.96736193       0.0000000
       2015.3900      0.95236844      0.96460748       0.0000000
       2015.4108      0.97420746      0.96785289       0.0000000
       2015.4317      0.95936239      0.96571869       0.0000000
       2015.4525      0.95800787      0.96414655       128.00000
       2015.4733      0.95263797      0.95605028       0.0000000
       2015.4942      0.95215416      0.95000470       0.0000000
       2015.5150      0.94311464      0.94634837       0.0000000
       2015.5358      0.93390751      0.94240046       128.00000
       2015.5567      0.92862540      0.94675356       128.00000
       2015.5775      0.93675590      0.94608700       0.0000000
       2015.5983      0.94554996      0.95031869       0.0000000
       2015.6192      0.95036823      0.94820803       0.0000000
       2015.6400      0.94990695      0.94988400       0.0000000
       2015.6608      0.93653500      0.95147181       128.00000
       2015.6817      0.94198185      0.95087713       128.00000
       2015.7025      0.95428419      0.95469242       0.0000000
       2015.7233      0.95012969      0.95529020       0.0000000
       2015.7442      0.95996267      0.95738572       0.0000000
       2015.7650      0.95565635      0.95962143       128.00000
       2015.7858      0.96480119      0.96534008       128.00000
       2015.8067      0.97611970      0.97646046       128.00000
       2015.8275      0.98496854      0.98507565       0.0000000
       2015.8483       1.0191700      0.98918664       0.0000000
       2015.8692      0.99212432      0.99617410       128.00000
       2015.8900      0.98476297      0.99479723       128.00000
       2015.9108       1.0149803      0.99682003       128.00000
       2015.9317       1.0271752       1.0000637       128.00000
       2015.9525       1.0153806       1.0043297       128.00000
       2015.9733       1.0043769       1.0058280       0.0000000
       2015.9942       1.0122236       1.0059249       0.0000000
       2016.0150       1.0363215       1.0091977       0.0000000
       2016.0358       1.0275799       1.0103538       0.0000000
       2016.0567       1.0290588       1.0137939       128.00000
       2016.0775       1.0303681       1.0155073       0.0000000
       2016.0984       1.0224984       1.0190880       0.0000000
       2016.1192       1.0714030       1.0215515       0.0000000
       2016.1400       1.0273352       1.0230142       0.0000000
       2016.1609       1.0612382       1.0263361       128.00000
       2016.1817       1.0452529       1.0323107       128.00000
       2016.2025       1.0536526       1.0278914       128.00000
       2016.2234       1.0635563       1.0346121       0.0000000
       2016.2442       1.0546210       1.0300426       0.0000000
       2016.2650       1.0448701       1.0386034       128.00000
       2016.2859       1.0698329       1.0378194       128.00000
       2016.3067  -1.3342637e-15      0.90044606       128.00000
       2016.3275       1.0192955       1.0436883       0.0000000
       2016.3484       1.0093297       1.0443392       0.0000000
       2016.3692       1.0171487       1.0485015       0.0000000
       2016.3900       1.0270940       1.0497583       0.0000000
       2016.4109       1.0268216       1.0528767       0.0000000
       2016.4317       1.0328127       1.0522033       0.0000000
       2016.4525       1.0284657       1.0539265       0.0000000
       2016.4734       1.0170438       1.0565450       128.00000
       2016.4942       1.0369049       1.0559002       0.0000000
       2016.5150       1.0597610       1.0589523       0.0000000
       2016.5359       1.0400385       1.0611395       0.0000000
       2016.5567       1.0320741       1.0606258       0.0000000
       2016.5775       1.0497953       1.0666149       0.0000000
       2016.5984       1.0544317       1.0649595       0.0000000
       2016.6192       1.0515292       1.0692396       0.0000000
       2016.6400       1.0407640       1.0685060       0.0000000
       2016.6609       1.0415814       1.0683128       0.0000000
       2016.6817       1.0567999       1.0721427       0.0000000
       2016.7025       1.0469840       1.0729258       0.0000000
       2016.7234       1.0494562       1.0735050       0.0000000
       2016.7442       1.0315199       1.0679916       0.0000000
       2016.7650       1.0394117       1.0696108       0.0000000
       2016.7859       1.0316807       1.0666153       0.0000000
       2016.8067       1.0316380       1.0664622       0.0000000
       2016.8275       1.0288609       1.0638615       0.0000000
       2016.8484       1.0221292       1.0613358       0.0000000
       2016.8692       1.0351790       1.0594187       0.0000000
       2016.8900       1.0344386       1.0575988       0.0000000
       2016.9109       1.0295311       1.0568366       0.0000000
       2016.9317      0.99680507       1.0555412       128.00000
       2016.9525       1.0264535       1.0523070       0.0000000
       2016.9734       1.0287694       1.0518253       0.0000000
       2016.9942       1.0275898       1.0489649       0.0000000
       2017.0150       1.0256878       1.0500699       0.0000000
       2017.0359       1.0135005       1.0463830       0.0000000
       2017.0567       1.0238177       1.0430615       0.0000000
       2017.0775       1.0270139       1.0432904       0.0000000
       2017.0984       1.0270432       1.0403205       0.0000000
       2017.1192       1.0263664       1.0399143       0.0000000
       2017.1400       1.0118546       1.0371567       0.0000000
       2017.1609       1.0219628       1.0373809       0.0000000
       2017.1817       1.0183344       1.0380732       0.0000000
       2017.2025       1.0111194       1.0315642       0.0000000
       2017.2234       1.0069962       1.0288684       0.0000000
       2017.2442       1.0082939       1.0272660       0.0000000
       2017.2650       1.0154353       1.0258070       0.0000000
       2017.2859       1.0043551       1.0228082       0.0000000
       2017.3067       1.0059960       1.0201339       0.0000000
       2017.3275      0.99832535       1.0168562       0.0000000
       2017.3484       1.0110811       1.0163593       0.0000000
       2017.3692       1.0018110       1.0135757       0.0000000
       2017.3900       1.0139873       1.0136172       0.0000000
       2017.4109      0.99477184       1.0092008       0.0000000
       2017.4317       1.0073303       1.0092601       0.0000000
       2017.4525       1.0029211       1.0060208       0.0000000
       2017.4734       1.0008938       1.0058953       0.0000000
       2017.4942      0.99595827       1.0049832       0.0000000
       2017.5150      0.99360836       1.0029348       0.0000000
       2017.5359       1.0101694       1.0010711       0.0000000
       2017.5567       1.0060036      0.99377686       0.0000000
       2017.5775      0.98108470      0.99149287       0.0000000
       2017.5984      0.98006141      0.98863989       0.0000000
       2017.6192      0.98174399      0.98656207       0.0000000
       2017.6400      0.97926807      0.98452061       0.0000000
       2017.6609      0.97507298      0.98148191       0.0000000
       2017.6817      0.96248120      0.97826350       0.0000000
       2017.7025      0.96462941      0.97590125       0.0000000
       2017.7234      0.96722645      0.97616541       0.0000000
       2017.7442      0.96313101      0.97203916       0.0000000
       2017.7650      0.95855188      0.97065133       0.0000000
       2017.7859      0.95476991      0.97026944       0.0000000
       2017.8067      0.96189404      0.97119135       0.0000000
       2017.8275      0.62876034      0.97254568       128.00000
       2017.8484      0.96517301      0.97448677       0.0000000
       2017.8692      0.97449833      0.97921038       0.0000000
       2017.8900      0.97527885      0.97869086       0.0000000
       2017.9109      0.97797036      0.98688757       0.0000000
       2017.9317      0.98364496      0.98796242       0.0000000
       2017.9525      0.98441935      0.98961401       0.0000000
       2017.9734      0.97822505      0.98997897       0.0000000
       2017.9942      0.98250055      0.99012315       0.0000000
       2018.0150      0.98896348      0.99138749       0.0000000
       2018.0359      0.99169004      0.98905528       0.0000000
       2018.0567      0.98793697      0.98861927       0.0000000
       2018.0775      0.98756373      0.98765093       0.0000000
       2018.0984      0.98544443      0.98615807       0.0000000
       2018.1192      0.98830616      0.98778874       0.0000000
       2018.1400      0.99653447      0.98781800       0.0000000
       2018.1609      0.99167925      0.99023390       0.0000000
       2018.1817      0.99309903      0.98969674       0.0000000
       2018.2025       1.0023102      0.99060321       0.0000000
       2018.2234      0.99820256      0.98937482       0.0000000
       2018.2442      0.98164511      0.98873073       0.0000000
       2018.2650      0.99429786      0.98887342       0.0000000
       2018.2859      0.97998285      0.98936862       0.0000000
       2018.3067      0.98960108      0.99141043       0.0000000
       2018.3275      0.99572104      0.99103296       0.0000000
       2018.3484      0.99771172      0.99129742       0.0000000
       2018.3692      0.99981147      0.99116582       0.0000000
       2018.3900       1.0017484      0.99148542       0.0000000
       2018.4109      0.99796468      0.99468386       0.0000000
       2018.4317      0.98797798      0.99268883       0.0000000
       2018.4525       1.0130661      0.99576646       0.0000000
       2018.4734       1.0151697      0.99363673       128.00000
       2018.4942      0.99546194      0.99443752       0.0000000
       2018.5150      0.99736655      0.99754226       0.0000000
       2018.5359       1.0006664      0.99696994       0.0000000
       2018.5567       1.0107527      0.99872261       0.0000000
       2018.5775       1.0018363      0.99571705       0.0000000
       2018.5984       1.0090758      0.99926847       0.0000000
       2018.6192      0.99680245      0.99710572       0.0000000
       2018.6401       1.0084643       1.0000607       0.0000000
       2018.6609       1.0059232       1.0001916       0.0000000
       2018.6817       1.0050436       1.0019027       0.0000000
       2018.7026       1.0066599       1.0045953       0.0000000
       2018.7234       1.0148284       1.0044525       0.0000000
       2018.7442       1.0161675       1.0037783       0.0000000
       2018.7651       1.0034761       1.0024409       0.0000000
       2018.7859       1.0056900       1.0068868       0.0000000
       2018.8067       1.0073155       1.0033116       0.0000000
       2018.8276       1.0199599       1.0049868       0.0000000
       2018.8484       1.0046573       1.0000000       0.0000000
       2018.8692       1.0057565       1.0001057       0.0000000
       2018.8901      0.99743903      0.99836886       0.0000000
       2018.9109       1.0014597      0.99652630       0.0000000
       2018.9317       1.0054760      0.99656516       0.0000000
       2018.9526      0.99896020      0.99373978       0.0000000
       2018.9734      0.98127425      0.99455124       128.00000
       2018.9942      0.99502605      0.99195880       0.0000000
       2019.0151      0.99552554      0.99159199       0.0000000
       2019.0359       1.0052564      0.98940015       0.0000000
       2019.0567      0.99639791      0.98776495       0.0000000
       2019.0776      0.98568165      0.98549736       128.00000
       2019.0984      0.99254650      0.98163253       0.0000000
       2019.1192      0.98972267      0.98325378       0.0000000
       2019.1401      0.98497665      0.97651452       0.0000000
       2019.1609      0.98915672      0.97532082       0.0000000
       2019.1817      0.98876345      0.97627139       0.0000000
       2019.2026      0.98732787      0.97518635       0.0000000
       2019.2234      0.98483741      0.97544056       0.0000000
       2019.2442      0.98760539      0.97231376       0.0000000
       2019.2651      0.97697306      0.97079939       128.00000
       2019.2859      0.98675412      0.96984547       0.0000000
       2019.3067      0.98719043      0.96592200       0.0000000
       2019.3276      0.97364873      0.96538538       0.0000000
       2019.3484      0.97675949      0.96336317       0.0000000
       2019.3692      0.98121202      0.96276408       0.0000000
       2019.3901      0.99891216      0.96135551       128.00000
       2019.4109      0.98671061      0.95825130       0.0000000
       2019.4317      0.99866587      0.95004153       128.00000
       2019.4526       1.0085053      0.95711714       128.00000
       2019.4734      0.98520780      0.95313561       0.0000000
       2019.4942      0.98012650      0.95292479       0.0000000
       2019.5151      0.98005563      0.95348132       128.00000
       2019.5359      0.98206961      0.95361060       128.00000
       2019.5567      0.98736233      0.95659906       128.00000
       2019.5776      0.97429448      0.95464844       0.0000000
       2019.5984      0.98202968      0.95008510       128.00000
       2019.6192      0.97664362      0.95354337       0.0000000
       2019.6401      0.96785867      0.95208138       128.00000
       2019.6609      0.97287911      0.94383538       0.0000000
       2019.6817      0.95317256      0.93641204       128.00000
       2019.7026      0.93191475      0.93521321       128.00000
       2019.7234      0.95736426      0.93424690       128.00000
       2019.7442      0.95687902      0.93662220       0.0000000
       2019.7651      0.95280063      0.93316543       128.00000
       2019.7859      0.97525179      0.93328905       0.0000000
       2019.8067      0.96060055      0.93533564       0.0000000
       2019.8276      0.95156318      0.94105726       128.00000
       2019.8484      0.96335846      0.93907434       0.0000000
       2019.8692      0.95164829      0.93594921       128.00000
       2019.8901      0.96353221      0.94054574       0.0000000
       2019.9109      0.95880902      0.94148165       128.00000
       2019.9317      0.96331543      0.94470543       0.0000000
       2019.9526      0.95472383      0.94509685       128.00000
       2019.9734      0.97383326      0.95129168       0.0000000
       2019.9942      0.98364943      0.96414256       0.0000000
       2020.0151      0.97854906      0.97294402       128.00000
       2020.0359       1.0039942      0.97649771       128.00000
       2020.0567      0.99726200      0.97915649       128.00000
       2020.0776       1.0015306      0.98214090       0.0000000
       2020.0984       1.0121543      0.98646909       128.00000
       2020.1192       1.0077502      0.98614359       0.0000000
       2020.1401       1.0135092      0.98543465       128.00000
       2020.1609       1.0101209      0.98955721       0.0000000
       2020.1817      0.99903482      0.99353504       128.00000
       2020.2026       1.0074576      0.99278963       0.0000000
       2020.2234       1.0334296      0.99411279       128.00000
       2020.2442       1.0099710      0.99945760       0.0000000
       2020.2651       1.0179023       1.0047947       128.00000
       2020.2859       1.0275818       1.0039153       0.0000000
       2020.3067       1.0225270       1.0032868       128.00000
       2020.3276       1.0350795       1.0072526       0.0000000
       2020.3484       1.0285351       1.0082265       0.0000000
       2020.3692       1.0201367       1.0121551       128.00000
       2020.3901       1.0304109       1.0078143       128.00000
       2020.4109       1.0349762       1.0105033       0.0000000
       2020.4317       1.0262208       1.0139585       0.0000000
       2020.4526       1.0354959       1.0168928       128.00000
       2020.4734       1.0375035       1.0151238       128.00000
       2020.4942       1.0531847       1.0185311       0.0000000
       2020.5151       1.0316393       1.0198443       128.00000
       2020.5359       1.0287318       1.0226616       128.00000
       2020.5567       1.0355437       1.0240004       0.0000000
       2020.5776       1.0122976       1.0218680       128.00000
       2020.5984       1.0777425       1.0255673       0.0000000
       2020.6192       1.0540961       1.0252769       128.00000
       2020.6401       1.0423090       1.0319549       128.00000
       2020.6609       1.0338475       1.0281758       0.0000000
       2020.6817       1.0581598       1.0295938       0.0000000
       2020.7026       1.0512785       1.0316962       128.00000
       2020.7234       1.0268663       1.0367752       128.00000
       2020.7442       1.0473098       1.0365973       0.0000000
       2020.7651       1.0470078       1.0364029       128.00000
       2020.7859       1.0537782       1.0401276       0.0000000
       2020.8067       1.0485409       1.0408617       128.00000
       2020.8276       1.0533991       1.0417571       0.0000000
       2020.8484       1.0328023       1.0360117       128.00000
       2020.8692       1.0573272       1.0390308       0.0000000
       2020.8901       1.0513753       1.0421860       128.00000
       2020.9109       1.0487130       1.0378073       0.0000000
       2020.9317       1.0478057       1.0357180       128.00000
       2020.9526       1.0577948       1.0381066       0.0000000
       2020.9734       1.0521340       1.0377294       128.00000
       2020.9942       1.0363193       1.0359071       0.0000000
       2021.0151       1.0311047       1.0323572       128.00000
       2021.0359       1.0525925       1.0337185       0.0000000
       2021.0567       1.0281961       1.0295620       128.00000
       2021.0776       1.0375866       1.0293407       0.0000000
       2021.0984       1.0356809       1.0258023       0.0000000
       2021.1192       1.0399375       1.0238858       0.0000000
       2021.1401       1.0330746       1.0209771       0.0000000
       2021.1609       1.0266517       1.0219622       128.00000
       2021.1817       1.0340389       1.0162505       128.00000
       2021.2026       1.0494409       1.0122740       0.0000000
       2021.2234       1.0295401       1.0141754       128.00000
       2021.2442       1.0142070       1.0106688       0.0000000
       2021.2651       1.0305828       1.0076151       128.00000
       2021.2859       1.0206900       1.0076803       0.0000000
       2021.3067       1.0205265       1.0086600       0.0000000
       2021.3276       1.0099598       1.0089841       128.00000
       2021.3484       1.0133708      0.99788952       0.0000000
       2021.3692       1.0230592       1.0000473       0.0000000
       2021.3901       1.0025649      0.99599820       0.0000000
       2021.4109       1.0021405      0.99885249       128.00000
       2021.4317      0.99593109      0.99233884       0.0000000
       2021.4526       1.0028629      0.99044538       0.0000000
       2021.4734      0.99359667      0.98940772       0.0000000
       2021.4942      0.98739630      0.98813093       128.00000
       2021.5151      0.98454875      0.98318028       128.00000
       2021.5359      0.98382729      0.97859842       0.0000000
       2021.5567      0.99085045      0.98141766       0.0000000
       2021.5776      0.98636842      0.97951645       128.00000
       2021.5984      0.98356473      0.97530264       128.00000
       2021.6192      0.98604691      0.97599328       0.0000000
       2021.6401      0.97877884      0.97148031       0.0000000
       2021.6609      0.96891642      0.97144443       128.00000
       2021.6817      0.97203928      0.96722746       128.00000
       2021.7026      0.97774762      0.97061110       0.0000000
       2021.7234      0.96894544      0.96759021       128.00000
       2021.7442      0.96509731      0.96395576       0.0000000
       2021.7651      0.97384787      0.95789796       0.0000000
       2021.7859      0.97164798      0.95557678       0.0000000
       2021.8067      0.96892101      0.95327109       128.00000
       2021.8276      0.95706934      0.94896466       0.0000000
       2021.8484      0.95447987      0.94549185       128.00000
       2021.8692      0.97907507      0.94330281       0.0000000
       2021.8901      0.97443080      0.94315958       0.0000000
       2021.9109      0.95680469      0.93987912       0.0000000
       2021.9317      0.97108215      0.93411440       128.00000
       2021.9526      0.97829646      0.93503976       0.0000000
       2021.9734      0.98895478      0.93326396       0.0000000
       2021.9942      0.96840465      0.93540859       128.00000
       2022.0151      0.99176478      0.93775517       0.0000000
       2022.0359       1.0034060      0.93989021       0.0000000
       2022.0567       1.0045928      0.94205523       0.0000000
       2022.0776       1.0043555      0.94757456       0.0000000
       2022.0984       1.0075146      0.95116937       0.0000000
       2022.1192       1.0327893      0.95545208       128.00000
       2022.1401       1.0162073      0.95636827       128.00000
       2022.1609       1.0247945      0.95532483       0.0000000
       2022.1817       1.0317855      0.96137846       128.00000
       2023.1401      0.98997658       1.0107677       0.0000000
       2023.1609      0.98853391       1.0097927       0.0000000
       2023.1818      0.98265851       1.0162369       0.0000000
       2023.2026      0.98371834       1.0059844       128.00000
       2023.2234      0.98257506       1.0095571       0.0000000
       2023.2443      0.98266691       1.0082685       0.0000000
       2023.2651      0.97609007       1.0048898       0.0000000
       2023.2859      0.96874571       1.0046231       0.0000000
       2023.3068      0.97746640       1.0023173       0.0000000
       2023.3276      0.97707504       1.0015099       0.0000000
       2023.3484      0.97150439       1.0003483       0.0000000
       2023.3693      0.97784323      0.99877113       0.0000000
       2023.3901      0.98228955      0.99695194       0.0000000
       2023.4109      0.98046219      0.99151194       128.00000
       2023.4318      0.96709162      0.99382544       0.0000000
       2023.4526      0.96760786      0.99297971       0.0000000
       2023.4734      0.96445107      0.99139392       0.0000000
       2023.4943      0.96340626      0.99016207       0.0000000
       2023.5151      0.96324152      0.98860842       0.0000000
       2023.5359      0.96019703      0.98541379       128.00000
       2023.5568      0.96857494      0.98377538       0.0000000
       2023.5776      0.96102375      0.98292941       0.0000000
       2023.5984      0.95595020      0.98160893       128.00000
       2023.6193      0.95458269      0.98207641       0.0000000
       2023.6401      0.95748287      0.98052484       0.0000000
       2023.6609      0.95587492      0.97937572       0.0000000
       2023.6818      0.95035255      0.97930354       0.0000000
       2023.7026      0.94684863      0.97803277       128.00000
       2023.7234      0.95533830      0.98108232       0.0000000
       2023.7443      0.95869994      0.97595787       0.0000000
       2023.7651      0.95425051      0.97925782       0.0000000
       2023.7859      0.95633358      0.97808391       0.0000000
       2023.8068      0.95826852      0.97908545       0.0000000
       2023.8276      0.94764662      0.97560161       0.0000000
       2023.8484      0.94395077      0.96929455       0.0000000
       2023.8693      0.94360411      0.96374434       0.0000000
       2023.8901      0.93926007      0.96245325       0.0000000
       2023.9109      0.93342888      0.95943421       0.0000000
       2023.9318      0.94251043      0.96009755       0.0000000
       2023.9526      0.94110757      0.95814705       0.0000000
       2023.9734      0.94130915      0.95883864       0.0000000
       2023.9943      0.94007248      0.96048445       0.0000000
       2024.0151      0.92520237      0.96047068       128.00000
       2024.0359      0.94070888      0.96342969       0.0000000
       2024.0568      0.94253451      0.96483308       0.0000000
       2024.0776      0.94192302      0.96396148       128.00000
       2024.0984      0.94777268      0.96619481       0.0000000
       2024.1193      0.94360322      0.96819448       0.0000000
       2024.1401      0.95071048      0.97283268       0.0000000
       2024.1609      0.95440328      0.97949517       0.0000000
       2024.1818      0.96095502      0.98929465       0.0000000
       2024.2026      0.97358751      0.99847597       0.0000000
       2024.2234      0.97760451       1.0041678       0.0000000
       2024.2443      0.99273473       1.0086193       0.0000000
       2024.2651      0.98402011       1.0091823       0.0000000
       2024.2859      0.98599482       1.0098315       0.0000000
       2024.3068       1.0049751       1.0140668       0.0000000
       2024.3276      0.98962194       1.0162693       0.0000000
       2024.3484      0.99021840       1.0163128       0.0000000
       2024.3693      0.99869084       1.0217154       128.00000
       2024.3901       1.0007137       1.0166868       128.00000
       2024.4109       1.0009772       1.0290920       0.0000000
       2024.4318       1.0105598       1.0245234       0.0000000
       2024.4526       1.0098169       1.0295769       0.0000000
       2024.4734       1.0038105       1.0305747       0.0000000
       2024.4943       1.0077248       1.0335366       0.0000000
       2024.5151       1.0170511       1.0365316       0.0000000
       2024.5359       1.0261798       1.0353967       0.0000000
       2024.5568       1.0020261       1.0389695       0.0000000
       2024.5776       1.0159986       1.0421073       0.0000000
       2024.5984       1.0292789       1.0457354       0.0000000
       2024.6193       1.0284103       1.0439851       0.0000000
       2024.6401       1.0265540       1.0463552       0.0000000
       2024.6609       1.0280064       1.0481282       0.0000000
       2024.6818       1.0309219       1.0502155       0.0000000
       2024.7026       1.0359036       1.0485440       0.0000000
       2024.7234       1.0330651       1.0531769       0.0000000
       2024.7443       1.0343007       1.0540472       0.0000000
       2024.7651       1.0392327       1.0568502       0.0000000
       2024.7859       1.0476974       1.0570611       0.0000000
       2024.8068       1.0385596       1.0600574       0.0000000
       2024.8276       1.0467048       1.0598625       0.0000000
       2024.8484       1.0462922       1.0656252       128.00000
       2024.8693       1.0435274       1.0583498       128.00000
       2024.8901       1.0473977       1.0672970       0.0000000
       2024.9109       1.0477325       1.0693635       0.0000000
       2024.9318       1.0552487       1.0683204       0.0000000
       2024.9526       1.0567389       1.0735344       0.0000000
       2024.9734       1.0570581       1.0732445       0.0000000
       2024.9943       1.0677692       1.0730084       128.00000
       2025.0151       1.0551554       1.0738815       0.0000000
       2025.0359       1.0598397       1.0666962       128.00000
       2025.0568       1.0510893       1.0739481       0.0000000
       2025.0776       1.0564985       1.0734738       128.00000
       2025.0984       1.0494115       1.0707403       128.00000
       2025.1193       1.0629671       1.0707564       128.00000
       2025.1401       1.0508602       1.0721582       0.0000000
       2025.1609       1.0528711       1.0710621       0.0000000
       2025.1818       1.0548567       1.0682175       0.0000000
       2025.2026       1.0512764       1.0671378       0.0000000
       2025.2234       1.0431755       1.0648478       0.0000000
       2025.2443       1.0533522       1.0657146       128.00000
       2025.2651       1.0464687       1.0581112       128.00000
       2025.2859       1.0584948       1.0595526       128.00000
       2025.3068       1.0421772       1.0603856       0.0000000
       2025.3276       1.0401411       1.0569509       0.0000000
       2025.3484       1.0418882       1.0557938       0.0000000
       2025.3693       1.0313233       1.0519838       0.0000000
       2025.3901       1.0346043       1.0507172       0.0000000
       2025.4109       1.0319279       1.0510331       0.0000000
       2025.4318       1.0342613       1.0482174       0.0000000
       2025.4526       1.0357291       1.0469408       0.0000000
       2025.4734       1.0346246       1.0446197       0.0000000
       2025.4943       1.0159302       1.0429568       0.0000000
       2025.5151       1.0275658       1.0391014       0.0000000
       2025.5359       1.0211991       1.0382518       0.0000000
       2025.5568       1.0228406       1.0372919       0.0000000
       2025.5776       1.0194798       1.0340170       0.0000000
       2025.5984       1.0142518       1.0307726       0.0000000
       2025.6193       1.0150865       1.0296791       0.0000000
       2025.6401       1.0172888       1.0283114       0.0000000
       2025.6609       1.0141865       1.0252818       0.0000000
       2025.6818       1.0094478       1.0251834       0.0000000
       2025.7026       1.0154204       1.0204126       0.0000000
       2025.7234       1.0032806       1.0182658       0.0000000
       2025.7443       1.0098901       1.0179372       0.0000000
       2025.7651       1.0062683       1.0166461       0.0000000
       2025.7859       1.0074173       1.0145276       0.0000000
       2025.8068       1.0019519       1.0135936       0.0000000
       2025.8276       1.0002211       1.0127997       0.0000000
       2025.8484       1.0026412       1.0135931       0.0000000
       2025.8693       1.0031700       1.0119942       0.0000000
       2025.8901      0.99770707       1.0112352       0.0000000
       2025.9109       1.0024090       1.0081162       0.0000000
       2025.9318       1.0024513       1.0024487       0.0000000
       2025.9526      0.98947042      0.99858177       0.0000000
       2025.9734      0.98775291      0.99885118       0.0000000
       2025.9943      0.98742926      0.99542707       0.0000000
       2026.0151      0.98094732      0.98917425       0.0000000
       2026.0359      0.97364056      0.98707741       0.0000000
       2026.0568      0.97247672      0.98371738       0.0000000
       2026.0776      0.97321695      0.98025554       0.0000000
       2026.0984      0.98023844      0.97974068       0.0000000
       2026.1193      0.96668679      0.97656769       0.0000000
       2026.1401      0.97284961      0.98024607       128.00000
       2026.1609      0.96537697      0.97267789       128.00000
       2026.1818      0.97369075      0.97617131       0.0000000
       2026.2026      0.97428209      0.97781891       0.0000000
       2026.2234      0.96976131      0.98204976       0.0000000
       2026.2443      0.97351652      0.98341441       0.0000000
       2026.2651      0.98720187      0.98625720       0.0000000
       2026.2859      0.98786199      0.99166459       0.0000000
       2026.3068      0.98316419      0.99861515       128.00000
       2026.3276      0.98322588      0.99443454       128.00000
       2026.3484      0.98090041      0.99383092       0.0000000
       2026.3693      0.98271304      0.99487513       0.0000000
       2026.3901      0.98221761      0.99644363       128.00000
       2026.4109      0.98132068      0.99676973       0.0000000
       2026.4318      0.97452414      0.98856312       128.00000
       2026.4526      0.98913640      0.99575496       0.0000000
       2026.4734      0.98597169      0.99706948       128.00000
       2026.4943      0.98356110      0.99581456       128.00000
       2026.5151      0.98736948      0.99540448       0.0000000
       2026.5359      0.98664474      0.99469817       0.0000000
       2026.5568      0.98370886      0.99822956       128.00000
       2026.5776      0.98469269      0.99188465       128.00000
       2026.5984      0.98610520      0.99454039       0.0000000
       2026.6193      0.98750818      0.99546683       0.0000000
       2026.6401      0.98695582      0.99776173       128.00000
       2026.6609      0.98807865      0.99250448       0.0000000
       2026.6818      0.99683708      0.99443930       0.0000000
       2026.7026      0.99409533      0.99684560       0.0000000
       2026.7234      0.98708469      0.99920982       0.0000000
       2026.7443      0.98815411      0.99814987       0.0000000
       2026.7651      0.99592805      0.99666852       0.0000000
       2026.7859      0.98972642      0.99885041       0.0000000
       2026.8068       1.0131398       1.0009559       0.0000000
       2026.8276      0.99686676       1.0032293       0.0000000
       2026.8484      0.99412525       1.0015266       0.0000000
       2026.8693      0.98777604       1.0020932       0.0000000
       2026.8901      0.99552387       1.0047375       128.00000
       2026.9109      0.99417371       1.0032672       128.00000
       2026.9318      0.99771237       1.0027277       0.0000000
       2026.9526      0.99229074       1.0048834       0.0000000
       2026.9734       1.0000000       1.0103716       0.0000000
       2026.9943       1.0003555       1.0146444       128.00000
       2027.0151       1.0059389       1.0076499       128.00000
       2027.0359       1.0094447       1.0115108       0.0000000
       2027.0568       1.0020908       1.0109682       128.00000
       2027.0776       1.0031656       1.0117681       128.00000
       2027.0984       1.0037943       1.0097059       0.0000000
       2027.1193      0.99851978       1.0088300       0.0000000
       2027.1401      0.99939179       1.0110557       0.0000000
       2027.1609      0.99956816       1.0118818       128.00000
       2027.1818       1.0009354       1.0052814       128.00000
       2027.2026      0.99796784       1.0064799       0.0000000
       2027.2234       1.0035387       1.0099692       0.0000000
       2027.2443      0.99698061       1.0078809       0.0000000
       2027.2651      0.99874043       1.0063157       0.0000000
       2027.2859      0.99750167       1.0053182       0.0000000
       2027.3068      0.99730611       1.0054011       0.0000000
       2027.3276      0.99448323       1.0057576       128.00000
       2027.3484      0.99679291       1.0021490       128.00000
       2027.3693      0.99428201       1.0003175       0.0000000
       2027.3901      0.99442023      0.99969226       128.00000
       2027.4109      0.98557001      0.99799180       128.00000
       2027.4318      0.98417151      0.99147028       128.00000
       2027.4526      0.98057014      0.99194735       0.0000000
       2027.4734      0.99108344      0.99048805       0.0000000
       2027.4943      0.98499382      0.99266720       128.00000
       2027.5151      0.97890002      0.98681474       0.0000000
       2027.5359      0.98754740      0.98450291       128.00000
       2027.5568      0.97695595      0.98558426       0.0000000
       2027.5776      0.97438365      0.98682946       128.00000
       2027.5984      0.97301036      0.97895050       128.00000
       2027.6193      0.97988147      0.97845888       0.0000000
       2027.6401      0.97376168      0.98089308       128.00000
       2027.6609      0.97254723      0.97757471       0.0000000
       2027.6818      0.96447486      0.97478241       128.00000
       2027.7026      0.97756118      0.97389865       0.0000000
       2027.7234      0.97310019      0.98340404       0.0000000
       2027.7443      0.97380251      0.97760737       0.0000000
       2027.7651      0.97117668      0.97252721       128.00000
       2027.7859      0.96684545      0.97290069       0.0000000
       2027.8068      0.96982861      0.97325039       0.0000000
       2027.8276      0.96135283      0.97076184       0.0000000
       2027.8484      0.96945411      0.97012335       0.0000000
       2027.8693      0.96482563      0.97093409       0.0000000
       2027.8901      0.96873522      0.97107786       0.0000000
       2027.9109      0.96760041      0.97297037       128.00000
       2027.9318      0.96218759      0.96771216       128.00000
       2027.9526      0.96453261      0.96766675       0.0000000
       2027.9734      0.97341400      0.96987128       128.00000
       2027.9943      0.98305565      0.97005194       0.0000000
       2028.0151      0.96434784      0.96440917       128.00000
       2028.0359      0.96240282      0.96302551       0.0000000
       2028.0568      0.95930594      0.95680350       0.0000000
       2028.0776      0.94580805      0.95526743       128.00000
       2028.0984      0.94923562      0.94687754       0.0000000
       2028.1193      0.95467633      0.95139277       128.00000
       2028.1401      0.94853580      0.94915468       0.0000000
       2028.1609      0.95380080      0.95250481       128.00000
       2028.1818      0.95382315      0.95397907       0.0000000
       2028.2026      0.95429993      0.95230448       0.0000000
       2028.2234      0.96345931      0.95606428       128.00000
       2028.2443      0.95303857      0.95481437       0.0000000
       2028.2651      0.96065515      0.95820457       0.0000000
       2028.2859      0.96041685      0.96058255       0.0000000
       2028.3068      0.95834416      0.96449739       128.00000
       2028.3276      0.95468408      0.96670854       128.00000
       2028.3484      0.97778857      0.97533953       0.0000000
       2028.3693      0.98140168      0.98410147       0.0000000
       2028.3901      0.99124390      0.99242640       128.00000
       2028.4109      0.99714291      0.99908876       128.00000
       2028.4318      0.99997240      0.99997705       0.0000000
       2028.4526       1.0033072       1.0026242       0.0000000
       2028.4734      0.99900502       1.0079788       128.00000
       2028.4943       1.0056159       1.0059203       128.00000
       2028.5151       1.0047865       1.0082822       0.0000000
       2028.5359       1.0047276       1.0129619       128.00000
       2028.5568       1.0134950       1.0201398       0.0000000
       2028.5776       1.0147609       1.0190749       128.00000
       2028.5984       1.0263840       1.0188745       0.0000000
       2028.6193       1.0284896       1.0244484       128.00000
       2028.6401       1.0258635       1.0247977       0.0000000
       2028.6609       1.0373578       1.0227813       128.00000
       2028.6818       1.0372061       1.0269662       0.0000000
       2028.7026       1.0389677       1.0314026       128.00000
       2028.7234       1.0279945       1.0295169       0.0000000
       2028.7443       1.0405153       1.0344588       0.0000000
       2028.7651       1.0466315       1.0337932       128.00000
       2028.7859       1.0469860       1.0373348       128.00000
       2028.8068       1.0437347       1.0398619       0.0000000
       2028.8276       1.0417298       1.0421771       0.0000000
       2028.8484       1.0451834       1.0422406       0.0000000
       2028.8693       1.0473132       1.0452864       0.0000000
       2028.8901       1.0545061       1.0465760       128.00000
       2028.9109       1.0498084       1.0442115       128.00000
       2028.9318       1.0523492       1.0474319       0.0000000
       2028.9526       1.0602440       1.0535104       128.00000
       2028.9734       1.0515807       1.0523881       0.0000000
       2028.9943       1.0582255       1.0526562       0.0000000
       2029.0151       1.0591218       1.0558792       0.0000000
       2029.0359       1.0676088       1.0600481       0.0000000
       2029.0568       1.0648136       1.0672271       128.00000
       2029.0776       1.0710047       1.0682367       0.0000000
       2029.0984       1.0746685       1.0656424       0.0000000
       2029.1193       1.0818746       1.0695093       0.0000000
       2029.1401       1.0830534       1.0718975       128.00000
       2029.1609   6.2329124e-13      0.90163612       128.00000
       2029.1818       1.0826805       1.0838780       0.0000000
       2029.2026       1.0782073       1.0848812       0.0000000
       2029.2234       1.0810275       1.0854808       0.0000000
       2029.2443       1.0805503       1.0860131       0.0000000
       2029.2651       1.0714234       1.0822960       0.0000000
       2029.2859       1.0703472       1.0762805       0.0000000
       2029.3068       1.0708227       1.0777683       0.0000000
       2029.3276       1.0614789       1.0729479       0.0000000
       2029.3484       1.0614744       1.0724796       0.0000000
       2029.3693       1.0662792       1.0695498       0.0000000
       2029.3901       1.0739516       1.0692068       0.0000000
       2029.4109       1.0632614       1.0672939       0.0000000
       2029.4318       1.0549269       1.0668125       0.0000000
       2029.4526       1.0551567       1.0636038       0.0000000
       2029.4734       1.0754144       1.0644435       128.00000
       2029.4943       1.0601380       1.0616722       128.00000
       2029.5151       1.0491158       1.0616043       0.0000000
       2029.5359       1.0518681       1.0577428       0.0000000
       2029.5568       1.0593684       1.0560962       0.0000000
       2029.5776       1.0539849       1.0597657       0.0000000
       2029.5984       1.0484769       1.0596106       0.0000000
       2029.6193       1.0509864       1.0586497       0.0000000
       2029.6401       1.0611066       1.0543751       0.0000000
       2029.6609       1.0439832       1.0522089       0.0000000
       2029.6818       1.0406386       1.0486243       0.0000000
       2029.7026       1.0434693       1.0452238       0.0000000
       2029.7234       1.0417881       1.0462883       0.0000000
       2029.7443       1.0354550       1.0450504       0.0000000
       2029.7651       1.0375135       1.0375658       0.0000000
       2029.7859       1.0338974       1.0337498       0.0000000
       2029.8068       1.0347219       1.0304016       0.0000000
       2029.8276       1.0253837       1.0297097       0.0000000
       2029.8484       1.0216980       1.0258162       0.0000000
       2029.8693       1.0236799       1.0238658       0.0000000
       2029.8901       1.0211474       1.0200998       128.00000
       2029.9109       1.0144293       1.0201387       0.0000000
       2029.9318       1.0194725       1.0147848       0.0000000
       2029.9526       1.0198375       1.0159715       0.0000000
       2029.9734       1.0078073       1.0140536       0.0000000
       2029.9943       1.0055169       1.0137178       0.0000000
       2030.0151       1.0067456       1.0107278       0.0000000
       2030.0359       1.0116732       1.0092397       0.0000000
       2030.0568      0.99929112       1.0081065       0.0000000
       2030.0776      0.99872297       1.0058848       128.00000
       2030.0984       1.0082080       1.0060232       0.0000000
       2030.1193       1.0057219       1.0026702       0.0000000
       2030.1401       1.0025445      0.99710596       0.0000000
       2030.1609      0.98887998      0.99498451       0.0000000
       2030.1818      0.97775227      0.98855382       128.00000
       2030.2026      0.99550551      0.98833799       128.00000
       2030.2234      0.98550403      0.98429501       0.0000000
       2030.2443      0.98060024      0.98318714       0.0000000
       2030.2651      0.97696763      0.97771633       0.0000000
       2030.2859      0.97628635      0.97866762       0.0000000
       2030.3068      0.97348255      0.97676718       0.0000000
       2030.3276      0.97400063      0.97427630       0.0000000
       2030.3484      0.97349679      0.97602600       0.0000000
       2030.3693      0.98124206      0.97468734       0.0000000
       2030.3901      0.97909147      0.97973716       0.0000000
       2030.4109      0.98115504      0.98134619       0.0000000
       2030.4318      0.98006725      0.98310691       0.0000000
       2030.4526      0.98635441      0.98701417       0.0000000
       2030.4734      0.98766261      0.99197179       0.0000000
       2030.4943      0.98540139      0.99150348       0.0000000
       2030.5151      0.99765277      0.99189788       128.00000
       2030.5359      0.99807775      0.99399334       0.0000000
       2030.5568      0.99807835      0.99692714       0.0000000
       2030.5776      0.99310517      0.99461323       0.0000000
       2030.5984      0.99270296      0.99406767       0.0000000
       2030.6193      0.99494302      0.99603039       0.0000000
       2030.6401      0.99762583      0.99584806       0.0000000
       2030.6609      0.99910212      0.99689341       0.0000000
       2030.6818      0.99592531      0.99606043       0.0000000
       2030.7026      0.99855632      0.99455720       128.00000
       2030.7234      0.99893451      0.99424458       0.0000000
       2030.7443      0.99191868      0.99382573       0.0000000
       2030.7651      0.99369043      0.99311692       0.0000000
       2030.7859      0.99397004      0.99273109       0.0000000
       2030.8068      0.99181038      0.99369150       0.0000000
       2030.8276       1.0013679      0.99534869       0.0000000
       2030.8484      0.99691367      0.99583423       0.0000000
       2030.8693       1.0070213      0.99531889       0.0000000
       2030.8901       1.0040721      0.99534667       0.0000000
       2030.9109      0.99924588      0.99676073       0.0000000
       2030.9318       1.0019788      0.99511617       0.0000000
       2030.9526       1.0038981      0.99618334       0.0000000
       2030.9734       1.0043651      0.99895895       0.0000000
       2030.9943       1.0020156      0.99862695       0.0000000
       2031.0151      0.99723864       1.0000000       0.0000000
       2031.0359       1.0197531      0.99864018       0.0000000
       2031.0568       1.0033774      0.99943590       0.0000000
       2031.0776       1.0029048       1.0000052       0.0000000
       2031.0984       1.0051855       1.0034226       0.0000000
       2031.1193       1.0098741       1.0029124       0.0000000
       2031.1401       1.0053855       1.0075564       0.0000000
       2031.1609       1.0097117       1.0070984       0.0000000
       2031.1818       1.0186759       1.0074836       0.0000000
       2031.2026       1.0138035       1.0059769       0.0000000
       2031.2234       1.0170311       1.0076976       0.0000000
       2031.2443       1.0068923       1.0043322       0.0000000
       2031.2651       1.0123172       1.0066361       0.0000000
       2031.2859       1.0164932       1.0069169       0.0000000
       2031.3068       1.0098320       1.0066963       0.0000000
       2031.3276       1.0092317       1.0052032       0.0000000
       2031.3484       1.0123281       1.0059124       0.0000000
       2031.3693       1.0171144       1.0042610       0.0000000
       2031.3901       1.0084441       1.0026780       0.0000000
       2031.4109       1.0262966       1.0036423       128.00000
       2031.4318       1.0096807       1.0037389       0.0000000
       2031.4526       1.0060560       1.0022166       0.0000000
       2031.4734      0.99009722       1.0010779       128.00000
       2031.4943       1.0031109      0.99906093       0.0000000
       2031.5151       1.0135818      0.99743038       0.0000000
       2031.5359       1.0007246      0.99654412       0.0000000
       2031.5568      0.99943626      0.99589980       0.0000000
       2031.5776       1.0027958      0.99227411       128.00000
       2031.5984       1.0050404      0.99037874       0.0000000
       2031.6193      0.99185544      0.98848820       0.0000000
       2031.6401      0.98916399      0.98912525       0.0000000
       2031.6609      0.99216604      0.98871320       0.0000000
       2031.6818      0.99656034      0.98742455       0.0000000
       2031.7026      0.98781693      0.98322493       0.0000000
       2031.7234      0.98935127      0.98198736       0.0000000
       2031.7443      0.98909408      0.98077583       0.0000000
       2031.7651      0.98084712      0.97849339       0.0000000
       2031.7859      0.98253632      0.97840363       0.0000000
       2031.8068      0.97382039      0.97211480       0.0000000
       2031.8276      0.97994608      0.97276413       0.0000000
       2031.8484      0.97845608      0.97084773       0.0000000
       2031.8693      0.97514576      0.96880084       0.0000000
       2031.8901      0.97342694      0.96812892       0.0000000
       2031.9109      0.97584528      0.96742296       0.0000000
       2031.9318      0.96896404      0.96833175       0.0000000
       2031.9526      0.97173244      0.96493310       0.0000000
       2031.9734      0.97049034      0.96392393       0.0000000
       2031.9943      0.97567916      0.96410209       0.0000000
       2032.0151      0.96967900      0.96348470       0.0000000
       2032.0359      0.96309429      0.96229899       0.0000000
       2032.0568      0.97079015      0.96350086       0.0000000
       2032.0776      0.97241253      0.96361214       0.0000000
       2032.0984      0.96857250      0.96458781       0.0000000
       2032.1193      0.97157025      0.96442491       0.0000000
       2032.1401      0.96761078      0.96527898       0.0000000
       2032.1609      0.98136818      0.96661258       0.0000000
       2032.1818      0.97595519      0.96673107       0.0000000
       2032.2026      0.97115648      0.96343309       0.0000000
       2032.2234      0.96425134      0.95798147       0.0000000
       2032.2443      0.96099490      0.95245177       0.0000000
       2032.2651      0.95230740      0.94678104       0.0000000
       2032.2859      0.95862836      0.94648200       0.0000000
       2032.3068      0.95845813      0.94609183       128.00000
       2032.3276      0.95629758      0.94001788       128.00000
       2032.3484      0.96889544      0.94747436       128.00000
       2032.3693      0.95733601      0.95097005       0.0000000
       2032.3901      0.95610577      0.95234662       0.0000000
       2032.4109      0.95244265      0.94631237       128.00000
       2032.4318      0.96423781      0.95174867       0.0000000
       2032.4526      0.96642351      0.95548904       128.00000
       2032.4734      0.96522266      0.95764768       0.0000000
       2032.4943      0.97573858      0.95575017       128.00000
       2032.5151      0.97781318      0.96327323       128.00000
       2032.5359      0.97822964      0.97306055       0.0000000
       2032.5568      0.99311513      0.97866338       0.0000000
       2032.5776      0.99397004      0.98662364       128.00000
       2032.5984      0.99961150      0.99584907       128.00000
       2032.6193       1.0035455      0.99702811       0.0000000
       2032.6401       1.0072430      0.99715769       128.00000
       2032.6609       1.0196670      0.99956822       0.0000000
       2032.6818       1.0161188       1.0071592       128.00000
       2032.7026       1.0168551       1.0106786       0.0000000
       2032.7234       1.0139520       1.0063992       0.0000000
       2032.7443       1.0287999       1.0110121       0.0000000
       2032.7651       1.0250397       1.0142336       128.00000
       2032.7859       1.0268955       1.0157133       0.0000000
       2032.8068       1.0304500       1.0123947       0.0000000
       2032.8276       1.0280895       1.0177708       0.0000000
       2032.8484       1.0368656       1.0216675       128.00000
       2032.8693       1.0354124       1.0220474       0.0000000
       2032.8901       1.0422111       1.0193467       128.00000
       2032.9109       1.0307308       1.0215513       0.0000000
       2032.9318       1.0421597       1.0250033       128.00000
       2032.9526       1.0474740       1.0306408       0.0000000
       2032.9734       1.0548953       1.0260470       128.00000
       2032.9943       1.0585210       1.0289234       0.0000000
       2033.0151       1.0479432       1.0341123       128.00000
       2033.0359       1.0436461       1.0343446       0.0000000
       2033.0568       1.0621178       1.0334803       0.0000000
       2033.0776       1.0501570       1.0342166       0.0000000
       2033.0984       1.0639715       1.0416874       128.00000
       2033.1193       1.0517216       1.0429224       0.0000000
       2033.1401       1.0505532       1.0386537       128.00000
       2033.1609       1.0594037       1.0445561       128.00000
       2033.1818       1.0563774       1.0462183       0.0000000
       2033.2026       1.0474980       1.0460143       128.00000
       2033.2234       1.0657122       1.0514151       0.0000000
       2033.2443       1.0680923       1.0541546       0.0000000
       2033.2651       1.0720757       1.0564325       128.00000
       2033.2859       1.0633214       1.0519518       128.00000
       2033.3068       1.0649495       1.0542351       0.0000000
       2033.3276       1.0673918       1.0539641       128.00000
       2033.3484       1.0643017       1.0548840       0.0000000
       2033.3692       1.0601066       1.0516187       128.00000
       2033.3901       1.0708264       1.0520926       0.0000000
       2033.4109       1.0676230       1.0552233       128.00000
       2033.4317       1.0666070       1.0560577       0.0000000
       2033.4526       1.0704284       1.0483794       128.00000
       2033.4734       1.0661458       1.0508057       0.0000000
       2033.4942       1.0732899       1.0512975       128.00000
       2033.5151       1.0583467       1.0467191       128.00000
       2033.5359       1.0625328       1.0483545       0.0000000
       2033.5567       1.0615110       1.0444301       0.0000000
       2033.5776       1.0618180       1.0459481       128.00000
       2033.5984       1.0584966       1.0422488       128.00000
       2033.6192       1.0553565       1.0365487       0.0000000
       2033.6401       1.0545927       1.0392413       0.0000000
       2033.6609       1.0558363       1.0394558       128.00000
       2033.6817       1.0493555       1.0330231       0.0000000
       2033.7026       1.0524156       1.0341282       0.0000000
       2033.7234       1.0508296       1.0334165       128.00000
       2033.7442       1.0466776       1.0322946       128.00000
       2033.7651       1.0461200       1.0279266       128.00000
       2033.7859       1.0427680       1.0251571       0.0000000
       2033.8067       1.0308156       1.0257926       128.00000
       2033.8276       1.0447326       1.0237012       0.0000000
       2033.8484       1.0363058       1.0178208       0.0000000
       2033.8692       1.0292327       1.0175743       128.00000
       2033.8901       1.0342153       1.0156703       128.00000
       2033.9109       1.0294353       1.0121156       128.00000
       2033.9317       1.0305972       1.0114748       0.0000000
       2033.9526       1.0296918       1.0061554       0.0000000
       2033.9734       1.0714849       1.0092424       128.00000
       2033.9942       1.0146706       1.0054599       0.0000000
       2034.0151       1.0209423       1.0000783       128.00000
       2034.0359       1.0230919      0.99943525       128.00000
       2034.0567       1.0192908      0.99914628       128.00000
       2034.0776       1.0116318      0.99525267       0.0000000
       2034.0984       1.0200256      0.99303502       0.0000000
       2034.1192       1.0099427      0.98966086       0.0000000
       2034.1401       1.0117799      0.99302238       128.00000
       2034.1609       1.0088247      0.99006152       0.0000000
       2034.1817       1.0111979      0.98716658       0.0000000
       2034.2026       1.0036961      0.98866987       128.00000
       2034.2234       1.0034381      0.98430091       0.0000000
       2034.2442       1.0017751      0.98353910       128.00000
       2034.2651       1.0146266      0.98626441       0.0000000
       2034.2859       1.0150824      0.98175460       128.00000
       2034.3067      0.99918693      0.98075664       0.0000000
       2034.3276      0.99989724      0.97441316       0.0000000
       2034.3484      0.99790257      0.96900481       0.0000000
       2034.3692      0.99261510      0.96653497       128.00000
       2034.3901      0.98586255      0.96153116       128.00000
       2034.4109      0.98226249      0.95996171       0.0000000
       2034.4317      0.98494744      0.95601261       0.0000000
       2034.4526      0.99189591      0.95589745       128.00000
       2034.4734      0.97632569      0.95178854       128.00000
       2034.4942      0.97324121      0.95120502       0.0000000
       2034.5151      0.97367918      0.94936150       128.00000
       2034.5359      0.97341877      0.95156342       0.0000000
       2034.5567      0.97364932      0.94880193       0.0000000
       2034.5776      0.97912973      0.95113462       0.0000000
       2034.5984      0.97808200      0.95620412       128.00000
       2034.6192      0.98006713      0.95929563       0.0000000
       2034.6401      0.98397005      0.95821595       128.00000
       2034.6609      0.99077630      0.96407181       0.0000000
       2034.6817      0.99620199      0.96597254       0.0000000
       2034.7026      0.99184346      0.96927935       0.0000000
       2034.7234      0.99746954      0.96290249       128.00000
       2034.7442      0.99978870      0.96603084       0.0000000
       2034.7651       1.0006962      0.96978790       128.00000
       2034.7859      0.99694198      0.96939385       0.0000000
       2034.8067      0.99771160      0.96690673       128.00000
       2034.8276       1.0004410      0.96659458       0.0000000
       2034.8484      0.99973601      0.96779102       128.00000
       2034.8692       1.0031395      0.96651804       128.00000
       2034.8901       1.0061860      0.96647769       0.0000000
       2034.9109       1.0085621      0.96917784       128.00000
       2034.9317      0.97084969      0.96821046       128.00000
       2034.9526      0.99670804      0.96564490       0.0000000
       2034.9734      0.99746448      0.96841669       0.0000000
       2034.9942       1.0117309      0.96615726       128.00000
       2035.0151      0.99994767      0.96710783       0.0000000
       2035.0359       1.0016546      0.96829093       0.0000000
       2035.0567       1.0037420      0.96543837       0.0000000
       2035.0776       1.0137384      0.96620220       0.0000000
       2035.0984       1.0170230      0.96881264       0.0000000
       2035.1192       1.0149629      0.97118711       0.0000000
