    1106
       1790.7035       1.0028678      0.99997836       0.0000000
       1790.7243       1.0020517      0.99899280       0.0000000
       1790.7452       1.0013584      0.99814844       0.0000000
       1790.7660       1.0014110      0.99827975       0.0000000
       1790.7869       1.0011587      0.99819726       0.0000000
       1790.8077       1.0014718      0.99852717       0.0000000
       1790.8285       1.0014957      0.99878144       0.0000000
       1790.8494       1.0010188      0.99824852       0.0000000
       1790.8702      0.99998683      0.99736017       0.0000000
       1790.8910      0.99927980      0.99681228       0.0000000
       1790.9119      0.99929994      0.99685889       0.0000000
       1790.9327       1.0000926      0.99772239       0.0000000
       1790.9535      0.99879801      0.99653113       0.0000000
       1790.9744      0.99875718      0.99648553       0.0000000
       1790.9952      0.99916071      0.99689370       0.0000000
       1791.0160      0.99889153      0.99677390       0.0000000
       1791.0369      0.99919397      0.99682558       0.0000000
       1791.0577      0.99875730      0.99645609       0.0000000
       1791.0785      0.99884087      0.99672866       128.00000
       1791.0994      0.99936664      0.99718791       0.0000000
       1791.3910      0.99888843      0.99999881       0.0000000
       1791.4119      0.99864262       1.0004901       0.0000000
       1791.4327      0.99793249       1.0000659       0.0000000
       1791.4535      0.99840659       1.0007209       0.0000000
       1791.4744      0.99823040       1.0006467       0.0000000
       1791.4952      0.99871135       1.0010965       0.0000000
       1791.5160      0.99856406       1.0008731       0.0000000
       1791.5369      0.99851125       1.0006920       0.0000000
       1791.5577      0.99858707       1.0005752       0.0000000
       1791.5785      0.99854445       1.0003785       0.0000000
       1791.5994      0.99938613       1.0009860       0.0000000
       1791.6202      0.99895859       1.0003327       0.0000000
       1791.6410      0.99901521       1.0001314       0.0000000
       1791.6619      0.99849105      0.99955267       0.0000000
       1791.6827      0.99926555      0.99988675       0.0000000
       1791.7035      0.99980211       1.0002859       0.0000000
       1791.7244      0.99980390       1.0000165       0.0000000
       1791.7452       1.0000080       1.0003084       0.0000000
       1791.7660       1.0004842       1.0003465       0.0000000
       1791.7869       1.0001339      0.99996698       0.0000000
       1791.8077       1.0002911      0.99997884       0.0000000
       1791.8285       1.0002828      0.99989897       0.0000000
       1791.8494       1.0005459      0.99998122       0.0000000
       1791.8702       1.0005866       1.0000238       0.0000000
       1791.8910       1.0005275      0.99979049       0.0000000
       1791.9119       1.0007930      0.99997509       0.0000000
       1791.9327       1.0008701       1.0000050       0.0000000
       1791.9535       1.0008979       1.0000229       0.0000000
       1791.9744       1.0011057      0.99993366       0.0000000
       1791.9952       1.0007119      0.99976540       0.0000000
       1792.0160       1.0010839      0.99996734       0.0000000
       1792.0369       1.0007204      0.99967766       0.0000000
       1792.0577       1.0005021      0.99945897       0.0000000
       1792.0785       1.0005796      0.99957132       0.0000000
       1792.0994       1.0003678      0.99930477       0.0000000
       1792.1202      0.99993783      0.99901175       0.0000000
       1792.1410       1.0002338      0.99920291       0.0000000
       1792.1619       1.0004979      0.99938953       0.0000000
       1792.1827       1.0002878      0.99938065       0.0000000
       1792.2036       1.0004117      0.99928403       0.0000000
       1792.2244       1.0004765      0.99947309       0.0000000
       1792.2452       1.0009061      0.99983901       0.0000000
       1792.2661       1.0006330      0.99957734       0.0000000
       1792.2869       1.0006802      0.99962580       0.0000000
       1792.3077       1.0004858      0.99943930       0.0000000
       1792.3286       1.0004948      0.99937218       0.0000000
       1792.3494       1.0004286      0.99933743       0.0000000
       1792.3702       1.0002662      0.99930632       0.0000000
       1792.3911       1.0003753      0.99939954       0.0000000
       1792.4119       1.0006734      0.99960029       0.0000000
       1792.4327       1.0003744      0.99938929       0.0000000
       1792.4536       1.0002149      0.99930406       0.0000000
       1792.4744       1.0002319      0.99928719       0.0000000
       1792.4952       1.0001298      0.99921858       0.0000000
       1792.5161       1.0004007      0.99944288       0.0000000
       1792.5369       1.0000353      0.99919128       0.0000000
       1792.5577      0.99998397      0.99916852       0.0000000
       1792.5786      0.99989223      0.99905640       0.0000000
       1792.5994       1.0000783      0.99929088       0.0000000
       1792.6202       1.0001682      0.99939597       0.0000000
       1792.6411       1.0000379      0.99926645       0.0000000
       1792.6619      0.99952924      0.99883729       0.0000000
       1792.6827      0.99959987      0.99893165       0.0000000
       1792.7036      0.99836397      0.99788100       0.0000000
       1792.7244      0.99962515      0.99916351       0.0000000
       1792.7452      0.99916679      0.99882644       0.0000000
       1792.7661      0.99967122      0.99899620       0.0000000
       1792.7869      0.99972498      0.99907792       0.0000000
       1792.8077      0.99979502      0.99922574       0.0000000
       1792.8286      0.99962515      0.99904776       0.0000000
       1792.8494      0.99953187      0.99901843       0.0000000
       1792.8702      0.99974555      0.99911219       0.0000000
       1792.8911      0.99952948      0.99898994       0.0000000
       1792.9119      0.99956191      0.99906367       0.0000000
       1792.9327      0.99976617      0.99929804       0.0000000
       1792.9536      0.99927408      0.99899906       0.0000000
       1792.9744      0.99928111      0.99887431       0.0000000
       1792.9952      0.99964333      0.99919319       0.0000000
       1793.0161      0.99976701      0.99936581       0.0000000
       1793.0369      0.99952227      0.99901617       0.0000000
       1793.0577      0.99911815      0.99879760       0.0000000
       1793.0786      0.99911374      0.99879724       0.0000000
       1793.0994      0.99935275      0.99901640       0.0000000
       1793.1202      0.99948156      0.99909335       0.0000000
       1793.1411      0.99944842      0.99912989       0.0000000
       1793.1619      0.99929661      0.99894255       0.0000000
       1793.1827      0.99925745      0.99897343       0.0000000
       1793.2036      0.99907029      0.99902213       0.0000000
       1793.2244      0.99937010      0.99907947       0.0000000
       1793.2452      0.99934947      0.99905425       0.0000000
       1793.2661      0.99916261      0.99880153       0.0000000
       1793.2869      0.99934101      0.99920064       0.0000000
       1793.3077      0.99930841      0.99905121       0.0000000
       1793.3286      0.99904382      0.99893177       0.0000000
       1793.3494      0.99948972      0.99931252       0.0000000
       1793.3702      0.99913025      0.99897426       0.0000000
       1793.3911      0.99941820      0.99916136       0.0000000
       1793.4119      0.99927944      0.99910140       0.0000000
       1793.4327      0.99934018      0.99923652       0.0000000
       1793.4536      0.99919623      0.99902463       0.0000000
       1793.4744      0.99920225      0.99911708       0.0000000
       1793.4952      0.99908334      0.99893558       0.0000000
       1793.5161      0.99935085      0.99917406       0.0000000
       1793.5369      0.99896789      0.99898911       0.0000000
       1793.5577      0.99919873      0.99912655       0.0000000
       1793.5786      0.99919945      0.99913585       0.0000000
       1793.5994      0.99920845      0.99917179       0.0000000
       1793.6202      0.99927908      0.99924922       0.0000000
       1793.6411      0.99923861      0.99919307       0.0000000
       1793.6619      0.99912834      0.99918145       0.0000000
       1793.6827      0.99864227      0.99886799       0.0000000
       1793.7036      0.99920130      0.99924254       0.0000000
       1793.7244      0.99858600      0.99860018       0.0000000
       1793.7453      0.99928701      0.99915540       0.0000000
       1793.7661      0.99923110      0.99943119       0.0000000
       1793.7869      0.99915218      0.99916542       0.0000000
       1793.8078      0.99910754      0.99924278       0.0000000
       1793.8286      0.99906433      0.99905533       0.0000000
       1793.8494      0.99930030      0.99941933       0.0000000
       1793.8703      0.99933070      0.99942493       0.0000000
       1793.8911      0.99914271      0.99925292       0.0000000
       1793.9119      0.99916273      0.99924338       0.0000000
       1793.9328      0.99943042      0.99960750       0.0000000
       1793.9536      0.99916393      0.99925905       0.0000000
       1793.9744      0.99902517      0.99928671       0.0000000
       1793.9953      0.99934185      0.99959290       0.0000000
       1794.0161      0.99930543      0.99941635       0.0000000
       1794.0369      0.99928260      0.99938041       0.0000000
       1794.0578      0.99971169      0.99989873       0.0000000
       1794.0786      0.99929321      0.99940354       0.0000000
       1794.0994      0.99983597      0.99991119       0.0000000
       1794.1203      0.99950898      0.99966997       0.0000000
       1794.1411      0.99982530      0.99995583       0.0000000
       1794.1619      0.99962354      0.99977630       0.0000000
       1794.1828      0.99977875       1.0000000       0.0000000
       1794.2036      0.99999619       1.0001848       0.0000000
       1794.2244      0.99989933       1.0000963       0.0000000
       1794.2453      0.99990660       1.0001009       0.0000000
       1794.2661      0.99966508      0.99985111       0.0000000
       1794.2869       1.0001407       1.0003241       0.0000000
       1794.3078       1.0002581       1.0004789       0.0000000
       1794.3286       1.0002425       1.0004002       0.0000000
       1794.3494       1.0001591       1.0004117       0.0000000
       1794.3703       1.0001781       1.0003955       0.0000000
       1794.3911       1.0002793       1.0005064       0.0000000
       1794.4119       1.0003042       1.0006390       0.0000000
       1794.4328       1.0005958       1.0007778       0.0000000
       1794.4536       1.0006495       1.0009249       0.0000000
       1794.4744       1.0006862       1.0009211       0.0000000
       1794.4953       1.0006747       1.0008627       0.0000000
       1794.5161       1.0008110       1.0010786       0.0000000
       1794.5369       1.0007634       1.0010235       0.0000000
       1794.5578       1.0009996       1.0012442       0.0000000
       1794.5786       1.0008146       1.0011401       0.0000000
       1794.5994       1.0012292       1.0015048       0.0000000
       1794.6203       1.0009898       1.0012326       0.0000000
       1794.6411       1.0013191       1.0015860       0.0000000
       1794.6619       1.0011892       1.0014472       0.0000000
       1794.6828       1.0009032       1.0012485       0.0000000
       1794.7036       1.0011520       1.0014530       0.0000000
       1794.7244       1.0014639       1.0017434       0.0000000
       1794.7453       1.0015205       1.0018137       0.0000000
       1794.7661       1.0018061       1.0021173       0.0000000
       1794.7869       1.0020990       1.0023882       0.0000000
       1794.8078       1.0020620       1.0025283       0.0000000
       1794.8286       1.0022016       1.0023422       0.0000000
       1794.8494       1.0011779       1.0017314       0.0000000
       1794.8703       1.0017351       1.0021970       0.0000000
       1794.8911       1.0022315       1.0027331       0.0000000
       1794.9119       1.0024675       1.0028127       0.0000000
       1794.9328       1.0019422       1.0024017       0.0000000
       1794.9536  -2.9249708e-14      0.90617955       128.00000
       1794.9744       1.0035993       1.0039456       0.0000000
       1794.9953       1.0033771       1.0036958       0.0000000
       1795.0161       1.0037977       1.0041121       0.0000000
       1795.0369       1.0035884       1.0044489       0.0000000
       1795.0578       1.0037631       1.0041262       0.0000000
       1795.0786       1.0039064       1.0042616       0.0000000
       1795.0994       1.0040287       1.0043039       0.0000000
       1795.1203       1.0040191       1.0045546       0.0000000
       1795.1411       1.0046542       1.0043751       128.00000
       1795.1619       1.0038267       1.0045903       0.0000000
       1795.1828       1.0038316       1.0042006       0.0000000
       1795.2036       1.0037396       1.0041077       0.0000000
       1795.2244       1.0038985       1.0041403       0.0000000
       1795.2453       1.0034512       1.0038524       0.0000000
       1795.2661       1.0035799       1.0039462       0.0000000
       1795.2869       1.0032159       1.0038674       0.0000000
       1795.3078       1.0035871       1.0038469       0.0000000
       1795.3286       1.0032953       1.0036855       0.0000000
       1795.3494       1.0030508       1.0032592       0.0000000
       1795.3703       1.0022631       1.0032324       0.0000000
       1795.3911       1.0025591       1.0029620       0.0000000
       1795.4119       1.0023263       1.0027555       0.0000000
       1795.4328       1.0014238       1.0026139       0.0000000
       1795.4536       1.0017675       1.0022440       0.0000000
       1795.4745       1.0018154       1.0022031       0.0000000
       1795.4953       1.0013326       1.0018729       0.0000000
       1795.5161       1.0004159       1.0015097       0.0000000
       1795.5370       1.0008844       1.0013233       0.0000000
       1795.5578      0.99987251       1.0008907       0.0000000
       1795.5786       1.0002632       1.0007008       0.0000000
       1795.5995      0.99985033       1.0005357       0.0000000
       1795.6203      0.99949151      0.99986196       0.0000000
       1795.6411      0.99943823      0.99979508       0.0000000
       1795.6620      0.99948275      0.99989265       0.0000000
       1795.6828      0.99916667      0.99954057       0.0000000
       1795.7036      0.99923348      0.99930704       0.0000000
       1795.7245      0.99856454      0.99912786       0.0000000
       1795.7453      0.99857712      0.99899822       0.0000000
       1795.7661      0.99816895      0.99855363       0.0000000
       1795.7870      0.99786639      0.99846613       0.0000000
       1795.8078      0.99788338      0.99833959       0.0000000
       1795.8286      0.99784797      0.99825853       0.0000000
       1795.8495      0.99747640      0.99816519       0.0000000
       1795.8703      0.99791777      0.99805313       0.0000000
       1795.8911      0.99753690      0.99789166       0.0000000
       1795.9120      0.99764466      0.99798453       0.0000000
       1795.9328      0.99711913      0.99768734       0.0000000
       1795.9536      0.99738866      0.99780798       0.0000000
       1795.9745      0.99732941      0.99787515       0.0000000
       1795.9953      0.99763411      0.99784064       0.0000000
       1796.0161      0.99751472      0.99788111       0.0000000
       1796.0370      0.99743742      0.99778336       0.0000000
       1796.0578      0.99732661      0.99769390       0.0000000
       1796.0786      0.99734485      0.99789238       0.0000000
       1796.0995      0.99769622      0.99805373       0.0000000
       1796.1203      0.99777097      0.99814487       0.0000000
       1796.1411      0.99794662      0.99836487       0.0000000
       1796.1620      0.99764836      0.99801159       0.0000000
       1796.1828      0.99813074      0.99842566       0.0000000
       1796.2036      0.99838495      0.99843299       0.0000000
       1796.2245      0.99807519      0.99835682       0.0000000
       1796.2453      0.99834508      0.99864769       0.0000000
       1796.2661      0.99818236      0.99857819       0.0000000
       1796.2870      0.99846530      0.99887156       0.0000000
       1796.3078      0.99861652      0.99895185       0.0000000
       1796.3286      0.99864978      0.99905664       0.0000000
       1796.3495      0.99862593      0.99902022       0.0000000
       1796.3703      0.99889427      0.99921536       0.0000000
       1796.3911      0.99886769      0.99932688       0.0000000
       1796.4120      0.99878007      0.99915600       0.0000000
       1796.4328      0.99901223      0.99937266       0.0000000
       1796.4536      0.99886924      0.99925315       0.0000000
       1796.4745      0.99943823      0.99973822       0.0000000
       1796.4953      0.99937475      0.99972171       0.0000000
       1796.5161      0.99954057      0.99981505       0.0000000
       1796.5370      0.99965173      0.99998933       0.0000000
       1796.5578      0.99923611       1.0000927       0.0000000
       1796.5786      0.99982518       1.0001487       0.0000000
       1796.5995      0.99973720       1.0000745       0.0000000
       1796.6203      0.99972582      0.99997735       0.0000000
       1796.6411      0.99973804       1.0001476       0.0000000
       1796.6620       1.0000181       1.0003545       0.0000000
       1796.6828      0.99987167       1.0001831       0.0000000
       1796.7036       1.0002437       1.0004967       0.0000000
       1796.7245       1.0002488       1.0005416       0.0000000
       1796.7453       1.0000076       1.0003445       0.0000000
       1796.7661       1.0001680       1.0004836       0.0000000
       1796.7870       1.0002706       1.0005997       0.0000000
       1796.8078       1.0004131       1.0006922       0.0000000
       1796.8286       1.0002667       1.0006071       0.0000000
       1796.8495       1.0002781       1.0005661       0.0000000
       1796.8703       1.0000489       1.0009091       0.0000000
       1796.8911       1.0004923       1.0007093       0.0000000
       1796.9120       1.0006819       1.0009041       0.0000000
       1796.9328       1.0004933       1.0008074       0.0000000
       1796.9536       1.0013416       1.0010135       0.0000000
       1796.9745      0.99990290       1.0006833       0.0000000
       1796.9953       1.0001103       1.0008584       0.0000000
       1797.0161       1.0005009       1.0008270       0.0000000
       1797.0370       1.0005435       1.0008756       0.0000000
       1797.0578       1.0004578       1.0007865       0.0000000
       1797.0786       1.0005797       1.0008777       0.0000000
       1797.0995       1.0006943       1.0010300       0.0000000
       1797.1203       1.0009484       1.0012646       0.0000000
       1797.1411       1.0008340       1.0011195       0.0000000
       1797.1620       1.0008196       1.0011536       0.0000000
       1797.1828       1.0005082       1.0007974       0.0000000
       1797.2036       1.0004996       1.0008116       0.0000000
       1797.2245       1.0003878       1.0007863       0.0000000
       1797.2453       1.0007901       1.0010432       0.0000000
       1797.2661       1.0004638       1.0008228       0.0000000
       1797.2870      0.99959004       1.0008743       0.0000000
       1797.3078       1.0006644       1.0009556       0.0000000
       1797.3286       1.0000658       1.0008992       0.0000000
       1797.3495       1.0008131       1.0011425       0.0000000
       1797.3703       1.0007228       1.0011011       0.0000000
       1797.3911       1.0004429       1.0007890       0.0000000
       1797.4120       1.0007612       1.0010129       0.0000000
       1797.4328       1.0005409       1.0009388       0.0000000
       1797.4536       1.0006821       1.0010216       0.0000000
       1797.4745       1.0007710       1.0011450       0.0000000
       1797.4953       1.0009782       1.0012888       0.0000000
       1797.5162       1.0007594       1.0011375       0.0000000
       1797.5370       1.0010545       1.0011657       0.0000000
       1797.5578       1.0007845       1.0012538       0.0000000
       1797.5787       1.0007083       1.0010891       0.0000000
       1797.5995       1.0005695       1.0009103       0.0000000
       1797.6203       1.0008478       1.0010079       0.0000000
       1797.6412       1.0007640       1.0011683       0.0000000
       1797.6620       1.0006610       1.0009944       0.0000000
       1797.6828       1.0006515       1.0009245       0.0000000
       1797.7037       1.0005802       1.0008870       0.0000000
       1797.7245      0.99979311       1.0005379       0.0000000
       1797.7453       1.0004555       1.0007775       0.0000000
       1797.7662       1.0003988       1.0006719       0.0000000
       1797.7870       1.0004488       1.0007577       0.0000000
       1797.8078       1.0003687       1.0006886       0.0000000
       1797.8287       1.0002768       1.0005858       0.0000000
       1797.8495       1.0004930       1.0007943       0.0000000
       1797.8703       1.0003492       1.0006481       0.0000000
       1797.8912       1.0004431       1.0007546       0.0000000
       1797.9120       1.0005300       1.0007252       0.0000000
       1797.9328       1.0003325       1.0005329       0.0000000
       1797.9537       1.0005252       1.0008788       0.0000000
       1797.9745       1.0003957       1.0007353       0.0000000
       1797.9953       1.0004328       1.0006953       0.0000000
       1798.0162       1.0004730       1.0007263       0.0000000
       1798.0370       1.0002388       1.0005515       0.0000000
       1798.0578       1.0002869       1.0005732       0.0000000
       1798.0787       1.0005121       1.0007956       0.0000000
       1798.0995       1.0004939       1.0007071       0.0000000
       1798.1203       1.0004134       1.0003957       128.00000
       1798.1412       1.0000000       1.0002786       0.0000000
       1798.1620       1.0003549       1.0006440       0.0000000
       1798.1828       1.0002823       1.0005429       0.0000000
       1798.2037       1.0001467       1.0004534       0.0000000
       1798.2245       1.0004349       1.0006782       0.0000000
       1798.2453      0.99989992       1.0003248       0.0000000
       1798.2662       1.0003428       1.0006156       0.0000000
       1798.2870       1.0002521       1.0006218       0.0000000
       1798.3078       1.0004406       1.0006461       0.0000000
       1798.3287       1.0003963       1.0006706       0.0000000
       1798.3495      0.99984342       1.0003994       0.0000000
       1798.3703      0.99983871       1.0001643       0.0000000
       1798.3912      0.99994445       1.0002311       0.0000000
       1798.4120       1.0001323       1.0004146       0.0000000
       1798.4328       1.0002462       1.0004278       0.0000000
       1798.4537      0.99963015       1.0000125       0.0000000
       1798.4745      0.99956995      0.99986356       0.0000000
       1798.4953       1.0001490       1.0004054       0.0000000
       1798.5162       1.0002880       1.0004678       0.0000000
       1798.5370       1.0000982       1.0003393       0.0000000
       1798.5578      0.99945700      0.99987131       0.0000000
       1798.5787       1.0000423       1.0003084       0.0000000
       1798.5995      0.99948913      0.99998957       0.0000000
       1798.6203      0.99956596      0.99980718       0.0000000
       1798.6412      0.99946076       1.0000437       0.0000000
       1798.6620      0.99933010      0.99975377       0.0000000
       1798.6828      0.99950421       1.0000007       0.0000000
       1798.7037      0.99958992      0.99986219       0.0000000
       1798.7245      0.99942541      0.99998111       0.0000000
       1798.7453      0.99968940       1.0000895       0.0000000
       1798.7662      0.99961042      0.99987382       0.0000000
       1798.7870      0.99944168      0.99978310       0.0000000
       1798.8078      0.99965245       1.0000018       0.0000000
       1798.8287      0.99933547      0.99972862       0.0000000
       1798.8495      0.99912727      0.99966830       0.0000000
       1798.8703      0.99910128      0.99948573       0.0000000
       1798.8912      0.99962378      0.99995083       0.0000000
       1798.9120      0.99895424      0.99935925       0.0000000
       1798.9328      0.99883753      0.99915153       0.0000000
       1798.9537      0.99924099      0.99966949       0.0000000
       1798.9745      0.99887359      0.99928743       0.0000000
       1798.9953      0.99882710      0.99922371       0.0000000
       1799.0162      0.99922955      0.99956930       0.0000000
       1799.0370      0.99826294      0.99910355       0.0000000
       1799.0578      0.99908608      0.99950409       0.0000000
       1799.0787      0.99939382      0.99965310       0.0000000
       1799.0995      0.99898082      0.99943215       0.0000000
       1799.1203      0.99874580      0.99914402       0.0000000
       1799.1412      0.99849367      0.99900097       0.0000000
       1799.1620      0.99902743      0.99933934       0.0000000
       1799.1828      0.99827683      0.99886149       0.0000000
       1799.2037  -2.8381187e-14      0.87927198       128.00000
       1799.2245       1.0006000       1.0008292       0.0000000
       1799.2453       1.0003729       1.0006042       0.0000000
       1799.2662       1.0003889       1.0006335       0.0000000
       1799.2870       1.0003505       1.0005984       0.0000000
       1799.3078       1.0002515       1.0006322       0.0000000
       1799.3287       1.0002308       1.0005189       0.0000000
       1799.3495       1.0002499       1.0005546       0.0000000
       1799.3703       1.0002866       1.0005702       0.0000000
       1799.3912       1.0001664       1.0004319       0.0000000
       1799.4120       1.0005333       1.0007862       0.0000000
       1799.4328       1.0003929       1.0006251       0.0000000
       1799.4537       1.0004878       1.0007021       0.0000000
       1799.4745       1.0005250       1.0008069       0.0000000
       1799.4953       1.0005703       1.0007960       0.0000000
       1799.5162       1.0002784       1.0005324       0.0000000
       1799.5370       1.0003867       1.0006361       0.0000000
       1799.5578       1.0002784       1.0005374       0.0000000
       1799.5787       1.0004368       1.0007190       0.0000000
       1799.5995       1.0001931       1.0005218       0.0000000
       1799.6203       1.0001128       1.0003889       0.0000000
       1799.6412       1.0004141       1.0006520       0.0000000
       1799.6620       1.0003989       1.0007068       0.0000000
       1799.6828       1.0005659       1.0007583       0.0000000
       1799.7037       1.0003191       1.0005115       0.0000000
       1799.7245       1.0004762       1.0007193       0.0000000
       1799.7453       1.0005223       1.0007880       0.0000000
       1799.7662       1.0005782       1.0007786       0.0000000
       1799.7870       1.0002728       1.0006326       0.0000000
       1799.8078       1.0003262       1.0006394       0.0000000
       1799.8287       1.0000888       1.0004001       0.0000000
       1799.8495       1.0002930       1.0007185       0.0000000
       1799.8703       1.0001067       1.0004830       0.0000000
       1799.8912       1.0002973       1.0005443       0.0000000
       1799.9120       1.0007626       1.0009619       0.0000000
       1799.9328       1.0004586       1.0006160       0.0000000
       1799.9537       1.0000209       1.0003324       0.0000000
       1799.9745       1.0004591       1.0007485       0.0000000
       1799.9953       1.0003136       1.0005753       0.0000000
       1800.0162       1.0003824       1.0005856       0.0000000
       1800.0370       1.0000706       1.0003487       0.0000000
       1800.0578       1.0002991       1.0006130       0.0000000
       1800.0787       1.0003045       1.0005968       0.0000000
       1800.0995       1.0004578       1.0008316       0.0000000
       1800.1203       1.0005562       1.0008404       0.0000000
       1800.1412       1.0001650       1.0005184       0.0000000
       1800.1620       1.0002319       1.0005559       0.0000000
       1800.1828      0.99967825       1.0007654       0.0000000
       1800.2037       1.0002307       1.0005225       0.0000000
       1800.2245      0.99980438       1.0003879       0.0000000
       1800.2454       1.0000662       1.0003967       0.0000000
       1800.2662       1.0002728       1.0007553       0.0000000
       1800.2870       1.0003816       1.0007519       0.0000000
       1800.3079       1.0004807       1.0007402       0.0000000
       1800.3287       1.0001206       1.0004485       0.0000000
       1800.3495       1.0001856       1.0004179       0.0000000
       1800.3704      0.99929827      0.99997807       0.0000000
       1800.3912      0.99974376      0.99982893       128.00000
       1800.4120      0.99946767      0.99969345       128.00000
       1800.4329      0.99922967      0.99935025       128.00000
       1800.4537      0.99950010      0.99959958       128.00000
       1800.4745      0.99915206      0.99920923       128.00000
       1800.4954      0.99901783      0.99915600       128.00000
       1800.5162      0.99925011      0.99927807       128.00000
       1800.5370      0.99898058      0.99900728       128.00000
       1800.5579      0.99871004      0.99892664       128.00000
       1800.5787      0.99877948      0.99890256       128.00000
       1800.5995      0.99863875      0.99872386       128.00000
       1800.6204      0.99892431      0.99899894       128.00000
       1800.6412      0.99857259      0.99855244       128.00000
       1800.6620      0.99791270      0.99785972       128.00000
       1800.6829      0.99767745      0.99775523       128.00000
       1800.7037      0.99769050      0.99774456       128.00000
       1800.7245      0.99832880      0.99837261       128.00000
       1800.7454      0.99702120      0.99729222       128.00000
       1800.7662      0.99318558      0.99351215       128.00000
       1800.7870      0.99483371      0.99517763       128.00000
       1800.8079      0.99799544      0.99836063       128.00000
       1800.8287      0.99723035      0.99755985       128.00000
       1800.8495      0.99699032      0.99737823       128.00000
       1800.8704       1.0010459       1.0017222       128.00000
       1800.8912       1.0026618       1.0033416       128.00000
       1800.9120      0.99807543      0.99871820       128.00000
       1800.9329      0.97602928      0.97661322       128.00000
       1800.9537      0.97640753      0.97764176       128.00000
       1800.9745      0.85325193      0.85437375       128.00000
       1800.9954      0.85971886      0.86006153       128.00000
       1801.0162       1.0056231       1.0063215       128.00000
       1801.0370       1.2074238       1.2087002       128.00000
       1801.0579       1.1875944       1.1888239       128.00000
       1801.0787       1.0581298       1.0591705       128.00000
       1801.0995      0.99339259      0.99474186       128.00000
       1801.1204      0.98610830      0.98659372       128.00000
       1801.1412      0.99501646      0.99547994       128.00000
       1801.1620      0.99306351      0.99387038       128.00000
       1801.1829      0.99326146      0.99376583       128.00000
       1801.2037      0.99311286      0.99451643       128.00000
       1801.2245      0.99853474      0.99888104       128.00000
       1801.2454      0.99115789      0.99183083       128.00000
       1801.2662      0.99200761      0.99115562       128.00000
       1801.2870      0.98989469      0.98789585       128.00000
       1801.3079      0.98316205      0.97813565       128.00000
       1801.3287      0.98454505      0.98494524       128.00000
       1801.3495      0.99556965      0.99304295       128.00000
       1801.3704      0.98380530      0.98476481       128.00000
       1801.3912      0.98144579      0.98221821       128.00000
       1801.4120      0.99739450      0.99822384       128.00000
       1801.4329      0.98980129      0.99057490       128.00000
       1801.4537      0.99470580      0.99551314       128.00000
       1801.4745      0.99636149      0.99708331       128.00000
       1801.4954      0.99859339       1.0002726       128.00000
       1801.5162      0.99872476      0.99964589       128.00000
       1801.5370      0.99844289      0.99910605       128.00000
       1801.5579      0.99995196       1.0006937       128.00000
       1801.5787       1.0000914       1.0008534       128.00000
       1801.5995       1.0006478       1.0014145       128.00000
       1801.6204       1.0041001       1.0048829       128.00000
       1801.6412       1.0003624       1.0011524       128.00000
       1801.6620      0.99969649       1.0004904       128.00000
       1801.6829      0.99997926       1.0007702       128.00000
       1801.7037      0.99898529      0.99959850       128.00000
       1801.7245       1.0000696       1.0015458       128.00000
       1801.7454      0.99981213       1.0006868       128.00000
       1801.7662      0.99828148      0.99932271       128.00000
       1801.7870      0.99895585      0.99979460       128.00000
       1801.8079       1.0025758       1.0036255       128.00000
       1801.8287      0.99932569       1.0006725       128.00000
       1801.8495       1.0013305       1.0021836       128.00000
       1801.8704       1.0014578       1.0023247       128.00000
       1801.8912       1.0036552       1.0043080       128.00000
       1801.9120       1.0040367       1.0054771       128.00000
       1801.9329       1.0048594       1.0058206       128.00000
       1801.9537       1.0059271       1.0071007       128.00000
       1801.9745       1.0070727       1.0080581       128.00000
       1801.9954       1.5102453       1.5117092       128.00000
       1802.0162       2.5567298       2.5606155       128.00000
       1802.0370       1.0179918       1.0186570       128.00000
       1802.0579       1.0171310       1.0183589       128.00000
       1802.0787       1.0133388       1.0142798       128.00000
       1802.0995       1.0112839       1.0122433       128.00000
       1802.1204       1.0199450       1.0209391       128.00000
       1802.1412      0.97026330      0.97113985       128.00000
       1802.1620       1.0097450       1.0109807       128.00000
       1802.1829       1.0461152       1.0474778       128.00000
       1802.2037      0.96574235      0.96393222       128.00000
       1802.2245  -7.4043758e-15      0.22939353       128.00000
       1802.2454   2.9632595e-16   -0.0091804219       128.00000
       1802.2662   2.8057434e-16   -0.0086924164       128.00000
       1802.2870   3.0779099e-16   -0.0095356200       128.00000
       1802.3079   2.6449758e-16   -0.0081943488       128.00000
       1802.3287     0.091849856     0.091929369       128.00000
       1802.3495       1.6927953       1.6940677       128.00000
       1802.3704      0.92842323      0.93009228       128.00000
       1802.3912      0.98718148      0.98827982       128.00000
       1802.4120      0.97409022      0.97517204       128.00000
       1802.4329      0.98291868      0.98397177       128.00000
       1803.4745       1.0020660       1.0014505       0.0000000
       1803.4954       1.0015131       1.0009586       0.0000000
       1803.5162       1.0010633       1.0005196       0.0000000
       1803.5370       1.0010933       1.0003339       0.0000000
       1803.5579       1.0011092       1.0003157       0.0000000
       1803.5787       1.0009521       1.0003935       0.0000000
       1803.5995       1.0011506       1.0003296       0.0000000
       1803.6204       1.0010252       1.0003889       0.0000000
       1803.6412       1.0007626       1.0003248       0.0000000
       1803.6620       1.0011113       1.0003420       0.0000000
       1803.6829       1.0008994      0.99997532       0.0000000
       1803.7037       1.0010645      0.99999666       0.0000000
       1803.7245       1.0006546       1.0001621       0.0000000
       1803.7454       1.0009331       1.0004519       0.0000000
       1803.7662       1.0006202       1.0001131       0.0000000
       1803.7870       1.0006174       1.0001585       0.0000000
       1803.8079       1.0005815       1.0002077       0.0000000
       1803.8287       1.0006844       1.0001634       0.0000000
       1803.8495       1.0005003       1.0000986       0.0000000
       1803.8704       1.0005676       1.0002061       0.0000000
       1803.8912       1.0005474       1.0002240       0.0000000
       1803.9120       1.0006533       1.0001994       0.0000000
       1803.9329       1.0004913       1.0002811       0.0000000
       1803.9537       1.0005146       1.0002069       0.0000000
       1803.9745       1.0003841       1.0000790       0.0000000
       1803.9954       1.0004232       1.0000139       0.0000000
       1804.0162       1.0004274       1.0001351       0.0000000
       1804.0370       1.0005428      0.99994516       0.0000000
       1804.0579       1.0002161       1.0000349       0.0000000
       1804.0787       1.0003310      0.99994707       0.0000000
       1804.0995       1.0002491       1.0001611       0.0000000
       1804.1204       1.0005078       1.0002749       0.0000000
       1804.1412       1.0002609       1.0000707       0.0000000
       1804.1620       1.0003068       1.0001836       0.0000000
       1804.1829       1.0002691       1.0002973       0.0000000
       1804.2037       1.0002465      0.99989784       0.0000000
       1804.2245       1.0001040       1.0001792       0.0000000
       1804.2454       1.0001764      0.99999535       0.0000000
       1804.2662       1.0001704       1.0001671       0.0000000
       1804.2870      0.99996710      0.99979687       0.0000000
       1804.3079      0.99992579      0.99974239       0.0000000
       1804.3287      0.99992466      0.99988514       0.0000000
       1804.3495       1.0002239       1.0002210       0.0000000
       1804.3704      0.99988484      0.99979579       0.0000000
       1804.3912       1.0000663       1.0000118       0.0000000
       1804.4120       1.0001429      0.99995655       0.0000000
       1804.4329       1.0003403      0.99992025       0.0000000
       1804.4537       1.0000839       1.0001323       0.0000000
       1804.4745       1.0009429      0.99923760       0.0000000
       1804.4954       1.0000448      0.99925977       0.0000000
       1804.5162       1.0000930      0.99959654       0.0000000
       1804.5370       1.0003562      0.99945700       0.0000000
       1804.5579       1.0004699      0.99953294       0.0000000
       1804.5787       1.0003299      0.99942434       0.0000000
       1804.5995       1.0001411      0.99964899       0.0000000
       1804.6204       1.0003884      0.99989057       0.0000000
       1804.6412       1.0000517      0.99942982       0.0000000
       1804.6620       1.0006044      0.99940795       0.0000000
       1804.6829       1.0003588      0.99973691       0.0000000
       1804.7037       1.0003611      0.99991018       0.0000000
       1804.7245       1.0001165      0.99913645       0.0000000
       1804.7454       1.0003133      0.99946553       0.0000000
       1804.7662       1.0002991      0.99942410       0.0000000
       1804.7870       1.0002716      0.99903357       0.0000000
       1804.8079       1.0003921      0.99946350       0.0000000
       1804.8287       1.0005184      0.99945199       0.0000000
       1804.8495      0.99989045      0.99947739       0.0000000
       1804.8704       1.0005735      0.99950516       0.0000000
       1804.8912       1.0000520      0.99955249       0.0000000
       1804.9120      0.99976122      0.99911153       0.0000000
       1804.9329       1.0003142      0.99936360       0.0000000
       1804.9537       1.0003692      0.99910539       0.0000000
       1804.9745       1.0002762      0.99951822       0.0000000
       1804.9954       1.0001872      0.99934012       0.0000000
       1805.0162       1.0002202      0.99921465       0.0000000
       1805.0370       1.0002036      0.99949867       0.0000000
       1805.0579       1.0001893      0.99960959       0.0000000
       1805.0787      0.99985594      0.99915963       0.0000000
       1805.0995       1.0001334      0.99916101       0.0000000
       1805.1204       1.0004349      0.99907213       0.0000000
       1805.1412       1.0006534      0.99929976       0.0000000
       1805.1620       1.0002904      0.99940407       0.0000000
       1805.1829       1.0004050      0.99930310       0.0000000
       1805.2037       1.0000298      0.99899644       0.0000000
       1805.2245       1.0003206      0.99955714       0.0000000
       1805.2454       1.0001928      0.99948806       0.0000000
       1805.2662       1.0005149      0.99974108       0.0000000
       1805.2870       1.0003562      0.99933022       0.0000000
       1805.3079       1.0000046      0.99946409       0.0000000
       1805.3287       1.0000025      0.99924242       0.0000000
       1805.3495      0.99991715      0.99922359       0.0000000
       1805.3704      0.99991715      0.99955916       0.0000000
       1805.3912       1.0001932      0.99921185       0.0000000
       1805.4120       1.0000756      0.99923331       0.0000000
       1805.4329       1.0000470      0.99917883       0.0000000
       1805.4537       1.0001075      0.99956298       0.0000000
       1805.4745       1.0002235      0.99960047       0.0000000
       1805.4954       1.0002203      0.99929726       0.0000000
       1805.5162       1.0003190      0.99952191       0.0000000
       1805.5370      0.99974567      0.99972981       0.0000000
       1805.5579      0.99983072      0.99950707       0.0000000
       1805.5787      0.99992591      0.99904686       0.0000000
       1805.5995      0.99976748      0.99935293       0.0000000
       1805.6204       1.0004438      0.99979675       0.0000000
       1805.6412       1.0002005      0.99973500       0.0000000
       1805.6620       1.0000821      0.99935353       0.0000000
       1805.6829       1.0002115      0.99940526       0.0000000
       1805.7037       1.0005887      0.99933070       0.0000000
       1805.7245       1.0001554      0.99914372       0.0000000
       1805.7454       1.0002801      0.99930912       0.0000000
       1805.7662       1.0005513      0.99938470       0.0000000
       1805.7870       1.0001489      0.99970913       0.0000000
       1805.8079       1.0001682      0.99957222       0.0000000
       1805.8287      0.99969023      0.99952900       0.0000000
       1805.8495      0.99977034      0.99940997       0.0000000
       1805.8704      0.99994993      0.99956530       0.0000000
       1805.8912       1.0002940      0.99937713       0.0000000
       1805.9120      0.99951434      0.99957603       0.0000000
       1805.9329       1.0002540      0.99983650       0.0000000
       1805.9537       1.0000585      0.99906564       0.0000000
       1805.9745      0.99964166      0.99965942       0.0000000
       1805.9954      0.99964905      0.99965066       0.0000000
       1806.0162      0.99957061      0.99987221       0.0000000
       1806.0370      0.99940205      0.99911678       0.0000000
       1806.0579      0.99978566      0.99958253       0.0000000
       1806.0787      0.99972928      0.99958420       0.0000000
       1806.0995      0.99948812      0.99967760       0.0000000
       1806.1204      0.99900335      0.99932492       0.0000000
       1806.1412      0.99952739      0.99957198       0.0000000
       1806.1620      0.99978948      0.99973428       0.0000000
       1806.1829      0.99958861      0.99958467       0.0000000
       1806.2037      0.99955577      0.99977332       0.0000000
       1806.2245      0.99965590      0.99953222       0.0000000
       1806.2454      0.99940634      0.99955189       0.0000000
       1806.2662      0.99928433      0.99962813       0.0000000
       1806.2870      0.99953145      0.99964327       0.0000000
       1806.3079      0.99949795      0.99985522       0.0000000
       1806.3287      0.99947554      0.99976528       0.0000000
       1806.3495      0.99951625      0.99969858       0.0000000
       1806.3704      0.99952239      0.99965847       0.0000000
       1806.3912      0.99924195      0.99983990       0.0000000
       1806.4120      0.99953145      0.99951029       0.0000000
       1806.4329      0.99944645      0.99949390       0.0000000
       1806.4537      0.99934232      0.99909860       0.0000000
       1806.4745      0.99957746      0.99971163       0.0000000
       1806.4954      0.99961710      0.99943489       0.0000000
       1806.5162      0.99942023      0.99938935       0.0000000
       1806.5370      0.99932563      0.99971139       0.0000000
       1806.5579      0.99928504      0.99927849       0.0000000
       1806.5787      0.99932986      0.99923629       0.0000000
       1806.5995      0.99937308      0.99926001       0.0000000
       1806.6204      0.99927837      0.99959308       0.0000000
       1806.6412      0.99899101      0.99950981       0.0000000
       1806.6620      0.99912268      0.99904567       0.0000000
       1806.6829      0.99944299      0.99917752       0.0000000
       1806.7037      0.99912232      0.99940926       0.0000000
       1806.7245      0.99940288      0.99940562       0.0000000
       1806.7454      0.99915457      0.99917787       0.0000000
       1806.7662      0.99909961      0.99940586       0.0000000
       1806.7870      0.99926555      0.99905705       0.0000000
       1806.8079      0.99952012      0.99983472       0.0000000
       1806.8287      0.99930084      0.99950886       0.0000000
       1806.8495      0.99916387      0.99919009       0.0000000
       1806.8704      0.99909073      0.99944061       0.0000000
       1806.8912      0.99947906      0.99917477       0.0000000
       1806.9120      0.99929321      0.99977320       0.0000000
       1806.9329      0.99972308      0.99945962       0.0000000
       1806.9537      0.99889582      0.99898720       0.0000000
       1806.9745      0.99909866      0.99931306       0.0000000
       1806.9954      0.99908054      0.99927390       0.0000000
       1807.0162      0.99925226      0.99915737       0.0000000
       1807.0370      0.99920845      0.99908912       0.0000000
       1807.0579      0.99922544      0.99923044       0.0000000
       1807.0787      0.99919981      0.99970466       0.0000000
       1807.0995      0.99877918      0.99923438       0.0000000
       1807.1204      0.99891746      0.99929583       0.0000000
       1807.1412      0.99928182      0.99925524       0.0000000
       1807.1620      0.99900115      0.99932921       0.0000000
       1807.1829      0.99950826      0.99947572       0.0000000
       1807.2037      0.99954331      0.99954468       0.0000000
       1807.2245      0.99955684      0.99905068       0.0000000
       1807.2454      0.99924171      0.99919605       0.0000000
       1807.2662      0.99947399      0.99919522       0.0000000
       1807.2870      0.99939764      0.99941903       0.0000000
       1807.3079      0.99934518      0.99902838       0.0000000
       1807.3287      0.99934202      0.99925369       0.0000000
       1807.3495      0.99969685      0.99931753       0.0000000
       1807.3704      0.99930555      0.99943125       0.0000000
       1807.3912      0.99954647      0.99913776       0.0000000
       1807.4120      0.99942493      0.99920958       0.0000000
       1807.4329      0.99932206      0.99882841       0.0000000
       1807.4537      0.99926782      0.99896181       0.0000000
       1807.4745      0.99933308      0.99896359       0.0000000
       1807.4954      0.99946922      0.99902898       0.0000000
       1807.5162      0.99907035      0.99903584       0.0000000
       1807.5370      0.99944788      0.99924123       0.0000000
       1807.5579      0.99928373      0.99880791       0.0000000
       1807.5787      0.99987966      0.99921882       0.0000000
       1807.5995      0.99897629      0.99939460       0.0000000
       1807.6204      0.99904019      0.99899966       0.0000000
       1807.6412      0.99904341      0.99912459       0.0000000
       1807.6620      0.99918258      0.99927425       0.0000000
       1807.6829      0.99899876      0.99939018       0.0000000
       1807.7037      0.99921203      0.99940240       0.0000000
       1807.7245      0.99950153      0.99924421       0.0000000
       1807.7454      0.99967444      0.99920720       0.0000000
       1807.7662      0.99909419      0.99915689       0.0000000
       1807.7870      0.99905324      0.99929547       0.0000000
       1807.8079      0.99889988      0.99904072       0.0000000
       1807.8287      0.99935693      0.99927628       0.0000000
       1807.8495      0.99908561      0.99922973       0.0000000
       1807.8704      0.99904740      0.99900156       0.0000000
       1807.8912      0.99933583      0.99913377       0.0000000
       1807.9120      0.99937952      0.99953151       0.0000000
       1807.9329      0.99878925      0.99916375       0.0000000
       1807.9537      0.99969071      0.99913365       0.0000000
       1807.9745      0.99924231      0.99888951       0.0000000
       1807.9954  -3.0402059e-14      0.88937992       128.00000
       1808.0162      0.99923033      0.99938613       0.0000000
       1808.0370      0.99924761      0.99965525       0.0000000
       1808.0579      0.99928766      0.99949968       0.0000000
       1808.0787      0.99913657      0.99928302       0.0000000
       1808.0995      0.99982983      0.99967641       128.00000
       1808.1204      0.99920052      0.99989069       0.0000000
       1808.1412      0.99935621       1.0000154       0.0000000
       1808.1620      0.99918044      0.99969053       0.0000000
       1808.1829      0.99907094      0.99974239       0.0000000
       1808.2037      0.99937356      0.99983799       0.0000000
       1808.2245      0.99981606      0.99981773       0.0000000
       1808.2454       1.0003198      0.99967808       0.0000000
       1808.2662      0.99942911       1.0001603       0.0000000
       1808.2870      0.99965012       1.0002458       0.0000000
       1808.3079      0.99984533       1.0003735       0.0000000
       1808.3287       1.0001205       1.0003971       0.0000000
       1808.3495      0.99961352       1.0003395       0.0000000
       1808.3704      0.99964929       1.0004103       0.0000000
       1808.3912      0.99970919       1.0006037       0.0000000
       1808.4120      0.99984449       1.0006677       0.0000000
       1808.4329      0.99988025       1.0008074       0.0000000
       1808.4537      0.99973804       1.0006201       0.0000000
       1808.4745       1.0002352       1.0009335       0.0000000
       1808.4954      0.99993378       1.0008661       0.0000000
       1808.5162      0.99987006       1.0008382       0.0000000
       1808.5370       1.0005814       1.0004209       0.0000000
       1808.5579       1.0004872       1.0011265       0.0000000
       1808.5787       1.0003426       1.0010853       0.0000000
       1808.5995       1.0003229       1.0011917       0.0000000
       1808.6204       1.0004175       1.0013894       0.0000000
       1808.6412       1.0004411       1.0013438       0.0000000
       1808.6620       1.0005673       1.0014969       0.0000000
       1808.6829       1.0009034       1.0018646       0.0000000
       1808.7037       1.0007521       1.0018868       0.0000000
       1808.7245       1.0009048       1.0014780       0.0000000
       1808.7454       1.0008639       1.0017854       0.0000000
       1808.7662       1.0012696       1.0018913       0.0000000
       1808.7870       1.0010592       1.0019776       0.0000000
       1808.8079       1.0013498       1.0023072       0.0000000
       1808.8287       1.0014755       1.0021228       0.0000000
       1808.8495       1.0014491       1.0024936       0.0000000
       1808.8704       1.0015252       1.0025077       0.0000000
       1808.8912       1.0017347       1.0025293       0.0000000
       1808.9120       1.0019058       1.0026706       0.0000000
       1808.9329       1.0019093       1.0026520       0.0000000
       1808.9537       1.0021149       1.0027890       0.0000000
       1808.9745       1.0022844       1.0031457       0.0000000
       1808.9954       1.0023880       1.0031350       0.0000000
       1809.0162       1.0024917       1.0031425       0.0000000
       1809.0370       1.0027057       1.0034794       0.0000000
       1809.0579       1.0027813       1.0031435       0.0000000
       1809.0787       1.0029255       1.0030994       0.0000000
       1809.0995       1.0031019       1.0035162       0.0000000
       1809.1204       1.0029979       1.0032511       0.0000000
       1809.1412       1.0037065       1.0033811       0.0000000
       1809.1620       1.0035377       1.0042274       0.0000000
       1809.1829       1.0033574       1.0041599       0.0000000
       1809.2037       1.0037616       1.0035753       0.0000000
       1809.2245       1.0039611       1.0038594       0.0000000
       1809.2454       1.0036107       1.0042299       0.0000000
       1809.2662       1.0038010       1.0044667       0.0000000
       1809.2870       1.0040990       1.0045483       0.0000000
       1809.3079       1.0039289       1.0046163       0.0000000
       1809.3287       1.0039949       1.0046014       0.0000000
       1809.3495       1.0041187       1.0044844       0.0000000
       1809.3704       1.0040998       1.0042640       0.0000000
       1809.3912       1.0037266       1.0044050       0.0000000
       1809.4120       1.0043972       1.0048187       0.0000000
       1809.4329       1.0040843       1.0047357       0.0000000
       1809.4537       1.0038733       1.0042470       0.0000000
       1809.4745       1.0038402       1.0042231       0.0000000
       1809.4954       1.0038257       1.0043612       0.0000000
       1809.5162       1.0034174       1.0041990       0.0000000
       1809.5370       1.0038663       1.0037986       0.0000000
       1809.5579       1.0034385       1.0039225       0.0000000
       1809.5787       1.0034125       1.0039825       0.0000000
       1809.5995       1.0032271       1.0034052       0.0000000
       1809.6204       1.0034627       1.0034530       0.0000000
       1809.6412       1.0025961       1.0028360       0.0000000
       1809.6620       1.0025717       1.0029322       0.0000000
       1809.6829       1.0024282       1.0029242       0.0000000
       1809.7037       1.0021155       1.0026882       0.0000000
       1809.7245       1.0018091       1.0024508       0.0000000
       1809.7454       1.0019959       1.0016415       0.0000000
       1809.7662       1.0015961       1.0018125       0.0000000
       1809.7870       1.0016263       1.0015607       0.0000000
       1809.8079       1.0006870       1.0008848       0.0000000
       1809.8287       1.0006154       1.0007931       0.0000000
       1809.8495       1.0002637       1.0008087       0.0000000
       1809.8704       1.0000559       1.0005510       0.0000000
       1809.8912      0.99942636      0.99981087       0.0000000
       1809.9120      0.99915731      0.99988973       0.0000000
       1809.9329      0.99927163      0.99929833       0.0000000
       1809.9537      0.99939740      0.99935162       0.0000000
       1809.9745      0.99915057      0.99922419       0.0000000
       1809.9954      0.99849111      0.99860281       0.0000000
       1810.0162      0.99862593      0.99874109       0.0000000
       1810.0370      0.99835485      0.99854088       0.0000000
       1810.0579      0.99841207      0.99821109       0.0000000
       1810.0787      0.99848413      0.99851322       0.0000000
       1810.0995      0.99799693      0.99802989       0.0000000
       1810.1204      0.99785936      0.99797863       0.0000000
       1810.1412      0.99746591      0.99796343       0.0000000
       1810.1620      0.99739969      0.99775648       0.0000000
       1810.1829      0.99755067      0.99776316       0.0000000
       1810.2037      0.99745214      0.99750614       0.0000000
       1810.2245      0.99762577      0.99765778       0.0000000
       1810.2454      0.99726522      0.99769741       0.0000000
       1810.2662      0.99717784      0.99782139       0.0000000
       1810.2870      0.99712539      0.99748689       0.0000000
       1810.3079      0.99720740      0.99796206       0.0000000
       1810.3287      0.99738532      0.99761540       0.0000000
       1810.3495      0.99760610      0.99785900       0.0000000
       1810.3704      0.99765223      0.99793309       0.0000000
       1810.3912      0.99770731      0.99783671       0.0000000
       1810.4120      0.99747789      0.99823886       0.0000000
       1810.4329      0.99728334      0.99807727       0.0000000
       1810.4537      0.99767905      0.99810374       0.0000000
       1810.4745      0.99777865      0.99827117       0.0000000
       1810.4954      0.99820274      0.99832147       0.0000000
       1810.5162      0.99846750      0.99884528       0.0000000
       1810.5370      0.99812531      0.99892241       0.0000000
       1810.5579      0.99792463      0.99918646       0.0000000
       1810.5787      0.99817669      0.99913633       0.0000000
       1810.5995      0.99819249      0.99907428       0.0000000
       1810.6204      0.99854952      0.99919438       0.0000000
       1810.6412      0.99836236      0.99926060       0.0000000
       1810.6620      0.99856627      0.99932873       0.0000000
       1810.6829      0.99864578      0.99950242       0.0000000
       1810.7037      0.99860066      0.99936718       0.0000000
       1810.7245      0.99913323      0.99943054       0.0000000
       1810.7454      0.99899352      0.99954182       0.0000000
       1810.7662      0.99913836      0.99963105       0.0000000
       1810.7870      0.99939680       1.0001248       0.0000000
       1810.8079      0.99904019      0.99987364       0.0000000
       1810.8287      0.99993521       1.0000135       0.0000000
       1810.8495      0.99931496       1.0002999       0.0000000
       1810.8704      0.99935633       1.0000881       0.0000000
       1810.8912      0.99949461       1.0002397       0.0000000
       1810.9120      0.99915743       1.0000000       0.0000000
       1810.9329      0.99984580       1.0003319       0.0000000
       1810.9537      0.99990684       1.0004754       0.0000000
       1810.9745      0.99963075       1.0005465       0.0000000
       1810.9954      0.99980962       1.0004724       0.0000000
       1811.0162      0.99979538       1.0004082       0.0000000
       1811.0370       1.0001291       1.0005642       0.0000000
       1811.0579       1.0000000       1.0006759       0.0000000
       1811.0787      0.99989676       1.0003291       128.00000
       1811.0995       1.0001763       1.0005373       0.0000000
       1811.1204      0.99978828       1.0005591       0.0000000
       1811.1412       1.0002943       1.0005174       0.0000000
       1811.1620       1.0000787       1.0005815       0.0000000
       1811.1829       1.0004587       1.0006022       0.0000000
       1811.2037       1.0004082       1.0007937       0.0000000
       1811.2245       1.0005363       1.0009075       0.0000000
       1811.2454       1.0002325       1.0005589       0.0000000
       1811.2662       1.0002663       1.0006173       0.0000000
       1811.2870       1.0003471       1.0003916       0.0000000
       1811.3079       1.0003916       1.0008022       0.0000000
       1811.3287       1.0002646       1.0006368       0.0000000
       1811.3495       1.0001394       1.0005878       0.0000000
       1811.3704       1.0002822       1.0007585       0.0000000
       1811.3912       1.0005856       1.0010049       0.0000000
       1811.4120       1.0006503       1.0008231       0.0000000
       1811.4329       1.0001910       1.0007423       0.0000000
       1811.4537       1.0008007       1.0009799       0.0000000
       1811.4745       1.0000901       1.0007906       0.0000000
       1811.4954       1.0005857       1.0011144       0.0000000
       1811.5162       1.0003073       1.0006706       0.0000000
       1811.5370       1.0006292       1.0005903       0.0000000
       1811.5579       1.0002917       1.0008433       0.0000000
       1811.5787       1.0003004       1.0010027       0.0000000
       1811.5995       1.0000408       1.0008547       0.0000000
       1811.6204       1.0001801       1.0008112       0.0000000
       1811.6412       1.0002837       1.0008327       0.0000000
       1811.6620       1.0002983       1.0011349       0.0000000
       1811.6829       1.0003612       1.0010346       0.0000000
       1811.7037       1.0006548       1.0012287       0.0000000
       1811.7245       1.0007339       1.0011954       0.0000000
       1811.7454       1.0009681       1.0008533       0.0000000
       1811.7662       1.0007656       1.0010333       0.0000000
       1811.7870       1.0005587       1.0006273       0.0000000
       1811.8079       1.0006624       1.0009001       0.0000000
       1811.8287       1.0004034       1.0007135       0.0000000
       1811.8495       1.0005242       1.0009676       0.0000000
       1811.8704       1.0006407       1.0010468       0.0000000
       1811.8912       1.0004457       1.0008285       0.0000000
       1811.9120       1.0004175       1.0007193       0.0000000
       1811.9329       1.0003393       1.0009242       0.0000000
       1811.9537       1.0005058       1.0008993       0.0000000
       1811.9745       1.0001290       1.0007344       0.0000000
       1811.9954       1.0002593       1.0008640       0.0000000
       1812.0162       1.0001208       1.0009335       0.0000000
       1812.0370       1.0003796       1.0010886       0.0000000
       1812.0579      0.99999315       1.0006568       0.0000000
       1812.0787       1.0002110       1.0008708       0.0000000
       1812.0995       1.0000181       1.0006938       0.0000000
       1812.1204       1.0000114       1.0006706       0.0000000
       1812.1412       1.0004541       1.0012696       0.0000000
       1812.1620       1.0003315       1.0009235       0.0000000
       1812.1829       1.0000380       1.0006158       0.0000000
       1812.2037       1.0001469       1.0006791       0.0000000
       1812.2245      0.99994850       1.0008956       0.0000000
       1812.2454      0.99997354       1.0007513       0.0000000
       1812.2662       1.0000173       1.0005416       0.0000000
       1812.2870      0.99983895       1.0006567       0.0000000
       1812.3079      0.99990410       1.0006468       0.0000000
       1812.3287       1.0002575       1.0008337       0.0000000
       1812.3495       1.0001326       1.0009506       0.0000000
       1812.3704       1.0000836       1.0007263       0.0000000
       1812.3912       1.0000128       1.0005877       0.0000000
       1812.4120      0.99995786       1.0003626       0.0000000
       1812.4329       1.0000678       1.0007385       0.0000000
       1812.4537       1.0000669       1.0008181       0.0000000
       1812.4745      0.99994516       1.0004989       0.0000000
       1812.4954  -3.0611008e-14      0.89549267       128.00000
       1812.5162      0.99990338       1.0000354       0.0000000
       1812.5370      0.99995464       1.0000542       0.0000000
       1812.5578      0.99993628      0.99989140       0.0000000
       1812.5787      0.99991751      0.99947667       0.0000000
       1812.5995      0.99965721      0.99957812       0.0000000
       1812.6203       1.0001763      0.99999326       0.0000000
       1812.6412      0.99977887       1.0006084       0.0000000
       1812.6620      0.99991369       1.0007355       0.0000000
       1812.6828      0.99984062       1.0008068       0.0000000
       1812.7037      0.99987131       1.0007924       0.0000000
       1812.7245      0.99969465       1.0006227       0.0000000
       1812.7453      0.99965423       1.0006574       0.0000000
       1812.7662      0.99959683       1.0004190       0.0000000
       1812.7870      0.99969983       1.0005121       0.0000000
       1812.8078      0.99966699       1.0003303       0.0000000
       1812.8287      0.99958354       1.0001529       0.0000000
       1812.8495      0.99942505      0.99982071       128.00000
       1812.8703      0.99957651      0.99961835       0.0000000
       1812.8912      0.99966884       1.0002846       0.0000000
       1812.9120      0.99964499       1.0003304       0.0000000
       1812.9328      0.99942434      0.99977785       0.0000000
       1812.9537      0.99949569      0.99964166       0.0000000
       1812.9745      0.99974722       1.0000403       0.0000000
       1812.9953      0.99972004       1.0004283       0.0000000
       1813.0162      0.99944085      0.99988443       0.0000000
       1813.0370      0.99960059       1.0002335       0.0000000
       1813.0578      0.99971169       1.0002004       0.0000000
       1813.0787      0.99986613       1.0005133       0.0000000
       1813.0995      0.99971408      0.99996948       0.0000000
       1813.1203      0.99985439       1.0003272       0.0000000
       1813.1412      0.99975288       1.0001279       0.0000000
       1813.1620      0.99960238       1.0000768       0.0000000
       1813.1828      0.99967551       1.0002340       0.0000000
       1813.2037      0.99945414       1.0003518       0.0000000
       1813.2245      0.99921024       1.0001550       0.0000000
       1813.2453      0.99950165       1.0002049       0.0000000
       1813.2662      0.99936455       1.0003561       0.0000000
       1813.2870      0.99974436       1.0005087       0.0000000
       1813.3078      0.99963671       1.0003254       0.0000000
       1813.3287      0.99983335      0.99959177       0.0000000
       1813.3495      0.99982578      0.99985367       0.0000000
       1813.3703      0.99978304      0.99951029       128.00000
       1813.3912       1.0000005      0.99987495       0.0000000
       1813.4120      0.99976486      0.99974203       0.0000000
       1813.4328      0.99984026      0.99967068       0.0000000
       1813.4537      0.99940038      0.99976480       0.0000000
       1813.4745      0.99977672       1.0001700       0.0000000
       1813.4953       1.0000068       1.0003033       0.0000000
       1813.5162       1.0000213      0.99982154       0.0000000
       1813.5370      0.99966967       1.0000305       0.0000000
       1813.5578      0.99989069      0.99983639       0.0000000
       1813.5787       1.0002024      0.99991232       0.0000000
       1813.5995      0.99988639      0.99970889       0.0000000
       1813.6203      0.99992454      0.99969584       0.0000000
       1813.6412       1.0000370      0.99979031       0.0000000
       1813.6620       1.0002961      0.99977511       0.0000000
       1813.6828       1.0000374      0.99986815       0.0000000
       1813.7037       1.0002277      0.99993402       0.0000000
       1813.7245       1.0002534       1.0002156       0.0000000
       1813.7453      0.99981356      0.99989343       0.0000000
       1813.7662      0.99997497       1.0000834       0.0000000
       1813.7870      0.99968332      0.99984753       0.0000000
       1813.8078      0.99981284      0.99985760       0.0000000
       1813.8287       1.0000401       1.0000687       0.0000000
       1813.8495       1.0001413       1.0001640       0.0000000
       1813.8703      0.99988830       1.0001079       0.0000000
       1813.8912       1.0002171      0.99989522       0.0000000
       1813.9120       1.0000414      0.99948901       0.0000000
       1813.9328       1.0004356       1.0003330       0.0000000
       1813.9537       1.0002367      0.99967140       0.0000000
       1813.9745      0.99993426      0.99975258       0.0000000
       1813.9953      0.99983692      0.99967295       0.0000000
       1814.0162      0.99976122       1.0002217       0.0000000
       1814.0370      0.99987030       1.0000274       0.0000000
       1814.0578       1.0000749      0.99990958       0.0000000
       1814.0787       1.0001196      0.99962372       0.0000000
       1814.0995       1.0004359      0.99977160       0.0000000
       1814.1203       1.0002534      0.99978226       0.0000000
       1814.1412       1.0004671      0.99970025       0.0000000
       1814.1620       1.0005294       1.0000731       0.0000000
       1814.1828       1.0002588       1.0006531       0.0000000
       1814.2037      0.99970293       1.0007553       0.0000000
       1814.2245      0.99984121       1.0008875       0.0000000
       1814.2453      0.99967730       1.0007185       0.0000000
       1814.2662      0.99964619       1.0005646       0.0000000
       1814.2870      0.99996120       1.0004416       0.0000000
       1814.3078      0.99985355       1.0004573       0.0000000
       1814.3287      0.99996710       1.0005527       0.0000000
       1814.3495      0.99987429       1.0004907       0.0000000
       1814.3703       1.0002074       1.0007532       0.0000000
       1814.3912       1.0002248       1.0007534       0.0000000
       1814.4120       1.0001007       1.0006164       0.0000000
       1814.4328       1.0003128       1.0007700       0.0000000
       1814.4537      0.99986982       1.0004852       0.0000000
       1814.4745       1.0001130       1.0006081       0.0000000
       1814.4953      0.99989378       1.0004866       0.0000000
       1814.5162       1.0000975       1.0005871       0.0000000
       1814.5370      0.99992263       1.0004122       0.0000000
       1814.5578      0.99957275       1.0000683       0.0000000
       1814.5787       1.0001724       1.0007252       0.0000000
       1814.5995       1.0004752       1.0010933       0.0000000
       1814.6203       1.0004940       1.0009645       0.0000000
       1814.6412       1.0003445       1.0008068       0.0000000
       1814.6620       1.0000390       1.0005687       0.0000000
       1814.6828       1.0001308       1.0007200       0.0000000
       1814.7037       1.0002805       1.0009452       0.0000000
       1814.7245       1.0003897       1.0010654       0.0000000
       1814.7453       1.0004121       1.0012151       0.0000000
       1814.7662       1.0001779       1.0010784       0.0000000
       1814.7870       1.0005784       1.0015843       0.0000000
       1814.8078      0.99987429       1.0009952       0.0000000
       1814.8287      0.99940109       1.0006279       0.0000000
       1814.8495      0.99906629       1.0003809       0.0000000
       1814.8703      0.99895102       1.0002983       0.0000000
       1814.8912      0.99989438       1.0012026       0.0000000
       1814.9120       1.0019828       1.0031636       0.0000000
       1814.9328       1.0046893       1.0056937       0.0000000
       1814.9537       1.0080649       1.0088748       128.00000
       1814.9745       1.0109508       1.0115634       128.00000
       1814.9953       1.0142007       1.0146155       128.00000
       1815.0162       1.0172005       1.0173577       128.00000
