    1288
       1624.9950      0.99534130       1.0129882       0.0000000
       1625.0159      0.98289549       1.0058511       0.0000000
       1625.0367      0.97630703       1.0018392       0.0000000
       1625.0575      0.97563261       1.0012624       0.0000000
       1625.0784      0.97762042       1.0027094       0.0000000
       1625.0992      0.98236448       1.0049917       0.0000000
       1625.1200      0.98375392       1.0069975       0.0000000
       1625.1409      0.98684955       1.0061381       0.0000000
       1625.1617      0.98482805       1.0050329       0.0000000
       1625.1825       1.0059036       1.0046240       128.00000
       1625.2034      0.98707491       1.0042090       0.0000000
       1625.2242      0.98258412       1.0027331       128.00000
       1625.2450      0.98417979       1.0038692       128.00000
       1625.2659      0.98790050       1.0028524       128.00000
       1625.2867      0.98519510       1.0009350       0.0000000
       1625.3075      0.98840624       1.0012038       128.00000
       1625.3284      0.98756218       1.0012310       128.00000
       1625.3492      0.98766518       1.0007528       0.0000000
       1625.3700      0.98952115       1.0007660       0.0000000
       1625.3909      0.98840648       1.0031614       0.0000000
       1625.4117      0.99043143       1.0037487       0.0000000
       1625.4325      0.99191940       1.0042193       0.0000000
       1625.4534      0.99207354       1.0030378       0.0000000
       1625.4742      0.98963207       1.0019290       128.00000
       1625.4950      0.99190474       1.0017956       0.0000000
       1625.5159      0.99156827       1.0032189       0.0000000
       1625.5367      0.99222761       1.0037297       0.0000000
       1625.5575      0.99138021       1.0037694       0.0000000
       1625.5784      0.99306464       1.0036544       0.0000000
       1625.5992      0.99214643       1.0041072       0.0000000
       1625.6200      0.99413168       1.0046930       0.0000000
       1625.6409      0.99174553       1.0042156       0.0000000
       1625.6617      0.99461532       1.0047092       0.0000000
       1625.6825      0.99786788       1.0045084       0.0000000
       1625.7034      0.99695146       1.0035821       0.0000000
       1625.7242      0.99813455       1.0046430       0.0000000
       1625.7450      0.99581504       1.0031765       0.0000000
       1625.7659      0.99765015       1.0055605       0.0000000
       1625.7867      0.99768293       1.0045799       0.0000000
       1625.8075      0.99785721       1.0041014       0.0000000
       1625.8284      0.99884051       1.0045332       0.0000000
       1625.8492      0.99888724       1.0028470       0.0000000
       1625.8700      0.99770349       1.0032924       0.0000000
       1625.8909      0.99738574       1.0034292       0.0000000
       1625.9117      0.99956751       1.0047623       0.0000000
       1625.9325      0.99832559       1.0027514       0.0000000
       1625.9534       1.0004351       1.0042681       0.0000000
       1625.9742      0.99959254       1.0031409       0.0000000
       1625.9950      0.99881136       1.0038015       0.0000000
       1626.0159       1.0013847       1.0054541       0.0000000
       1626.0367      0.99718875       1.0043614       0.0000000
       1626.0575       1.0016412       1.0051675       0.0000000
       1626.0784       1.0001373       1.0042832       0.0000000
       1626.0992      0.99909067       1.0045094       0.0000000
       1626.1200       1.0009159       1.0037578       0.0000000
       1626.1409      0.99840516       1.0031236       0.0000000
       1626.1617       1.0001912       1.0030856       0.0000000
       1626.1825       1.0007042       1.0048046       0.0000000
       1626.2034       1.0003253       1.0041589       0.0000000
       1626.2242      0.99985254       1.0046670       0.0000000
       1626.2450       1.0008854       1.0042742       0.0000000
       1626.2659       1.0007710       1.0035474       0.0000000
       1626.2867       1.0019885       1.0037162       0.0000000
       1626.3075       1.0007254       1.0032538       0.0000000
       1626.3284       1.0019138       1.0041233       0.0000000
       1626.3492       1.0014834       1.0040870       0.0000000
       1626.3700       1.0015243       1.0040034       0.0000000
       1626.3909       1.0368588       1.0048399       128.00000
       1626.4117       1.0015604       1.0039766       0.0000000
       1626.4325       1.0017043       1.0044503       0.0000000
       1626.4534       1.0011985       1.0038153       0.0000000
       1626.4742       1.0006336       1.0038927       0.0000000
       1626.4950       1.0019315       1.0040476       0.0000000
       1626.5159       1.0017343       1.0029451       0.0000000
       1626.5367       1.0013853       1.0040033       0.0000000
       1626.5575       1.0009181       1.0021533       0.0000000
       1626.5784       1.0000126       1.0039787       0.0000000
       1626.5992       1.0009344       1.0030712       0.0000000
       1626.6200       1.0014443       1.0037066       0.0000000
       1626.6409       1.0019380       1.0039439       0.0000000
       1626.6617       1.0011210       1.0033724       0.0000000
       1626.6825       1.0014316       1.0037202       0.0000000
       1626.7034       1.0000939       1.0032479       0.0000000
       1626.7242       1.0016394       1.0027344       0.0000000
       1626.7450       1.0016792       1.0030576       0.0000000
       1626.7659       1.0024464       1.0031915       0.0000000
       1626.7867       1.0006025       1.0031530       0.0000000
       1626.8075       1.0015879       1.0038402       0.0000000
       1626.8284       1.0019048       1.0038770       0.0000000
       1626.8492       1.0013329       1.0025194       0.0000000
       1626.8700       1.0021399       1.0030942       0.0000000
       1626.8909      0.99983209       1.0023818       0.0000000
       1626.9117       1.0012733       1.0036688       0.0000000
       1626.9325       1.0023961       1.0017786       0.0000000
       1626.9534       1.0015130       1.0022835       0.0000000
       1626.9742       1.0022839       1.0013702       0.0000000
       1626.9950       1.0016462       1.0028917       0.0000000
       1627.0159       1.0023552       1.0027188       0.0000000
       1627.0367       1.0014955       1.0035812       0.0000000
       1627.0575       1.0002512       1.0030435       0.0000000
       1627.0784       1.0016161       1.0038837       0.0000000
       1627.0992       1.0006857       1.0034151       0.0000000
       1627.1200       1.0023692       1.0026770       0.0000000
       1627.1409       1.0024596       1.0022998       0.0000000
       1627.1617      0.99942726       1.0032755       0.0000000
       1627.1825       1.0023768       1.0024180       0.0000000
       1627.2034       1.0006255       1.0025096       128.00000
       1627.2242       1.0001136       1.0018529       0.0000000
       1627.2450       1.0015178       1.0022581       0.0000000
       1627.2659       1.0019886       1.0025839       0.0000000
       1627.2867       1.0019884       1.0017924       0.0000000
       1627.3075      0.99969715       1.0022706       0.0000000
       1627.3284       1.0007157       1.0009618       0.0000000
       1627.3492      0.99922305       1.0022720       0.0000000
       1627.3700       1.0016854       1.0017973       0.0000000
       1627.3909       1.0006567       1.0006475       0.0000000
       1627.4117       1.0015227       1.0016719       0.0000000
       1627.4325       1.0016880       1.0017201       0.0000000
       1627.4534       1.0015607       1.0019975       0.0000000
       1627.4742      0.99879390       1.0008754       0.0000000
       1627.4950       1.0016236       1.0007935       0.0000000
       1627.5159      0.99673659       1.0013305       0.0000000
       1627.5367       1.0019294       1.0021631       0.0000000
       1627.5575       1.0020996       1.0014554       0.0000000
       1627.5784       1.0008533       1.0015519       0.0000000
       1627.5992       1.0014758       1.0024217       0.0000000
       1627.6200       1.0002605       1.0026019       0.0000000
       1627.6409      0.99937695       1.0028665       0.0000000
       1627.6617       1.0007646       1.0017320       0.0000000
       1627.6825       1.0016623       1.0029253       0.0000000
       1627.7034       1.0013596       1.0013834       0.0000000
       1627.7242      0.99999595       1.0018239       0.0000000
       1627.7450      0.99799567       1.0017931       0.0000000
       1627.7659      0.99897617       1.0024645       0.0000000
       1627.7867      0.99872077       1.0022855       0.0000000
       1627.8075      0.99990922       1.0015898       0.0000000
       1627.8284      0.99803376       1.0023090       0.0000000
       1627.8492      0.99999690       1.0010617       0.0000000
       1627.8700      0.99973792       1.0018212       0.0000000
       1627.8909       1.0000000       1.0018836       0.0000000
       1627.9117       1.0000162       1.0016664       0.0000000
       1627.9325      0.99805516       1.0011325       0.0000000
       1627.9534      0.99837846       1.0014944       0.0000000
       1627.9742      0.99909025       1.0006163       0.0000000
       1627.9950      0.99891084       1.0000128       0.0000000
       1628.0159      0.99963021       1.0019538       0.0000000
       1628.0367      0.99814147       1.0010682       0.0000000
       1628.0575      0.99805284       1.0008028       0.0000000
       1628.0784      0.99937993       1.0019400       0.0000000
       1628.0992      0.99768174       1.0000019       0.0000000
       1628.1200      0.83400232      0.83731526       128.00000
       1628.1409      0.99549162      0.99625999       128.00000
       1628.1617      0.99785203      0.99744010       128.00000
       1628.1825      0.99147832      0.99809909       128.00000
       1628.2034      0.99505287      0.99825913       128.00000
       1628.2242       1.0315418      0.99875855       128.00000
       1628.2450      0.99760538       1.0000000       0.0000000
       1628.2659      0.99845582      0.99931097       0.0000000
       1628.2867      0.99446476      0.99683535       128.00000
       1628.3075      0.99546534      0.99693620       128.00000
       1628.3284      0.99604297      0.99894142       128.00000
       1628.3492      0.99901855      0.99864846       128.00000
       1628.3700      0.99666125      0.99796486       128.00000
       1628.3909      0.99746871      0.99609452       128.00000
       1628.4117      0.99873292      0.99797499       128.00000
       1628.4325      0.99768728      0.99767148       0.0000000
       1628.4534      0.99609143      0.99725413       128.00000
       1628.4742      0.99602413      0.99563539       128.00000
       1628.4950      0.99676031      0.99738550       128.00000
       1628.5159      0.99381965      0.99613070       128.00000
       1628.5367      0.99738348      0.99454588       128.00000
       1628.5575      0.99635041      0.99645126       128.00000
       1628.5784      0.99692494      0.99805093       0.0000000
       1628.5992      0.99704868      0.99624306       128.00000
       1628.6200      0.99601758      0.99561733       128.00000
       1628.6409      0.99400920      0.99735087       0.0000000
       1628.6617      0.99610841      0.99620104       0.0000000
       1628.6825      0.99642968      0.99505019       0.0000000
       1628.7034      0.99387640      0.99321812       0.0000000
       1628.7242      0.99090636      0.99080050       128.00000
       1628.7450      0.99409211      0.99419802       0.0000000
       1628.7659      0.99200177      0.99316615       0.0000000
       1628.7867      0.98963577      0.99367541       128.00000
       1628.8075      0.99522090      0.99533105       128.00000
       1628.8284      0.99523848      0.99488991       128.00000
       1628.8492      0.99659252      0.99661601       0.0000000
       1628.8700      0.99296069      0.99721682       0.0000000
       1628.8909      0.99647862      0.99583536       128.00000
       1628.9117      0.99757099      0.99485838       128.00000
       1628.9325      0.99644756      0.99715418       128.00000
       1628.9534      0.99509740      0.99715716       0.0000000
       1628.9742      0.99665457      0.99699473       128.00000
       1628.9950      0.99468535      0.99660987       128.00000
       1629.0159      0.99537492      0.99618948       0.0000000
       1629.0367      0.99660730      0.99761784       0.0000000
       1629.0575      0.99540663      0.99717671       0.0000000
       1629.0784      0.99741316      0.99647593       0.0000000
       1629.0992      0.99601161      0.99592811       0.0000000
       1629.1200      0.99542439      0.99754047       0.0000000
       1629.1409      0.99628228      0.99697465       0.0000000
       1629.1617      0.99630690      0.99770749       0.0000000
       1629.1825      0.99720281      0.99757296       0.0000000
       1629.2034      0.99596232      0.99716425       128.00000
       1629.2242      0.99540430      0.99828106       0.0000000
       1629.2450      0.99687982      0.99839091       0.0000000
       1629.2659      0.99703699      0.99875385       0.0000000
       1629.2867      0.99661708      0.99856657       0.0000000
       1629.3075      0.99563926      0.99726546       0.0000000
       1629.3284      0.99747211      0.99896967       0.0000000
       1629.3492      0.99737966      0.99953717       0.0000000
       1629.3700      0.99770975      0.99878854       0.0000000
       1629.3909      0.99773496       1.0003436       0.0000000
       1629.4117      0.99820423       1.0002902       0.0000000
       1629.4325      0.99711001      0.99970901       0.0000000
       1629.4534      0.99926966       1.0004609       0.0000000
       1629.4742      0.99765271       1.0005373       0.0000000
       1629.4950      0.99744624       1.0010082       0.0000000
       1629.5159      0.99921829       1.0005206       0.0000000
       1629.5367      0.99768120       1.0017172       128.00000
       1629.5575       1.0216891       1.0010369       128.00000
       1629.5784      0.99809515       1.0024387       128.00000
       1629.5992       1.0000832       1.0036749       0.0000000
       1629.6200       1.0006946       1.0030106       128.00000
       1629.6409       1.0153427       1.0044789       128.00000
       1629.6617       1.0019352       1.0038657       0.0000000
       1629.6825       1.0024494       1.0039225       0.0000000
       1629.7034       1.0025095       1.0051268       0.0000000
       1629.7242       1.0010976       1.0056901       0.0000000
       1629.7450       1.0076959       1.0063291       0.0000000
       1629.7659       1.0042937       1.0059655       0.0000000
       1629.7867       1.0021062       1.0066047       0.0000000
       1629.8075       1.0048074       1.0085105       0.0000000
       1629.8284       1.0043728       1.0078505       0.0000000
       1629.8492       1.0049042       1.0086088       0.0000000
       1629.8700       1.0046796       1.0088309       0.0000000
       1629.8909       1.0060339       1.0094111       0.0000000
       1629.9117       1.0044562       1.0100547       0.0000000
       1629.9325       1.0073986       1.0096843       0.0000000
       1629.9534       1.0078934       1.0102192       0.0000000
       1629.9742       1.0080260       1.0100771       0.0000000
       1629.9950       1.0078063       1.0114665       0.0000000
       1630.0159       1.0085014       1.0108547       0.0000000
       1630.0367       1.0084218       1.0109159       0.0000000
       1630.0575       1.0083578       1.0110843       0.0000000
       1630.0784       1.0098519       1.0117983       0.0000000
       1630.0992       1.0089653       1.0116978       0.0000000
       1630.1200       1.0078955       1.0119805       0.0000000
       1630.1409       1.0087202       1.0115099       0.0000000
       1630.1617       1.0086812       1.0120194       0.0000000
       1630.1825       1.0095067       1.0111504       0.0000000
       1630.2034       1.0080807       1.0106319       0.0000000
       1630.2242       1.0078315       1.0108231       0.0000000
       1630.2450       1.0080730       1.0105182       0.0000000
       1630.2659       1.0089538       1.0110667       0.0000000
       1630.2867       1.0072768       1.0095253       0.0000000
       1630.3075       1.0058602       1.0096544       0.0000000
       1630.3284       1.0079445       1.0091141       0.0000000
       1630.3492       1.0066586       1.0092288       0.0000000
       1630.3700       1.0069770       1.0078354       0.0000000
       1630.3909       1.0044459       1.0070986       0.0000000
       1630.4117       1.0051019       1.0070487       0.0000000
       1630.4325       1.0043917       1.0065248       0.0000000
       1630.4534       1.0033106       1.0062032       0.0000000
       1630.4742       1.0032109       1.0063003       0.0000000
       1630.4950       1.0035803       1.0050536       0.0000000
       1630.5159       1.0024761       1.0049435       0.0000000
       1630.5367       1.0018693       1.0043354       0.0000000
       1630.5575       1.0019071       1.0037353       0.0000000
       1630.5784       1.0003101       1.0023967       0.0000000
       1630.5992       1.0018718       1.0029120       0.0000000
       1630.6201       1.0014652       1.0027835       0.0000000
       1630.6409      0.99963087       1.0019565       0.0000000
       1630.6617       1.0002186       1.0016899       0.0000000
       1630.6826       1.0002488       1.0016670       0.0000000
       1630.7034      0.99934930       1.0011997       0.0000000
       1630.7242      0.99902070       1.0003146       0.0000000
       1630.7451      0.99860340      0.99989635       0.0000000
       1630.7659      0.99856555       1.0000911       0.0000000
       1630.7867      0.99823266       1.0005028       0.0000000
       1630.8076      0.99760449      0.99862289       0.0000000
       1630.8284      0.99654770      0.99930322       0.0000000
       1630.8492      0.99711245      0.99936080       0.0000000
       1630.8701      0.99620205      0.99898547       0.0000000
       1630.8909      0.99686217      0.99838871       0.0000000
       1630.9117      0.99657899      0.99840742       0.0000000
       1630.9326      0.99650449      0.99780869       0.0000000
       1630.9534      0.99597627      0.99877077       0.0000000
       1630.9742      0.99474728      0.99784416       0.0000000
       1630.9951      0.99338740      0.99754542       0.0000000
       1631.0159      0.99638349      0.99836659       0.0000000
       1631.0367      0.99583614      0.99798667       0.0000000
       1631.0576      0.99371153      0.99770570       0.0000000
       1631.0784      0.99699092      0.99710655       0.0000000
       1631.0992      0.99321735      0.99669921       128.00000
       1631.1201      0.99224025      0.99478215       0.0000000
       1631.1409      0.98988050      0.99072617       0.0000000
       1631.1617      0.98493654      0.98668718       0.0000000
       1631.1826      0.98050267      0.98239660       0.0000000
       1631.2034      0.97810245      0.97939885       0.0000000
       1631.2242      0.97612232      0.97703111       0.0000000
       1631.2451      0.83396417      0.83241308       128.00000
       1631.2659      0.97272503      0.97395396       128.00000
       1631.2867      0.97859865      0.97716111       0.0000000
       1631.3076      0.98095202      0.98029339       0.0000000
       1631.3284      0.98222464      0.98387438       128.00000
       1631.3492      0.98648250      0.98910511       0.0000000
       1631.3701      0.99240273      0.99358445       0.0000000
       1631.3909      0.99514782      0.99651963       0.0000000
       1631.4117      0.99743521      0.99679047       128.00000
       1631.4326      0.99648196      0.99688148       128.00000
       1631.4534      0.99628967      0.99773049       0.0000000
       1631.4742      0.99752384      0.99768347       0.0000000
       1631.4951      0.99777156      0.99760419       0.0000000
       1631.5159      0.99752152      0.99673635       128.00000
       1631.5367      0.99957317      0.99704546       0.0000000
       1631.5576      0.99767089      0.99806827       0.0000000
       1631.5784      0.99668521      0.99720031       128.00000
       1631.5992      0.99880797      0.99690890       0.0000000
       1631.6201      0.99909753      0.99738485       0.0000000
       1631.6409      0.99959618      0.99735445       0.0000000
       1631.6617      0.99962115      0.99728620       0.0000000
       1631.6826      0.99979502      0.99707752       128.00000
       1631.7034      0.99877506      0.99769503       0.0000000
       1631.7242      0.99881995      0.99785244       0.0000000
       1631.7451       1.0000396      0.99661833       128.00000
       1631.7659      0.99997628      0.99756289       128.00000
       1631.7867       1.0007142      0.99879014       0.0000000
       1631.8076      0.99964529      0.99707317       128.00000
       1631.8284       1.0006315      0.99749535       128.00000
       1631.8492      0.99878848      0.99880064       0.0000000
       1631.8701       1.0007300      0.99794418       0.0000000
       1631.8909      0.99724162      0.99769849       128.00000
       1631.9117      0.99916792      0.99904919       0.0000000
       1631.9326       1.0266252      0.99745113       128.00000
       1631.9534      0.99920404      0.99789900       0.0000000
       1631.9742       1.0003414      0.99906898       0.0000000
       1631.9951      0.99921924      0.99792600       0.0000000
       1632.0159      0.99912530      0.99691081       128.00000
       1632.0367      0.99930245      0.99889547       0.0000000
       1632.0576       1.0334352      0.99922639       128.00000
       1632.0784       1.0004977      0.99916035       128.00000
       1632.0992      0.99717861      0.99914265       128.00000
       1632.1201       1.0019606      0.99891222       0.0000000
       1632.1409      0.99927306       1.0001523       0.0000000
       1632.1617      0.99797875      0.99834871       128.00000
       1632.1826       1.0025283       1.0003966       0.0000000
       1632.2034       1.0012378       1.0002146       128.00000
       1632.2242      0.99879360       1.0005189       0.0000000
       1632.2451       1.0014850       1.0005370       128.00000
       1632.2659       1.0014340      0.99911541       128.00000
       1632.2867      0.99858493       1.0008506       0.0000000
       1632.3076       1.0004710      0.99948639       0.0000000
       1632.3284       1.0011469       1.0012804       0.0000000
       1632.3492      0.99938846       1.0007511       0.0000000
       1632.3701       1.0022874       1.0002462       0.0000000
       1632.3909       1.0010571       1.0018708       0.0000000
       1632.4117      0.99926150       1.0018764       0.0000000
       1632.4326       1.0012809       1.0019442       0.0000000
       1632.4534      0.99995852       1.0020149       0.0000000
       1632.4742      0.99996156       1.0015377       0.0000000
       1632.4950       1.0010128       1.0007349       0.0000000
       1632.5159       1.0015867       1.0009333       0.0000000
       1632.5367       1.0017097       1.0005167       0.0000000
       1632.5575      0.99991953       1.0003417       0.0000000
       1632.5784       1.0000441       1.0008016       128.00000
       1632.5992      0.99923956       1.0022701       0.0000000
       1632.6200      0.99929810       1.0006398       0.0000000
       1632.6409       1.0026301       1.0011592       0.0000000
       1632.6617      0.99979240       1.0017364       0.0000000
       1632.6825       1.0024049       1.0018176       0.0000000
       1632.7034      0.99872315       1.0020274       0.0000000
       1632.7242      0.99934107       1.0015907       0.0000000
       1632.7450       1.0007781       1.0018176       0.0000000
       1632.7659      0.99852979       1.0017016       0.0000000
       1632.7867       1.0014659       1.0022751       0.0000000
       1632.8075      0.99820107       1.0009216       128.00000
       1632.8284       1.0008553       1.0020604       0.0000000
       1632.8492      0.99840486       1.0013037       0.0000000
       1632.8700      0.99984133       1.0010589       0.0000000
       1632.8909       1.0004903       1.0023618       0.0000000
       1632.9117       1.0012969       1.0012574       0.0000000
       1632.9325       1.0011225       1.0022056       0.0000000
       1632.9534       1.0006164       1.0018940       0.0000000
       1632.9742      0.99963140       1.0020678       0.0000000
       1632.9950      0.99860501       1.0010958       0.0000000
       1633.0159       1.0009274       1.0013534       0.0000000
       1633.0367       1.0230172       1.0010170       128.00000
       1633.0575       1.0135436       1.0019486       128.00000
       1633.0784       1.0009692       1.0012854       0.0000000
       1633.0992       1.0000093       1.0003319       0.0000000
       1633.1200      0.99976641       1.0019735       0.0000000
       1633.1409      0.99861598       1.0014586       0.0000000
       1633.1617       1.0005749       1.0019584       0.0000000
       1633.1825       1.0000391       1.0010717       0.0000000
       1633.2034       1.0013715       1.0012032       0.0000000
       1633.2242       1.0005894       1.0012621       0.0000000
       1633.2450       1.0012921       1.0009811       0.0000000
       1633.2659       1.0008230       1.0017070       0.0000000
       1633.2867       1.0001904       1.0012447       0.0000000
       1633.3075       1.0012833       1.0012795       0.0000000
       1633.3284       1.0007536       1.0010895       0.0000000
       1633.3492       1.0006831       1.0008466       0.0000000
       1633.3700       1.0018913       1.0012661       0.0000000
       1633.3909       1.0012289       1.0021633       0.0000000
       1633.4117       1.0005358       1.0010909       0.0000000
       1633.4325       1.0005935       1.0011641       0.0000000
       1633.4534       1.0012574       1.0013009       0.0000000
       1633.4742       1.0005056       1.0007470       0.0000000
       1633.4950       1.0012628       1.0010865       0.0000000
       1633.5159       1.0010301       1.0004154       0.0000000
       1633.5367       1.0025334       1.0005528       0.0000000
       1633.5575       1.0009438       1.0007435       0.0000000
       1633.5784       1.0023700       1.0010096       0.0000000
       1633.5992      0.99973345       1.0009058       0.0000000
       1633.6200       1.0016651       1.0008798       0.0000000
       1633.6409       1.0004270       1.0012406       0.0000000
       1633.6617       1.0009639      0.99997491       0.0000000
       1633.6825       1.0003181       1.0008703       0.0000000
       1633.7034       1.0007650       1.0004327       0.0000000
       1633.7242      0.99991584      0.99956471       0.0000000
       1633.7450       1.0011129       1.0017085       0.0000000
       1633.7659       1.0003753       1.0007154       0.0000000
       1633.7867       1.0013342       1.0005018       0.0000000
       1633.8075       1.0015198       1.0016346       0.0000000
       1633.8284       1.0007629       1.0007790       0.0000000
       1633.8492       1.0001171       1.0001973       0.0000000
       1633.8700       1.0005717       1.0003932       0.0000000
       1633.8909       1.0017687       1.0002300       0.0000000
       1633.9117       1.0008998       1.0002295       0.0000000
       1633.9325       1.0008320       1.0010902       0.0000000
       1633.9534       1.0004889       1.0004613       0.0000000
       1633.9742       1.0015262      0.99983114       0.0000000
       1633.9950       1.0013201       1.0002832       0.0000000
       1634.0159       1.0014962       1.0006543       0.0000000
       1634.0367       1.0010512       1.0007254       0.0000000
       1634.0575      0.99946302       1.0009956       0.0000000
       1634.0784       1.0007772      0.99936694       0.0000000
       1634.0992       1.0006350       1.0003597       0.0000000
       1634.1200       1.0016435       1.0007846       0.0000000
       1634.1409       1.0007579      0.99924058       0.0000000
       1634.1617       1.0006157       1.0001874       0.0000000
       1634.1825       1.0010009       1.0002853       0.0000000
       1634.2034       1.0006942       1.0000162       0.0000000
       1634.2242       1.0013208      0.99994165       0.0000000
       1634.2450      0.99992687      0.99966508       0.0000000
       1634.2659       1.0010483      0.99998569       0.0000000
       1634.2867       1.0017185      0.99978298       0.0000000
       1634.3075      0.99985200      0.99925190       0.0000000
       1634.3284       1.0008223       1.0002072       0.0000000
       1634.3492       1.0008823      0.99867791       0.0000000
       1634.3700      0.86018187      0.85891992       128.00000
       1634.3909       1.0014642      0.99777800       128.00000
       1634.4117       1.0017649      0.99904841       0.0000000
       1634.4325       1.0008682      0.99864841       0.0000000
       1634.4534       1.0023261      0.99812722       0.0000000
       1634.4742       1.0011365      0.99770486       0.0000000
       1634.4950       1.0011905      0.99808711       0.0000000
       1634.5159       1.0002350      0.99873489       0.0000000
       1634.5367       1.0019963      0.99770135       0.0000000
       1634.5575       1.0014973      0.99802285       0.0000000
       1634.5784       1.0010760      0.99633133       0.0000000
       1634.5992       1.0020158      0.99738228       0.0000000
       1634.6200       1.0014075      0.99749207       0.0000000
       1634.6409       1.0015738      0.99728322       0.0000000
       1634.6617       1.0027167      0.99788535       0.0000000
       1634.6825       1.0010235      0.99797577       0.0000000
       1634.7034       1.0014318      0.99760884       0.0000000
       1634.7242       1.0019685      0.99769425       0.0000000
       1634.7450       1.0052460      0.99704093       0.0000000
       1634.7659       1.0015303      0.99713457       0.0000000
       1634.7867       1.0017192      0.99705464       0.0000000
       1634.8075       1.0012330      0.99681997       0.0000000
       1634.8284       1.0004342      0.99700785       0.0000000
       1634.8492       1.0022608      0.99868828       0.0000000
       1634.8700      0.99870342      0.99707544       0.0000000
       1634.8909      0.99994171      0.99725538       0.0000000
       1634.9117       1.0007166      0.99759054       0.0000000
       1634.9325       1.0005203      0.99747914       0.0000000
       1634.9534      0.99760675      0.99687880       0.0000000
       1634.9742       1.0002755      0.99681407       0.0000000
       1634.9950      0.99984592      0.99813348       0.0000000
       1635.0159      0.99899650      0.99725074       128.00000
       1635.0367       1.0005723      0.99695069       0.0000000
       1635.0575       1.0007294      0.99675286       0.0000000
       1635.0784      0.99969226      0.99661523       0.0000000
       1635.0992      0.99938697      0.99691790       128.00000
       1635.1200      0.99900228      0.99660593       0.0000000
       1635.1409       1.0011801      0.99681795       128.00000
       1635.1617      0.99966800      0.99702269       0.0000000
       1635.1825       1.0000787      0.99667794       0.0000000
       1635.2034      0.99994862      0.99733359       0.0000000
       1635.2242      0.99994564      0.99734461       128.00000
       1635.2450      0.99866533      0.99686009       0.0000000
       1635.2659       1.0007783      0.99593401       0.0000000
       1635.2867      0.99965894      0.99637514       0.0000000
       1635.3075       1.0009487      0.99715060       128.00000
       1635.3284       1.0012603      0.99748361       128.00000
       1635.3492      0.99888891      0.99619251       0.0000000
       1635.3700      0.99892801      0.99632668       128.00000
       1635.3909       1.0002580      0.99700946       0.0000000
       1635.4117       1.0004189      0.99593592       0.0000000
       1635.4325       1.0000373      0.99601924       0.0000000
       1635.4534      0.99865341      0.99605936       0.0000000
       1635.4742       1.0007750      0.99710423       0.0000000
       1635.4950       1.0001403      0.99631590       0.0000000
       1635.5159      0.99864739      0.99566400       0.0000000
       1635.5367      0.99954808      0.99635470       0.0000000
       1635.5575       1.0008481      0.99627650       0.0000000
       1635.5784      0.99928629      0.99632305       0.0000000
       1635.5992       1.0003822      0.99614817       128.00000
       1635.6200       1.0001681      0.99579078       0.0000000
       1635.6409      0.99969184      0.99676681       0.0000000
       1635.6617       1.0000192      0.99596280       0.0000000
       1635.6825      0.99789226      0.99554807       0.0000000
       1635.7034      0.99862099      0.99598813       0.0000000
       1635.7242      0.99868709      0.99548435       128.00000
       1635.7450       1.0006973      0.99516165       0.0000000
       1635.7659       1.0016326      0.99562228       0.0000000
       1635.7867      0.99736071      0.99558789       0.0000000
       1635.8075      0.99930674      0.99567395       0.0000000
       1635.8284      0.99777097      0.99456728       0.0000000
       1635.8492      0.99901521      0.99478960       128.00000
       1635.8700       1.0000516      0.99532789       0.0000000
       1635.8909      0.99832207      0.99526942       0.0000000
       1635.9117      0.99871433      0.99472302       0.0000000
       1635.9325      0.99808699      0.99491906       0.0000000
       1635.9534      0.99801135      0.99463725       0.0000000
       1635.9742      0.99854231      0.99451691       0.0000000
       1635.9950      0.99808389      0.99462521       0.0000000
       1636.0159      0.99914742      0.99421573       0.0000000
       1636.0367      0.99784583      0.99498838       0.0000000
       1636.0575      0.99719244      0.99372369       0.0000000
       1636.0784      0.99865586      0.99487036       0.0000000
       1636.0992      0.99817747      0.99446523       0.0000000
       1636.1200      0.99928766      0.99447095       0.0000000
       1636.1409      0.99806422      0.99389446       0.0000000
       1636.1617      0.99649894      0.99358457       0.0000000
       1636.1825      0.99708265      0.99401015       0.0000000
       1636.2034      0.99651676      0.99202579       0.0000000
       1636.2242      0.99357736      0.99210542       0.0000000
       1636.2450      0.99374551      0.98953331       0.0000000
       1636.2659      0.99312198      0.98941892       0.0000000
       1636.2867      0.99350923      0.99005407       0.0000000
       1636.3075      0.99371094      0.99055421       0.0000000
       1636.3284      0.99529392      0.99180043       0.0000000
       1636.3492      0.99676466      0.99265081       0.0000000
       1636.3700      0.99665827      0.99313360       0.0000000
       1636.3909      0.99708533      0.99282843       0.0000000
       1636.4117      0.99700570      0.99283022       0.0000000
       1636.4325      0.99733168      0.99244797       0.0000000
       1636.4534      0.99628282      0.99230969       0.0000000
       1636.4742      0.99657208      0.99222714       0.0000000
       1636.4950      0.99697912      0.99301010       0.0000000
       1636.5159      0.99778682      0.99304044       0.0000000
       1636.5367      0.99584770      0.99247557       0.0000000
       1636.5575      0.99638021      0.99330837       0.0000000
       1636.5784      0.99679834      0.99279243       0.0000000
       1636.5992      0.99734539      0.99264294       0.0000000
       1636.6200      0.99717194      0.99176729       0.0000000
       1636.6409      0.99656260      0.99173617       0.0000000
       1636.6617      0.99667048      0.99265575       0.0000000
       1636.6825      0.99624985      0.99256718       0.0000000
       1636.7034      0.99725556      0.99240470       0.0000000
       1636.7242      0.99716437      0.99244469       0.0000000
       1636.7450      0.99738371      0.99242479       0.0000000
       1636.7659      0.99754351      0.99188501       0.0000000
       1636.7867      0.99670488      0.99191529       0.0000000
       1636.8075      0.99752480      0.99327052       0.0000000
       1636.8284      0.99822861      0.99248123       0.0000000
       1636.8492      0.99809051      0.99301773       0.0000000
       1636.8700      0.99795556      0.99214870       0.0000000
       1636.8909      0.99851936      0.99344093       0.0000000
       1636.9117      0.99733007      0.99320590       0.0000000
       1636.9325      0.99850309      0.99295503       0.0000000
       1636.9534      0.99930030      0.99379051       0.0000000
       1636.9742      0.99894756      0.99350613       0.0000000
       1636.9950       1.0010550      0.99462008       0.0000000
       1637.0159       1.0006639      0.99470627       0.0000000
       1637.0367       1.0008245      0.99405915       128.00000
       1637.0575       1.0007101      0.99484909       0.0000000
       1637.0784       1.0020705      0.99562418       0.0000000
       1637.0992       1.0042375      0.99543142       0.0000000
       1637.1200       1.0017871      0.99599999       0.0000000
       1637.1409       1.0022181      0.99633014       0.0000000
       1637.1617       1.0021724      0.99658686       0.0000000
       1637.1825       1.0026554      0.99674493       0.0000000
       1637.2034       1.0028625      0.99719930       0.0000000
       1637.2242       1.0045637      0.99783897       0.0000000
       1637.2450       1.0040843      0.99816447       0.0000000
       1637.2659       1.0041071      0.99794400       0.0000000
       1637.2867       1.0053055      0.99820060       0.0000000
       1637.3075       1.0047503      0.99840873       0.0000000
       1637.3284       1.0062302      0.99971694       0.0000000
       1637.3492       1.0061028       1.0005121       0.0000000
       1637.3700       1.0070903       1.0010550       0.0000000
       1637.3909       1.0068820       1.0011854       0.0000000
       1637.4117       1.0342295       1.0017053       128.00000
       1637.4325       1.0079687       1.0016885       0.0000000
       1637.4534       1.0082239       1.0020764       0.0000000
       1637.4742       1.0085913       1.0011295       0.0000000
       1637.4950      0.84464604      0.83806008       128.00000
       1637.5159       1.0079980       1.0000321       128.00000
       1637.5367       1.0066574      0.99815750       128.00000
       1637.5575       1.0093977       1.0033197       128.00000
       1637.5784       1.0081370       1.0012621       128.00000
       1637.5992       1.0077451       1.0025811       0.0000000
       1637.6200       1.0086125       1.0009624       128.00000
       1637.6409       1.0078081       1.0033050       0.0000000
       1637.6617       1.0088233       1.0027757       128.00000
       1637.6825       1.0092365       1.0037485       0.0000000
       1637.7034       1.0100373       1.0036546       128.00000
       1637.7242       1.0085628       1.0039762       128.00000
       1637.7450       1.0088916       1.0029931       128.00000
       1637.7659       1.0092179       1.0027609       128.00000
       1637.7867       1.0092522       1.0033791       0.0000000
       1637.8075       1.0080632       1.0011032       128.00000
       1637.8284       1.0074167       1.0021112       0.0000000
       1637.8492       1.0068442       1.0020610       128.00000
       1637.8700       1.0057604       1.0017303       128.00000
       1637.8909       1.0075969       1.0013201       0.0000000
       1637.9117       1.0076797       1.0001727       0.0000000
       1637.9325       1.0064486      0.99989533       0.0000000
       1637.9534       1.0054733      0.99855554       128.00000
       1637.9742       1.0050815      0.99861038       0.0000000
       1637.9950       1.0057193      0.99809116       0.0000000
       1638.0159       1.0046803      0.99830157       128.00000
       1638.0367       1.0031375      0.99688751       128.00000
       1638.0575       1.0038720      0.99529040       128.00000
       1638.0784       1.0032799      0.99437481       128.00000
       1638.0992       1.0036414      0.99514961       0.0000000
       1638.1200       1.0015091      0.99392354       128.00000
       1638.1409       1.0023401      0.99450046       0.0000000
       1638.1617       1.0013329      0.99350339       0.0000000
       1638.1825       1.0016185      0.99385208       0.0000000
       1638.2034       1.0014809      0.99340516       0.0000000
       1638.2242      0.99846709      0.99134684       128.00000
       1638.2450       1.0019577      0.99118644       128.00000
       1638.2659       1.0006094      0.99210232       128.00000
       1638.2867      0.99969673      0.99105948       0.0000000
       1638.3075       1.0002823      0.99155676       0.0000000
       1638.3284      0.99868184      0.99050891       128.00000
       1638.3492       1.0005239      0.99042976       0.0000000
       1638.3700       1.0011529      0.98927671       128.00000
       1638.3909      0.99757141      0.98932523       128.00000
       1638.4117       1.0024230      0.98975629       0.0000000
       1638.4325       1.0002162      0.98971730       0.0000000
       1638.4533      0.99990380      0.98919731       0.0000000
       1638.4742      0.99851274      0.98849857       128.00000
       1638.4950      0.99850219      0.98845005       128.00000
       1638.5158       1.0009007      0.98798335       128.00000
       1638.5367       1.0003607      0.98920929       0.0000000
       1638.5575       1.0003420      0.98773402       0.0000000
       1638.5783       1.0240101      0.98749977       128.00000
       1638.5992      0.99904293      0.98759824       0.0000000
       1638.6200      0.99794692      0.98790026       0.0000000
       1638.6408      0.99997306      0.98682016       0.0000000
       1638.6617      0.99605620      0.98361462       0.0000000
       1638.6825      0.99237990      0.97905916       0.0000000
       1638.7033      0.98750985      0.97544479       0.0000000
       1638.7242      0.98506135      0.97105098       0.0000000
       1638.7450      0.98198223      0.96754098       0.0000000
       1638.7658      0.98112488      0.96728975       0.0000000
       1638.7867      0.98048115      0.96598792       0.0000000
       1638.8075      0.98205471      0.96740633       0.0000000
       1638.8283      0.98248535      0.96881688       0.0000000
       1638.8492      0.98823375      0.97125041       0.0000000
       1638.8700      0.99361205      0.97523612       0.0000000
       1638.8908      0.99689537      0.98010242       0.0000000
       1638.9117       1.0009962      0.98401350       0.0000000
       1638.9325       1.0043421      0.98547655       0.0000000
       1638.9533       1.0585004      0.98689032       128.00000
       1638.9742       1.0052103      0.98679143       0.0000000
       1640.0575      0.98311532       1.0037597       0.0000000
       1640.0783      0.98121685       1.0051436       0.0000000
       1640.0992      0.98155934       1.0056700       0.0000000
       1640.1200      0.97779804       1.0041289       128.00000
       1640.1408      0.97997445       1.0054671       128.00000
       1640.1617      0.97930557       1.0054144       0.0000000
       1640.1825      0.97991085       1.0062844       0.0000000
       1640.2033      0.97914529       1.0058274       0.0000000
       1640.2242      0.97913814       1.0054828       0.0000000
       1640.2450      0.97845125       1.0039295       128.00000
       1640.2658      0.97795707       1.0052619       0.0000000
       1640.2867      0.98181367       1.0055214       0.0000000
       1640.3075      0.98090792       1.0047404       0.0000000
       1640.3283      0.97795868       1.0038478       128.00000
       1640.3492      0.98285955       1.0044050       0.0000000
       1640.3700      0.98482507       1.0052508       128.00000
       1640.3908      0.98501503       1.0051188       0.0000000
       1640.4117      0.98569500       1.0044639       0.0000000
       1640.4325      0.98463541       1.0039443       128.00000
       1640.4533      0.98637396       1.0049309       0.0000000
       1640.4742      0.98761135       1.0041056       0.0000000
       1640.4950      0.98599541       1.0032481       128.00000
       1640.5158      0.98777014       1.0032694       0.0000000
       1640.5367      0.98767006       1.0033079       0.0000000
       1640.5575      0.99006832       1.0030893       0.0000000
       1640.5783      0.99027836       1.0033977       0.0000000
       1640.5992      0.99156678       1.0037404       0.0000000
       1640.6200      0.99261779       1.0036786       0.0000000
       1640.6408      0.99291849       1.0034487       0.0000000
       1640.6617      0.99355507       1.0039085       0.0000000
       1640.6825      0.99651545       1.0047262       0.0000000
       1640.7033      0.99560297       1.0040847       0.0000000
       1640.7242      0.99618983       1.0039482       0.0000000
       1640.7450      0.99503380       1.0036519       128.00000
       1640.7658      0.99804932       1.0028298       128.00000
       1640.7867      0.99615794       1.0031142       0.0000000
       1640.8075      0.99663389       1.0032194       0.0000000
       1640.8283      0.99733061       1.0034881       0.0000000
       1640.8492      0.99732745       1.0031663       0.0000000
       1640.8700      0.99804825       1.0030974       0.0000000
       1640.8908      0.99691182       1.0033602       128.00000
       1640.9117      0.99881309       1.0037020       0.0000000
       1640.9325      0.99792629       1.0028484       0.0000000
       1640.9533      0.99778217       1.0022303       0.0000000
       1640.9742      0.99790335       1.0028651       128.00000
       1640.9950       1.0005354       1.0033330       0.0000000
       1641.0158      0.99946666       1.0031376       0.0000000
       1641.0367       1.0002917       1.0034533       0.0000000
       1641.0575      0.99803239       1.0023490       0.0000000
       1641.0783       1.0005298       1.0031288       0.0000000
       1641.0992       1.0004719       1.0034448       0.0000000
       1641.1200      0.99895966       1.0022731       0.0000000
       1641.1408       1.0011413       1.0031018       0.0000000
       1641.1617      0.99955153       1.0030446       0.0000000
       1641.1825       1.0006469       1.0025315       0.0000000
       1641.2033       1.0006618       1.0024699       0.0000000
       1641.2241       1.0009849       1.0029386       0.0000000
       1641.2450       1.0012032       1.0032685       0.0000000
       1641.2658       1.0009630       1.0026416       0.0000000
       1641.2866       1.0009263       1.0023832       0.0000000
       1641.3075      0.99883878       1.0019273       0.0000000
       1641.3283       1.0009856       1.0028239       0.0000000
       1641.3491       1.0011433       1.0030366       0.0000000
       1641.3700       1.0010265       1.0022382       0.0000000
       1641.3908       1.0025923       1.0027449       0.0000000
       1641.4116       1.0007370       1.0019273       0.0000000
       1641.4325       1.0009342       1.0028980       0.0000000
       1641.4533       1.0006238       1.0024695       0.0000000
       1641.4741       1.0019734       1.0027320       0.0000000
       1641.4950       1.0003458       1.0021987       0.0000000
       1641.5158       1.0009205       1.0016720       0.0000000
       1641.5366       1.0019457       1.0025666       0.0000000
       1641.5575       1.0023807       1.0020537       0.0000000
       1641.5783       1.0026872       1.0028325       0.0000000
       1641.5991       1.0021766       1.0029391       0.0000000
       1641.6200       1.0012485       1.0017928       0.0000000
       1641.6408       1.0014967       1.0019644       0.0000000
       1641.6616       1.0009726       1.0021200       0.0000000
       1641.6825       1.0011176       1.0018969       0.0000000
       1641.7033       1.0020819       1.0025443       0.0000000
       1641.7241       1.0016582       1.0022032       0.0000000
       1641.7450       1.0020024       1.0023592       0.0000000
       1641.7658       1.0002940       1.0014846       0.0000000
       1641.7866       1.0019895       1.0023266       0.0000000
       1641.8075       1.0006971       1.0011998       0.0000000
       1641.8283       1.0015795       1.0017574       0.0000000
       1641.8491       1.0001968       1.0011238       0.0000000
       1641.8700       1.0011533       1.0022317       0.0000000
       1641.8908       1.0000000       1.0023490       0.0000000
       1641.9116       1.0010930       1.0022221       0.0000000
       1641.9325       1.0015266       1.0024273       0.0000000
       1641.9533       1.0013752       1.0022869       0.0000000
       1641.9741       1.0015229       1.0018089       0.0000000
       1641.9950       1.0012342       1.0015988       0.0000000
       1642.0158       1.0025957       1.0013258       0.0000000
       1642.0366       1.0022130       1.0018507       0.0000000
       1642.0575       1.0016897       1.0016178       0.0000000
       1642.0783       1.0011041       1.0015697       0.0000000
       1642.0991       1.0023289       1.0018013       0.0000000
       1642.1200       1.0003109       1.0003833       0.0000000
       1642.1408       1.0084276       1.0013741       128.00000
       1642.1616       1.0010611       1.0011514       0.0000000
       1642.1825       1.0019855       1.0017117       0.0000000
       1642.2033       1.0029336       1.0014212       0.0000000
       1642.2241       1.0016078       1.0015197       0.0000000
       1642.2450       1.0006719       1.0008221       0.0000000
       1642.2658       1.0010906       1.0007793       0.0000000
       1642.2866       1.0013019       1.0012517       0.0000000
       1642.3075       1.0012710       1.0012735       0.0000000
       1642.3283       1.0006381       1.0006982       0.0000000
       1642.3491       1.0010948       1.0013016       0.0000000
       1642.3700       1.0008814       1.0007023       0.0000000
       1642.3908       1.0001080       1.0009668       0.0000000
       1642.4116       1.0000377       1.0002962       0.0000000
       1642.4325       1.0005652       1.0009333       0.0000000
       1642.4533       1.0004102       1.0010515       0.0000000
       1642.4741      0.99979228       1.0003080       0.0000000
       1642.4950       1.0009793       1.0013039       0.0000000
       1642.5158       1.0002408       1.0006126       0.0000000
       1642.5366      0.99993956       1.0005108       0.0000000
       1642.5575      0.99949151       1.0003254       0.0000000
       1642.5783      0.99923295      0.99995857       0.0000000
       1642.5991      0.99942207       1.0001400       0.0000000
       1642.6200      0.99957836       1.0003111       0.0000000
       1642.6408      0.99853510      0.99959934       0.0000000
       1642.6616      0.99858415      0.99930084       0.0000000
       1642.6825      0.99894804      0.99984586       0.0000000
       1642.7033      0.99897325      0.99935663       0.0000000
       1642.7241      0.99935156       1.0000594       0.0000000
       1642.7450      0.99993002      0.99983978       0.0000000
       1642.7658      0.99937230      0.99970061       0.0000000
       1642.7866      0.99850202      0.99910200       0.0000000
       1642.8075      0.99855816      0.99924749       0.0000000
       1642.8283      0.99949884      0.99953550       0.0000000
       1642.8491      0.99889612      0.99943829       0.0000000
       1642.8700      0.99858415      0.99941665       0.0000000
       1642.8908       1.0002688       1.0002776       0.0000000
       1642.9116      0.99899572      0.99916953       0.0000000
       1642.9325      0.99821395      0.99876940       0.0000000
       1642.9533      0.99845821      0.99875820       0.0000000
       1642.9741      0.99887586      0.99944234       0.0000000
       1642.9950      0.99790645      0.99847603       0.0000000
       1643.0158      0.99890327      0.99972552       0.0000000
       1643.0366      0.99734360      0.99822706       0.0000000
       1643.0575      0.99780232      0.99852353       0.0000000
       1643.0783      0.99795538      0.99907106       0.0000000
       1643.0991      0.99759603      0.99859196       0.0000000
       1643.1200      0.99793410      0.99871236       0.0000000
       1643.1408      0.99748605      0.99818724       0.0000000
       1643.1616      0.99835807      0.99910688       0.0000000
       1643.1825      0.99869180      0.99810451       0.0000000
       1643.2033      0.86383295      0.86449718       128.00000
       1643.2241      0.99420959      0.99721920       128.00000
       1643.2450      0.99608362      0.99755639       128.00000
       1643.2658       1.0012434      0.99884021       0.0000000
       1643.2866      0.99757338      0.99887800       0.0000000
       1643.3075      0.99773175      0.99735028       128.00000
       1643.3283      0.99718332      0.99762499       0.0000000
       1643.3491      0.99640763      0.99678826       128.00000
       1643.3700      0.99688590      0.99701440       0.0000000
       1643.3908      0.99548334      0.99779469       0.0000000
       1643.4116      0.99748319      0.99771047       0.0000000
       1643.4324      0.99722117      0.99790430       0.0000000
       1643.4533      0.99689311      0.99739927       0.0000000
       1643.4741      0.99579275      0.99783927       0.0000000
       1643.4949      0.99703509      0.99719411       0.0000000
       1643.5158      0.99681664      0.99792445       0.0000000
       1643.5366      0.99764806      0.99734730       0.0000000
       1643.5574      0.99847925      0.99744058       0.0000000
       1643.5783      0.99654430      0.99757731       0.0000000
       1643.5991      0.99648780      0.99722916       0.0000000
       1643.6199      0.99866211      0.99782181       0.0000000
       1643.6408      0.99702001      0.99766535       0.0000000
       1643.6616      0.99628359      0.99657995       0.0000000
       1643.6824      0.99627739      0.99676615       0.0000000
       1643.7033      0.99569821      0.99646729       0.0000000
       1643.7241      0.99437511      0.99550712       0.0000000
       1643.7449      0.99319601      0.99470311       0.0000000
       1643.7658      0.99301267      0.99345952       0.0000000
       1643.7866      0.99242961      0.99330264       0.0000000
       1643.8074      0.99200380      0.99254948       0.0000000
       1643.8283      0.99275362      0.99311447       0.0000000
       1643.8491      0.99237990      0.99324781       0.0000000
       1643.8699      0.99386704      0.99469608       0.0000000
       1643.8908      0.99583799      0.99643499       0.0000000
       1643.9116      0.99619508      0.99612480       0.0000000
       1643.9324      0.99522501      0.99607980       0.0000000
       1643.9533      0.99660546      0.99661815       0.0000000
       1643.9741      0.99655080      0.99673563       0.0000000
       1643.9949      0.99611223      0.99644542       0.0000000
       1644.0158      0.99593043      0.99663693       0.0000000
       1644.0366      0.99573660      0.99597871       0.0000000
       1644.0574      0.99487793      0.99569088       0.0000000
       1644.0783      0.99608731      0.99581444       0.0000000
       1644.0991      0.99596936      0.99600828       0.0000000
       1644.1199      0.99529862      0.99631280       0.0000000
       1644.1408      0.99580604      0.99651557       0.0000000
       1644.1616      0.99528772      0.99608022       0.0000000
       1644.1824      0.99604028      0.99666166       0.0000000
       1644.2033      0.99568820      0.99664396       0.0000000
       1644.2241      0.99541312      0.99584448       0.0000000
       1644.2449      0.99666619      0.99671942       0.0000000
       1644.2658      0.99641943      0.99704516       0.0000000
       1644.2866      0.99664736      0.99702698       0.0000000
       1644.3074      0.99669331      0.99719459       0.0000000
       1644.3283      0.99671990      0.99727267       0.0000000
       1644.3491      0.99680394      0.99752688       0.0000000
       1644.3699      0.99726224      0.99761003       0.0000000
       1644.3908      0.99655217      0.99743360       0.0000000
       1644.4116      0.99781358      0.99797380       0.0000000
       1644.4324      0.99680215      0.99756140       0.0000000
       1644.4533      0.99684203      0.99839675       0.0000000
       1644.4741      0.99713343      0.99780226       0.0000000
       1644.4949      0.99907494      0.99924916       0.0000000
       1644.5158      0.99857777      0.99939722       0.0000000
       1644.5366      0.99894488      0.99969274       0.0000000
       1644.5574      0.99811727      0.99907327       0.0000000
       1644.5783      0.99901563      0.99954790       0.0000000
       1644.5991      0.99885255      0.99973732       0.0000000
       1644.6199      0.99873954       1.0000318       0.0000000
       1644.6408       1.0017451       1.0010370       0.0000000
       1644.6616       1.0013207       1.0024220       0.0000000
       1644.6824       1.0010909       1.0017782       0.0000000
       1644.7033       1.0026017       1.0027336       0.0000000
       1644.7241       1.0012764       1.0022411       0.0000000
       1644.7449       1.0026380       1.0031114       0.0000000
       1644.7658       1.0024089       1.0033417       0.0000000
       1644.7866       1.0040114       1.0043437       0.0000000
       1644.8074       1.0039754       1.0042492       0.0000000
       1644.8283       1.0035111       1.0048877       0.0000000
       1644.8491       1.0054688       1.0053219       0.0000000
       1644.8699       1.0043281       1.0056221       0.0000000
       1644.8908       1.0057184       1.0056548       0.0000000
       1644.9116       1.0046388       1.0063590       0.0000000
       1644.9324       1.0064809       1.0069060       0.0000000
       1644.9533       1.0049102       1.0068902       0.0000000
       1644.9741       1.0059626       1.0071837       0.0000000
       1644.9949       1.0064634       1.0076438       0.0000000
       1645.0158       1.0063688       1.0078191       0.0000000
       1645.0366       1.0052723       1.0075715       0.0000000
       1645.0574       1.0065662       1.0083799       0.0000000
       1645.0783       1.0083725       1.0089607       0.0000000
       1645.0991       1.0062096       1.0088927       0.0000000
       1645.1199       1.0076671       1.0092676       0.0000000
       1645.1408       1.0081404       1.0092187       0.0000000
       1645.1616       1.0084670       1.0092344       0.0000000
       1645.1824       1.0080029       1.0087856       0.0000000
       1645.2033       1.0097722       1.0098217       0.0000000
       1645.2241       1.0080215       1.0093515       0.0000000
       1645.2449       1.0089474       1.0091002       0.0000000
       1645.2657       1.0064231       1.0088593       0.0000000
       1645.2866       1.0072162       1.0082377       0.0000000
       1645.3074       1.0085644       1.0095009       0.0000000
       1645.3282       1.0073590       1.0085782       0.0000000
       1645.3491       1.0081345       1.0088565       0.0000000
       1645.3699       1.0077180       1.0081205       0.0000000
       1645.3907       1.0460603       1.0074639       128.00000
       1645.4116       1.0052599       1.0072603       0.0000000
       1645.4324       1.0048622       1.0065076       0.0000000
       1645.4532       1.0045891       1.0060174       0.0000000
       1645.4741       1.0058035       1.0068058       0.0000000
       1645.4949       1.0045556       1.0056870       0.0000000
       1645.5157       1.0043050       1.0049151       0.0000000
       1645.5366       1.0028332       1.0038726       0.0000000
       1645.5574       1.0028327       1.0041651       0.0000000
       1645.5782       1.0021505       1.0031713       0.0000000
       1645.5991       1.0019785       1.0028645       0.0000000
       1645.6199       1.0004957       1.0022119       0.0000000
       1645.6407       1.0005736       1.0012542       0.0000000
       1645.6616       1.0009891       1.0015745       0.0000000
       1645.6824      0.99988151       1.0016670       0.0000000
       1645.7032      0.99724382      0.99986219       0.0000000
       1645.7241      0.99926472       1.0009047       0.0000000
       1645.7449      0.99712652      0.99887210       0.0000000
       1645.7657      0.99737793      0.99925697       0.0000000
       1645.7866      0.99813682      0.99900198       0.0000000
       1645.8074      0.99842608      0.99931151       0.0000000
       1645.8282      0.99924314      0.99953979       0.0000000
       1645.8491      0.99840343      0.99887139       0.0000000
       1645.8699      0.99685109      0.99828219       0.0000000
       1645.8907      0.99887103      0.99889559       0.0000000
       1645.9116      0.99590284      0.99715132       0.0000000
       1645.9324      0.99707681      0.99774933       0.0000000
       1645.9532      0.99643314      0.99721301       0.0000000
       1645.9741      0.99615580      0.99743897       0.0000000
       1645.9949      0.99588794      0.99692678       0.0000000
       1646.0157      0.99597329      0.99715793       0.0000000
       1646.0366      0.99551886      0.99642193       0.0000000
       1646.0574      0.99570894      0.99630934       0.0000000
       1646.0782      0.99541503      0.99630839       0.0000000
       1646.0991      0.99485517      0.99614477       0.0000000
       1646.1199      0.99660993      0.99740374       0.0000000
       1646.1407      0.99763423      0.99727023       0.0000000
       1646.1616      0.99646443      0.99620819       0.0000000
       1646.1824      0.99324125      0.99408710       0.0000000
       1646.2032      0.98960131      0.99036258       0.0000000
       1646.2241      0.98390979      0.98543394       0.0000000
       1646.2449      0.97971195      0.98059088       0.0000000
       1646.2657      0.97645950      0.97750080       0.0000000
       1646.2866      0.97234017      0.97412127       0.0000000
       1646.3074      0.97344327      0.97408807       0.0000000
       1646.3282      0.84924054      0.85074329       128.00000
       1646.3491      0.97727299      0.97676510       0.0000000
       1646.3699      0.97919762      0.98020846       0.0000000
       1646.3907      0.98299891      0.98332447       0.0000000
       1646.4116      0.98738563      0.98800063       0.0000000
       1646.4324      0.99173909      0.99203825       0.0000000
       1646.4532      0.99576491      0.99598259       0.0000000
       1646.4741      0.99726617      0.99722260       0.0000000
       1646.4949      0.99643368      0.99703914       0.0000000
       1646.5157      0.99823385      0.99818444       0.0000000
       1646.5366      0.99984670      0.99811721       0.0000000
       1646.5574      0.99836451      0.99805182       0.0000000
       1646.5782      0.99790162      0.99783063       0.0000000
       1646.5991      0.99813205      0.99822354       0.0000000
       1646.6199      0.99759382      0.99819857       0.0000000
       1646.6407      0.99861699      0.99856049       0.0000000
       1646.6616      0.99759412      0.99780726       0.0000000
       1646.6824      0.99889541      0.99860847       0.0000000
       1646.7032      0.99808991      0.99844605       0.0000000
       1646.7241      0.99781036      0.99832577       0.0000000
       1646.7449       1.0572398      0.99896109       128.00000
       1646.7657      0.99871731      0.99883378       0.0000000
       1646.7866      0.99839926      0.99863571       0.0000000
       1646.8074      0.99913210      0.99900073       0.0000000
       1646.8282      0.99867320      0.99924481       0.0000000
       1646.8490      0.99909508      0.99904650       0.0000000
       1646.8699      0.99788183      0.99856097       0.0000000
       1646.8907      0.99914116      0.99958473       0.0000000
       1646.9115       1.0006994       1.0000199       0.0000000
       1646.9324      0.99951941       1.0000306       0.0000000
       1646.9532      0.99899286      0.99971044       0.0000000
       1646.9740       1.0000199       1.0003234       0.0000000
       1646.9949      0.99900657      0.99953657       0.0000000
       1647.0157       1.0006282      0.99973840       0.0000000
       1647.0365       1.0000917       1.0000606       0.0000000
       1647.0574      0.99970639       1.0000163       0.0000000
       1647.0782      0.99936241       1.0000851       0.0000000
       1647.0990       1.0030355       1.0001321       0.0000000
       1647.1199       1.0001367       1.0007728       0.0000000
       1647.1407       1.0007772       1.0003798       0.0000000
       1647.1615       1.0002142       1.0000445       0.0000000
       1647.1824       1.0003258       1.0005676       0.0000000
       1647.2032       1.0011026       1.0008037       0.0000000
       1647.2240       1.0010504       1.0008584       0.0000000
       1647.2449       1.0008745       1.0013984       0.0000000
       1647.2657       1.0007744       1.0006509       0.0000000
       1647.2865       1.0007170       1.0010260       0.0000000
       1647.3074       1.0013417       1.0007396       0.0000000
       1647.3282       1.0002091       1.0005440       0.0000000
       1647.3490       1.0007987       1.0007286       0.0000000
       1647.3699       1.0004244       1.0011094       0.0000000
       1647.3907       1.0006125       1.0007833       0.0000000
       1647.4115       1.0008302       1.0008210       0.0000000
       1647.4324       1.0011057       1.0010742       0.0000000
       1647.4532       1.0016766       1.0010519       0.0000000
       1647.4740       1.0006068       1.0002825       0.0000000
       1647.4949       1.0010308       1.0012511       0.0000000
       1647.5157       1.0003402       1.0007415       0.0000000
       1647.5365       1.0013446       1.0011327       0.0000000
       1647.5574       1.0005515       1.0005010       0.0000000
       1647.5782       1.0019352       1.0014957       0.0000000
       1647.5990       1.0011096       1.0012805       0.0000000
       1647.6199       1.0016419       1.0014137       0.0000000
       1647.6407       1.0017701       1.0011970       0.0000000
       1647.6615       1.0019196       1.0010746       0.0000000
       1647.6824       1.0017138       1.0016382       0.0000000
       1647.7032       1.0009131       1.0007555       0.0000000
       1647.7240       1.0007925       1.0009087       0.0000000
       1647.7449       1.0012331       1.0011883       0.0000000
       1647.7657       1.0006670       1.0009884       0.0000000
       1647.7865       1.0019981       1.0017941       0.0000000
       1647.8074       1.0010973       1.0010871       0.0000000
       1647.8282       1.0007334       1.0012074       0.0000000
       1647.8490       1.0014787       1.0012610       0.0000000
       1647.8699       1.0004852       1.0012981       0.0000000
       1647.8907       1.0012219       1.0015820       0.0000000
       1647.9115       1.0011711       1.0009147       0.0000000
       1647.9324       1.0012615       1.0012386       0.0000000
       1647.9532       1.0017098       1.0015236       0.0000000
       1647.9740       1.0024095       1.0015618       0.0000000
       1647.9949       1.0027356       1.0014888       0.0000000
       1648.0157       1.0017875       1.0014464       0.0000000
       1648.0365       1.0019383       1.0014174       0.0000000
       1648.0574       1.0013807       1.0016742       0.0000000
       1648.0782       1.0010073       1.0011466       0.0000000
       1648.0990       1.0018775       1.0011700       0.0000000
       1648.1199       1.0005753       1.0015053       0.0000000
       1648.1407       1.0031223       1.0012994       0.0000000
       1648.1615       1.0007910       1.0007708       0.0000000
       1648.1824       1.0014107       1.0012748       0.0000000
       1648.2032       1.0000687       1.0013541       0.0000000
       1648.2240       1.0010418       1.0008022       0.0000000
       1648.2449       1.0031818       1.0011256       0.0000000
       1648.2657       1.0013463       1.0007775       0.0000000
       1648.2865      0.99963993       1.0006381       0.0000000
       1648.3074       1.0028213       1.0012850       0.0000000
       1648.3282       1.0008072       1.0009159       0.0000000
       1648.3490      0.99960649       1.0004694       0.0000000
       1648.3698       1.0009382       1.0006779       0.0000000
       1648.3907       1.0016057       1.0003140       0.0000000
       1648.4115       1.0007306       1.0010654       0.0000000
       1648.4323       1.0020481       1.0010794       0.0000000
       1648.4532      0.99949098       1.0004590       0.0000000
       1648.4740       1.0019305       1.0006160       0.0000000
       1648.4948       1.0017242       1.0009301       0.0000000
       1648.5157       1.0020365       1.0008312       0.0000000
       1648.5365       1.0001568       1.0007156       0.0000000
       1648.5573       1.0010244       1.0003737       0.0000000
       1648.5782      0.99933589      0.99987608       0.0000000
       1648.5990       1.0016629       1.0002698       0.0000000
       1648.6198      0.99883926      0.99995220       0.0000000
       1648.6407       1.0018739       1.0004797       0.0000000
       1648.6615       1.0011808       1.0002722       0.0000000
       1648.6823       1.0019652       1.0002170       0.0000000
       1648.7032      0.99979830       1.0003304       0.0000000
       1648.7240       1.0006591      0.99947041       0.0000000
       1648.7448       1.0001961       1.0007327       0.0000000
       1648.7657       1.0009466       1.0006304       0.0000000
       1648.7865       1.0013107       1.0008619       0.0000000
       1648.8073       1.0005829       1.0001101       0.0000000
       1648.8282       1.0004356       1.0004007       0.0000000
       1648.8490      0.99990225      0.99998665       0.0000000
       1648.8698       1.0022780       1.0003002       0.0000000
       1648.8907       1.0009696       1.0006294       0.0000000
       1648.9115       1.0007529       1.0004064       0.0000000
       1648.9323       1.0000448      0.99988472       0.0000000
       1648.9532      0.99883986      0.99978399       0.0000000
       1648.9740       1.0009218      0.99981463       0.0000000
       1648.9948      0.99968481      0.99976200       0.0000000
       1649.0157       1.0001090      0.99999052       0.0000000
       1649.0365      0.99915314      0.99941599       0.0000000
       1649.0573      0.99946290      0.99915206       0.0000000
       1649.0782       1.0005729      0.99995124       0.0000000
       1649.0990      0.99810016      0.99818414       0.0000000
       1649.1198      0.99962181      0.99918032       0.0000000
       1649.1407      0.99936229      0.99876654       0.0000000
       1649.1615      0.99893755      0.99893302       0.0000000
       1649.1823      0.99875426      0.99955654       0.0000000
       1649.2032       1.0005863      0.99916452       0.0000000
       1649.2240      0.99841565      0.99931461       0.0000000
       1649.2448       1.0005513      0.99958134       0.0000000
       1649.2657       1.0003570       1.0001103       0.0000000
       1649.2865       1.0340466      0.99896580       128.00000
       1649.3073       1.0008899      0.99961227       0.0000000
       1649.3282      0.99878669      0.99942178       0.0000000
       1649.3490       1.0019180      0.99945784       0.0000000
       1649.3698      0.99946451       1.0000000       0.0000000
       1649.3907       1.0005059      0.99855107       0.0000000
       1649.4115       1.0003257      0.99925739       0.0000000
       1649.4323       1.0012450      0.99912930       0.0000000
       1649.4532      0.85782409      0.85499531       128.00000
       1649.4740       1.0009522      0.99966168       0.0000000
       1649.4948       1.0016667       1.0005548       0.0000000
       1649.5157       1.0020421       1.0004443       0.0000000
       1649.5365       1.0018784       1.0001276       0.0000000
       1649.5573       1.0029271       1.0007123       0.0000000
       1649.5782       1.0018656       1.0003023       0.0000000
       1649.5990       1.0023862       1.0002989       0.0000000
       1649.6198       1.0010877      0.99988812       0.0000000
       1649.6407       1.0032121       1.0003740       0.0000000
       1649.6615       1.0013444       1.0001482       0.0000000
       1649.6823       1.0028738       1.0003144       0.0000000
       1649.7031       1.0026342       1.0002718       0.0000000
       1649.7240       1.0023892      0.99943358       0.0000000
       1649.7448       1.0017484       1.0002065       0.0000000
       1649.7656       1.0022050      0.99948674       0.0000000
       1649.7865       1.0018423      0.99983668       0.0000000
       1649.8073       1.0021005      0.99952114       0.0000000
       1649.8281       1.0023860       1.0003569       0.0000000
       1649.8490       1.0025512      0.99958897       0.0000000
       1649.8698       1.0018907       1.0002329       0.0000000
       1649.8906       1.0025464      0.99983639       0.0000000
       1649.9115       1.0018436      0.99948728       0.0000000
       1649.9323       1.0022082      0.99953222       0.0000000
       1649.9531       1.0017688      0.99913234       0.0000000
       1649.9740       1.0014172      0.99898672       0.0000000
       1649.9948       1.0019045      0.99910021       0.0000000
       1650.0156       1.0014707      0.99918759       0.0000000
       1650.0365       1.0024343      0.99954718       0.0000000
       1650.0573       1.0014774      0.99945998       0.0000000
       1650.0781       1.0018066      0.99903071       0.0000000
       1650.0990       1.0003185      0.99845791       0.0000000
       1650.1198       1.0015987      0.99910581       0.0000000
       1650.1406       1.0001042      0.99831486       0.0000000
       1650.1615       1.0014585      0.99883211       0.0000000
       1650.1823       1.0009376      0.99843121       0.0000000
       1650.2031       1.0010834      0.99863434       0.0000000
       1650.2240      0.99995095      0.99834913       0.0000000
       1650.2448       1.0013911      0.99856770       0.0000000
       1650.2656       1.0008001      0.99800032       0.0000000
       1650.2865       1.0004241      0.99797636       0.0000000
       1650.3073       1.0012372      0.99835193       0.0000000
       1650.3281       1.0010263      0.99820888       0.0000000
       1650.3490       1.0009674      0.99802959       0.0000000
       1650.3698       1.0002879      0.99835598       0.0000000
       1650.3906       1.0004054      0.99810141       0.0000000
       1650.4115       1.0004985      0.99806559       0.0000000
       1650.4323       1.0003213      0.99763918       0.0000000
       1650.4531      0.99909985      0.99716383       0.0000000
       1650.4740       1.0003664      0.99733865       0.0000000
       1650.4948      0.99866956      0.99727303       0.0000000
       1650.5156       1.0020982      0.99801975       0.0000000
       1650.5365      0.99979544      0.99691546       0.0000000
       1650.5573       1.0000983      0.99712324       0.0000000
       1650.5781      0.99995470      0.99731749       0.0000000
       1650.5990      0.99981350      0.99688685       0.0000000
       1650.6198      0.99934578      0.99682015       0.0000000
       1650.6406       1.0002722      0.99725932       0.0000000
       1650.6615      0.99971384      0.99712831       0.0000000
       1650.6823      0.99968004      0.99706519       0.0000000
       1650.7031       1.0000881      0.99732357       0.0000000
       1650.7240      0.99866796      0.99637967       0.0000000
       1650.7448      0.99926418      0.99650681       0.0000000
       1650.7656      0.99888051      0.99620873       0.0000000
       1650.7865      0.99879944      0.99656123       0.0000000
       1650.8073      0.99839723      0.99566364       0.0000000
       1650.8281      0.99837297      0.99598372       0.0000000
       1650.8490      0.99834204      0.99627310       0.0000000
       1650.8698      0.99887103      0.99618918       0.0000000
       1650.8906      0.99894041      0.99608237       0.0000000
       1650.9115      0.99851513      0.99566430       0.0000000
       1650.9323      0.99927557      0.99650103       0.0000000
       1650.9531      0.99909848      0.99576539       0.0000000
       1650.9739      0.99887234      0.99592257       0.0000000
       1650.9948      0.99879521      0.99588609       0.0000000
       1651.0156      0.99783695      0.99553752       0.0000000
       1651.0364      0.99923539      0.99585205       0.0000000
       1651.0573      0.99830961      0.99527675       0.0000000
       1651.0781      0.99846542      0.99563581       0.0000000
       1651.0989      0.99767166      0.99478966       0.0000000
       1651.1198      0.99801087      0.99485916       0.0000000
       1651.1406      0.99739081      0.99469918       0.0000000
       1651.1614      0.99849224      0.99439126       0.0000000
       1651.1823      0.99708223      0.99451685       0.0000000
       1651.2031      0.99737942      0.99442303       0.0000000
       1651.2239      0.99793261      0.99487197       0.0000000
       1651.2448      0.99700296      0.99390435       0.0000000
       1651.2656      0.99696195      0.99381495       0.0000000
       1651.2864      0.99635237      0.99316496       0.0000000
       1651.3073      0.99608433      0.99092805       0.0000000
       1651.3281      0.99500155      0.99018383       0.0000000
       1651.3489      0.99256808      0.99000305       0.0000000
       1651.3698      0.99342346      0.99073434       0.0000000
       1651.3906      0.99352038      0.99112612       0.0000000
       1651.4114      0.99626398      0.99337256       0.0000000
       1651.4323      0.99634933      0.99353677       0.0000000
       1651.4531      0.99633610      0.99350262       0.0000000
       1651.4739      0.99596071      0.99357712       0.0000000
       1651.4948      0.99434072      0.99210322       0.0000000
       1651.5156      0.99639302      0.99340487       0.0000000
       1651.5364      0.99557447      0.99268478       0.0000000
       1651.5573      0.99538362      0.99296290       0.0000000
       1651.5781      0.99596745      0.99301809       0.0000000
       1651.5989      0.99558020      0.99277443       0.0000000
       1651.6198      0.99563116      0.99301481       0.0000000
       1651.6406      0.99532449      0.99269867       0.0000000
       1651.6614      0.99655855      0.99347776       0.0000000
       1651.6823      0.99690694      0.99306977       0.0000000
       1651.7031      0.99632418      0.99350542       0.0000000
       1651.7239      0.99842852      0.99367094       0.0000000
       1651.7448      0.99662822      0.99322581       0.0000000
       1651.7656      0.99678451      0.99353659       0.0000000
       1651.7864      0.99640030      0.99376678       0.0000000
       1651.8073      0.99792004      0.99435222       0.0000000
       1651.8281      0.99817342      0.99432230       0.0000000
       1651.8489      0.99725968      0.99379766       0.0000000
       1651.8698      0.99722594      0.99435282       0.0000000
       1651.8906      0.99859619      0.99508202       0.0000000
       1651.9114      0.99807215      0.99435925       0.0000000
       1651.9323      0.99840099      0.99526095       0.0000000
       1651.9531      0.99906325      0.99566656       0.0000000
       1651.9739      0.99945056      0.99555141       0.0000000
       1651.9948      0.99878019      0.99550718       0.0000000
       1652.0156      0.99890530      0.99554497       0.0000000
       1652.0364       1.0000399      0.99674505       0.0000000
       1652.0573      0.99980760      0.99643999       0.0000000
       1652.0781      0.99992478      0.99625492       0.0000000
       1652.0989       1.0003387      0.99671632       0.0000000
       1652.1198       1.0008197      0.99694407       0.0000000
       1652.1406       1.0010704      0.99756330       0.0000000
       1652.1614       1.0011686      0.99762797       0.0000000
       1652.1822       1.0025414      0.99880916       0.0000000
       1652.2031       1.0023926      0.99873602       0.0000000
       1652.2239       1.0013433      0.99784935       0.0000000
       1652.2447       1.0020444      0.99861425       0.0000000
       1652.2656       1.0014070      0.99857819       0.0000000
       1652.2864       1.0023946      0.99946445       0.0000000
       1652.3072       1.0021856      0.99943596       0.0000000
       1652.3281       1.0041707       1.0005974       0.0000000
       1652.3489       1.0049951       1.0017163       0.0000000
       1652.3697       1.0073797       1.0029851       0.0000000
       1652.3906       1.0063626       1.0024614       0.0000000
       1652.4114       1.0043563       1.0015929       0.0000000
       1652.4322       1.0016328       1.0002065       0.0000000
       1652.4531      0.99905241      0.99858171       0.0000000
       1652.4739       1.0002114      0.99993426       0.0000000
       1652.4947       1.0073135       1.0034696       0.0000000
       1652.5156       1.0210869       1.0123401       0.0000000
       1652.5364       1.0415591       1.0242500       0.0000000
       1652.5572       1.0589188       1.0350921       128.00000
       1652.5781       1.0798795       1.0468634       128.00000
       1652.5989       1.0999631       1.0575678       128.00000
       1652.6197       1.1216308       1.0699522       128.00000
       1652.6406       1.1411697       1.0812224       128.00000
       1652.6614       1.1620595       1.0919482       128.00000
       1652.6822       1.1837800       1.1028509       128.00000
       1652.7031       1.2050599       1.1146549       128.00000
       1652.7239       1.2266325       1.1256568       128.00000
       1652.7447       1.2474109       1.1360406       128.00000
       1652.7656       1.2657806       1.1444715       128.00000
       1652.7864       1.2903944       1.1560639       128.00000
       1652.8072       1.3161633       1.1685798       128.00000
       1652.8281       1.3387837       1.1793900       128.00000
       1652.8489       1.3644731       1.1911465       128.00000
       1652.8697       1.3886024       1.2020285       128.00000
