    1288
       1624.9948      0.99508607       1.0019556       0.0000000
       1625.0157      0.99407965       1.0013145       0.0000000
       1625.0365      0.99358565       1.0013731       0.0000000
       1625.0573      0.99554306       1.0028518       0.0000000
       1625.0782      0.99462891       1.0024940       0.0000000
       1625.0990      0.99433261       1.0018207       0.0000000
       1625.1198      0.99604249       1.0033317       0.0000000
       1625.1407      0.99495590       1.0011812       0.0000000
       1625.1615      0.99575311       1.0011156       0.0000000
       1625.1824       1.0023739       1.0012053       128.00000
       1625.2032      0.99672258       1.0004764       0.0000000
       1625.2240      0.99492544       1.0009284       128.00000
       1625.2449      0.99688709       1.0019999       128.00000
       1625.2657      0.99868637       1.0008447       128.00000
       1625.2865      0.99811363       1.0000871       0.0000000
       1625.3074      0.99603015      0.99853319       128.00000
       1625.3282      0.99683547       1.0005250       128.00000
       1625.3490      0.99739337      0.99963999       0.0000000
       1625.3699      0.99842447      0.99870461       0.0000000
       1625.3907      0.99861932       1.0013876       0.0000000
       1625.4115      0.99733245       1.0023013       0.0000000
       1625.4324      0.99769229       1.0010812       0.0000000
       1625.4532      0.99942839       1.0014271       0.0000000
       1625.4740      0.99763227      0.99960196       128.00000
       1625.4949      0.99851990      0.99908769       0.0000000
       1625.5157      0.99921566       1.0024515       0.0000000
       1625.5365      0.99882001       1.0022777       0.0000000
       1625.5574      0.99877745       1.0027308       0.0000000
       1625.5782      0.99934202       1.0032809       0.0000000
       1625.5990       1.0001730       1.0044657       0.0000000
       1625.6199      0.99950522       1.0041773       0.0000000
       1625.6407      0.99826705       1.0035717       0.0000000
       1625.6615      0.99940443       1.0047512       0.0000000
       1625.6824      0.99979508       1.0042894       0.0000000
       1625.7032      0.99833047       1.0022677       0.0000000
       1625.7240      0.99939859       1.0039595       0.0000000
       1625.7449      0.99916106       1.0028774       0.0000000
       1625.7657      0.99912590       1.0042619       0.0000000
       1625.7865      0.99887741       1.0044988       0.0000000
       1625.8074      0.99962693       1.0043526       0.0000000
       1625.8282      0.99933434       1.0040301       0.0000000
       1625.8490      0.99960840       1.0020210       0.0000000
       1625.8699       1.0006435       1.0036969       0.0000000
       1625.8907      0.99950695       1.0034415       0.0000000
       1625.9115      0.99923927       1.0049872       0.0000000
       1625.9324      0.99856585       1.0027579       0.0000000
       1625.9532       1.0002671       1.0049347       0.0000000
       1625.9740       1.0002879       1.0042789       0.0000000
       1625.9949       1.0009875       1.0059918       0.0000000
       1626.0157       1.0002980       1.0059490       0.0000000
       1626.0365       1.0004607       1.0067283       0.0000000
       1626.0574       1.0009205       1.0063438       0.0000000
       1626.0782       1.0006291       1.0062861       0.0000000
       1626.0990      0.99928272       1.0059010       0.0000000
       1626.1199       1.0013130       1.0066586       0.0000000
       1626.1407       1.0005056       1.0055295       0.0000000
       1626.1615       1.0013856       1.0056784       0.0000000
       1626.1824       1.0005032       1.0061220       0.0000000
       1626.2032       1.0001048       1.0056323       0.0000000
       1626.2240       1.0006734       1.0075197       0.0000000
       1626.2449       1.0012158       1.0077559       0.0000000
       1626.2657       1.0014287       1.0071143       0.0000000
       1626.2865       1.0009497       1.0058547       0.0000000
       1626.3074       1.0016692       1.0075256       0.0000000
       1626.3282       1.0027844       1.0082928       0.0000000
       1626.3490       1.0015554       1.0074040       0.0000000
       1626.3699       1.0025017       1.0094150       0.0000000
       1626.3907       1.0430243       1.0084206       128.00000
       1626.4115       1.0019041       1.0084215       0.0000000
       1626.4324       1.0020607       1.0085613       0.0000000
       1626.4532       1.0029649       1.0089946       0.0000000
       1626.4740       1.0006737       1.0074142       0.0000000
       1626.4949       1.0016793       1.0075433       0.0000000
       1626.5157       1.0022842       1.0068278       0.0000000
       1626.5365       1.0010529       1.0077516       0.0000000
       1626.5574       1.0019529       1.0063192       0.0000000
       1626.5782       1.0001091       1.0076032       0.0000000
       1626.5990       1.0002052       1.0067192       0.0000000
       1626.6199       1.0017248       1.0084981       0.0000000
       1626.6407       1.0002993       1.0065972       0.0000000
       1626.6615      0.99964863       1.0061408       0.0000000
       1626.6824      0.99949622       1.0048958       0.0000000
       1626.7032      0.99877977       1.0049161       0.0000000
       1626.7240      0.99997586       1.0051941       0.0000000
       1626.7449       1.0002292       1.0054556       0.0000000
       1626.7657       1.0000209       1.0055428       0.0000000
       1626.7865      0.99916774       1.0055952       0.0000000
       1626.8074      0.99874020       1.0054560       0.0000000
       1626.8282      0.99787158       1.0037659       0.0000000
       1626.8490      0.99292970      0.99850726       0.0000000
       1626.8699      0.98724145      0.99324363       0.0000000
       1626.8907      0.98218638      0.98769474       0.0000000
       1626.9115      0.98024577      0.98718292       0.0000000
       1626.9324      0.98218542      0.98620403       0.0000000
       1626.9532      0.98804861      0.99299657       0.0000000
       1626.9740      0.99409765      0.99792647       0.0000000
       1626.9949      0.99936152       1.0044847       0.0000000
       1627.0157      0.99846697       1.0037162       0.0000000
       1627.0365      0.99872547       1.0052176       0.0000000
       1627.0574      0.99918085       1.0056075       0.0000000
       1627.0782      0.99976778       1.0064157       0.0000000
       1627.0990      0.99840999       1.0054061       0.0000000
       1627.1199       1.0003034       1.0058656       0.0000000
       1627.1407       1.0001297       1.0046985       0.0000000
       1627.1615      0.99755239       1.0037220       0.0000000
       1627.1824      0.99894440       1.0039423       0.0000000
       1627.2032      0.99885494       1.0046730       128.00000
       1627.2240      0.99889243       1.0041560       0.0000000
       1627.2449      0.99869984       1.0037621       0.0000000
       1627.2657      0.99860913       1.0047174       0.0000000
       1627.2865      0.99897420       1.0032066       0.0000000
       1627.3074      0.99951667       1.0047381       0.0000000
       1627.3282      0.99918956       1.0034022       0.0000000
       1627.3490      0.99957806       1.0052350       0.0000000
       1627.3699      0.99970329       1.0040679       0.0000000
       1627.3907       1.0002878       1.0042105       0.0000000
       1627.4115      0.99959862       1.0041261       0.0000000
       1627.4324       1.0002217       1.0051126       0.0000000
       1627.4532       1.0000595       1.0038663       0.0000000
       1627.4740      0.99937522       1.0042198       0.0000000
       1627.4949      0.99981421       1.0025176       0.0000000
       1627.5157      0.99825382       1.0052850       0.0000000
       1627.5365       1.0001091       1.0054473       0.0000000
       1627.5574      0.99938560       1.0038002       0.0000000
       1627.5782       1.0003033       1.0045912       0.0000000
       1627.5990      0.99890637       1.0044427       0.0000000
       1627.6199      0.99893957       1.0063441       0.0000000
       1627.6407      0.99986434       1.0070585       0.0000000
       1627.6615      0.99890852       1.0039881       0.0000000
       1627.6824      0.99959040       1.0057759       0.0000000
       1627.7032       1.0002548       1.0052603       0.0000000
       1627.7240      0.99993986       1.0058074       0.0000000
       1627.7449      0.99919242       1.0059048       0.0000000
       1627.7657      0.99972969       1.0071584       0.0000000
       1627.7865      0.99907088       1.0061740       0.0000000
       1627.8074      0.99905550       1.0049125       0.0000000
       1627.8282      0.99928856       1.0063977       0.0000000
       1627.8490       1.0001937       1.0059097       0.0000000
       1627.8699      0.99958915       1.0055977       0.0000000
       1627.8907      0.99941826       1.0057963       0.0000000
       1627.9115      0.99944168       1.0058620       0.0000000
       1627.9324      0.99889404       1.0044631       0.0000000
       1627.9532      0.99912912       1.0054826       0.0000000
       1627.9740      0.99911970       1.0044588       0.0000000
       1627.9949       1.0000682       1.0046853       0.0000000
       1628.0157      0.99967003       1.0062900       0.0000000
       1628.0365      0.99964547       1.0065104       0.0000000
       1628.0574       1.0005316       1.0065953       0.0000000
       1628.0782      0.99994153       1.0063159       0.0000000
       1628.0990      0.99977952       1.0053022       0.0000000
       1628.1199      0.84592742      0.85096592       128.00000
       1628.1407      0.99786150       1.0017611       128.00000
       1628.1615       1.0013382       1.0044975       128.00000
       1628.1824      0.99689692       1.0037503       128.00000
       1628.2032      0.99495131       1.0014188       128.00000
       1628.2240       1.0279143       1.0054413       128.00000
       1628.2449       1.0005691       1.0059967       0.0000000
       1628.2657       1.0002865       1.0053018       0.0000000
       1628.2865      0.99894089       1.0034456       128.00000
       1628.3074      0.99892294       1.0011188       128.00000
       1628.3282      0.99858928       1.0040517       128.00000
       1628.3490      0.99991536       1.0039170       128.00000
       1628.3699      0.99948376       1.0031526       128.00000
       1628.3907      0.99856001       1.0016787       128.00000
       1628.4115       1.0008380       1.0030453       128.00000
       1628.4324      0.99983478       1.0032932       0.0000000
       1628.4532      0.99962354       1.0033505       128.00000
       1628.4740       1.0015740       1.0028435       128.00000
       1628.4949       1.0001236       1.0042018       128.00000
       1628.5157      0.99883080       1.0022844       128.00000
       1628.5365       1.0013885      0.99996507       128.00000
       1628.5574       1.0005192       1.0034612       128.00000
       1628.5782       1.0005152       1.0048593       0.0000000
       1628.5990       1.0017645       1.0038959       128.00000
       1628.6199       1.0001606       1.0031279       128.00000
       1628.6407      0.99968261       1.0035888       0.0000000
       1628.6615       1.0004231       1.0028844       0.0000000
       1628.6824       1.0020293       1.0046871       0.0000000
       1628.7032       1.0010614       1.0033025       0.0000000
       1628.7240       1.0008096       1.0024583       128.00000
       1628.7449      0.99995369       1.0036449       0.0000000
       1628.7657       1.0003784       1.0035226       0.0000000
       1628.7865      0.99809873       1.0023779       128.00000
       1628.8074      0.99964696       1.0028303       128.00000
       1628.8282      0.99915838       1.0012127       128.00000
       1628.8490       1.0001180       1.0036114       0.0000000
       1628.8699      0.99879754       1.0040214       0.0000000
       1628.8907       1.0002306       1.0019370       128.00000
       1628.9115       1.0010251       1.0015637       128.00000
       1628.9324       1.0005876       1.0050255       128.00000
       1628.9532      0.99943936       1.0040028       0.0000000
       1628.9740      0.99988121       1.0035285       128.00000
       1628.9949      0.99926889       1.0037318       128.00000
       1629.0157       1.0004822       1.0037441       0.0000000
       1629.0365       1.0014312       1.0065004       0.0000000
       1629.0574       1.0002619       1.0055513       0.0000000
       1629.0782       1.0000000       1.0029439       0.0000000
       1629.0990      0.99946481       1.0024363       0.0000000
       1629.1199      0.99955517       1.0042465       0.0000000
       1629.1407      0.99874198       1.0029414       0.0000000
       1629.1615       1.0001516       1.0042218       0.0000000
       1629.1824       1.0008525       1.0052058       0.0000000
       1629.2032       1.0008177       1.0045168       128.00000
       1629.2240      0.99912918       1.0043991       0.0000000
       1629.2449      0.99960905       1.0046818       0.0000000
       1629.2657      0.99940509       1.0042462       0.0000000
       1629.2865       1.0008242       1.0055199       0.0000000
       1629.3074       1.0007796       1.0036938       0.0000000
       1629.3282       1.0006621       1.0053499       0.0000000
       1629.3490       1.0002053       1.0051285       0.0000000
       1629.3699       1.0007814       1.0047454       0.0000000
       1629.3907      0.99970710       1.0054563       0.0000000
       1629.4115       1.0002093       1.0057240       0.0000000
       1629.4324       1.0008395       1.0060765       0.0000000
       1629.4532      0.99947798       1.0037124       0.0000000
       1629.4740      0.99895120       1.0046957       0.0000000
       1629.4949      0.99934715       1.0042738       0.0000000
       1629.5157       1.0003054       1.0039763       0.0000000
       1629.5365      0.99977994       1.0060502       128.00000
       1629.5574       1.0071319       1.0027863       128.00000
       1629.5782      0.99801195       1.0037977       128.00000
       1629.5990      0.99900264       1.0058365       0.0000000
       1629.6199      0.99978602       1.0053027       128.00000
       1629.6407       1.0130767       1.0058427       128.00000
       1629.6615       1.0004371       1.0055041       0.0000000
       1629.6824       1.0010422       1.0049440       0.0000000
       1629.7032       1.0001967       1.0059544       0.0000000
       1629.7240       1.0009789       1.0072325       0.0000000
       1629.7449       1.0021443       1.0065947       0.0000000
       1629.7657       1.0010791       1.0062553       0.0000000
       1629.7865       1.0009048       1.0061857       0.0000000
       1629.8074       1.0005891       1.0075332       0.0000000
       1629.8282       1.0007304       1.0057960       0.0000000
       1629.8490       1.0007257       1.0067430       0.0000000
       1629.8699      0.99999577       1.0058370       0.0000000
       1629.8907       1.0010444       1.0067353       0.0000000
       1629.9115       1.0004510       1.0066859       0.0000000
       1629.9324       1.0001289       1.0050862       0.0000000
       1629.9532       1.0007025       1.0055418       0.0000000
       1629.9740       1.0005211       1.0050664       0.0000000
       1629.9949      0.99958211       1.0053545       0.0000000
       1630.0157       1.0004807       1.0047393       0.0000000
       1630.0365      0.99985999       1.0046802       0.0000000
       1630.0574       1.0003793       1.0056795       0.0000000
       1630.0782       1.0008651       1.0061718       0.0000000
       1630.0990       1.0006719       1.0054632       0.0000000
       1630.1199       1.0008701       1.0063385       0.0000000
       1630.1407       1.0006135       1.0059437       0.0000000
       1630.1615       1.0014797       1.0068606       0.0000000
       1630.1824       1.0016859       1.0054538       0.0000000
       1630.2032       1.0003972       1.0051358       0.0000000
       1630.2240       1.0008501       1.0050682       0.0000000
       1630.2449       1.0012109       1.0061954       0.0000000
       1630.2657      0.99977672       1.0046372       0.0000000
       1630.2865      0.99983978       1.0035884       0.0000000
       1630.3074       1.0009384       1.0056877       0.0000000
       1630.3282       1.0003095       1.0033888       0.0000000
       1630.3490       1.0010095       1.0058450       0.0000000
       1630.3699       1.0010115       1.0041717       0.0000000
       1630.3907      0.99999094       1.0033462       0.0000000
       1630.4115       1.0009956       1.0048877       0.0000000
       1630.4324      0.99953014       1.0035195       0.0000000
       1630.4532      0.99940324       1.0035740       0.0000000
       1630.4740      0.99866331       1.0025065       0.0000000
       1630.4949      0.99836147       1.0017852       0.0000000
       1630.5157      0.99910301       1.0034041       0.0000000
       1630.5365      0.99999279       1.0043129       0.0000000
       1630.5574      0.99747682       1.0009927       0.0000000
       1630.5782      0.99244559      0.99536866       0.0000000
       1630.5990      0.98645645      0.98956573       0.0000000
       1630.6199      0.98248643      0.98640829       0.0000000
       1630.6407      0.98063171      0.98379654       0.0000000
       1630.6615      0.98264378      0.98635381       0.0000000
       1630.6824      0.98858976      0.99227977       0.0000000
       1630.7032      0.99387598      0.99783891       0.0000000
       1630.7240      0.99879766       1.0012186       0.0000000
       1630.7449      0.99843836       1.0016695       0.0000000
       1630.7657       1.0003030       1.0040193       0.0000000
       1630.7865      0.99963641       1.0037724       0.0000000
       1630.8074      0.99975598       1.0026828       0.0000000
       1630.8282       1.0002604       1.0047458       0.0000000
       1630.8490      0.99962556       1.0042987       0.0000000
       1630.8699       1.0001686       1.0039537       0.0000000
       1630.8907      0.99976897       1.0026255       0.0000000
       1630.9115       1.0015109       1.0052850       0.0000000
       1630.9324       1.0006603       1.0045878       0.0000000
       1630.9532       1.0001798       1.0044254       0.0000000
       1630.9740       1.0005599       1.0035743       0.0000000
       1630.9949      0.99976110       1.0033749       0.0000000
       1631.0157       1.0003067       1.0041841       0.0000000
       1631.0365       1.0004855       1.0040414       0.0000000
       1631.0574       1.0010440       1.0052400       0.0000000
       1631.0782       1.0004126       1.0032007       0.0000000
       1631.0990       1.0004299       1.0037339       128.00000
       1631.1199      0.99984360       1.0040741       0.0000000
       1631.1407       1.0002741       1.0041504       0.0000000
       1631.1615      0.99921691       1.0027990       0.0000000
       1631.1824      0.99969476       1.0025153       0.0000000
       1631.2032      0.99984807       1.0030396       0.0000000
       1631.2240       1.0008638       1.0034168       0.0000000
       1631.2449      0.84819186      0.84958422       128.00000
       1631.2657      0.99877489      0.99933612       128.00000
       1631.2865       1.0011733       1.0014760       0.0000000
       1631.3074       1.0010275       1.0015988       0.0000000
       1631.3282      0.99899143       1.0010712       128.00000
       1631.3490       1.0004853       1.0029926       0.0000000
       1631.3699       1.0000492       1.0029887       0.0000000
       1631.3907      0.99908799       1.0010319       0.0000000
       1631.4115      0.99910665       1.0004535       128.00000
       1631.4324      0.99996549       1.0015378       128.00000
       1631.4532       1.0002935       1.0018951       0.0000000
       1631.4740       1.0006222       1.0009309       0.0000000
       1631.4949       1.0011268       1.0018456       0.0000000
       1631.5157       1.0000550       1.0001757       128.00000
       1631.5365       1.0007700       1.0004987       0.0000000
       1631.5574       1.0011281       1.0028687       0.0000000
       1631.5782       1.0002785       1.0011753       128.00000
       1631.5990       1.0009972       1.0000000       0.0000000
       1631.6199       1.0003405       1.0000104       0.0000000
       1631.6407       1.0009904       1.0002581       0.0000000
       1631.6615       1.0010916      0.99961644       0.0000000
       1631.6824      0.99976438      0.99874985       128.00000
       1631.7032      0.99987829      0.99901694       0.0000000
       1631.7240       1.0009642       1.0011237       0.0000000
       1631.7449       1.0004175      0.99791169       128.00000
       1631.7657      0.99994844      0.99847025       128.00000
       1631.7865       1.0005897       1.0009528       0.0000000
       1631.8074       1.0011654      0.99939430       128.00000
       1631.8282       1.0016202      0.99963558       128.00000
       1631.8490      0.99976587       1.0004262       0.0000000
       1631.8699      0.99964023      0.99791354       0.0000000
       1631.8907      0.99932754      0.99863690       128.00000
       1631.9115       1.0011197       1.0013006       0.0000000
       1631.9324       1.0205898      0.99799651       128.00000
       1631.9532      0.99961191      0.99719119       0.0000000
       1631.9740      0.99980110      0.99966955       0.0000000
       1631.9949       1.0012614      0.99876630       0.0000000
       1632.0157      0.99881065      0.99721885       128.00000
       1632.0365      0.99975276      0.99969232       0.0000000
       1632.0574       1.0326731      0.99967808       128.00000
       1632.0782      0.99954933      0.99897611       128.00000
       1632.0990      0.99887633      0.99921006       128.00000
       1632.1199       1.0005667      0.99940503       0.0000000
       1632.1407       1.0001649       1.0007045       0.0000000
       1632.1615       1.0005497      0.99815905       128.00000
       1632.1824       1.0010984       1.0005380       0.0000000
       1632.2032       1.0015724       1.0009437       128.00000
       1632.2240       1.0005419       1.0008190       0.0000000
       1632.2449       1.0007471       1.0014726       128.00000
       1632.2657       1.0012479       1.0004174       128.00000
       1632.2865       1.0009481       1.0014098       0.0000000
       1632.3074       1.0012374       1.0003401       0.0000000
       1632.3282       1.0002673       1.0018742       0.0000000
       1632.3490       1.0008577       1.0007313       0.0000000
       1632.3699       1.0005637      0.99944746       0.0000000
       1632.3907      0.99981600       1.0014606       0.0000000
       1632.4115       1.0003639       1.0016457       0.0000000
       1632.4324       1.0012016       1.0030081       0.0000000
       1632.4532       1.0004662       1.0022393       0.0000000
       1632.4740      0.99976116       1.0001794       0.0000000
       1632.4949      0.99908233      0.99921739       0.0000000
       1632.5157       1.0005434       1.0009104       0.0000000
       1632.5365       1.0003169       1.0003593       0.0000000
       1632.5574       1.0001855      0.99869424       0.0000000
       1632.5782      0.99965268       1.0001734       128.00000
       1632.5990       1.0000149       1.0008941       0.0000000
       1632.6199       1.0005594       1.0002148       0.0000000
       1632.6407       1.0002505       1.0001590       0.0000000
       1632.6615       1.0002574       1.0012206       0.0000000
       1632.6824       1.0012937       1.0023592       0.0000000
       1632.7032       1.0012860       1.0017669       0.0000000
       1632.7240       1.0007733       1.0013515       0.0000000
       1632.7449       1.0000579      0.99989176       0.0000000
       1632.7657      0.99944603      0.99983388       0.0000000
       1632.7865      0.99995953      0.99964619       0.0000000
       1632.8074      0.99910855      0.99851495       128.00000
       1632.8282       1.0004852       1.0006008       0.0000000
       1632.8490      0.99962163      0.99981767       0.0000000
       1632.8699       1.0008138       1.0001674       0.0000000
       1632.8907       1.0003740       1.0011854       0.0000000
       1632.9115       1.0008311       1.0001124       0.0000000
       1632.9324       1.0006042       1.0006555       0.0000000
       1632.9532       1.0006727       1.0002023       0.0000000
       1632.9740      0.99940675      0.99931997       0.0000000
       1632.9949      0.99985158      0.99881285       0.0000000
       1633.0157       1.0002934       1.0002006       0.0000000
       1633.0365       1.0332841      0.99923187       128.00000
       1633.0574       1.0151839       1.0004460       128.00000
       1633.0782      0.99980152      0.99908036       0.0000000
       1633.0990       1.0001829      0.99840462       0.0000000
       1633.1199      0.99972838       1.0003550       0.0000000
       1633.1407       1.0000757      0.99917746       0.0000000
       1633.1615      0.99987298      0.99936813       0.0000000
       1633.1824      0.99956208      0.99928474       0.0000000
       1633.2032       1.0007409      0.99956346       0.0000000
       1633.2240      0.99937171      0.99777293       0.0000000
       1633.2449      0.99928027      0.99780345       0.0000000
       1633.2657       1.0006138      0.99983621       0.0000000
       1633.2865       1.0001608      0.99899709       0.0000000
       1633.3074       1.0006278      0.99942213       0.0000000
       1633.3282       1.0011311       1.0005832       0.0000000
       1633.3490      0.99988908      0.99822700       0.0000000
       1633.3699      0.99963087      0.99777889       0.0000000
       1633.3907       1.0006253      0.99973625       0.0000000
       1633.4115      0.99913877      0.99745512       0.0000000
       1633.4324       1.0004802      0.99926734       0.0000000
       1633.4532      0.99970967      0.99837077       0.0000000
       1633.4740       1.0002512      0.99866396       0.0000000
       1633.4949      0.99917489      0.99715143       0.0000000
       1633.5157       1.0011550      0.99736303       0.0000000
       1633.5365      0.99863923      0.99620336       0.0000000
       1633.5574       1.0003308      0.99841404       0.0000000
       1633.5782       1.0010478      0.99862474       0.0000000
       1633.5990       1.0005424      0.99809992       0.0000000
       1633.6199       1.0005831      0.99891877       0.0000000
       1633.6407       1.0002756      0.99875528       0.0000000
       1633.6615       1.0001541      0.99651599       0.0000000
       1633.6824      0.99970412      0.99828780       0.0000000
       1633.7032       1.0015571      0.99953014       0.0000000
       1633.7240      0.99997187      0.99696445       0.0000000
       1633.7449       1.0009786      0.99998134       0.0000000
       1633.7657       1.0010359      0.99929440       0.0000000
       1633.7865       1.0002818      0.99716514       0.0000000
       1633.8074       1.0012146      0.99973184       0.0000000
       1633.8282       1.0013816      0.99925959       0.0000000
       1633.8490       1.0008940      0.99828821       0.0000000
       1633.8699       1.0006539      0.99865431       0.0000000
       1633.8907       1.0011400      0.99768096       0.0000000
       1633.9115       1.0015216      0.99829304       0.0000000
       1633.9324       1.0000495      0.99891198       0.0000000
       1633.9532       1.0006747      0.99847627       0.0000000
       1633.9740       1.0007029      0.99719220       0.0000000
       1633.9949       1.0002515      0.99713862       0.0000000
       1634.0157      0.99969935      0.99730390       0.0000000
       1634.0365       1.0000105      0.99756575       0.0000000
       1634.0574      0.99849272      0.99616659       0.0000000
       1634.0782      0.99856937      0.99511194       0.0000000
       1634.0990      0.99850935      0.99558240       0.0000000
       1634.1199      0.99913514      0.99652046       0.0000000
       1634.1407      0.99880087      0.99477684       0.0000000
       1634.1615      0.99910825      0.99655014       0.0000000
       1634.1824      0.99838209      0.99539548       0.0000000
       1634.2032      0.99873102      0.99560177       0.0000000
       1634.2240      0.99825060      0.99520779       0.0000000
       1634.2449      0.99890244      0.99542898       0.0000000
       1634.2657      0.99826247      0.99500173       0.0000000
       1634.2865      0.99737918      0.99381274       0.0000000
       1634.3074      0.99206424      0.98829508       0.0000000
       1634.3282      0.98654503      0.98353040       0.0000000
       1634.3490      0.98327404      0.97870767       0.0000000
       1634.3699      0.84264410      0.83908570       128.00000
       1634.3907      0.98299819      0.97853631       128.00000
       1634.4115      0.98775196      0.98257309       0.0000000
       1634.4324      0.99440467      0.98945206       0.0000000
       1634.4532      0.99906737      0.99340302       0.0000000
       1634.4740      0.99845231      0.99174958       0.0000000
       1634.4949      0.99893969      0.99329525       0.0000000
       1634.5157      0.99961191      0.99402422       0.0000000
       1634.5365      0.99866158      0.99232078       0.0000000
       1634.5574      0.99899465      0.99298328       0.0000000
       1634.5782       1.0001203      0.99232692       0.0000000
       1634.5990      0.99978590      0.99232757       0.0000000
       1634.6199       1.0002332      0.99343425       0.0000000
       1634.6407      0.99985969      0.99292916       0.0000000
       1634.6615      0.99924684      0.99242109       0.0000000
       1634.6824       1.0005339      0.99467498       0.0000000
       1634.7032      0.99976301      0.99272108       0.0000000
       1634.7240      0.99903637      0.99356788       0.0000000
       1634.7449      0.99975669      0.99136734       0.0000000
       1634.7657      0.99918944      0.99152392       0.0000000
       1634.7865       1.0000559      0.99319804       0.0000000
       1634.8074       1.0005740      0.99287474       0.0000000
       1634.8282      0.99979663      0.99305415       0.0000000
       1634.8490      0.99977452      0.99385214       0.0000000
       1634.8699       1.0000880      0.99449223       0.0000000
       1634.8907       1.0012301      0.99555188       0.0000000
       1634.9115      0.99986809      0.99396455       0.0000000
       1634.9324       1.0008861      0.99485201       0.0000000
       1634.9532       1.0015835      0.99539959       0.0000000
       1634.9740       1.0014956      0.99440354       0.0000000
       1634.9949       1.0003175      0.99481738       0.0000000
       1635.0157       1.0003663      0.99437761       128.00000
       1635.0365       1.0014896      0.99410182       0.0000000
       1635.0574       1.0009646      0.99327081       0.0000000
       1635.0782       1.0012165      0.99369979       0.0000000
       1635.0990      0.99984646      0.99377882       128.00000
       1635.1199       1.0002129      0.99340022       0.0000000
       1635.1407       1.0009490      0.99286729       128.00000
       1635.1615       1.0010188      0.99479121       0.0000000
       1635.1824       1.0013536      0.99432641       0.0000000
       1635.2032       1.0012164      0.99498582       0.0000000
       1635.2240       1.0010618      0.99477285       128.00000
       1635.2449       1.0005742      0.99462575       0.0000000
       1635.2657       1.0006131      0.99308008       0.0000000
       1635.2865       1.0015683      0.99461448       0.0000000
       1635.3074       1.0013710      0.99444610       128.00000
       1635.3282       1.0016171      0.99476171       128.00000
       1635.3490       1.0008252      0.99354535       0.0000000
       1635.3699       1.0008817      0.99414974       128.00000
       1635.3907       1.0008448      0.99375075       0.0000000
       1635.4115       1.0007616      0.99288094       0.0000000
       1635.4324       1.0004398      0.99316543       0.0000000
       1635.4532       1.0014281      0.99276966       0.0000000
       1635.4740       1.0002127      0.99316853       0.0000000
       1635.4949       1.0007498      0.99330181       0.0000000
       1635.5157      0.99999863      0.99222577       0.0000000
       1635.5365       1.0002351      0.99341929       0.0000000
       1635.5574       1.0004637      0.99218798       0.0000000
       1635.5782       1.0008265      0.99352700       0.0000000
       1635.5990       1.0006479      0.99320817       128.00000
       1635.6199       1.0002732      0.99215692       0.0000000
       1635.6407      0.99989170      0.99360245       0.0000000
       1635.6615      0.99974704      0.99268556       0.0000000
       1635.6824       1.0004432      0.99346298       0.0000000
       1635.7032       1.0004846      0.99424034       0.0000000
       1635.7240      0.99969733      0.99191231       128.00000
       1635.7449       1.0004382      0.99341363       0.0000000
       1635.7657      0.99986404      0.99289560       0.0000000
       1635.7865      0.99987721      0.99293631       0.0000000
       1635.8074       1.0008872      0.99374592       0.0000000
       1635.8282       1.0001251      0.99185693       0.0000000
       1635.8490       1.0004517      0.99223930       128.00000
       1635.8699      0.99979538      0.99227166       0.0000000
       1635.8907      0.99999744      0.99269271       0.0000000
       1635.9115       1.0000927      0.99251634       0.0000000
       1635.9324       1.0001856      0.99291843       0.0000000
       1635.9532       1.0008975      0.99358684       0.0000000
       1635.9740      0.99997497      0.99263388       0.0000000
       1635.9949       1.0008814      0.99286234       0.0000000
       1636.0157       1.0017134      0.99335325       0.0000000
       1636.0365       1.0008509      0.99317718       0.0000000
       1636.0574      0.99996114      0.99220884       0.0000000
       1636.0782       1.0002354      0.99265558       0.0000000
       1636.0990       1.0003526      0.99246305       0.0000000
       1636.1199       1.0012270      0.99257702       0.0000000
       1636.1407       1.0011277      0.99244910       0.0000000
       1636.1615       1.0001955      0.99215138       0.0000000
       1636.1824       1.0006795      0.99296808       0.0000000
       1636.2032      0.99997443      0.99039423       0.0000000
       1636.2240      0.99997443      0.99241859       0.0000000
       1636.2449       1.0001012      0.99137670       0.0000000
       1636.2657      0.99879032      0.99025655       0.0000000
       1636.2865      0.99924815      0.99174756       0.0000000
       1636.3074      0.99948329      0.99156314       0.0000000
       1636.3282      0.99947172      0.99160063       0.0000000
       1636.3490      0.99961895      0.99058151       0.0000000
       1636.3699       1.0001099      0.99173385       0.0000000
       1636.3907      0.99952847      0.99068564       0.0000000
       1636.4115       1.0001667      0.99075598       0.0000000
       1636.4324       1.0003136      0.99123120       0.0000000
       1636.4532      0.99917126      0.99000055       0.0000000
       1636.4740       1.0000203      0.99073011       0.0000000
       1636.4948      0.99995637      0.99136913       0.0000000
       1636.5157      0.99946457      0.98986501       0.0000000
       1636.5365      0.99944937      0.98890144       0.0000000
       1636.5573       1.0000857      0.99088794       0.0000000
       1636.5782      0.99991995      0.98919356       0.0000000
       1636.5990      0.99997699      0.99040776       0.0000000
       1636.6198      0.99990046      0.98923016       0.0000000
       1636.6407      0.99886525      0.98781902       0.0000000
       1636.6615       1.0005399      0.99049103       0.0000000
       1636.6823       1.0002334      0.99041057       0.0000000
       1636.7032       1.0001472      0.98959452       0.0000000
       1636.7240       1.0006542      0.98870897       0.0000000
       1636.7448      0.99960524      0.98894083       0.0000000
       1636.7657       1.0002469      0.98847997       0.0000000
       1636.7865      0.99868947      0.98743469       0.0000000
       1636.8073      0.99880457      0.98804754       0.0000000
       1636.8282      0.99947023      0.98772746       0.0000000
       1636.8490       1.0004576      0.98918903       0.0000000
       1636.8698      0.99985743      0.98777163       0.0000000
       1636.8907      0.99808520      0.98643893       0.0000000
       1636.9115      0.99880105      0.98775357       0.0000000
       1636.9323      0.99864435      0.98642874       0.0000000
       1636.9532      0.99887091      0.98696250       0.0000000
       1636.9740      0.99877828      0.98696649       0.0000000
       1636.9948      0.99918926      0.98754638       0.0000000
       1637.0157      0.99909878      0.98718441       0.0000000
       1637.0365      0.99973285      0.98645484       128.00000
       1637.0573       1.0001608      0.98810071       0.0000000
       1637.0782       1.0002950      0.98722243       0.0000000
       1637.0990      0.99990171      0.98706305       0.0000000
       1637.1198       1.0001633      0.98758709       0.0000000
       1637.1407      0.99984604      0.98660743       0.0000000
       1637.1615      0.99983382      0.98699868       0.0000000
       1637.1823      0.99944341      0.98598427       0.0000000
       1637.2032       1.0002965      0.98661125       0.0000000
       1637.2240       1.0003978      0.98637474       0.0000000
       1637.2448       1.0003531      0.98691028       0.0000000
       1637.2657       1.0013119      0.98766422       0.0000000
       1637.2865       1.0007550      0.98492765       0.0000000
       1637.3073       1.0010118      0.98655635       0.0000000
       1637.3282       1.0019244      0.98704785       0.0000000
       1637.3490       1.0013676      0.98742443       0.0000000
       1637.3698       1.0016760      0.98846191       0.0000000
       1637.3907       1.0017577      0.98778158       0.0000000
       1637.4115       1.0135365      0.98735929       128.00000
       1637.4323       1.0011777      0.98506385       0.0000000
       1637.4532       1.0010709      0.98658681       0.0000000
       1637.4740       1.0032320      0.98570949       0.0000000
       1637.4948      0.84334421      0.82836342       128.00000
       1637.5157      0.99932957      0.98295689       128.00000
       1637.5365      0.99709618      0.97886086       128.00000
       1637.5573      0.99991250      0.98451209       128.00000
       1637.5782      0.99852777      0.98191822       128.00000
       1637.5990      0.99979198      0.98406422       0.0000000
       1637.6198      0.99996221      0.98346663       128.00000
       1637.6407       1.0002233      0.98396617       0.0000000
       1637.6615       1.0016291      0.98466569       128.00000
       1637.6823       1.0011272      0.98509961       0.0000000
       1637.7032       1.0002595      0.98482472       128.00000
       1637.7240       1.0008706      0.98580158       128.00000
       1637.7448       1.0006001      0.98464477       128.00000
       1637.7657      0.99994123      0.98301613       128.00000
       1637.7865       1.0014409      0.98553628       0.0000000
       1637.8073      0.99834722      0.98117107       128.00000
       1637.8282       1.0005424      0.98374176       0.0000000
       1637.8490      0.99868768      0.98225659       128.00000
       1637.8698      0.99943340      0.98240298       128.00000
       1637.8907       1.0004532      0.98349124       0.0000000
       1637.9115      0.99984264      0.98203570       0.0000000
       1637.9323      0.99939811      0.98276037       0.0000000
       1637.9532       1.0000767      0.98149246       128.00000
       1637.9740      0.99968761      0.98242617       0.0000000
       1637.9948      0.99961770      0.98108113       0.0000000
       1638.0157      0.99665403      0.97990197       128.00000
       1638.0365      0.99293244      0.97487003       128.00000
       1638.0573      0.98705292      0.96763361       128.00000
       1638.0782      0.98498392      0.96529412       128.00000
       1638.0990      0.98377573      0.96411526       0.0000000
       1638.1198      0.98553592      0.96522504       128.00000
       1638.1407      0.99034339      0.97110611       0.0000000
       1638.1615      0.99547982      0.97639275       0.0000000
       1638.1823      0.99978536      0.98028362       0.0000000
       1638.2032      0.99959213      0.98041731       0.0000000
       1638.2240      0.99881482      0.97894520       128.00000
       1638.2448       1.0005099      0.97861332       128.00000
       1638.2657      0.99984199      0.98016620       128.00000
       1638.2865       1.0002718      0.97899574       0.0000000
       1638.3073       1.0008528      0.98060775       0.0000000
       1638.3282      0.99931341      0.97857493       128.00000
       1638.3490       1.0007527      0.97978169       0.0000000
       1638.3698       1.0008825      0.97780955       128.00000
       1638.3907      0.99942636      0.97729599       128.00000
       1638.4115      0.99983007      0.97747552       0.0000000
       1638.4323      0.99982101      0.97771305       0.0000000
       1638.4532      0.99968338      0.97795337       0.0000000
       1638.4740      0.99870139      0.97685206       128.00000
       1638.4948      0.99990112      0.97766453       128.00000
       1638.5157       1.0003103      0.97598076       128.00000
       1638.5365       1.0000972      0.97765452       0.0000000
       1638.5573       1.0012759      0.97621709       0.0000000
       1638.5782       1.0231072      0.97602761       128.00000
       1638.5990       1.0001096      0.97583401       0.0000000
       1638.6198       1.0009733      0.97668213       0.0000000
       1638.6407      0.99954528      0.97495276       0.0000000
       1638.6615      0.99965525      0.97590715       0.0000000
       1638.6823       1.0004243      0.97607869       0.0000000
       1638.7032      0.99996167      0.97560477       0.0000000
       1638.7240       1.0001930      0.97492456       0.0000000
       1638.7448      0.99987757      0.97333348       0.0000000
       1638.7657      0.99948704      0.97372746       0.0000000
       1638.7865      0.99923694      0.97249931       0.0000000
       1638.8073       1.0000074      0.97422010       0.0000000
       1638.8282      0.99968284      0.97275066       0.0000000
       1638.8490      0.99958128      0.97123802       0.0000000
       1638.8698      0.99944168      0.97140443       0.0000000
       1638.8907       1.0000681      0.97191846       0.0000000
       1638.9115      0.99994624      0.97225267       0.0000000
       1638.9323       1.0010968      0.97208762       0.0000000
       1638.9532       1.0357159      0.97254086       128.00000
       1638.9740      0.99988407      0.97133136       0.0000000
       1640.0573      0.99341947       1.0021398       0.0000000
       1640.0781      0.99225760       1.0041256       0.0000000
       1640.0990      0.99280912       1.0047463       0.0000000
       1640.1198      0.99155593       1.0028170       128.00000
       1640.1406      0.99263668       1.0045387       128.00000
       1640.1615      0.99206108       1.0055845       0.0000000
       1640.1823      0.99289292       1.0061955       0.0000000
       1640.2031      0.99181753       1.0049635       0.0000000
       1640.2240      0.99127167       1.0042236       0.0000000
       1640.2448      0.99054378       1.0023664       128.00000
       1640.2656      0.99222547       1.0050803       0.0000000
       1640.2865      0.99298453       1.0042964       0.0000000
       1640.3073      0.99343330       1.0033802       0.0000000
       1640.3281      0.99206382       1.0027375       128.00000
       1640.3490      0.99370086       1.0018269       0.0000000
       1640.3698      0.99372250       1.0026710       128.00000
       1640.3906      0.99408108       1.0039810       0.0000000
       1640.4115      0.99522877       1.0044311       0.0000000
       1640.4323      0.99290603       1.0015424       128.00000
       1640.4531      0.99455673       1.0037159       0.0000000
       1640.4740      0.99596930       1.0034794       0.0000000
       1640.4948      0.99610466       1.0020934       128.00000
       1640.5156      0.99728924       1.0028111       0.0000000
       1640.5365      0.99727798       1.0027558       0.0000000
       1640.5573      0.99874938       1.0042526       0.0000000
       1640.5781      0.99868804       1.0039289       0.0000000
       1640.5990      0.99825776       1.0039692       0.0000000
       1640.6198      0.99831641       1.0033338       0.0000000
       1640.6406      0.99915916       1.0038216       0.0000000
       1640.6615      0.99796176       1.0020084       0.0000000
       1640.6823      0.99906635       1.0026417       0.0000000
       1640.7031      0.99844491       1.0017258       0.0000000
       1640.7240      0.99843162       1.0022190       0.0000000
       1640.7448      0.99707001       1.0009356       128.00000
       1640.7656       1.0020176       1.0021600       128.00000
       1640.7865      0.99954867       1.0011553       0.0000000
       1640.8073      0.99984401       1.0024294       0.0000000
       1640.8281       1.0001802       1.0025195       0.0000000
       1640.8490      0.99980098       1.0007604       0.0000000
       1640.8698      0.99993593       1.0016197       0.0000000
       1640.8906      0.99909925       1.0012547       128.00000
       1640.9115       1.0007311       1.0026313       0.0000000
       1640.9323       1.0007281       1.0013345       0.0000000
       1640.9531       1.0005138       1.0008619       0.0000000
       1640.9740      0.99947667       1.0005611       128.00000
       1640.9948       1.0001493       1.0012863       0.0000000
       1641.0156      0.99968749       1.0007874       0.0000000
       1641.0365       1.0007709       1.0016479       0.0000000
       1641.0573      0.99952501       1.0001017       0.0000000
       1641.0781       1.0003034       1.0008621       0.0000000
       1641.0990      0.99989969       1.0005159       0.0000000
       1641.1198       1.0003201       1.0007005       0.0000000
       1641.1406      0.99985826      0.99971527       0.0000000
       1641.1615       1.0000809       1.0005022       0.0000000
       1641.1823       1.0009320       1.0013056       0.0000000
       1641.2031       1.0004807       1.0004481       0.0000000
       1641.2240       1.0009753       1.0016170       0.0000000
       1641.2448       1.0003831       1.0007972       0.0000000
       1641.2656       1.0008057       1.0012918       0.0000000
       1641.2865       1.0005424       1.0002586       0.0000000
       1641.3073       1.0002774       1.0008725       0.0000000
       1641.3281       1.0013299       1.0007999       0.0000000
       1641.3490       1.0008180       1.0012479       0.0000000
       1641.3698       1.0007453       1.0005645       0.0000000
       1641.3906       1.0007222       1.0018134       0.0000000
       1641.4115       1.0000684      0.99922043       0.0000000
       1641.4323      0.99931890       1.0001527       0.0000000
       1641.4531       1.0007025       1.0010408       0.0000000
       1641.4740       1.0002191       1.0002675       0.0000000
       1641.4948      0.99947447      0.99903888       0.0000000
       1641.5156       1.0009683       1.0007830       0.0000000
       1641.5365       1.0000851      0.99975210       0.0000000
       1641.5573       1.0008544      0.99988341       0.0000000
       1641.5781       1.0004619       1.0006766       0.0000000
       1641.5990       1.0003026       1.0003424       0.0000000
       1641.6198       1.0000443      0.99943668       0.0000000
       1641.6406      0.99977577      0.99920708       0.0000000
       1641.6615       1.0003965       1.0004587       0.0000000
       1641.6823      0.99944901      0.99848509       0.0000000
       1641.7031      0.99931687       1.0002931       0.0000000
       1641.7240      0.99912256      0.99831390       0.0000000
       1641.7448      0.99855620      0.99826759       0.0000000
       1641.7656      0.99379385      0.99358553       0.0000000
       1641.7865      0.98917955      0.98930788       0.0000000
       1641.8073      0.98497635      0.98341614       0.0000000
       1641.8281      0.98381948      0.98393875       0.0000000
       1641.8490      0.98519993      0.98386621       0.0000000
       1641.8698      0.99128616      0.99159086       0.0000000
       1641.8906      0.99567938      0.99586660       0.0000000
       1641.9115      0.99980974       1.0002018       0.0000000
       1641.9323      0.99984485      0.99972105       0.0000000
       1641.9531      0.99961317       1.0000069       0.0000000
       1641.9740       1.0003992      0.99986911       0.0000000
       1641.9948      0.99939054      0.99955666       0.0000000
       1642.0156       1.0006015       1.0002108       0.0000000
       1642.0365       1.0003204       1.0000573       0.0000000
       1642.0573      0.99997133      0.99984556       0.0000000
       1642.0781      0.99888831      0.99880344       0.0000000
       1642.0990      0.99909252      0.99909616       0.0000000
       1642.1198      0.99999404      0.99922758       0.0000000
       1642.1406      0.99901140       1.0000730       128.00000
       1642.1615      0.99925882      0.99892378       0.0000000
       1642.1823      0.99983412      0.99994475       0.0000000
       1642.2031       1.0002208       1.0001180       0.0000000
       1642.2239       1.0005754       1.0009615       0.0000000
       1642.2448      0.99951738      0.99911857       0.0000000
       1642.2656       1.0008652       1.0010242       0.0000000
       1642.2864       1.0013697       1.0010991       0.0000000
       1642.3073       1.0002807       1.0007472       0.0000000
       1642.3281       1.0010802       1.0008997       0.0000000
       1642.3489       1.0016546       1.0020599       0.0000000
       1642.3698       1.0012540       1.0011050       0.0000000
       1642.3906       1.0008018       1.0013000       0.0000000
       1642.4114       1.0015063       1.0013927       0.0000000
       1642.4323       1.0007348       1.0010755       0.0000000
       1642.4531       1.0004221       1.0005733       0.0000000
       1642.4739      0.99972540       1.0001065       0.0000000
       1642.4948       1.0003095       1.0004733       0.0000000
       1642.5156       1.0014417       1.0015240       0.0000000
       1642.5364       1.0012623       1.0013772       0.0000000
       1642.5573       1.0011222       1.0006497       0.0000000
       1642.5781       1.0004314       1.0003583       0.0000000
       1642.5989       1.0013118       1.0012696       0.0000000
       1642.6198       1.0000403      0.99981087       0.0000000
       1642.6406       1.0008458       1.0009258       0.0000000
       1642.6614       1.0020634       1.0023669       0.0000000
       1642.6823       1.0011423       1.0011421       0.0000000
       1642.7031       1.0018790       1.0017248       0.0000000
       1642.7239       1.0013919       1.0013790       0.0000000
       1642.7448       1.0015781       1.0017084       0.0000000
       1642.7656       1.0011941       1.0011845       0.0000000
       1642.7864       1.0013119       1.0014307       0.0000000
       1642.8073       1.0006319       1.0006714       0.0000000
       1642.8281       1.0016820       1.0016520       0.0000000
       1642.8489       1.0014493       1.0013454       0.0000000
       1642.8698       1.0010382       1.0013180       0.0000000
       1642.8906       1.0022451       1.0024952       0.0000000
       1642.9114       1.0010231       1.0007063       0.0000000
       1642.9323       1.0009211       1.0002770       0.0000000
       1642.9531       1.0006330       1.0006062       0.0000000
       1642.9739       1.0009490       1.0013442       0.0000000
       1642.9948       1.0002078       1.0003139       0.0000000
       1643.0156       1.0004599       1.0005494       0.0000000
       1643.0364      0.99979186      0.99960274       0.0000000
       1643.0573       1.0005170       1.0004610       0.0000000
       1643.0781       1.0003872       1.0011530       0.0000000
       1643.0989       1.0004231      0.99987137       0.0000000
       1643.1198       1.0007585       1.0005327       0.0000000
       1643.1406      0.99996549       1.0000533       0.0000000
       1643.1614      0.99947935      0.99947333       0.0000000
       1643.1823       1.0001141      0.99959242       0.0000000
       1643.2031      0.86482376      0.86541939       128.00000
       1643.2239      0.99915451      0.99946022       128.00000
       1643.2448      0.99603105      0.99683583       128.00000
       1643.2656       1.0000403       1.0003804       0.0000000
       1643.2864      0.99879032      0.99877113       0.0000000
       1643.3073      0.99910837      0.99762326       128.00000
       1643.3281      0.99920410      0.99835443       0.0000000
       1643.3489      0.99850065      0.99799001       128.00000
       1643.3698      0.99886286      0.99779129       0.0000000
       1643.3906      0.99943113       1.0001734       0.0000000
       1643.4114       1.0001278      0.99888855       0.0000000
       1643.4323      0.99894303      0.99896801       0.0000000
       1643.4531      0.99990875      0.99993074       0.0000000
       1643.4739      0.99959558       1.0004301       0.0000000
       1643.4948      0.99973935      0.99908912       0.0000000
       1643.5156      0.99969912       1.0009778       0.0000000
       1643.5364      0.99928844      0.99975115       0.0000000
       1643.5573      0.99944985       1.0000055       0.0000000
       1643.5781      0.99961448       1.0002317       0.0000000
       1643.5989      0.99938482       1.0002455       0.0000000
       1643.6198      0.99936646      0.99999511       0.0000000
       1643.6406      0.99883717       1.0001959       0.0000000
       1643.6614      0.99930453      0.99874061       0.0000000
       1643.6823      0.99872112      0.99895203       0.0000000
       1643.7031      0.99878234      0.99955463       0.0000000
       1643.7239      0.99868208      0.99896634       0.0000000
       1643.7448      0.99773103      0.99874187       0.0000000
       1643.7656      0.99856824      0.99868160       0.0000000
       1643.7864      0.99846935      0.99929327       0.0000000
       1643.8073      0.99821728      0.99855608       0.0000000
       1643.8281      0.99961478       1.0000730       0.0000000
       1643.8489      0.99893570      0.99888331       0.0000000
       1643.8698       1.0001500       1.0009422       0.0000000
       1643.8906      0.99852169      0.99923438       0.0000000
       1643.9114       1.0004795       1.0008610       0.0000000
       1643.9323      0.99896717      0.99960613       0.0000000
       1643.9531       1.0001669       1.0010161       0.0000000
       1643.9739      0.99931002      0.99982506       0.0000000
       1643.9948       1.0004464       1.0011429       0.0000000
       1644.0156      0.99992853       1.0007223       0.0000000
       1644.0364      0.99944061       1.0003756       0.0000000
       1644.0573      0.99967557       1.0000669       0.0000000
       1644.0781      0.99932504       1.0001676       0.0000000
       1644.0989      0.99893528      0.99958783       0.0000000
       1644.1198      0.99748498      0.99881721       0.0000000
       1644.1406      0.99856740      0.99932569       0.0000000
       1644.1614      0.99961603       1.0005478       0.0000000
       1644.1822      0.99889988      0.99961168       0.0000000
       1644.2031      0.99844301       1.0000812       0.0000000
       1644.2239      0.99847883      0.99867576       0.0000000
       1644.2447      0.99937862       1.0006759       0.0000000
       1644.2656      0.99936348       1.0004052       0.0000000
       1644.2864      0.99952364       1.0008310       0.0000000
       1644.3072      0.99908751      0.99946302       0.0000000
       1644.3281      0.99933058       1.0010582       0.0000000
       1644.3489      0.99983424       1.0007273       0.0000000
       1644.3697       1.0001960       1.0015333       0.0000000
       1644.3906      0.99953878       1.0003506       0.0000000
       1644.4114       1.0003026       1.0015124       0.0000000
       1644.4322      0.99924946       1.0000981       0.0000000
       1644.4531      0.99900752       1.0010023       0.0000000
       1644.4739      0.99884379      0.99892002       0.0000000
       1644.4947      0.99988353       1.0011234       0.0000000
       1644.5156       1.0002095       1.0011681       0.0000000
       1644.5364      0.99928749       1.0007415       0.0000000
       1644.5572      0.99995315       1.0008677       0.0000000
       1644.5781      0.99967611       1.0005444       0.0000000
       1644.5989      0.99983931       1.0006183       0.0000000
       1644.6197      0.99947840       1.0006517       0.0000000
       1644.6406       1.0004672       1.0008032       0.0000000
       1644.6614       1.0004044       1.0018244       0.0000000
       1644.6822       1.0009425       1.0017358       0.0000000
       1644.7031       1.0011898       1.0021455       0.0000000
       1644.7239      0.99980378       1.0007889       0.0000000
       1644.7447       1.0010628       1.0020719       0.0000000
       1644.7656      0.99902928      0.99980497       0.0000000
       1644.7864       1.0003421       1.0014231       0.0000000
       1644.8072       1.0008057       1.0011009       0.0000000
       1644.8281       1.0003361       1.0015700       0.0000000
       1644.8489       1.0009307       1.0014619       0.0000000
       1644.8697       1.0008144       1.0020292       0.0000000
       1644.8906       1.0010749       1.0010972       0.0000000
       1644.9114       1.0011481       1.0021429       0.0000000
       1644.9322       1.0014126       1.0020739       0.0000000
       1644.9531       1.0010303       1.0018270       0.0000000
       1644.9739       1.0008280       1.0012920       0.0000000
       1644.9947       1.0010333       1.0011581       0.0000000
       1645.0156       1.0017427       1.0026358       0.0000000
       1645.0364      0.99953502      0.99875551       0.0000000
       1645.0572       1.0001291       1.0009584       0.0000000
       1645.0781       1.0008832       1.0005282       0.0000000
       1645.0989      0.99966842       1.0001351       0.0000000
       1645.1197       1.0004764       1.0010103       0.0000000
       1645.1406       1.0004610       1.0008420       0.0000000
       1645.1614       1.0017276       1.0017486       0.0000000
       1645.1822       1.0009522       1.0015495       0.0000000
       1645.2031       1.0005553       1.0008258       0.0000000
       1645.2239       1.0008136       1.0017527       0.0000000
       1645.2447       1.0005586       1.0004240       0.0000000
       1645.2656      0.99940121      0.99949980       0.0000000
       1645.2864       1.0001843       1.0002147       0.0000000
       1645.3072       1.0009590       1.0014617       0.0000000
       1645.3281       1.0001554       1.0003225       0.0000000
       1645.3489       1.0009761       1.0013136       0.0000000
       1645.3697       1.0003682       1.0008233       0.0000000
       1645.3906      0.95071298      0.99963444       128.00000
       1645.4114      0.99949712      0.99965471       0.0000000
       1645.4322      0.99936628      0.99922109       0.0000000
       1645.4531      0.99859434      0.99917293       0.0000000
       1645.4739      0.99814916      0.99877942       0.0000000
       1645.4947      0.99274582      0.99347740       0.0000000
       1645.5156      0.98666513      0.98722059       0.0000000
       1645.5364      0.98394090      0.98351663       0.0000000
       1645.5572      0.98250389      0.98304641       0.0000000
       1645.5781      0.98514909      0.98497593       0.0000000
       1645.5989      0.99010915      0.98991400       0.0000000
       1645.6197      0.99481809      0.99511707       0.0000000
       1645.6406      0.99853450      0.99834251       0.0000000
       1645.6614      0.99967432      0.99982303       0.0000000
       1645.6822       1.0000335       1.0010977       0.0000000
       1645.7031       1.0001976       1.0002764       0.0000000
       1645.7239      0.99959219       1.0003121       0.0000000
       1645.7447      0.99851298      0.99789000       0.0000000
       1645.7656       1.0000184      0.99966377       0.0000000
       1645.7864      0.99943113      0.99893689       0.0000000
       1645.8072      0.99848211      0.99888122       0.0000000
       1645.8281       1.0003707       1.0007604       0.0000000
       1645.8489      0.99998432       1.0007122       0.0000000
       1645.8697      0.99976277       1.0004663       0.0000000
       1645.8905      0.99956059       1.0005141       0.0000000
       1645.9114      0.99969327       1.0001940       0.0000000
       1645.9322       1.0003558       1.0007585       0.0000000
       1645.9530      0.99932706      0.99945498       0.0000000
       1645.9739      0.99964714       1.0000194       0.0000000
       1645.9947      0.99922168      0.99951583       0.0000000
       1646.0155      0.99861687      0.99930620       0.0000000
       1646.0364      0.99953377      0.99999416       0.0000000
       1646.0572      0.99971890       1.0001426       0.0000000
       1646.0780      0.99941939      0.99985725       0.0000000
       1646.0989       1.0004392       1.0007652       0.0000000
       1646.1197       1.0007014       1.0013052       0.0000000
       1646.1405       1.0007567       1.0014848       0.0000000
       1646.1614       1.0001208       1.0001334       0.0000000
       1646.1822       1.0003474       1.0007969       0.0000000
       1646.2030       1.0006241       1.0009379       0.0000000
       1646.2239      0.99956304      0.99969959       0.0000000
       1646.2447      0.99887669      0.99793553       0.0000000
       1646.2655       1.0012740       1.0001621       0.0000000
       1646.2864      0.99987084      0.99869901       0.0000000
       1646.3072       1.0015393       1.0003262       0.0000000
       1646.3280      0.85551089      0.85579896       128.00000
       1646.3489       1.0012294       1.0023185       0.0000000
       1646.3697       1.0008447       1.0019859       0.0000000
       1646.3905       1.0005734       1.0020406       0.0000000
       1646.4114       1.0000000       1.0012758       0.0000000
       1646.4322       1.0006036       1.0017610       0.0000000
       1646.4530       1.0003424       1.0010597       0.0000000
       1646.4739       1.0004902       1.0016223       0.0000000
       1646.4947       1.0009696       1.0015341       0.0000000
       1646.5155       1.0011967       1.0026294       0.0000000
       1646.5364      0.99988127       1.0008551       0.0000000
       1646.5572       1.0006443       1.0017278       0.0000000
       1646.5780      0.99970752       1.0003878       0.0000000
       1646.5989      0.99955833       1.0006738       0.0000000
       1646.6197      0.99994719       1.0009156       0.0000000
       1646.6405       1.0011566       1.0021644       0.0000000
       1646.6614      0.99964535       1.0001357       0.0000000
       1646.6822       1.0005033       1.0012827       0.0000000
       1646.7030      0.99988556       1.0005369       0.0000000
       1646.7239      0.99942613       1.0003316       0.0000000
       1646.7447      0.96361214      0.99964380       128.00000
       1646.7655       1.0006343       1.0016805       0.0000000
       1646.7864       1.0006962       1.0006891       0.0000000
       1646.8072       1.0000811       1.0010004       0.0000000
       1646.8280      0.99998689       1.0005808       0.0000000
       1646.8489      0.99999785       1.0007885       0.0000000
       1646.8697       1.0003021       1.0006728       0.0000000
       1646.8905      0.99918783       1.0000430       0.0000000
       1646.9114       1.0002475       1.0000459       0.0000000
       1646.9322      0.99987179       1.0010210       0.0000000
       1646.9530      0.99994147       1.0002267       0.0000000
       1646.9739       1.0004590       1.0010601       0.0000000
       1646.9947       1.0001506       1.0003951       0.0000000
       1647.0155       1.0012429       1.0016525       0.0000000
       1647.0364       1.0006301       1.0010009       0.0000000
       1647.0572       1.0013676       1.0018991       0.0000000
       1647.0780      0.99989301       1.0005431       0.0000000
       1647.0989       1.0019435       1.0015630       0.0000000
       1647.1197       1.0016429       1.0022813       0.0000000
       1647.1405       1.0017200       1.0020640       0.0000000
       1647.1614       1.0012521       1.0012326       0.0000000
       1647.1822       1.0012516       1.0022060       0.0000000
       1647.2030       1.0011984       1.0014148       0.0000000
       1647.2239       1.0016645       1.0020783       0.0000000
       1647.2447       1.0004888       1.0013618       0.0000000
       1647.2655       1.0013560       1.0015976       0.0000000
       1647.2864       1.0010053       1.0015730       0.0000000
       1647.3072       1.0017633       1.0013397       0.0000000
       1647.3280       1.0018988       1.0023315       0.0000000
       1647.3489       1.0017725       1.0015585       0.0000000
       1647.3697       1.0013169       1.0017933       0.0000000
       1647.3905       1.0014666       1.0015404       0.0000000
       1647.4113       1.0012891       1.0017697       0.0000000
       1647.4322       1.0007929       1.0008591       0.0000000
       1647.4530       1.0005068       1.0010921       0.0000000
       1647.4738       1.0012586       1.0009687       0.0000000
       1647.4947       1.0008339       1.0011795       0.0000000
       1647.5155       1.0012035       1.0013335       0.0000000
       1647.5363       1.0004222       1.0006943       0.0000000
       1647.5572       1.0020957       1.0017833       0.0000000
       1647.5780       1.0009601       1.0009853       0.0000000
       1647.5988       1.0016840       1.0014707       0.0000000
       1647.6197       1.0011660       1.0016565       0.0000000
       1647.6405       1.0016453       1.0012993       0.0000000
       1647.6613       1.0016127       1.0018306       0.0000000
       1647.6822       1.0005940       1.0006903       0.0000000
       1647.7030       1.0019141       1.0020050       0.0000000
       1647.7238       1.0008746       1.0006797       0.0000000
       1647.7447       1.0016756       1.0017637       0.0000000
       1647.7655       1.0012760       1.0012430       0.0000000
       1647.7863       1.0008116       1.0007117       0.0000000
       1647.8072       1.0004081       1.0000000       0.0000000
       1647.8280       1.0004017       1.0008096       0.0000000
       1647.8488       1.0005018       1.0001903       0.0000000
       1647.8697       1.0004733       1.0012616       0.0000000
       1647.8905       1.0002854       1.0002841       0.0000000
       1647.9113       1.0021757       1.0021694       0.0000000
       1647.9322       1.0005307       1.0002375       0.0000000
       1647.9530       1.0009733       1.0014188       0.0000000
       1647.9738       1.0011137       1.0004529       0.0000000
       1647.9947       1.0011039       1.0013489       0.0000000
       1648.0155       1.0017796       1.0013931       0.0000000
       1648.0363       1.0010622       1.0009975       0.0000000
       1648.0572       1.0014342       1.0017129       0.0000000
       1648.0780       1.0015763       1.0014879       0.0000000
       1648.0988       1.0015041       1.0002863       0.0000000
       1648.1197       1.0013163       1.0014404       0.0000000
       1648.1405       1.0014702       1.0000665       0.0000000
       1648.1613       1.0011244       1.0009567       0.0000000
       1648.1822       1.0001742      0.99942929       0.0000000
       1648.2030       1.0002803       1.0008005       0.0000000
       1648.2238       1.0016087      0.99951899       0.0000000
       1648.2447       1.0019150       1.0010068       0.0000000
       1648.2655       1.0012921       1.0008229       0.0000000
       1648.2863       1.0003575       1.0001523       0.0000000
       1648.3072       1.0015668      0.99944538       0.0000000
       1648.3280       1.0000840      0.99980533       0.0000000
       1648.3488       1.0003865      0.99930233       0.0000000
       1648.3697       1.0009172       1.0000371       0.0000000
       1648.3905       1.0010710      0.99943930       0.0000000
       1648.4113       1.0011141       1.0008664       0.0000000
       1648.4322       1.0012760       1.0002123       0.0000000
       1648.4530       1.0008674       1.0005785       0.0000000
       1648.4738       1.0007219      0.99933892       0.0000000
       1648.4947       1.0008748       1.0006014       0.0000000
       1648.5155       1.0006034      0.99909008       0.0000000
       1648.5363       1.0010520       1.0011348       0.0000000
       1648.5572       1.0011406      0.99976957       0.0000000
       1648.5780       1.0002815      0.99908590       0.0000000
       1648.5988       1.0013129      0.99906337       0.0000000
       1648.6197       1.0001088      0.99937403       0.0000000
       1648.6405       1.0026560       1.0005000       0.0000000
       1648.6613       1.0007443      0.99935067       0.0000000
       1648.6822       1.0010903      0.99905592       0.0000000
       1648.7030       1.0004898       1.0004560       0.0000000
       1648.7238       1.0029550       1.0010188       0.0000000
       1648.7447       1.0009991      0.99986941       0.0000000
       1648.7655      0.99960136      0.99899215       0.0000000
       1648.7863       1.0003682      0.99938160       0.0000000
       1648.8072       1.0001706      0.99871671       0.0000000
       1648.8280       1.0001028      0.99948639       0.0000000
       1648.8488       1.0000983      0.99930328       0.0000000
       1648.8696      0.99998945      0.99850076       0.0000000
       1648.8905      0.99962085      0.99910331       0.0000000
       1648.9113       1.0009454      0.99945199       0.0000000
       1648.9321      0.99940175      0.99846697       0.0000000
       1648.9530      0.99982530      0.99829972       0.0000000
       1648.9738       1.0000216      0.99859393       0.0000000
       1648.9946      0.99998170      0.99839061       0.0000000
       1649.0155      0.99940670      0.99866903       0.0000000
       1649.0363      0.99988639      0.99751014       0.0000000
       1649.0571       1.0003463      0.99913573       0.0000000
       1649.0780       1.0002410      0.99796999       0.0000000
       1649.0988       1.0006686      0.99891341       0.0000000
       1649.1196       1.0001498      0.99776590       0.0000000
       1649.1405       1.0004240      0.99838305       0.0000000
       1649.1613      0.99941969      0.99628282       0.0000000
       1649.1821      0.99900669      0.99799794       0.0000000
       1649.2030      0.99773091      0.99515581       0.0000000
       1649.2238      0.99222779      0.99050605       0.0000000
       1649.2446      0.98621410      0.98423016       0.0000000
       1649.2655      0.98290479      0.98191917       0.0000000
       1649.2863      0.93617189      0.97967166       128.00000
       1649.3071      0.98425108      0.98246771       0.0000000
       1649.3280      0.98953050      0.98847765       0.0000000
       1649.3488      0.99497336      0.99297601       0.0000000
       1649.3696      0.99791002      0.99648231       0.0000000
       1649.3905      0.99863076      0.99627769       0.0000000
       1649.4113      0.99927640      0.99771941       0.0000000
       1649.4321      0.99958712      0.99724692       0.0000000
       1649.4530      0.85413939      0.85138947       128.00000
       1649.4738      0.99948424      0.99928761       0.0000000
       1649.4946      0.99991238      0.99907225       0.0000000
       1649.5155       1.0000831      0.99951583       0.0000000
       1649.5363      0.99890810      0.99835390       0.0000000
       1649.5571      0.99960285      0.99916559       0.0000000
       1649.5780      0.99948943      0.99913329       0.0000000
       1649.5988      0.99946868      0.99884319       0.0000000
       1649.6196      0.99935400      0.99917477       0.0000000
       1649.6405       1.0005115      0.99924272       0.0000000
       1649.6613      0.99939394      0.99877816       0.0000000
       1649.6821       1.0004598      0.99935442       0.0000000
       1649.7030      0.99896765      0.99802673       0.0000000
       1649.7238      0.99989170      0.99816340       0.0000000
       1649.7446      0.99966377      0.99926329       0.0000000
       1649.7655      0.99958313      0.99807024       0.0000000
       1649.7863       1.0005022      0.99987692       0.0000000
       1649.8071       1.0005171      0.99946481       0.0000000
       1649.8280      0.99958432      0.99903458       0.0000000
       1649.8488       1.0008869      0.99956453       0.0000000
       1649.8696      0.99974692      0.99957991       0.0000000
       1649.8905      0.99963075      0.99807304       0.0000000
       1649.9113       1.0010328       1.0001621       0.0000000
       1649.9321      0.99998277      0.99847400       0.0000000
       1649.9530      0.99982888      0.99854439       0.0000000
       1649.9738      0.99990004      0.99804306       0.0000000
       1649.9946       1.0010557      0.99947983       0.0000000
       1650.0155      0.99980706      0.99831295       0.0000000
       1650.0363       1.0000812      0.99854869       0.0000000
       1650.0571      0.99913466      0.99778414       0.0000000
       1650.0780       1.0002064      0.99824446       0.0000000
       1650.0988       1.0000058      0.99866700       0.0000000
       1650.1196      0.99964851      0.99788690       0.0000000
       1650.1405      0.99968779      0.99846995       0.0000000
       1650.1613       1.0000345      0.99830759       0.0000000
       1650.1821      0.99935740      0.99776524       0.0000000
       1650.2029       1.0000811      0.99819231       0.0000000
       1650.2238      0.99932432      0.99799609       0.0000000
       1650.2446       1.0010042      0.99909669       0.0000000
       1650.2654      0.99975562      0.99793285       0.0000000
       1650.2863      0.99936563      0.99697024       0.0000000
       1650.3071       1.0003853      0.99871796       0.0000000
       1650.3279       1.0005231      0.99837226       0.0000000
       1650.3488       1.0000997      0.99861741       0.0000000
       1650.3696      0.99956721      0.99735606       0.0000000
       1650.3904      0.99995142      0.99809980       0.0000000
       1650.4113      0.99991769      0.99767280       0.0000000
       1650.4321      0.99951267      0.99791437       0.0000000
       1650.4529      0.99949944      0.99723351       0.0000000
       1650.4738      0.99994296      0.99794537       0.0000000
       1650.4946      0.99935317      0.99763644       0.0000000
       1650.5154      0.99987531      0.99805182       0.0000000
       1650.5363      0.99967331      0.99704146       0.0000000
       1650.5571      0.99929833      0.99735349       0.0000000
       1650.5779      0.99917102      0.99687719       0.0000000
       1650.5988      0.99966800      0.99782872       0.0000000
       1650.6196      0.99903387      0.99714720       0.0000000
       1650.6404      0.99896348      0.99697578       0.0000000
       1650.6613      0.99932975      0.99746007       0.0000000
       1650.6821      0.99906975      0.99733782       0.0000000
       1650.7029      0.99938679      0.99713314       0.0000000
       1650.7238      0.99924976      0.99719518       0.0000000
       1650.7446      0.99834782      0.99631929       0.0000000
       1650.7654      0.99964672      0.99743491       0.0000000
       1650.7863      0.99961466      0.99755692       0.0000000
       1650.8071      0.99955803      0.99744898       0.0000000
       1650.8279      0.99975693      0.99791825       0.0000000
       1650.8488       1.0000299      0.99763578       0.0000000
       1650.8696      0.99964297      0.99772024       0.0000000
       1650.8904       1.0001332      0.99769187       0.0000000
       1650.9113       1.0000862      0.99820811       0.0000000
       1650.9321      0.99956316      0.99727011       0.0000000
       1650.9529       1.0008951      0.99887586       0.0000000
       1650.9738       1.0006135      0.99792773       0.0000000
       1650.9946       1.0002377      0.99822283       0.0000000
       1651.0154       1.0002139      0.99794972       0.0000000
       1651.0363       1.0001278      0.99784541       0.0000000
       1651.0571       1.0001292      0.99761826       0.0000000
       1651.0779      0.99959403      0.99757421       0.0000000
       1651.0988       1.0000633      0.99764299       0.0000000
       1651.1196       1.0001245      0.99784541       0.0000000
       1651.1404      0.99956006      0.99709469       0.0000000
       1651.1613      0.99973661      0.99709481       0.0000000
       1651.1821      0.99888831      0.99609739       0.0000000
       1651.2029      0.99916184      0.99691004       0.0000000
       1651.2238       1.0001826      0.99762309       0.0000000
       1651.2446      0.99910969      0.99666536       0.0000000
       1651.2654      0.99978703      0.99736470       0.0000000
       1651.2863      0.99902427      0.99666995       0.0000000
       1651.3071       1.0001096      0.99758768       0.0000000
       1651.3279       1.0011028      0.99832988       0.0000000
       1651.3488      0.99964118      0.99724579       0.0000000
       1651.3696      0.99984753      0.99682462       0.0000000
       1651.3904      0.99970615      0.99687606       0.0000000
       1651.4112      0.99997061      0.99731481       0.0000000
       1651.4321      0.99974114      0.99700791       0.0000000
       1651.4529       1.0009058      0.99742979       0.0000000
       1651.4737       1.0011330      0.99757069       0.0000000
       1651.4946       1.0013298      0.99737871       0.0000000
       1651.5154       1.0005169      0.99705929       0.0000000
       1651.5362      0.99963576      0.99574101       0.0000000
       1651.5571      0.99971902      0.99609292       0.0000000
       1651.5779       1.0002666      0.99667645       0.0000000
       1651.5987       1.0001749      0.99618518       0.0000000
       1651.6196      0.99998945      0.99617040       0.0000000
       1651.6404      0.99904597      0.99607831       0.0000000
       1651.6612      0.99988872      0.99616641       0.0000000
       1651.6821       1.0000404      0.99669999       0.0000000
       1651.7029      0.99911511      0.99552107       0.0000000
       1651.7237      0.99936736      0.99603450       0.0000000
       1651.7446      0.99880749      0.99487096       0.0000000
       1651.7654      0.99942452      0.99551773       0.0000000
       1651.7862      0.99874467      0.99509102       0.0000000
       1651.8071       1.0005047      0.99733782       0.0000000
       1651.8279      0.99970919      0.99595445       0.0000000
       1651.8487      0.99945718      0.99647218       0.0000000
       1651.8696      0.99942523      0.99597538       0.0000000
       1651.8904      0.99989808      0.99676168       0.0000000
       1651.9112       1.0000784      0.99610978       0.0000000
       1651.9321       1.0006636      0.99751216       0.0000000
       1651.9529      0.99976075      0.99594927       0.0000000
       1651.9737      0.99984723      0.99668008       0.0000000
       1651.9946       1.0013065      0.99749899       0.0000000
       1652.0154       1.0005373      0.99703592       0.0000000
       1652.0362       1.0004809      0.99695712       0.0000000
       1652.0571       1.0002395      0.99667525       0.0000000
       1652.0779       1.0004094      0.99683249       0.0000000
       1652.0987       1.0000174      0.99609220       0.0000000
       1652.1196       1.0001673      0.99640614       0.0000000
       1652.1404       1.0001442      0.99586499       0.0000000
       1652.1612       1.0005158      0.99684191       0.0000000
       1652.1821       1.0006703      0.99642617       0.0000000
       1652.2029      0.99979568      0.99534088       0.0000000
       1652.2237      0.99961746      0.99478447       0.0000000
       1652.2446       1.0002506      0.99643975       0.0000000
       1652.2654       1.0001062      0.99455023       0.0000000
       1652.2862      0.99986947      0.99586868       0.0000000
       1652.3071       1.0003381      0.99524122       0.0000000
       1652.3279       1.0005471      0.99589193       0.0000000
       1652.3487       1.0008376      0.99579251       0.0000000
       1652.3696       1.0015296      0.99639928       0.0000000
       1652.3904       1.0004616      0.99558538       0.0000000
       1652.4112       1.0009254      0.99642003       0.0000000
       1652.4321       1.0011847      0.99596298       0.0000000
       1652.4529       1.0012591      0.99592310       0.0000000
       1652.4737       1.0013970      0.99640602       0.0000000
       1652.4946       1.0006276      0.99523312       0.0000000
       1652.5154       1.0013709      0.99636722       0.0000000
       1652.5362       1.0013752      0.99637699       0.0000000
       1652.5570      0.99834698      0.99593079       128.00000
       1652.5779      0.99766350      0.99532229       128.00000
       1652.5987      0.99783593      0.99611264       128.00000
       1652.6195      0.99850339      0.99577922       128.00000
       1652.6404      0.99747133      0.99548179       128.00000
       1652.6612      0.99824286      0.99499917       128.00000
       1652.6820      0.99623126      0.99523836       128.00000
       1652.7029      0.99764562      0.99429107       128.00000
       1652.7237      0.99777734      0.99456227       128.00000
       1652.7445      0.99813157      0.99210018       128.00000
       1652.7654      0.99889702      0.99212432       128.00000
       1652.7862      0.99860072      0.99169964       128.00000
       1652.8070      0.99820274      0.99271137       128.00000
       1652.8279      0.99761719      0.99218643       128.00000
       1652.8487      0.99724424      0.99288493       128.00000
       1652.8695      0.99694675      0.99230981       128.00000
