    1225
       1955.8200       1.0239890       1.0253417       0.0000000
       1955.8408       1.0070547       1.0114588       0.0000000
       1955.8616      0.99594057       1.0025235       0.0000000
       1955.8825      0.99100900      0.99852806       0.0000000
       1955.9033      0.98856401      0.99630952       0.0000000
       1955.9241      0.98861027      0.99578243       0.0000000
       1955.9450      0.99538207       1.0029627       0.0000000
       1955.9658      0.99778545       1.0049628       0.0000000
       1955.9866      0.99889338       1.0065186       0.0000000
       1956.0075      0.99724871       1.0037880       0.0000000
       1956.0283      0.99578923       1.0033191       0.0000000
       1956.0491      0.99838823       1.0073953       0.0000000
       1956.0700      0.99546152       1.0048022       0.0000000
       1956.0908      0.99800521       1.0072725       0.0000000
       1956.1116      0.99543631       1.0041475       0.0000000
       1956.1325      0.99937326       1.0088446       0.0000000
       1956.1533      0.99783683       1.0083090       0.0000000
       1956.1741      0.99819994       1.0083416       0.0000000
       1956.1950      0.99765712       1.0094240       0.0000000
       1956.2158      0.99971819       1.0100596       0.0000000
       1956.2366      0.99623448       1.0076208       0.0000000
       1956.2575       1.0030950       1.0134575       0.0000000
       1956.2783      0.99782395       1.0087421       0.0000000
       1956.2991       1.0016196       1.0121561       0.0000000
       1956.3200      0.99912161       1.0085046       0.0000000
       1956.3408       1.0011361       1.0095624       0.0000000
       1956.3616       1.0030942       1.0103039       0.0000000
       1956.3825       1.0017993       1.0073870       0.0000000
       1956.4033       1.0097730       1.0135649       0.0000000
       1956.4241       1.0050367       1.0074661       0.0000000
       1956.4450       1.0045183       1.0056492       0.0000000
       1956.4658       1.0064991       1.0071071       0.0000000
       1956.4866       1.0097020       1.0068668       0.0000000
       1956.5075       1.0052838       1.0046972       0.0000000
       1956.5283      0.99965376      0.99954718       0.0000000
       1956.5491       1.0016053       1.0010588       0.0000000
       1956.5700       1.0013980       1.0008837       0.0000000
       1956.5908       1.0004879      0.99998862       0.0000000
       1956.6116       1.0072581       1.0027506       0.0000000
       1956.6325       1.0061420       1.0054901       0.0000000
       1956.6533       1.0052338       1.0048044       0.0000000
       1956.6741       1.0026072       1.0019194       0.0000000
       1956.6950      0.99851567      0.99796999       0.0000000
       1956.7158       1.0005852       1.0003377       0.0000000
       1956.7366      0.99774331      0.99774605       0.0000000
       1956.7575       1.0001515       1.0002090       0.0000000
       1956.7783      0.99302739      0.99309069       0.0000000
       1956.7991      0.99753684      0.99783468       0.0000000
       1956.8200      0.99751782      0.99789131       0.0000000
       1956.8408      0.99756825      0.99786121       0.0000000
       1956.8616       1.0012774       1.0019153       0.0000000
       1956.8825      0.99848294      0.99939054       0.0000000
       1956.9033       1.0001459       1.0012984       0.0000000
       1956.9241      0.99921185      0.99918526       0.0000000
       1956.9450      0.99849850       1.0005234       0.0000000
       1956.9658       1.0014924       1.0038811       0.0000000
       1956.9866      0.99985027       1.0029292       0.0000000
       1957.0075      0.99699682       1.0006980       0.0000000
       1957.0283      0.99856955       1.0027311       0.0000000
       1957.0491      0.99607867       1.0004514       0.0000000
       1957.0700      0.99773711       1.0023395       0.0000000
       1957.0908      0.99614543       1.0011199       0.0000000
       1957.1116       1.0003020       1.0055407       0.0000000
       1957.1325       1.0021570       1.0078893       0.0000000
       1957.1533      0.99792171       1.0036907       0.0000000
       1957.1741       1.0002446       1.0061611       0.0000000
       1957.1950       1.0043080       1.0104667       0.0000000
       1957.2158       1.0008264       1.0071295       0.0000000
       1957.2366       1.0010282       1.0081500       0.0000000
       1957.2575       1.0043447       1.0109975       0.0000000
       1957.2783       1.0020787       1.0097733       0.0000000
       1957.2991       1.0032660       1.0106190       0.0000000
       1957.3200      0.99426711       1.0010715       0.0000000
       1957.3408       1.0005082       1.0079315       0.0000000
       1957.3616       1.0024585       1.0098268       0.0000000
       1957.3825      0.99985826       1.0075957       0.0000000
       1957.4033      0.99605560       1.0040960       0.0000000
       1957.4241       1.0038860       1.0122014       0.0000000
       1957.4450       1.0011158       1.0094436       0.0000000
       1957.4658       1.0021294       1.0101149       0.0000000
       1957.4866       1.0038615       1.0120596       0.0000000
       1957.5075       1.0055026       1.0121526       0.0000000
       1957.5283       1.0000087       1.0083810       0.0000000
       1957.5491       1.0026524       1.0100548       0.0000000
       1957.5700      0.99819791       1.0051742       0.0000000
       1957.5908       1.0000648       1.0075866       0.0000000
       1957.6116       1.0063740       1.0140563       0.0000000
       1957.6325      0.99804091       1.0060818       0.0000000
       1957.6533       1.0034001       1.0112902       0.0000000
       1957.6741       1.0007058       1.0089942       0.0000000
       1957.6950       1.0028216       1.0116447       0.0000000
       1957.7158       1.0044532       1.0114766       0.0000000
       1957.7366       1.0039160       1.0119503       0.0000000
       1957.7575       1.0061588       1.0135772       0.0000000
       1957.7783      0.99994826       1.0129527       0.0000000
       1957.7991       1.0002927       1.0079557       0.0000000
       1957.8200       1.0013695       1.0087116       0.0000000
       1957.8408       1.0019367       1.0106767       0.0000000
       1957.8616       1.0038812       1.0118089       0.0000000
       1957.8825      0.99804264       1.0061134       0.0000000
       1957.9033      0.99897230       1.0069717       0.0000000
       1957.9241      0.99735034       1.0059134       0.0000000
       1957.9450       1.0023218       1.0092853       0.0000000
       1957.9658      0.99977869       1.0084659       0.0000000
       1957.9866       1.0052963       1.0123678       0.0000000
       1958.0075       1.0019765       1.0095195       0.0000000
       1958.0283       1.0038373       1.0105097       0.0000000
       1958.0491      0.99725050       1.0041381       0.0000000
       1958.0700      0.99235135       1.0002093       0.0000000
       1958.0908      0.97260064      0.98061752       0.0000000
       1958.1116      0.93355346      0.94052935       0.0000000
       1958.1325      0.90113258      0.90890998       0.0000000
       1958.1533      0.89097720      0.89754874       0.0000000
       1958.1741      0.90953428      0.91640925       0.0000000
       1958.1950      0.93964821      0.94704896       0.0000000
       1958.2158      0.98135018      0.98890275       0.0000000
       1958.2366      0.99807018       1.0066051       0.0000000
       1958.2575      0.99931806       1.0072784       0.0000000
       1958.2783      0.99934638       1.0077267       0.0000000
       1958.2991      0.99889225       1.0077946       0.0000000
       1958.3200      0.99785751       1.0056915       0.0000000
       1958.3408       1.0036840       1.0114918       0.0000000
       1958.3616       1.0067204       1.0148660       0.0000000
       1958.3825       1.0054904       1.0133107       0.0000000
       1958.4033       1.0066988       1.0153712       0.0000000
       1958.4241       1.0082527       1.0166827       0.0000000
       1958.4450       1.0097620       1.0164088       0.0000000
       1958.4658       1.0103908       1.0169742       0.0000000
       1958.4866       1.0089854       1.0176206       0.0000000
       1958.5075       1.0105609       1.0181142       0.0000000
       1958.5283       1.0081314       1.0165268       0.0000000
       1958.5491       1.0093465       1.0172838       0.0000000
       1958.5700       1.0087996       1.0167787       0.0000000
       1958.5908       1.0077277       1.0154451       0.0000000
       1958.6116       1.0041980       1.0128881       0.0000000
       1958.6325      0.99777091       1.0050460       0.0000000
       1958.6533      0.99953282       1.0050999       0.0000000
       1958.6741      0.99948561       1.0077176       0.0000000
       1958.6950      0.99501657       1.0031666       0.0000000
       1958.7158      0.99952435       1.0064921       0.0000000
       1958.7366      0.99852926       1.0067081       0.0000000
       1958.7575      0.99745154       1.0057129       0.0000000
       1958.7783       1.0018203       1.0098748       0.0000000
       1958.7991      0.99700403       1.0035564       0.0000000
       1958.8200       1.0013852       1.0094076       0.0000000
       1958.8408       1.0041251       1.0110174       0.0000000
       1958.8616      0.99844307       1.0060933       0.0000000
       1958.8825      0.99969834       1.0077771       0.0000000
       1958.9033       1.0009882       1.0092707       0.0000000
       1958.9241      0.99893761       1.0074445       0.0000000
       1958.9450       1.0027045       1.0116856       0.0000000
       1958.9658      0.99978590       1.0074421       0.0000000
       1958.9866       1.0017627       1.0084999       0.0000000
       1959.0075      0.99410123       1.0007609       0.0000000
       1959.0283      0.99737751       1.0041273       0.0000000
       1959.0491      0.99719453       1.0041411       0.0000000
       1959.0700      0.99771225       1.0058862       0.0000000
       1959.0908      0.99966943       1.0080689       0.0000000
       1959.1116      0.99700618       1.0039164       0.0000000
       1959.1325      0.99915195       1.0047230       0.0000000
       1959.1533      0.99781954       1.0016081       0.0000000
       1959.1741       1.0044422       1.0106157       0.0000000
       1959.1950      0.99866438       1.0057464       0.0000000
       1959.2158      0.99722725       1.0056233       0.0000000
       1959.2366       1.0011014       1.0094596       0.0000000
       1959.2575       1.0015416       1.0072607       0.0000000
       1959.2783       1.0039353       1.0099720       0.0000000
       1959.2991       1.0002795       1.0037031       0.0000000
       1959.3200       1.0027597       1.0088713       0.0000000
       1959.3408      0.99650425       1.0025272       0.0000000
       1959.3616      0.99943650       1.0055324       0.0000000
       1959.3825       1.0023961       1.0075408       0.0000000
       1959.4033      0.99822289       1.0054541       0.0000000
       1959.4241       1.0030364       1.0082687       0.0000000
       1959.4450       1.0008428       1.0055130       0.0000000
       1959.4658      0.99678671       1.0010145       0.0000000
       1959.4866       1.0012581       1.0081772       0.0000000
       1959.5075      0.99964333       1.0061328       0.0000000
       1959.5283       1.0020121       1.0087132       0.0000000
       1959.5491       1.0020201       1.0072887       0.0000000
       1959.5700       1.0046527       1.0097845       0.0000000
       1959.5908      0.99613339       1.0000000       0.0000000
       1959.6116       1.0019251       1.0044407       0.0000000
       1959.6325      0.99957168       1.0035733       0.0000000
       1959.6533       1.0008093       1.0053765       0.0000000
       1959.6741      0.99697781       1.0017689       0.0000000
       1959.6950       1.0012317       1.0067010       0.0000000
       1959.7158      0.99894273       1.0045561       0.0000000
       1959.7366       1.0006934       1.0043870       0.0000000
       1959.7575      0.99667633      0.99924749       0.0000000
       1959.7783       1.0006952       1.0039986       0.0000000
       1959.7991      0.99701422       1.0004795       0.0000000
       1959.8200       1.0023420       1.0070121       0.0000000
       1959.8408       1.0015441       1.0058274       0.0000000
       1959.8616      0.99898195       1.0041795       0.0000000
       1959.8825       1.0011587       1.0048167       0.0000000
       1959.9033      0.99687046      0.99984616       0.0000000
       1959.9241      0.99553663      0.99828172       0.0000000
       1959.9450       1.0002253       1.0040227       0.0000000
       1959.9658       1.0025959       1.0070220       0.0000000
       1959.9866       1.0007626       1.0055065       0.0000000
       1960.0075       1.0037119       1.0086870       0.0000000
       1960.0283       1.0019853       1.0057151       0.0000000
       1960.0491      0.99941838       1.0028387       0.0000000
       1960.0700       1.0014918       1.0042568       0.0000000
       1960.0908       1.0017844       1.0039983       0.0000000
       1960.1116      0.99459022      0.99797219       0.0000000
       1960.1325       1.0007576       1.0053179       0.0000000
       1960.1533      0.99965286       1.0038301       0.0000000
       1960.1741       1.0007017       1.0042297       0.0000000
       1960.1950       1.0029733       1.0045280       0.0000000
       1960.2158      0.99702984       1.0005134       0.0000000
       1960.2366      0.99743479       1.0015770       0.0000000
       1960.2575      0.99893826       1.0028893       0.0000000
       1960.2783       1.0032216       1.0074035       0.0000000
       1960.2991      0.99936622       1.0022299       0.0000000
       1960.3200      0.99966502       1.0014217       0.0000000
       1960.3408       1.0057479       1.0090286       0.0000000
       1960.3616      0.99700993       1.0000631       0.0000000
       1960.3825       1.0030596       1.0058607       0.0000000
       1960.4033       1.0017765       1.0061679       0.0000000
       1960.4241       1.0028462       1.0065490       0.0000000
       1960.4450       1.0026764       1.0034752       0.0000000
       1960.4658       1.0030322       1.0050595       0.0000000
       1960.4866      0.99884307       1.0016903       0.0000000
       1960.5075      0.99881107       1.0002934       0.0000000
       1960.5283      0.99741369       1.0001565       0.0000000
       1960.5491      0.99947375       1.0024391       0.0000000
       1960.5700      0.99850947       1.0016069       0.0000000
       1960.5908       1.0009737       1.0028996       0.0000000
       1960.6116      0.99332583       1.0009657       128.00000
       1960.6325      0.99807346       1.0008079       0.0000000
       1960.6533       1.0013570       1.0035449       0.0000000
       1960.6741      0.99976939       1.0025327       0.0000000
       1960.6950      0.99712431       1.0001277       0.0000000
       1960.7158      0.99710178      0.99867249       0.0000000
       1960.7366      0.99869186       1.0001111       0.0000000
       1960.7575      0.99908036       1.0023906       0.0000000
       1960.7783      0.99826312      0.99910611       0.0000000
       1960.7991      0.99715763      0.99834138       0.0000000
       1960.8200      0.99711424       1.0007690       128.00000
       1960.8408       1.0010507       1.0044472       0.0000000
       1960.8616      0.99869037       1.0015419       0.0000000
       1960.8825      0.99532002      0.99649566       0.0000000
       1960.9033      0.99738413      0.99866843       0.0000000
       1960.9241      0.99608290      0.99900389       0.0000000
       1960.9450      0.99854064       1.0003209       128.00000
       1960.9658      0.99864167       1.0020111       0.0000000
       1960.9866      0.99656159      0.99946171       0.0000000
       1961.0075      0.99814737      0.99828064       0.0000000
       1961.0283      0.99760348      0.99762982       0.0000000
       1961.0491      0.99538869      0.99717921       0.0000000
       1961.0700      0.99633986      0.99803871       128.00000
       1961.0908      0.99885076       1.0024991       0.0000000
       1961.1116      0.99850696       1.0020242       0.0000000
       1961.1325      0.99386770      0.99518204       0.0000000
       1961.1533       1.0022352       1.0023775       0.0000000
       1961.1741      0.99992579       1.0015727       0.0000000
       1961.1950      0.99628866      0.99839228       128.00000
       1961.2158      0.99928302       1.0023264       0.0000000
       1961.2366      0.99811733      0.99935627       0.0000000
       1961.2575       1.0003828       1.0014617       0.0000000
       1961.2783      0.99680972      0.99859613       0.0000000
       1961.2991       1.0006351       1.0033382       0.0000000
       1961.3200       1.0003716       1.0036089       128.00000
       1961.3408      0.99465507      0.99791813       0.0000000
       1961.3616       1.0009696       1.0027010       0.0000000
       1961.3825      0.99627393      0.99645627       128.00000
       1961.4033      0.99825907      0.99920613       0.0000000
       1961.4241      0.99834096       1.0006896       0.0000000
       1961.4450      0.99773616       1.0001359       128.00000
       1961.4658       1.0024564       1.0055288       0.0000000
       1961.4866      0.99500251      0.99556249       128.00000
       1961.5075       1.0001181       1.0004705       0.0000000
       1961.5283       1.0015155       1.0021996       0.0000000
       1961.5491       1.0032543       1.0041157       0.0000000
       1961.5700      0.99994040      0.99964219       0.0000000
       1961.5908      0.99781489      0.99894214       128.00000
       1961.6116       1.0021869       1.0022737       0.0000000
       1961.6325      0.99800414      0.99730188       0.0000000
       1961.6533       1.0038801       1.0018555       0.0000000
       1961.6741       1.0042650       1.0055035       0.0000000
       1961.6950       1.0015776       1.0044042       128.00000
       1961.7158      0.99945635       1.0010130       0.0000000
       1961.7366      0.99977767       1.0004389       0.0000000
       1961.7575       1.0042655       1.0029887       0.0000000
       1961.7783       1.0021580       1.0028771       0.0000000
       1961.7991      0.99890232       1.0008879       128.00000
       1961.8200       1.0051023       1.0074024       0.0000000
       1961.8408       1.0072956       1.0085393       0.0000000
       1961.8616       1.0016121       1.0008631       0.0000000
       1961.8825       1.0053166       1.0065219       0.0000000
       1961.9033       1.0054983       1.0073130       0.0000000
       1961.9241       1.0033839       1.0050141       0.0000000
       1961.9450       1.0038122       1.0062795       0.0000000
       1961.9658       1.0007551      0.99980384       128.00000
       1961.9866       1.0038370       1.0023522       0.0000000
       1962.0075       1.0038943       1.0047030       0.0000000
       1962.0283       1.0018425       1.0015382       0.0000000
       1962.0491       1.0025376       1.0026890       128.00000
       1962.0700      0.99498683      0.99458933       128.00000
       1962.0908       1.0016400       1.0013778       0.0000000
       1962.1116      0.99957770       1.0008636       0.0000000
       1962.1325       1.0058019       1.0058520       0.0000000
       1962.1533       1.0010271       1.0005825       128.00000
       1962.1741      0.99462771      0.99495667       128.00000
       1962.1950       1.0003781      0.99994105       0.0000000
       1962.2158       1.0009421       1.0017647       0.0000000
       1962.2366       1.0005243       1.0003697       0.0000000
       1962.2575      0.99932176       1.0001529       128.00000
       1962.2783       1.0020688       1.0041212       0.0000000
       1962.2991       1.0011512       1.0007643       128.00000
       1962.3200       1.0023421       1.0016773       0.0000000
       1962.3408       1.0038582       1.0051407       0.0000000
       1962.3616       1.0013217       1.0019213       0.0000000
       1962.3825       1.0014763       1.0010834       0.0000000
       1962.4033       1.0050337       1.0043546       0.0000000
       1962.4241       1.0028591       1.0014991       0.0000000
       1962.4450       1.0022568       1.0019239       0.0000000
       1962.4658       1.0053475       1.0051465       0.0000000
       1962.4866       1.0001723       1.0016180       0.0000000
       1962.5075       1.0004061      0.99994779       0.0000000
       1962.5283       1.0008991       1.0012417       0.0000000
       1962.5491       1.0023156       1.0022862       0.0000000
       1962.5700       1.0005767       1.0030947       0.0000000
       1962.5908       1.0038955       1.0053428       0.0000000
       1962.6116      0.99873805      0.99853104       0.0000000
       1962.6325      0.99999285      0.99895412       0.0000000
       1962.6533       1.0005947      0.99846590       0.0000000
       1962.6741      0.99969012      0.99973041       0.0000000
       1962.6950       1.0025774       1.0021310       0.0000000
       1962.7158      0.99658787      0.99666488       128.00000
       1962.7366      0.98268467      0.98037344       128.00000
       1962.7575      0.94908518      0.94748819       0.0000000
       1962.7783      0.91330570      0.91257387       0.0000000
       1962.7991      0.89479077      0.89257485       0.0000000
       1962.8200      0.90022504      0.89866048       0.0000000
       1962.8408      0.93168175      0.92941666       0.0000000
       1962.8616      0.97110063      0.97001547       0.0000000
       1962.8825      0.99740076      0.99567634       0.0000000
       1962.9033       1.0024457       1.0011786       0.0000000
       1962.9241      0.99879682      0.99674731       0.0000000
       1962.9450      0.99835575       1.0002923       128.00000
       1962.9658       1.0028752       1.0000238       0.0000000
       1962.9866       1.0071300       1.0037395       0.0000000
       1963.0075       1.0072075       1.0055430       0.0000000
       1963.0283       1.0067054       1.0043991       0.0000000
       1963.0491       1.0127367       1.0104917       0.0000000
       1963.0700       1.0144262       1.0097808       0.0000000
       1963.0908       1.0136955       1.0113082       0.0000000
       1963.1116       1.0130010       1.0111746       0.0000000
       1963.1325       1.0165224       1.0163102       0.0000000
       1963.1533       1.0104731       1.0075786       0.0000000
       1963.1741       1.0104436       1.0052418       0.0000000
       1963.1950       1.0088993       1.0061129       0.0000000
       1963.2158       1.0097404       1.0072280       0.0000000
       1963.2366       1.0084403       1.0063998       0.0000000
       1963.2575       1.0060619       1.0008707       0.0000000
       1963.2783       1.0080752       1.0033473       0.0000000
       1963.2991       1.0076063       1.0045438       0.0000000
       1963.3200       1.0036497      0.99870062       0.0000000
       1963.3408       1.0068613       1.0053627       128.00000
       1963.3616       1.0008810      0.99819028       128.00000
       1963.3825       1.0012422      0.99949723       0.0000000
       1963.4033      0.99561840      0.99205756       128.00000
       1963.4241       1.0000000      0.99964082       128.00000
       1963.4450      0.99852866      0.99892789       128.00000
       1963.4658      0.99566793      0.99576896       0.0000000
       1963.4866      0.99743581      0.99309647       128.00000
       1963.5075       1.0050082       1.0000814       0.0000000
       1963.5283      0.99772727      0.99430144       128.00000
       1963.5491       1.0011047       1.0005406       0.0000000
       1963.5700       1.0045892       1.0033121       0.0000000
       1963.5908      0.99759334      0.99315363       0.0000000
       1963.6116      0.99461442      0.99240786       128.00000
       1963.6325      0.99876636      0.99556148       128.00000
       1963.6533      0.99388921      0.99321210       0.0000000
       1963.6741      0.99886119      0.99750656       0.0000000
       1963.6950      0.99912685      0.99260074       0.0000000
       1963.7158       1.0047662      0.99825549       0.0000000
       1963.7366       1.0039548       1.0005935       128.00000
       1963.7575      0.99781436      0.99587440       0.0000000
       1963.7783      0.99501908      0.98999459       128.00000
       1963.7991      0.99949127      0.99385279       0.0000000
       1963.8200      0.99914223      0.99306190       0.0000000
       1963.8408      0.99951661      0.99671388       128.00000
       1963.8616      0.99914604      0.99708414       0.0000000
       1963.8825       1.0013837      0.99314302       0.0000000
       1963.9033       1.0014080      0.99477798       0.0000000
       1963.9241      0.99939728      0.99065167       0.0000000
       1963.9450      0.99513733      0.99142015       128.00000
       1963.9658      0.99713415      0.99516606       0.0000000
       1963.9866      0.99819255      0.99231887       128.00000
       1964.0075       1.0043576      0.99240971       0.0000000
       1964.0283       1.0018328      0.99493951       128.00000
       1964.0491      0.99624991      0.99333841       0.0000000
       1964.0700      0.99639577      0.98885757       0.0000000
       1964.0908       1.0025470      0.99303526       0.0000000
       1964.1116       1.0031353      0.99382913       0.0000000
       1964.1325      0.99936956      0.99230510       128.00000
       1964.1533       1.0024763      0.99864310       0.0000000
       1964.1741      0.99915612      0.99207914       128.00000
       1964.1950      0.99868762      0.98835856       0.0000000
       1964.2158      0.99599689      0.98608595       0.0000000
       1964.2366      0.99928343      0.99485886       0.0000000
       1964.2575      0.99956745      0.99312770       0.0000000
       1964.2783       1.0010928      0.99128056       0.0000000
       1964.2991       1.0046093      0.99433410       0.0000000
       1964.3200       1.0000602      0.99362564       128.00000
       1964.3408      0.99985421      0.99694234       0.0000000
       1964.3616       1.0019343      0.99496222       0.0000000
       1964.3825       1.0024332      0.99071771       0.0000000
       1964.4033       1.0007482      0.99199307       0.0000000
       1964.4241      0.99990231      0.99482358       128.00000
       1964.4450      0.99951178      0.99690789       0.0000000
       1964.4658       1.0016928      0.99294275       0.0000000
       1964.4866       1.0008358      0.98870456       0.0000000
       1964.5075       1.0030675      0.99189389       0.0000000
       1964.5283      0.99943250      0.99375451       128.00000
       1964.5491      0.99963444      0.99254596       128.00000
       1964.5700       1.0000801      0.99150622       0.0000000
       1964.5908      0.99888766      0.98857880       0.0000000
       1964.6116      0.99784029      0.98780990       128.00000
       1964.6325       1.0003806      0.99400949       0.0000000
       1964.6533      0.99611086      0.98763478       128.00000
       1964.6741       1.0044631      0.99213129       0.0000000
       1964.6950       1.0011330      0.98953843       0.0000000
       1964.7158      0.99942172      0.99172240       0.0000000
       1964.7366       1.0077307      0.99177653       128.00000
       1964.7575       1.0025237      0.99346000       0.0000000
       1964.7783       1.0043435      0.99169147       0.0000000
       1964.7991      0.99660140      0.98260492       128.00000
       1964.8200       1.0001147      0.99292809       0.0000000
       1964.8408      0.99839216      0.99027222       128.00000
       1964.8616      0.99693608      0.98741633       0.0000000
       1964.8825      0.99934983      0.98740619       0.0000000
       1964.9033       1.0000750      0.98674023       128.00000
       1964.9241      0.99613988      0.98840290       0.0000000
       1964.9450       1.0004241      0.98721159       0.0000000
       1964.9658       1.0029081      0.98585624       0.0000000
       1964.9866      0.99868041      0.98192590       0.0000000
       1965.0075      0.99700493      0.98667079       128.00000
       1965.0283      0.99491775      0.98634279       0.0000000
       1965.0491      0.99800414      0.98182648       0.0000000
       1965.0700       1.0007157      0.98392475       128.00000
       1965.0908       1.0014975      0.98667121       0.0000000
       1965.1116      0.99641979      0.98498428       0.0000000
       1965.1325      0.99669439      0.98596334       0.0000000
       1965.1533      0.99761021      0.98313415       0.0000000
       1965.1741       1.0038642      0.98408782       0.0000000
       1965.1950      0.99813104      0.98217797       0.0000000
       1965.2158      0.99926293      0.99001068       0.0000000
       1965.2366      0.99973571      0.98363650       0.0000000
       1965.2575      0.99694395      0.98123997       0.0000000
       1965.2783       1.0010059      0.98470187       0.0000000
       1965.2991      0.99520516      0.98271674       128.00000
       1965.3200      0.99879467      0.98621988       128.00000
       1965.3408      0.99990016      0.98323995       0.0000000
       1965.3616      0.99975342      0.98361254       0.0000000
       1965.3825      0.99803615      0.98309422       0.0000000
       1965.4033       1.0004733      0.99204451       0.0000000
       1965.4241      0.99664801      0.97972721       0.0000000
       1965.4450      0.99974906      0.98022807       0.0000000
       1965.4658       1.0006268      0.98117447       0.0000000
       1965.4866      0.99971038      0.98415834       0.0000000
       1965.5075      0.99536675      0.98216575       0.0000000
       1965.5283       1.0032731      0.98505640       0.0000000
       1965.5491      0.99984592      0.98158008       0.0000000
       1965.5700       1.0018460      0.98105305       128.00000
       1965.5908       1.0011020      0.98415148       128.00000
       1965.6116      0.99788940      0.98243856       128.00000
       1965.6325       1.0025740      0.98207623       0.0000000
       1965.6533       1.0017771      0.98134512       0.0000000
       1965.6742       1.0006367      0.98204976       0.0000000
       1965.6950      0.99863744      0.98118788       128.00000
       1965.7158      0.99814576      0.98551178       0.0000000
       1965.7367      0.99954116      0.97982562       0.0000000
       1965.7575      0.99913758      0.98015767       0.0000000
       1965.7783       1.0007395      0.98226565       0.0000000
       1965.7992       1.0017406      0.98738468       128.00000
       1965.8200       1.0013249      0.98239654       0.0000000
       1965.8408       1.0003067      0.97757328       128.00000
       1965.8617       1.0052490      0.98884964       0.0000000
       1965.8825       1.0026523      0.98220885       128.00000
       1965.9033      0.99865741      0.97891074       0.0000000
       1965.9242       1.0005409      0.97814059       0.0000000
       1965.9450      0.99997592      0.97864628       0.0000000
       1965.9658      0.99763656      0.97983372       128.00000
       1965.9867       1.0008595      0.98412967       0.0000000
       1966.0075      0.99935210      0.98028165       0.0000000
       1966.0283      0.99694699      0.97750759       0.0000000
       1966.0492      0.99817586      0.98245704       0.0000000
       1966.0700       1.0003664      0.98446333       128.00000
       1966.0908       1.0069788      0.98686022       128.00000
       1966.1117       1.0051931      0.98603934       0.0000000
       1966.1325       1.0069628      0.98314488       128.00000
       1966.1533      0.99968266      0.98038089       128.00000
       1966.1742       1.0044063      0.98480934       0.0000000
       1966.1950      0.99952483      0.98063737       0.0000000
       1966.2158      0.99532396      0.97236562       128.00000
       1966.2367      0.99884677      0.98103255       0.0000000
       1966.2575      0.99774307      0.97594744       128.00000
       1966.2783      0.99858594      0.98107213       0.0000000
       1966.2992       1.0027404      0.98466432       0.0000000
       1966.3200      0.99927795      0.98302579       0.0000000
       1966.3408       1.0003622      0.98419493       0.0000000
       1966.3617      0.99979132      0.98199677       128.00000
       1966.3825      0.99974477      0.97750461       0.0000000
       1966.4033      0.99898112      0.98074698       0.0000000
       1966.4242       1.0027800      0.98533201       0.0000000
       1966.4450       1.0007641      0.97793120       128.00000
       1966.4658       1.0022483      0.98211491       128.00000
       1966.4867      0.99814957      0.97626209       0.0000000
       1966.5075       1.0033760      0.98253423       0.0000000
       1966.5283      0.99925399      0.98098266       0.0000000
       1966.5492      0.99795610      0.98012191       128.00000
       1966.5700      0.99747449      0.97913665       128.00000
       1966.5908      0.99657434      0.97826993       0.0000000
       1966.6117       1.0010585      0.98366904       0.0000000
       1966.6325       1.0029998      0.98460692       0.0000000
       1966.6533      0.99856681      0.98085004       0.0000000
       1966.6742      0.99593443      0.97621715       0.0000000
       1966.6950       1.0020648      0.98623013       0.0000000
       1966.7158      0.99960399      0.98117602       128.00000
       1966.7367       1.0012894      0.98704445       0.0000000
       1966.7575      0.99883258      0.98440462       0.0000000
       1966.7783       1.0004681      0.97962350       128.00000
       1966.7992       1.0005343      0.97934246       128.00000
       1966.8200       1.0028547      0.98417807       0.0000000
       1966.8408       1.0007648      0.98472714       0.0000000
       1966.8617      0.99919212      0.97443932       128.00000
       1966.8825       1.0006258      0.98135978       0.0000000
       1966.9033       1.0058644      0.98793119       0.0000000
       1966.9242       1.0017031      0.98462623       0.0000000
       1966.9450      0.99969810      0.98186576       128.00000
       1966.9658      0.99952888      0.97819537       0.0000000
       1966.9867      0.99883205      0.98371351       128.00000
       1967.0075       1.0020133      0.98468864       0.0000000
       1967.0283      0.99887538      0.98268217       0.0000000
       1967.0492      0.99949813      0.97587389       0.0000000
       1967.0700      0.99798524      0.98399407       128.00000
       1967.0908       1.0033162      0.98581278       0.0000000
       1967.1117       1.0004719      0.98572135       0.0000000
       1967.1325       1.0060520      0.98575133       0.0000000
       1967.1533      0.99713200      0.97869420       128.00000
       1967.1742       1.0000026      0.98348951       128.00000
       1967.1950       1.0039151      0.98178029       0.0000000
       1967.2158      0.99617833      0.97761106       0.0000000
       1967.2367       1.0036169      0.98251969       0.0000000
       1967.2575      0.99896002      0.97941726       128.00000
       1967.2783       1.0031481      0.98422903       0.0000000
       1967.2992      0.99461263      0.97754103       128.00000
       1967.3200       1.0015042      0.97949702       0.0000000
       1967.3408      0.99716395      0.97884291       128.00000
       1967.3617       1.0033276      0.98378813       0.0000000
       1967.3825      0.98882395      0.97273338       0.0000000
       1967.4033      0.95808429      0.93764788       0.0000000
       1967.4242      0.92309421      0.90418547       0.0000000
       1967.4450      0.89374989      0.87706405       128.00000
       1967.4658      0.89482903      0.87934303       0.0000000
       1967.4867      0.91573715      0.89658374       128.00000
       1967.5075      0.95634669      0.93630272       0.0000000
       1967.5283      0.98553914      0.96720946       128.00000
       1967.5492       1.0014459      0.98359686       0.0000000
       1967.5700      0.99905103      0.98082858       128.00000
       1967.5908      0.99844968      0.97794396       128.00000
       1967.6117       1.0010438      0.98107046       128.00000
       1967.6325      0.99981600      0.98433858       128.00000
       1967.6533       1.0037698      0.98567420       0.0000000
       1967.6742       1.0107653      0.98638719       0.0000000
       1967.6950       1.0073400      0.98663861       128.00000
       1967.7158       1.0070802      0.99323303       0.0000000
       1967.7367       1.0084701      0.99196178       0.0000000
       1967.7575       1.0070710      0.98865181       128.00000
       1967.7783       1.0100770      0.98927289       0.0000000
       1967.7992       1.0077554      0.98835886       0.0000000
       1967.8200       1.0025983      0.98748481       128.00000
       1967.8408       1.0025630      0.98606873       0.0000000
       1967.8617       1.0044008      0.98304766       0.0000000
       1967.8825       1.0058987      0.98455536       0.0000000
       1967.9033       1.0015928      0.98241353       128.00000
       1967.9242      0.99895120      0.98251486       128.00000
       1967.9450       1.0004437      0.98124951       0.0000000
       1967.9658       1.0002680      0.97631234       128.00000
       1967.9867       1.0010287      0.98118681       0.0000000
       1968.0075      0.99638391      0.98050398       0.0000000
       1968.0283       1.0002880      0.98144877       128.00000
       1968.0492      0.99899429      0.97857463       0.0000000
       1968.0700       1.0000055      0.97879487       128.00000
       1968.0908       1.0001388      0.98348993       0.0000000
       1968.1117       1.0000577      0.98325127       128.00000
       1968.1325      0.99802798      0.97793591       0.0000000
       1968.1533       1.0023403      0.98764241       0.0000000
       1968.1742      0.99263686      0.98004162       0.0000000
       1968.1950      0.99863672      0.98371333       0.0000000
       1968.2158      0.99577743      0.98227191       0.0000000
       1968.2367      0.99556655      0.97698742       128.00000
       1968.2575      0.99899632      0.98026830       0.0000000
       1968.2783      0.99659318      0.98042750       128.00000
       1968.2992      0.99419069      0.98037577       128.00000
       1968.3200      0.99853534      0.98150438       0.0000000
       1969.2784      0.98835796      0.99284285       0.0000000
       1969.2992      0.99073792      0.99465454       128.00000
       1969.3200      0.99155933      0.99532473       0.0000000
       1969.3409      0.99854648       1.0014336       0.0000000
       1969.3617      0.99689025       1.0021163       0.0000000
       1969.3825      0.99817044       1.0042790       0.0000000
       1969.4034      0.99948013       1.0053947       0.0000000
       1969.4242      0.99749482       1.0038264       128.00000
       1969.4450      0.99925774       1.0062941       128.00000
       1969.4659       1.0003536       1.0074649       0.0000000
       1969.4867       1.0001704       1.0062391       0.0000000
       1969.5075      0.99971062       1.0068508       0.0000000
       1969.5284      0.99930674       1.0065664       0.0000000
       1969.5492      0.99943870       1.0076079       0.0000000
       1969.5700       1.0029989       1.0106571       0.0000000
       1969.5909      0.99781263       1.0054034       0.0000000
       1969.6117      0.99844205       1.0059520       0.0000000
       1969.6325      0.99989843       1.0088483       0.0000000
       1969.6534       1.0001897       1.0094426       0.0000000
       1969.6742      0.99908000       1.0071651       0.0000000
       1969.6950       1.0019478       1.0086055       0.0000000
       1969.7159       1.0003188       1.0083598       0.0000000
       1969.7367       1.0016541       1.0090799       0.0000000
       1969.7575       1.0017103       1.0101497       0.0000000
       1969.7784       1.0032146       1.0104191       0.0000000
       1969.7992       1.0034554       1.0132645       0.0000000
       1969.8200       1.0016807       1.0140331       0.0000000
       1969.8409       1.0002224       1.0100218       0.0000000
       1969.8617      0.99616659       1.0058591       0.0000000
       1969.8825       1.0014685       1.0106411       0.0000000
       1969.9034       1.0074873       1.0153582       0.0000000
       1969.9242      0.99994564       1.0084729       0.0000000
       1969.9450      0.99866998       1.0061651       0.0000000
       1969.9659       1.0033844       1.0079714       0.0000000
       1969.9867       1.0023572       1.0070021       0.0000000
       1970.0075       1.0033841       1.0072168       0.0000000
       1970.0284      0.99965084       1.0013462       0.0000000
       1970.0492       1.0041757       1.0046089       0.0000000
       1970.0700       1.0049788       1.0037515       0.0000000
       1970.0909       1.0071274       1.0052627       0.0000000
       1970.1117       1.0045742       1.0026308       0.0000000
       1970.1325       1.0060648       1.0029871       0.0000000
       1970.1534       1.0004199      0.99664664       0.0000000
       1970.1742       1.0085959       1.0049572       0.0000000
       1970.1950       1.0017053      0.99863082       0.0000000
       1970.2159       1.0012800      0.99827385       0.0000000
       1970.2367       1.0007944      0.99778003       0.0000000
       1970.2575       1.0059505       1.0033480       0.0000000
       1970.2784      0.99925524      0.99742633       0.0000000
       1970.2992      0.99391580      0.99215829       0.0000000
       1970.3200      0.99428183      0.99192244       0.0000000
       1970.3409      0.99819767      0.99600708       0.0000000
       1970.3617       1.0012858      0.99924958       0.0000000
       1970.3825      0.99643713      0.99447852       0.0000000
       1970.4034      0.99925941      0.99734390       0.0000000
       1970.4242      0.99768132      0.99570566       0.0000000
       1970.4450      0.99541968      0.99336171       0.0000000
       1970.4659       1.0037663       1.0016978       0.0000000
       1970.4867      0.99808913      0.99594837       0.0000000
       1970.5075      0.99419481      0.99187416       0.0000000
       1970.5284      0.99801469      0.99464685       0.0000000
       1970.5492      0.99683499      0.99437350       0.0000000
       1970.5700      0.99859846      0.99625289       0.0000000
       1970.5909      0.99883747      0.99631560       0.0000000
       1970.6117      0.99790132      0.99546736       0.0000000
       1970.6325       1.0015635      0.99930459       0.0000000
       1970.6534      0.99905986      0.99701804       0.0000000
       1970.6742      0.99103421      0.98922819       0.0000000
       1970.6950      0.99678260      0.99420613       0.0000000
       1970.7159      0.99901962      0.99653631       0.0000000
       1970.7367      0.99924809      0.99823403       0.0000000
       1970.7575      0.99583811      0.99475670       0.0000000
       1970.7784      0.99496543      0.99290353       0.0000000
       1970.7992       1.0030435       1.0009450       0.0000000
       1970.8200      0.99903506      0.99834841       0.0000000
       1970.8409      0.99416596      0.99591094       0.0000000
       1970.8617      0.99688178      0.99611056       0.0000000
       1970.8825       1.0000322      0.99794775       0.0000000
       1970.9034       1.0003778      0.99842483       0.0000000
       1970.9242      0.99947858      0.99874377       0.0000000
       1970.9450      0.99617755      0.99542695       0.0000000
       1970.9659       1.0056452       1.0046686       0.0000000
       1970.9867       1.0061524       1.0045589       0.0000000
       1971.0075       1.0014755       1.0017003       0.0000000
       1971.0284      0.99923271      0.99890006       0.0000000
       1971.0492       1.0029916       1.0010172       0.0000000
       1971.0700       1.0030077       1.0057708       0.0000000
       1971.0909       1.0029073       1.0029316       0.0000000
       1971.1117       1.0036222       1.0031383       0.0000000
       1971.1325       1.0024151       1.0018258       0.0000000
       1971.1534       1.0043192       1.0027126       0.0000000
       1971.1742       1.0022454       1.0025631       0.0000000
       1971.1950       1.0008236       1.0007024       0.0000000
       1971.2159       1.0003134       1.0003275       0.0000000
       1971.2367       1.0020831      0.99984431       0.0000000
       1971.2575       1.0000757       1.0004594       0.0000000
       1971.2784       1.0009013       1.0025775       128.00000
       1971.2992       1.0029476       1.0037410       0.0000000
       1971.3200       1.0051174       1.0024670       0.0000000
       1971.3409       1.0068853       1.0064144       0.0000000
       1971.3617       1.0014889       1.0015171       0.0000000
       1971.3825      0.99719656      0.99857086       128.00000
       1971.4034       1.0035452       1.0053382       0.0000000
       1971.4242      0.99933010      0.99815887       128.00000
       1971.4450       1.0028391       1.0037597       0.0000000
       1971.4659      0.99756747      0.99890780       128.00000
       1971.4867       1.0056295       1.0073853       0.0000000
       1971.5075      0.99929547      0.99620211       0.0000000
       1971.5284       1.0035245       1.0043671       0.0000000
       1971.5492      0.99404263      0.99715883       128.00000
       1971.5700      0.99756235      0.99962205       0.0000000
       1971.5909       1.0014362      0.99887162       0.0000000
       1971.6117       1.0007550       1.0013916       0.0000000
       1971.6325      0.99708855      0.99861121       0.0000000
       1971.6534       1.0022016       1.0048735       0.0000000
       1971.6742      0.99745327      0.99933666       0.0000000
       1971.6950       1.0025001       1.0019245       128.00000
       1971.7159       1.0010755       1.0012946       0.0000000
       1971.7367       1.0053335       1.0064715       0.0000000
       1971.7575       1.0030112       1.0047315       128.00000
       1971.7784       1.0022061      0.99974853       0.0000000
       1971.7992       1.0046847       1.0037549       0.0000000
       1971.8201       1.0023731       1.0037373       0.0000000
       1971.8409       1.0007902       1.0026848       128.00000
       1971.8617       1.0009818       1.0016773       128.00000
       1971.8826       1.0026617       1.0016128       0.0000000
       1971.9034      0.99935091       1.0013274       0.0000000
       1971.9242      0.99765515       1.0001620       128.00000
       1971.9451       1.0032963       1.0040185       0.0000000
       1971.9659       1.0022960       1.0002664       0.0000000
       1971.9867      0.99917477       1.0007325       0.0000000
       1972.0076      0.99661779      0.99966496       128.00000
       1972.0284       1.0000000       1.0016942       0.0000000
       1972.0492      0.96639293      0.96683627       128.00000
       1972.0701      0.92439842      0.92582762       0.0000000
       1972.0909      0.89870113      0.90107870       0.0000000
       1972.1117      0.88817734      0.89147663       128.00000
       1972.1326      0.90722632      0.90605164       0.0000000
       1972.1534      0.94437772      0.94743824       0.0000000
       1972.1742      0.98342556      0.98593986       0.0000000
       1972.1951      0.99799532       1.0021439       128.00000
       1972.2159      0.99915713       1.0001289       0.0000000
       1972.2367       1.0009561       1.0022398       0.0000000
       1972.2576       1.0050182       1.0063217       0.0000000
       1972.2784      0.99748623       1.0009277       128.00000
       1972.2992       1.0069613       1.0098619       0.0000000
       1972.3201       1.0066563       1.0073076       128.00000
       1972.3409       1.0083370       1.0094981       0.0000000
       1972.3617       1.0082694       1.0104641       0.0000000
       1972.3826       1.0166178       1.0185081       0.0000000
       1972.4034       1.0097256       1.0120405       0.0000000
       1972.4242       1.0107070       1.0122972       0.0000000
       1972.4451       1.0073740       1.0107385       0.0000000
       1972.4659       1.0053543       1.0094597       0.0000000
       1972.4867       1.0117266       1.0132736       0.0000000
       1972.5076       1.0073931       1.0068537       0.0000000
       1972.5284       1.0057200       1.0079936       0.0000000
       1972.5492       1.0038325       1.0082459       128.00000
       1972.5701       1.0061040       1.0091696       0.0000000
       1972.5909       1.0047439       1.0047472       0.0000000
       1972.6117       1.0037863       1.0065080       0.0000000
       1972.6326       1.0003564       1.0035863       0.0000000
       1972.6534      0.99869961       1.0027716       0.0000000
       1972.6742       1.0004798       1.0010312       0.0000000
       1972.6951       1.0000534       1.0017377       0.0000000
       1972.7159       1.0006553       1.0039661       0.0000000
       1972.7367       1.0002607       1.0048151       128.00000
       1972.7576      0.99791300      0.99979109       0.0000000
       1972.7784      0.99989367       1.0010589       0.0000000
       1972.7992      0.99834967       1.0021526       0.0000000
       1972.8201      0.99601424      0.99971688       128.00000
       1972.8409      0.99759775       1.0000056       0.0000000
       1972.8617       1.0021046       1.0025697       0.0000000
       1972.8826      0.99902552       1.0002741       0.0000000
       1972.9034      0.99750465       1.0019945       128.00000
       1972.9242       1.0023773       1.0051793       0.0000000
       1972.9451       1.0003610       1.0012953       0.0000000
       1972.9659      0.99612194      0.99734676       0.0000000
       1972.9867      0.99614030      0.99950999       0.0000000
       1973.0076      0.99687815       1.0013664       0.0000000
       1973.0284      0.99580318      0.99793446       128.00000
       1973.0492      0.99901450       1.0006607       0.0000000
       1973.0701      0.99820292       1.0002943       0.0000000
       1973.0909      0.99566299      0.99934679       128.00000
       1973.1117       1.0024579       1.0045667       0.0000000
       1973.1326       1.0006537       1.0015769       0.0000000
       1973.1534      0.99757916       1.0007422       0.0000000
       1973.1742      0.99452412      0.99867982       128.00000
       1973.1951       1.0020634       1.0050826       0.0000000
       1973.2159      0.99731869      0.99655885       0.0000000
       1973.2367      0.99690920      0.99696004       0.0000000
       1973.2576      0.99818462       1.0028367       0.0000000
       1973.2784      0.99915165       1.0019658       0.0000000
       1973.2992       1.0014077       1.0001563       0.0000000
       1973.3201       1.0038366       1.0044219       0.0000000
       1973.3409      0.99817836       1.0000336       0.0000000
       1973.3617      0.99836737       1.0015846       128.00000
       1973.3826       1.0029656       1.0035081       0.0000000
       1973.4034       1.0016558       1.0027075       0.0000000
       1973.4242       1.0005628       1.0024406       0.0000000
       1973.4451      0.99975032       1.0046102       0.0000000
       1973.4659       1.0048097       1.0078450       0.0000000
       1973.4867       1.0025265       1.0025109       0.0000000
       1973.5076      0.99981952       1.0019176       0.0000000
       1973.5284       1.0013301       1.0047675       0.0000000
       1973.5492       1.0003425       1.0033767       0.0000000
       1973.5701       1.0002856       1.0005671       0.0000000
       1973.5909      0.99866211       1.0001744       0.0000000
       1973.6117       1.0016009       1.0042907       0.0000000
       1973.6326      0.99877566       1.0021505       0.0000000
       1973.6534       1.0026630       1.0046395       0.0000000
       1973.6742      0.99954474       1.0002046       0.0000000
       1973.6951      0.99976796       1.0014518       0.0000000
       1973.7159      0.99766207      0.99986053       0.0000000
       1973.7367       1.0038060       1.0070732       0.0000000
       1973.7576       1.0055656       1.0049503       0.0000000
       1973.7784       1.0016897       1.0038484       0.0000000
       1973.7992       1.0024661       1.0054597       0.0000000
       1973.8201       1.0031041       1.0056392       0.0000000
       1973.8409       1.0027429       1.0034424       0.0000000
       1973.8617      0.99731773      0.99802017       0.0000000
       1973.8826       1.0022283       1.0039589       0.0000000
       1973.9034       1.0027387       1.0058324       0.0000000
       1973.9242       1.0036980       1.0036492       0.0000000
       1973.9451       1.0018573       1.0027320       0.0000000
       1973.9659      0.99797827       1.0016359       0.0000000
       1973.9867       1.0006528       1.0028491       128.00000
       1974.0076      0.99884999       1.0010389       0.0000000
       1974.0284       1.0003874       1.0009012       0.0000000
       1974.0492       1.0032563       1.0052863       0.0000000
       1974.0701      0.99597186      0.99902385       0.0000000
       1974.0909      0.99704289      0.99949360       0.0000000
       1974.1118      0.99968660      0.99924314       0.0000000
       1974.1326      0.99989051       1.0010900       0.0000000
       1974.1534       1.0038377       1.0055641       0.0000000
       1974.1743      0.99465626      0.99780333       128.00000
       1974.1951      0.99590242      0.99557489       0.0000000
       1974.2159       1.0003283       1.0010930       0.0000000
       1974.2368      0.99796158      0.99911374       128.00000
       1974.2576       1.0001093       1.0014424       0.0000000
       1974.2784      0.99969691       1.0007427       0.0000000
       1974.2993      0.99836200      0.99795800       0.0000000
       1974.3201       1.0004187       1.0015481       0.0000000
       1974.3409      0.99674118      0.99925309       0.0000000
       1974.3618      0.99611062      0.99828339       0.0000000
       1974.3826       1.0025817       1.0036910       0.0000000
       1974.4034      0.99437171      0.99385631       128.00000
       1974.4243      0.99666864      0.99861282       0.0000000
       1974.4451      0.99830753       1.0002519       0.0000000
       1974.4659       1.0007014       1.0028412       0.0000000
       1974.4868      0.99921751      0.99889070       0.0000000
       1974.5076      0.99806929      0.99889362       128.00000
       1974.5284      0.99865139       1.0003849       0.0000000
       1974.5493       1.0012156       1.0031797       0.0000000
       1974.5701      0.99652332      0.99726027       0.0000000
       1974.5909      0.99053413      0.99191260       128.00000
       1974.6118      0.99887556       1.0008093       0.0000000
       1974.6326      0.99966037       1.0013081       0.0000000
       1974.6534      0.99560928      0.99598998       0.0000000
       1974.6743      0.99427873      0.99502212       128.00000
       1974.6951      0.99540257      0.99740171       0.0000000
       1974.7159      0.99696606      0.99926090       0.0000000
       1974.7368       1.0030745       1.0037140       0.0000000
       1974.7576      0.99677175      0.99639308       0.0000000
       1974.7784      0.99555057      0.99649960       128.00000
       1974.7993      0.99721175      0.99907869       0.0000000
       1974.8201      0.99876815       1.0004914       0.0000000
       1974.8409      0.99419320      0.99242336       0.0000000
       1974.8618      0.99487972      0.99601895       128.00000
       1974.8826      0.99709243      0.99836153       0.0000000
       1974.9034      0.99550343      0.99655366       0.0000000
       1974.9243       1.0006318       1.0005813       0.0000000
       1974.9451      0.99579346      0.99659133       128.00000
       1974.9659      0.99725264      0.99859917       0.0000000
       1974.9868      0.99665809      0.99848443       0.0000000
       1975.0076      0.99840719      0.99941337       0.0000000
       1975.0284      0.99914920      0.99887192       0.0000000
       1975.0493      0.99960864       1.0006635       128.00000
       1975.0701      0.99781942      0.99922895       0.0000000
       1975.0909       1.0002295       1.0013280       0.0000000
       1975.1118      0.99559313      0.99475521       128.00000
       1975.1326      0.99340683      0.99497187       0.0000000
       1975.1534       1.0035615       1.0052022       0.0000000
       1975.1743      0.99957669       1.0015241       0.0000000
       1975.1951      0.99820149      0.99755406       0.0000000
       1975.2159      0.99398786      0.99454874       0.0000000
       1975.2368      0.99534303      0.99587065       128.00000
       1975.2576       1.0006764       1.0023335       0.0000000
       1975.2784      0.99715656      0.99666440       0.0000000
       1975.2993      0.99474359      0.99414980       0.0000000
       1975.3201      0.99694294      0.99747890       128.00000
       1975.3409      0.99795908      0.99932742       0.0000000
       1975.3618       1.0009344       1.0024271       0.0000000
       1975.3826      0.99107170      0.98951656       0.0000000
       1975.4034      0.99833035      0.99837399       0.0000000
       1975.4243      0.99569619      0.99682873       0.0000000
       1975.4451      0.99893266       1.0005436       0.0000000
       1975.4659       1.0006740      0.99966604       0.0000000
       1975.4868      0.99850887      0.99949914       0.0000000
       1975.5076      0.99845952       1.0004131       0.0000000
       1975.5284      0.99785721      0.99966192       0.0000000
       1975.5493      0.99470526      0.99511683       0.0000000
       1975.5701      0.99611789      0.99765867       0.0000000
       1975.5909      0.99840397       1.0003605       0.0000000
       1975.6118       1.0005949       1.0018110       0.0000000
       1975.6326      0.99966937      0.99932337       0.0000000
       1975.6534      0.99937040      0.99955416       0.0000000
       1975.6743      0.99513590      0.99528515       0.0000000
       1975.6951       1.0047647       1.0047308       0.0000000
       1975.7159       1.0006722       1.0018365       0.0000000
       1975.7368      0.99854422      0.99864024       128.00000
       1975.7576      0.99802190      0.99792892       128.00000
       1975.7784       1.0001799       1.0011190       0.0000000
       1975.7993      0.99884105       1.0000000       0.0000000
       1975.8201      0.99733430      0.99653864       0.0000000
       1975.8409      0.99524873      0.99584413       128.00000
       1975.8618      0.99941480       1.0011204       0.0000000
       1975.8826       1.0006174       1.0015647       0.0000000
       1975.9034      0.99731034      0.99697715       0.0000000
       1975.9243      0.99625659      0.99556166       0.0000000
       1975.9451      0.99806565      0.99894166       0.0000000
       1975.9659       1.0015806       1.0017483       0.0000000
       1975.9868      0.99520409      0.99473417       0.0000000
       1976.0076      0.99953568      0.99967331       0.0000000
       1976.0284       1.0002902      0.99983078       0.0000000
       1976.0493       1.0026692       1.0035369       0.0000000
       1976.0701      0.99658406      0.99943155       0.0000000
       1976.0909       1.0010680      0.99991745       0.0000000
       1976.1118      0.99987400      0.99812627       0.0000000
       1976.1326       1.0001916       1.0006317       0.0000000
       1976.1535       1.0006160       1.0009054       0.0000000
       1976.1743       1.0016805       1.0036380       0.0000000
       1976.1951       1.0020572       1.0015832       0.0000000
       1976.2160       1.0000894       1.0000743       0.0000000
       1976.2368       1.0014465       1.0012677       0.0000000
       1976.2576      0.99894899      0.99798661       0.0000000
       1976.2785       1.0024589       1.0021453       0.0000000
       1976.2993       1.0008845       1.0012159       0.0000000
       1976.3201       1.0016260       1.0026499       0.0000000
       1976.3410       1.0025961       1.0028399       0.0000000
       1976.3618       1.0026610       1.0014403       0.0000000
       1976.3826       1.0055356       1.0060059       0.0000000
       1976.4035       1.0029061       1.0029056       0.0000000
       1976.4243       1.0023805       1.0029683       0.0000000
       1976.4451       1.0052212       1.0048623       0.0000000
       1976.4660       1.0044885       1.0044857       0.0000000
       1976.4868       1.0041792       1.0037930       0.0000000
       1976.5076       1.0078353       1.0076832       0.0000000
       1976.5285       1.0018376       1.0005754       0.0000000
       1976.5493       1.0057998       1.0042400       0.0000000
       1976.5701       1.0071366       1.0074050       128.00000
       1976.5910       1.0042692       1.0041912       0.0000000
       1976.6118       1.0028915       1.0021389       0.0000000
       1976.6326       1.0027856       1.0028784       0.0000000
       1976.6535       1.0051816       1.0050067       0.0000000
       1976.6743      0.99772781      0.99793768       0.0000000
       1976.6951      0.98239625      0.98215836       0.0000000
       1976.7160      0.94388258      0.94219160       0.0000000
       1976.7368      0.91344357      0.91144943       0.0000000
       1976.7576      0.89439732      0.89378148       0.0000000
       1976.7785      0.90568554      0.90498835       0.0000000
       1976.7993      0.93586004      0.93438059       0.0000000
       1976.8201      0.97657073      0.97653770       0.0000000
       1976.8410      0.99606669      0.99599677       0.0000000
       1976.8618       1.0021411       1.0016741       0.0000000
       1976.8826       1.0014125      0.99886912       0.0000000
       1976.9035       1.0019501       1.0012497       0.0000000
       1976.9243       1.0049119       1.0043378       0.0000000
       1976.9451       1.0047923       1.0039839       0.0000000
       1976.9660       1.0080287       1.0074698       0.0000000
       1976.9868       1.0071099       1.0058540       0.0000000
       1977.0076       1.0102590       1.0110881       128.00000
       1977.0285       1.0122113       1.0114208       0.0000000
       1977.0493       1.0146909       1.0135731       0.0000000
       1977.0701   1.7565020e-16      0.82551837       128.00000
       1977.0910       1.0090562       1.0113058       0.0000000
       1977.1118       1.0122827       1.0141608       0.0000000
       1977.1326       1.0132107       1.0143861       0.0000000
       1977.1535       1.0004637       1.0101069       0.0000000
       1977.1743       1.0104567       1.0121703       0.0000000
       1977.1951       1.0062442       1.0074691       0.0000000
       1977.2160       1.0072776       1.0083314       0.0000000
       1977.2368       1.0021513       1.0024731       0.0000000
       1977.2576       1.0037141       1.0046550       0.0000000
       1977.2785       1.0017964       1.0040833       0.0000000
       1977.2993       1.0034331       1.0046763       0.0000000
       1977.3201       1.0034354       1.0038996       0.0000000
       1977.3410       1.0007564       1.0024450       0.0000000
       1977.3618       1.0000266       1.0020245       0.0000000
       1977.3826       1.0015743       1.0021538       128.00000
       1977.4035      0.99892724       1.0007539       128.00000
       1977.4243       1.0021752       1.0027826       0.0000000
       1977.4451       1.0048871       1.0066676       0.0000000
       1977.4660      0.99859899       1.0001830       0.0000000
       1977.4868      0.99800736      0.99927217       0.0000000
       1977.5076      0.99805444      0.99845803       0.0000000
       1977.5285       1.0021350       1.0042348       0.0000000
       1977.5493      0.99500865      0.99618644       0.0000000
       1977.5701       1.0021268       1.0028936       0.0000000
       1977.5910      0.99821728      0.99895042       0.0000000
       1977.6118       1.0022086       1.0040611       0.0000000
       1977.6326      0.99350673      0.99593657       0.0000000
       1977.6535       1.0023075       1.0036117       0.0000000
       1977.6743       1.0003706       1.0010293       0.0000000
       1977.6951      0.99757719      0.99913538       0.0000000
       1977.7160       1.0013025       1.0025718       0.0000000
       1977.7368       1.0020614       1.0035143       0.0000000
       1977.7576      0.99943274       1.0002528       0.0000000
       1977.7785       1.0027007       1.0041462       0.0000000
       1977.7993      0.99729919      0.99876755       0.0000000
       1977.8201       1.0047376       1.0066024       0.0000000
       1977.8410       1.0013220       1.0029346       0.0000000
       1977.8618       1.0030442       1.0039507       0.0000000
       1977.8826      0.99953860       1.0009079       0.0000000
       1977.9035       1.0009872       1.0026987       0.0000000
       1977.9243      0.99972093       1.0004946       0.0000000
       1977.9452       1.0008446       1.0016016       0.0000000
       1977.9660      0.99921477       1.0010891       0.0000000
       1977.9868      0.99743462      0.99920523       0.0000000
       1978.0077      0.99941534       1.0009203       0.0000000
       1978.0285      0.99930197      0.99982697       0.0000000
       1978.0493       1.0006647       1.0014429       0.0000000
       1978.0702       1.0013080       1.0030156       0.0000000
       1978.0910       1.0019790       1.0036489       0.0000000
       1978.1118       1.0009530       1.0022192       0.0000000
       1978.1327      0.99422044      0.99533945       0.0000000
       1978.1535       1.0032328       1.0050472       0.0000000
       1978.1743       1.0003747       1.0012728       0.0000000
       1978.1952       1.0024571       1.0030820       0.0000000
       1978.2160      0.99752396      0.99764138       0.0000000
       1978.2368       1.0025172       1.0030487       0.0000000
       1978.2577       1.0035157       1.0046659       0.0000000
       1978.2785       1.0034405       1.0043929       0.0000000
       1978.2993       1.0008997       1.0013720       0.0000000
       1978.3202      0.99877799      0.99947411       0.0000000
       1978.3410       1.0023431       1.0041237       0.0000000
       1978.3618       1.0061966       1.0057851       0.0000000
       1978.3827       1.0004102       1.0008118       0.0000000
       1978.4035       1.0005579       1.0015690       0.0000000
       1978.4243       1.0017577       1.0028394       0.0000000
       1978.4452       1.0053687       1.0057873       0.0000000
       1978.4660       1.0014187       1.0011841       0.0000000
       1978.4868       1.0008615       1.0010997       0.0000000
       1978.5077       1.0017056       1.0029262       0.0000000
       1978.5285       1.0043652       1.0053335       0.0000000
       1978.5493       1.0019118       1.0021964       0.0000000
       1978.5702       1.0022286       1.0031044       0.0000000
       1978.5910      0.99798518      0.99910045       0.0000000
       1978.6118      0.99970728      0.99913120       0.0000000
       1978.6327       1.0018300       1.0020647       0.0000000
       1978.6535       1.0005028       1.0012000       0.0000000
       1978.6743      0.99758619      0.99850291       0.0000000
       1978.6952      0.99676788      0.99716878       0.0000000
       1978.7160      0.99687284      0.99656826       0.0000000
       1978.7368       1.0029159       1.0015256       0.0000000
       1978.7577      0.99975103       1.0001609       0.0000000
       1978.7785      0.99842685      0.99702322       128.00000
       1978.7993      0.99952298      0.99959326       128.00000
       1978.8202      0.99726379      0.99675417       0.0000000
       1978.8410      0.99956375      0.99998832       0.0000000
       1978.8618      0.99952340      0.99851328       0.0000000
       1978.8827      0.99747312      0.99641997       0.0000000
       1978.9035      0.99796492      0.99640960       0.0000000
       1978.9243      0.99801576      0.99794227       0.0000000
       1978.9452      0.99986827      0.99887848       0.0000000
       1978.9660      0.99813521      0.99729615       0.0000000
       1978.9868      0.99855053      0.99830061       0.0000000
       1979.0077      0.99911499      0.99912375       0.0000000
       1979.0285      0.99908447      0.99976337       0.0000000
       1979.0493      0.99986035      0.99899590       0.0000000
       1979.0702       1.0027760       1.0007839       0.0000000
       1979.0910      0.99941355      0.99661171       0.0000000
       1979.1118      0.99883205      0.99945068       0.0000000
       1979.1327       1.0009013      0.99979758       0.0000000
       1979.1535       1.0036317       1.0018792       0.0000000
       1979.1743      0.99667323      0.99690259       0.0000000
       1979.1952       1.0007757      0.99984944       0.0000000
       1979.2160       1.0038735       1.0027245       0.0000000
       1979.2368       1.0050137       1.0030966       0.0000000
       1979.2577       1.0005016      0.99937356       0.0000000
       1979.2785       1.0006354      0.99669558       0.0000000
       1979.2993      0.99506724      0.99199474       128.00000
       1979.3202      0.99563617      0.99649930       0.0000000
       1979.3410       1.0025216       1.0010304       0.0000000
       1979.3618      0.99083847      0.99026710       128.00000
       1979.3827      0.99800521      0.99580634       0.0000000
       1979.4035      0.99693972      0.99570578       128.00000
       1979.4243      0.99960506      0.99795383       0.0000000
       1979.4452      0.99788535      0.99497366       0.0000000
       1979.4660      0.99971521      0.99841863       0.0000000
       1979.4868       1.0013160      0.99895996       128.00000
       1979.5077       1.0048044       1.0035828       0.0000000
       1979.5285      0.99537468      0.99397492       0.0000000
       1979.5493      0.99636137      0.99330956       0.0000000
       1979.5702      0.99901408      0.99672240       128.00000
       1979.5910      0.99863464      0.99718046       0.0000000
       1979.6119      0.99571145      0.99459404       0.0000000
       1979.6327      0.99934387      0.99695247       0.0000000
       1979.6535      0.99923670      0.99657989       128.00000
       1979.6744      0.99854851      0.99666274       128.00000
       1979.6952      0.99725705      0.99723333       128.00000
       1979.7160      0.99809337      0.99518031       0.0000000
       1979.7369      0.99990517      0.99658692       0.0000000
       1979.7577      0.99673539      0.99440318       128.00000
       1979.7785      0.99754173      0.99603027       0.0000000
       1979.7994       1.0008975      0.99556381       0.0000000
       1979.8202       1.0033946       1.0001879       0.0000000
       1979.8410       1.0002606      0.99791878       128.00000
       1979.8619       1.0021836      0.99895948       0.0000000
       1979.8827      0.99897611      0.99566352       128.00000
       1979.9035      0.99840981      0.99480247       0.0000000
       1979.9244      0.99340874      0.99074680       128.00000
       1979.9452       1.0008401      0.99795860       0.0000000
       1979.9660       1.0002538      0.99486697       0.0000000
       1979.9869      0.99963200      0.99603307       0.0000000
       1980.0077      0.99465168      0.99141312       128.00000
       1980.0285       1.0020432      0.99964988       0.0000000
       1980.0494      0.99486822      0.99046558       128.00000
       1980.0702      0.99845493      0.99313772       0.0000000
       1980.0910      0.99786973      0.99432403       0.0000000
       1980.1119      0.99607593      0.99339080       128.00000
       1980.1327      0.99704289      0.99313384       128.00000
       1980.1535      0.99473995      0.98996675       0.0000000
       1980.1744      0.99845386      0.99441791       0.0000000
       1980.1952       1.0003582      0.99697691       0.0000000
       1980.2160       1.0018620      0.99720764       0.0000000
       1980.2369      0.99496192      0.99008411       0.0000000
       1980.2577       1.0003293      0.99702668       0.0000000
       1980.2785      0.99634951      0.99378181       128.00000
       1980.2994      0.99550354      0.99205595       0.0000000
       1980.3202       1.0003077      0.99447531       128.00000
       1980.3410      0.99776882      0.99246949       0.0000000
       1980.3619      0.99759358      0.99343044       0.0000000
       1980.3827       1.0047274       1.0011331       0.0000000
       1980.4035       1.0017270      0.99754757       128.00000
       1980.4244       1.0024447      0.99819809       0.0000000
       1980.4452       1.0011019      0.99749452       0.0000000
       1980.4660       1.0000851      0.99645388       0.0000000
       1980.4869       1.0028762      0.99758798       0.0000000
       1980.5077       1.0003834      0.99482703       0.0000000
       1980.5285      0.99725848      0.99351120       0.0000000
       1980.5494      0.99711424      0.99365580       128.00000
       1980.5702      0.99835026      0.99247116       0.0000000
       1980.5910      0.99804461      0.99239981       0.0000000
       1980.6119       1.0002733      0.99628800       0.0000000
       1980.6327      0.99973798      0.99664658       128.00000
       1980.6535      0.99989837      0.99451888       0.0000000
       1980.6744       1.0001277      0.99501723       0.0000000
       1980.6952       1.0035003      0.99990433       0.0000000
       1980.7160      0.99885923      0.99518561       0.0000000
       1980.7369       1.0008225      0.99416918       0.0000000
       1980.7577       1.0006943      0.99553090       0.0000000
       1980.7785       1.0001767      0.99547631       0.0000000
       1980.7994       1.0002571      0.99699414       128.00000
       1980.8202      0.99959308      0.99592829       0.0000000
       1980.8410      0.99688983      0.98897421       0.0000000
       1980.8619      0.99961942      0.99464136       0.0000000
       1980.8827       1.0035263       1.0000865       0.0000000
       1980.9035       1.0005519      0.99715877       0.0000000
       1980.9244      0.99632841      0.98955643       128.00000
       1980.9452      0.99840486      0.99379879       0.0000000
       1980.9660      0.99914646      0.99526095       128.00000
       1980.9869      0.99762523      0.99429351       0.0000000
       1981.0077      0.99874556      0.99206799       0.0000000
       1981.0285       1.0009160      0.99659771       0.0000000
       1981.0494       1.0007203      0.99743152       128.00000
       1981.0702       1.0027411      0.99961573       0.0000000
       1981.0910       1.0048165      0.99949008       0.0000000
       1981.1119       1.0009621      0.99639857       0.0000000
       1981.1327      0.99623001      0.99240255       0.0000000
       1981.1535       1.0049956       1.0012693       0.0000000
       1981.1744       1.0030915      0.99737525       0.0000000
       1981.1952      0.99684644      0.99132395       0.0000000
       1981.2161      0.99815822      0.99359292       0.0000000
       1981.2369      0.99817568      0.99497235       128.00000
       1981.2577      0.99708378      0.99065071       0.0000000
       1981.2786      0.99929011      0.99388927       0.0000000
       1981.2994      0.99980086      0.99533343       0.0000000
       1981.3202      0.99795669      0.99434596       128.00000
       1981.3411      0.98786271      0.98082024       0.0000000
       1981.3619      0.95460027      0.94886094       0.0000000
       1981.3827      0.91335273      0.90985143       128.00000
       1981.4036      0.89059818      0.88750929       0.0000000
       1981.4244      0.89863777      0.89237612       0.0000000
       1981.4452      0.92181367      0.91607720       0.0000000
       1981.4661      0.95971370      0.95477819       0.0000000
       1981.4869      0.99099994      0.98732930       128.00000
       1981.5077      0.99677444      0.98992115       0.0000000
       1981.5286      0.99857873      0.99280196       0.0000000
       1981.5494      0.99986172      0.99457568       0.0000000
       1981.5702      0.99839669      0.99380326       0.0000000
       1981.5911       1.0017854      0.99703640       0.0000000
       1981.6119       1.0037649      0.99642611       0.0000000
       1981.6327       1.0069627       1.0017778       0.0000000
       1981.6536       1.0068833       1.0019774       0.0000000
       1981.6744       1.0059085       1.0018418       0.0000000
       1981.6952       1.0108538       1.0026199       0.0000000
       1981.7161       1.0112154       1.0065081       0.0000000
       1981.7369       1.0026584      0.99806559       0.0000000
       1981.7577       1.0040469       1.0000396       128.00000
       1981.7786       1.0073189      0.99997699       0.0000000
       1981.7994       1.0072488       1.0004485       0.0000000
       1981.8202       1.0043200      0.99951911       0.0000000
       1981.8411       1.0032027      0.99915689       0.0000000
       1981.8619       1.0044911      0.99765313       0.0000000
       1981.8827       1.0033991      0.99783677       0.0000000
       1981.9036       1.0015168      0.99662310       0.0000000
       1981.9244       1.0033631      0.99924570       0.0000000
       1981.9452       1.0011948      0.99617362       0.0000000
       1981.9661       1.0020334      0.99349630       0.0000000
       1981.9869      0.99733752      0.99212581       0.0000000
       1982.0077       1.0006325      0.99610120       0.0000000
       1982.0286       1.0016096      0.99688095       0.0000000
       1982.0494       1.0007790      0.99205530       0.0000000
       1982.0702       1.0031091      0.99856520       0.0000000
       1982.0911       1.0007017      0.99632615       0.0000000
       1982.1119      0.99869007      0.99342996       0.0000000
       1982.1327      0.99850631      0.99279296       0.0000000
       1982.1536      0.99674630      0.98909318       0.0000000
       1982.1744      0.99232042      0.98811662       128.00000
       1982.1952      0.99456942      0.98832828       0.0000000
       1982.2161      0.99957812      0.99281126       0.0000000
       1982.2369       1.0176072       1.0101000       0.0000000
       1982.2577       1.0314159       1.0225811       0.0000000
