    1154
       1816.1202       1.0050726      0.99890232       0.0000000
       1816.1411       1.0056062      0.99942040       0.0000000
       1816.1619       1.0048027      0.99886423       0.0000000
       1816.1827       1.0049130      0.99910223       0.0000000
       1816.2036       1.0039730      0.99829018       0.0000000
       1816.2244      0.99052405      0.99547589       0.0000000
       1816.2452      0.99454027      0.99156392       0.0000000
       1816.2661      0.99201822      0.98657924       0.0000000
       1816.2869      0.98636329      0.98096222       0.0000000
       1816.3077      0.98180425      0.97670692       0.0000000
       1816.3286      0.96222913      0.97326732       0.0000000
       1816.3494      0.97497386      0.96998876       128.00000
       1816.3702      0.97013640      0.96767759       0.0000000
       1816.3911      0.96994853      0.96627825       128.00000
       1816.4119      0.97288060      0.96717447       128.00000
       1816.4327      0.97189385      0.97022462       0.0000000
       1816.4536      0.97651947      0.97226489       128.00000
       1816.4744      0.97771788      0.97478628       128.00000
       1816.4952      0.98494971      0.97834533       128.00000
       1816.5161      0.98446047      0.98550826       128.00000
       1816.5369      0.98397350      0.99100667       128.00000
       1816.5577      0.99711633      0.99495280       128.00000
       1816.5786      0.99857038      0.99720240       128.00000
       1816.5994       1.0026393      0.99703568       128.00000
       1816.6202      0.99004138      0.99737448       128.00000
       1816.6411      0.98946893      0.99780196       128.00000
       1816.6619      0.98892009      0.99791372       0.0000000
       1816.6827      0.98989826      0.99762750       128.00000
       1816.7036      0.99037385      0.99844050       0.0000000
       1816.7244      0.99000931      0.99828756       128.00000
       1816.7452      0.99246305      0.99757487       128.00000
       1816.7661      0.98827571      0.99851042       128.00000
       1816.7869      0.98875427      0.99815965       128.00000
       1816.8077      0.98930329      0.99901086       0.0000000
       1816.8286      0.99288464      0.99801457       0.0000000
       1816.8494      0.99622512      0.99825740       128.00000
       1816.8702      0.99382979      0.99917686       128.00000
       1816.8911      0.99282378      0.99842685       128.00000
       1816.9119      0.99242479      0.99948490       0.0000000
       1816.9327      0.99404782      0.99923050       0.0000000
       1816.9536      0.99479353      0.99840087       128.00000
       1816.9744      0.99232769      0.99906480       128.00000
       1816.9952      0.99503326      0.99962944       0.0000000
       1817.0161      0.99400944      0.99866164       128.00000
       1817.0369      0.99365622      0.99968463       0.0000000
       1817.0577      0.99589616      0.99913055       0.0000000
       1817.0786      0.99526680      0.99973899       0.0000000
       1817.0994      0.99646074      0.99998373       0.0000000
       1817.1202      0.99459940      0.99959624       0.0000000
       1817.1411      0.99618942      0.99961776       128.00000
       1817.1619      0.99644911       1.0000681       0.0000000
       1817.1827      0.99722970      0.99999577       128.00000
       1817.2036      0.99526209       1.0001771       128.00000
       1817.2244      0.99583137       1.0006007       128.00000
       1817.2452      0.99775952       1.0004302       128.00000
       1817.2661      0.97931051       1.0009243       128.00000
       1817.2869      0.99794775       1.0008008       128.00000
       1817.3077      0.99841994       1.0005361       128.00000
       1817.3286      0.99639779       1.0011120       128.00000
       1817.3494      0.99660653       1.0021180       0.0000000
       1817.3702      0.99776876       1.0029598       0.0000000
       1817.3911      0.99746406       1.0021641       128.00000
       1817.4119      0.99767363       1.0026400       0.0000000
       1817.4327      0.99785525       1.0014215       128.00000
       1817.4536      0.99820381       1.0033145       0.0000000
       1817.4744      0.99547821       1.0018909       0.0000000
       1817.4952      0.99851179       1.0034961       0.0000000
       1817.5161      0.99818766       1.0034097       0.0000000
       1817.5369      0.99968940       1.0038997       128.00000
       1817.5577      0.99853945       1.0033174       0.0000000
       1817.5786       1.0002023       1.0034467       128.00000
       1817.5994      0.99912435       1.0032587       128.00000
       1817.6202      0.99845755       1.0041771       0.0000000
       1817.6411       1.0013463       1.0035816       128.00000
       1817.6619       1.0007325       1.0045168       128.00000
       1817.6827      0.99969506       1.0043719       0.0000000
       1817.7036      0.99919206       1.0045421       0.0000000
       1817.7244       1.0012164       1.0039696       128.00000
       1817.7452      0.99958009       1.0045459       0.0000000
       1817.7661       1.0030447       1.0050154       128.00000
       1817.7869      0.99929547       1.0044768       0.0000000
       1817.8077       1.0013003       1.0051085       0.0000000
       1817.8286      0.99988532       1.0049841       0.0000000
       1817.8494       1.0053077       1.0057548       128.00000
       1817.8702       1.0006158       1.0053432       0.0000000
       1817.8911       1.0014659       1.0052072       0.0000000
       1817.9119       1.0024995       1.0053153       0.0000000
       1817.9327       1.0025972       1.0061835       0.0000000
       1817.9536       1.0028074       1.0059479       0.0000000
       1817.9744       1.0015614       1.0059444       0.0000000
       1817.9952       1.0033202       1.0053948       0.0000000
       1818.0161       1.0035069       1.0053911       128.00000
       1818.0369       1.0053123       1.0064560       0.0000000
       1818.0577       1.0026698       1.0061479       0.0000000
       1818.0786       1.0018084       1.0058249       0.0000000
       1818.0994       1.0047179       1.0062323       0.0000000
       1818.1202       1.0047629       1.0060389       0.0000000
       1818.1411       1.0046620       1.0057021       0.0000000
       1818.1619       1.0044460       1.0050341       0.0000000
       1818.1827       1.0048324       1.0051560       0.0000000
       1818.2036       1.0057948       1.0052030       0.0000000
       1818.2244       1.0015478       1.0054404       0.0000000
       1818.2452       1.0055088       1.0041705       128.00000
       1818.2661       1.0015724       1.0046763       0.0000000
       1818.2869       1.0041792       1.0047433       0.0000000
       1818.3077       1.0029466       1.0036527       0.0000000
       1818.3286       1.0033934       1.0041268       0.0000000
       1818.3494       1.0047328       1.0041944       0.0000000
       1818.3702       1.0030447       1.0031500       0.0000000
       1818.3911       1.0032425       1.0035651       0.0000000
       1818.4119       1.0039828       1.0034486       128.00000
       1818.4327       1.0033500       1.0033959       0.0000000
       1818.4536       1.0021707       1.0031928       0.0000000
       1818.4744       1.0032964       1.0031357       0.0000000
       1818.4952       1.0028948       1.0028563       0.0000000
       1818.5161       1.0015534       1.0021560       0.0000000
       1818.5369       1.0017576       1.0021870       0.0000000
       1818.5577       1.0019772       1.0016448       0.0000000
       1818.5786       1.0010426       1.0014933       0.0000000
       1818.5994       1.0025800       1.0018008       0.0000000
       1818.6202       1.0012302       1.0003194       0.0000000
       1818.6411       1.0002245       1.0007522       0.0000000
       1818.6619       1.0007994       1.0009376       0.0000000
       1818.6827       1.0009171       1.0004044       0.0000000
       1818.7036       1.0010231      0.99988800       128.00000
       1818.7244      0.99856991      0.99887764       0.0000000
       1818.7452      0.99882036      0.99872190       0.0000000
       1818.7661      0.99899757      0.99877697       0.0000000
       1818.7869       1.0001493      0.99954683       0.0000000
       1818.8077      0.99967867      0.99905884       0.0000000
       1818.8286      0.99879861      0.99852496       0.0000000
       1818.8494       1.0000074      0.99885225       0.0000000
       1818.8702      0.99841768      0.99829978       0.0000000
       1818.8911      0.99869210      0.99783623       0.0000000
       1818.9119      0.99828649      0.99772763       0.0000000
       1818.9327      0.99881113      0.99787140       0.0000000
       1818.9536      0.99754429      0.99708527       0.0000000
       1818.9744      0.99762332      0.99705583       0.0000000
       1818.9952      0.99758017      0.99641728       128.00000
       1819.0161      0.99752045      0.99684542       0.0000000
       1819.0369      0.99787563      0.99677813       0.0000000
       1819.0577      0.99756551      0.99734491       0.0000000
       1819.0786      0.99758506      0.99650848       0.0000000
       1819.0994      0.99643910      0.99572909       0.0000000
       1819.1202      0.99655509      0.99586916       0.0000000
       1819.1411      0.99657679      0.99623400       0.0000000
       1819.1619      0.99701172      0.99607700       0.0000000
       1819.1827      0.99128437      0.99049360       0.0000000
       1819.2036      0.98319149      0.98261780       0.0000000
       1819.2244      0.97151083      0.97092372       0.0000000
       1819.2452      0.96009320      0.95940292       0.0000000
       1819.2661      0.94806498      0.94767177       0.0000000
       1819.2869      0.93786711      0.93740606       0.0000000
       1819.3077      0.92902023      0.92848229       0.0000000
       1819.3286      0.92297006      0.92264605       0.0000000
       1819.3494      0.91817731      0.91751993       0.0000000
       1819.3702      0.91685218      0.91670471       0.0000000
       1819.3911      0.91825563      0.91786951       0.0000000
       1819.4119      0.92257482      0.92192400       0.0000000
       1819.4327      0.92973822      0.92924339       0.0000000
       1819.4536      0.93826669      0.93795192       0.0000000
       1819.4744      0.94839197      0.94805276       0.0000000
       1819.4952      0.96022069      0.95990795       0.0000000
       1819.5161      0.96694756      0.97102106       0.0000000
       1819.5369      0.98208928      0.98160082       0.0000000
       1819.5577      0.99204135      0.99138808       0.0000000
       1819.5786      0.99683821      0.99686283       0.0000000
       1819.5994      0.99729586      0.99650389       0.0000000
       1819.6202      0.99665457      0.99689889       0.0000000
       1819.6411      0.99632818      0.99579823       0.0000000
       1819.6619      0.99709368      0.99639803       0.0000000
       1819.6827      0.99673867      0.99693501       0.0000000
       1819.7036      0.99705410      0.99704731       0.0000000
       1819.7244      0.99606377      0.99713826       0.0000000
       1819.7452      0.99850833      0.99752510       0.0000000
       1819.7660      0.99707812      0.99708670       0.0000000
       1819.7869      0.99873328      0.99797958       0.0000000
       1819.8077      0.99871677      0.99809867       0.0000000
       1819.8285      0.99768245      0.99759722       0.0000000
       1819.8494      0.99872506      0.99831676       0.0000000
       1819.8702      0.99861461      0.99798632       0.0000000
       1819.8910      0.99837917      0.99789876       0.0000000
       1819.9119      0.99952638      0.99873811       0.0000000
       1819.9327      0.99886525      0.99824589       0.0000000
       1819.9535      0.99927121      0.99873698       0.0000000
       1819.9744      0.99901968      0.99846101       0.0000000
       1819.9952      0.99920303      0.99873048       0.0000000
       1820.0160      0.99901831      0.99871230       0.0000000
       1820.0369      0.99850899      0.99858683       0.0000000
       1820.0577      0.99971354      0.99890280       0.0000000
       1820.0785      0.99943310      0.99914712       0.0000000
       1820.0994      0.99963975      0.99939847       0.0000000
       1820.1202      0.99992985      0.99959809       0.0000000
       1820.1410      0.99907178      0.99912608       0.0000000
       1820.1619       1.0000280      0.99972767       0.0000000
       1820.1827       1.0001462      0.99992687       0.0000000
       1820.2035       1.0000187      0.99966437       0.0000000
       1820.2244       1.0007741       1.0004107       0.0000000
       1820.2452       1.0007187       1.0000160       0.0000000
       1820.2660      0.99998581      0.99957985       0.0000000
       1820.2869       1.0011029       1.0006293       0.0000000
       1820.3077       1.0008409       1.0003775       0.0000000
       1820.3285       1.0019546       1.0005085       0.0000000
       1820.3494       1.0013562       1.0005568       0.0000000
       1820.3702       1.0018002       1.0008272       0.0000000
       1820.3910       1.0010225       1.0001215       0.0000000
       1820.4119       1.0028611       1.0010742       0.0000000
       1820.4327       1.0018859       1.0005556       0.0000000
       1820.4535       1.0025132       1.0011879       0.0000000
       1820.4744       1.0016820       1.0005587       0.0000000
       1820.4952       1.0021821       1.0004792       0.0000000
       1820.5160       1.0029190       1.0011712       0.0000000
       1820.5369       1.0027331       1.0012636       0.0000000
       1820.5577       1.0024107       1.0007198       0.0000000
       1820.5785       1.0027983       1.0013539       128.00000
       1820.5994       1.0028704       1.0011230       0.0000000
       1820.6202       1.0025365       1.0008396       0.0000000
       1820.6410       1.0031422       1.0013558       0.0000000
       1820.6619       1.0028753       1.0014160       0.0000000
       1820.6827       1.0034233       1.0016111       0.0000000
       1820.7035       1.0040532       1.0014409       0.0000000
       1820.7244       1.0035365       1.0016688       0.0000000
       1820.7452       1.0039090       1.0016054       0.0000000
       1820.7660       1.0021538       1.0018963       0.0000000
       1820.7869       1.0038582       1.0015838       0.0000000
       1820.8077       1.0026326       1.0018355       0.0000000
       1820.8285       1.0037980       1.0018532       0.0000000
       1820.8494       1.0014520       1.0014255       0.0000000
       1820.8702      0.99897397       1.0015448       0.0000000
       1820.8910       1.0037789       1.0016915       0.0000000
       1820.9119       1.0027019       1.0009438       0.0000000
       1820.9327       1.0007038       1.0008121       0.0000000
       1820.9535       1.0035956       1.0016885       0.0000000
       1820.9744       1.0019881       1.0011504       128.00000
       1820.9952       1.0041642       1.0017929       0.0000000
       1821.0160      0.99786502       1.0009904       128.00000
       1821.0369       1.0011997       1.0006661       128.00000
       1821.0577       1.0001676       1.0020139       0.0000000
       1821.0785       1.0028267       1.0010049       0.0000000
       1821.0994       1.0015422       1.0014025       0.0000000
       1821.1202      0.99639422       1.0005710       128.00000
       1821.1410   2.7613307e-17      0.88643473       128.00000
       1821.1619       1.0031021       1.0020797       0.0000000
       1821.1827       1.0029410       1.0014188       0.0000000
       1821.2035       1.0031525       1.0012399       0.0000000
       1821.2244       1.0020231       1.0004171       128.00000
       1821.2452       1.0028257       1.0014137       0.0000000
       1821.2660       1.0028024       1.0011498       128.00000
       1821.2869       1.0024405       1.0012469       0.0000000
       1821.3077       1.0034699       1.0018394       0.0000000
       1821.3285       1.0028309       1.0013082       0.0000000
       1821.3494       1.0027777       1.0011537       0.0000000
       1821.3702       1.0027084       1.0014503       0.0000000
       1821.3910       1.0022017       1.0004029       128.00000
       1821.4119       1.0020412       1.0010623       0.0000000
       1821.4327       1.0026001       1.0009421       0.0000000
       1821.4535       1.0026468       1.0014715       0.0000000
       1821.4744       1.0021447       1.0008597       0.0000000
       1821.4952       1.0012015       1.0003358       128.00000
       1821.5160       1.0025183       1.0016031       0.0000000
       1821.5369       1.0024320       1.0016087       0.0000000
       1821.5577       1.0020596       1.0009611       128.00000
       1821.5785       1.0026515       1.0015312       128.00000
       1821.5994       1.0028764       1.0020258       0.0000000
       1821.6202       1.0034394       1.0022225       0.0000000
       1821.6410       1.0026944       1.0018111       0.0000000
       1821.6619       1.0027022       1.0012139       0.0000000
       1821.6827       1.0026788       1.0011196       128.00000
       1821.7035       1.0028615       1.0017833       128.00000
       1821.7244       1.0024302       1.0016165       0.0000000
       1821.7452       1.0019081       1.0008837       0.0000000
       1821.7660       1.0016975       1.0004549       128.00000
       1821.7869       1.0026853       1.0016879       0.0000000
       1821.8077       1.0018605       1.0009489       0.0000000
       1821.8285       1.0013174       1.0005444       0.0000000
       1821.8494       1.0027044       1.0018586       0.0000000
       1821.8702       1.0019238       1.0015450       0.0000000
       1821.8910       1.0013995       1.0007656       0.0000000
       1821.9119       1.0016733       1.0005839       0.0000000
       1821.9327       1.0015110       1.0013834       0.0000000
       1821.9535       1.0014884       1.0011711       0.0000000
       1821.9744       1.0017064       1.0015707       0.0000000
       1821.9952       1.0017556       1.0007838       0.0000000
       1822.0160       1.0015335       1.0011188       0.0000000
       1822.0369       1.0015278       1.0011340       0.0000000
       1822.0577       1.0011834       1.0008082       0.0000000
       1822.0785       1.0015061       1.0010990       0.0000000
       1822.0994       1.0013770       1.0011203       0.0000000
       1822.1202       1.0014385       1.0007303       0.0000000
       1822.1410       1.0019975       1.0011647       0.0000000
       1822.1619       1.0014325       1.0011655       0.0000000
       1822.1827       1.0008821       1.0007102       0.0000000
       1822.2035       1.0013055       1.0007296       0.0000000
       1822.2244       1.0018313       1.0009456       0.0000000
       1822.2452       1.0012676       1.0008386       0.0000000
       1822.2660       1.0017003       1.0012940       0.0000000
       1822.2869       1.0007509       1.0005538       0.0000000
       1822.3077       1.0005364       1.0003324       0.0000000
       1822.3285       1.0004113       1.0001624       0.0000000
       1822.3494       1.0011514       1.0009987       0.0000000
       1822.3702      0.99994475      0.99951017       0.0000000
       1822.3910       1.0003761      0.99983174       0.0000000
       1822.4119       1.0008675       1.0003580       0.0000000
       1822.4327      0.99960423      0.99916494       0.0000000
       1822.4535       1.0001656      0.99994457       0.0000000
       1822.4744       1.0002517       1.0001464       0.0000000
       1822.4952      0.99905789      0.99892128       0.0000000
       1822.5160       1.0003449       1.0000365       0.0000000
       1822.5369      0.99967510      0.99939537       0.0000000
       1822.5577       1.0004388       1.0000774       0.0000000
       1822.5785       1.0007126       1.0000026       0.0000000
       1822.5994      0.99908233      0.99935830       0.0000000
       1822.6202      0.99971467      0.99935323       0.0000000
       1822.6410       1.0001168      0.99998862       0.0000000
       1822.6619      0.99989128      0.99966139       0.0000000
       1822.6827       1.0003440      0.99990129       0.0000000
       1822.7035      0.99861306      0.99860203       0.0000000
       1822.7244      0.99946755      0.99927419       0.0000000
       1822.7452      0.99889112      0.99893665       0.0000000
       1822.7660      0.99934280      0.99928105       0.0000000
       1822.7869      0.99865633      0.99853247       0.0000000
       1822.8077      0.99886745      0.99834800       0.0000000
       1822.8285      0.99862736      0.99853367       0.0000000
       1822.8494      0.99897379      0.99890119       0.0000000
       1822.8702      0.99827087      0.99848098       0.0000000
       1822.8910      0.99848390      0.99816000       0.0000000
       1822.9119      0.99774349      0.99765378       0.0000000
       1822.9327      0.99857724      0.99837893       0.0000000
       1822.9535      0.99838316      0.99856472       0.0000000
       1822.9744      0.99857092      0.99800205       0.0000000
       1822.9952      0.99755782      0.99789661       0.0000000
       1823.0160      0.99883986      0.99857682       0.0000000
       1823.0369      0.99817783      0.99831927       0.0000000
       1823.0577      0.99889445      0.99889970       0.0000000
       1823.0785      0.99849594      0.99825817       0.0000000
       1823.0994      0.99884588      0.99806720       0.0000000
       1823.1202      0.99869543      0.99824488       0.0000000
       1823.1410      0.99808347      0.99748892       0.0000000
       1823.1619      0.99573618      0.99521458       128.00000
       1823.1827      0.99107629      0.99080670       0.0000000
       1823.2035      0.98749059      0.98754328       0.0000000
       1823.2244      0.98103517      0.98092175       0.0000000
       1823.2452      0.97660768      0.97676015       0.0000000
       1823.2660      0.97316581      0.97285581       0.0000000
       1823.2869      0.96926260      0.96906286       0.0000000
       1823.3077      0.96788603      0.96772796       0.0000000
       1823.3285      0.96734232      0.96703374       0.0000000
       1823.3494      0.96751738      0.96671712       0.0000000
       1823.3702      0.96923620      0.96871608       0.0000000
       1823.3910      0.97194636      0.97172570       0.0000000
       1823.4119      0.97694606      0.97637135       0.0000000
       1823.4327      0.98066133      0.97973335       0.0000000
       1823.4535      0.98531502      0.98509222       0.0000000
       1823.4744      0.99069971      0.99054730       0.0000000
       1823.4952      0.99499166      0.99445564       0.0000000
       1823.5160      0.99701613      0.99651331       0.0000000
       1823.5369      0.99912924      0.99839193       0.0000000
       1823.5577      0.99870020      0.99799716       0.0000000
       1823.5785      0.99896640      0.99835730       0.0000000
       1823.5994      0.99920005      0.99889266       0.0000000
       1823.6202      0.99834234      0.99772322       0.0000000
       1823.6410      0.99861097      0.99825156       0.0000000
       1823.6619      0.99869996      0.99835175       0.0000000
       1823.6827      0.99879223      0.99845964       0.0000000
       1823.7035      0.99917251      0.99894410       0.0000000
       1823.7244      0.99834597      0.99791664       0.0000000
       1823.7452      0.99871778      0.99856353       0.0000000
       1823.7660      0.99914598      0.99904853       0.0000000
       1823.7869      0.99920851      0.99869382       0.0000000
       1823.8077      0.99919647      0.99889153       0.0000000
       1823.8285      0.99908853      0.99902725       0.0000000
       1823.8493      0.99972296      0.99961334       0.0000000
       1823.8702      0.99904746      0.99883187       0.0000000
       1823.8910       1.0000906      0.99962157       0.0000000
       1823.9118      0.99980593      0.99973607       0.0000000
       1823.9327      0.99899071      0.99904490       0.0000000
       1823.9535       1.0004852       1.0002389       0.0000000
       1823.9743      0.99909770      0.99913037       0.0000000
       1823.9952       1.0000226       1.0000000       0.0000000
       1824.0160       1.0005063       1.0001286       0.0000000
       1824.0368       1.0002122       1.0000333       0.0000000
       1824.0577       1.0005038       1.0004187       0.0000000
       1824.0785      0.99932444      0.99936980       0.0000000
       1824.0993       1.0004494       1.0004804       0.0000000
       1824.1202       1.0002389       1.0000615       0.0000000
       1824.1410       1.0006720       1.0005264       0.0000000
       1824.1618       1.0012852       1.0011131       0.0000000
       1824.1827       1.0013540       1.0012729       0.0000000
       1824.2035       1.0011770       1.0013878       0.0000000
       1824.2243       1.0020130       1.0016159       0.0000000
       1824.2452       1.0009935       1.0011477       0.0000000
       1824.2660       1.0015330       1.0016646       0.0000000
       1824.2868       1.0016822       1.0014862       0.0000000
       1824.3077       1.0025765       1.0021307       0.0000000
       1824.3285       1.0022204       1.0018858       0.0000000
       1824.3493       1.0025005       1.0022428       0.0000000
       1824.3702       1.0028342       1.0027263       0.0000000
       1824.3910       1.0026796       1.0026246       0.0000000
       1824.4118       1.0023015       1.0020440       0.0000000
       1824.4327       1.0032359       1.0031565       0.0000000
       1824.4535       1.0034316       1.0033101       0.0000000
       1824.4743       1.0030202       1.0030147       0.0000000
       1824.4952       1.0038780       1.0038763       0.0000000
       1824.5160       1.0042210       1.0038588       0.0000000
       1824.5368       1.0040376       1.0041949       0.0000000
       1824.5577       1.0040600       1.0039686       0.0000000
       1824.5785       1.0048900       1.0049099       0.0000000
       1824.5993       1.0035719       1.0034953       0.0000000
       1824.6202       1.0044647       1.0039566       0.0000000
       1824.6410       1.0046046       1.0049477       0.0000000
       1824.6618       1.0050024       1.0047872       0.0000000
       1824.6827       1.0048115       1.0047334       0.0000000
       1824.7035      0.99432182       1.0049353       128.00000
       1824.7243       1.0047625       1.0048498       0.0000000
       1824.7452       1.0050898       1.0051335       0.0000000
       1824.7660       1.0051323       1.0050935       0.0000000
       1824.7868       1.0057825       1.0058566       0.0000000
       1824.8077       1.0051686       1.0053638       0.0000000
       1824.8285       1.0053236       1.0053613       0.0000000
       1824.8493       1.0056028       1.0055473       0.0000000
       1824.8702       1.0056049       1.0057038       0.0000000
       1824.8910       1.0056541       1.0053807       0.0000000
       1824.9118       1.0057496       1.0058385       0.0000000
       1824.9327       1.0062376       1.0062364       0.0000000
       1824.9535       1.0051445       1.0051208       0.0000000
       1824.9743       1.0061481       1.0063111       0.0000000
       1824.9952       1.0053879       1.0057124       0.0000000
       1825.0160       1.0047990       1.0053031       0.0000000
       1825.0368       1.0047694       1.0051543       0.0000000
       1825.0577       1.0048879       1.0051626       0.0000000
       1825.0785       1.0045193       1.0047545       0.0000000
       1825.0993       1.0052290       1.0052929       0.0000000
       1825.1202       1.0049909       1.0056207       0.0000000
       1825.1410       1.0058738       1.0056608       0.0000000
       1825.1618       1.0049350       1.0053554       0.0000000
       1825.1827       1.0052538       1.0054117       0.0000000
       1825.2035      0.99964941       1.0046195       0.0000000
       1825.2243       1.0047016       1.0048660       0.0000000
       1825.2452       1.0042284       1.0044506       0.0000000
       1825.2660       1.0035037       1.0037113       0.0000000
       1825.2868       1.0041890       1.0041780       0.0000000
       1825.3077       1.0040573       1.0043728       0.0000000
       1825.3285       1.0035927       1.0039005       0.0000000
       1825.3493       1.0026128       1.0031973       0.0000000
       1825.3702       1.0032133       1.0030901       0.0000000
       1825.3910       1.0022112       1.0026983       0.0000000
       1825.4118       1.0028688       1.0028187       0.0000000
       1825.4327       1.0027442       1.0026512       0.0000000
       1825.4535       1.0019165       1.0018811       0.0000000
       1825.4743       1.0016385       1.0012213       0.0000000
       1825.4952       1.0012625       1.0009509       0.0000000
       1825.5160       1.0013632       1.0016397       0.0000000
       1825.5368       1.0011885       1.0012568       0.0000000
       1825.5577       1.0001912       1.0007230       0.0000000
       1825.5785      0.99998128       1.0001931       0.0000000
       1825.5993       1.0001107       1.0004283       0.0000000
       1825.6202       1.0006562       1.0005978       0.0000000
       1825.6410      0.99978417      0.99981397       0.0000000
       1825.6618      0.99953604      0.99917865       0.0000000
       1825.6827       1.0001043       1.0000519       0.0000000
       1825.7035      0.99960786      0.99960500       0.0000000
       1825.7243      0.99922758      0.99899542       0.0000000
       1825.7452      0.99778771      0.99781883       0.0000000
       1825.7660      0.99959910      0.99895984       0.0000000
       1825.7868      0.99840951      0.99770302       0.0000000
       1825.8077      0.99853289      0.99799687       0.0000000
       1825.8285      0.99814373      0.99767709       0.0000000
       1825.8493      0.99745321      0.99684179       0.0000000
       1825.8702      0.99742734      0.99729323       0.0000000
       1825.8910      0.99740499      0.99674201       0.0000000
       1825.9118      0.99736071      0.99662209       0.0000000
       1825.9327      0.99744487      0.99683946       0.0000000
       1825.9535      0.99715918      0.99679810       0.0000000
       1825.9743      0.99758679      0.99646902       0.0000000
       1825.9952      0.99641210      0.99574578       0.0000000
       1826.0160      0.99762452      0.99638838       0.0000000
       1826.0368      0.99600863      0.99594134       0.0000000
       1826.0577      0.99617320      0.99521607       0.0000000
       1826.0785      0.99702626      0.99584544       0.0000000
       1826.0993      0.99579751      0.99511355       0.0000000
       1826.1202      0.99239957      0.99122238       0.0000000
       1826.1410   2.7543943e-17      0.88420588       128.00000
       1826.1618      0.97359198      0.97311527       0.0000000
       1826.1827      0.96174687      0.96129107       0.0000000
       1826.2035      0.94947970      0.94905841       0.0000000
       1826.2243      0.93995935      0.93942046       0.0000000
       1826.2452      0.92980242      0.92923355       0.0000000
       1826.2660      0.92259580      0.92222381       0.0000000
       1826.2868      0.91736794      0.91717708       0.0000000
       1826.3077      0.91669512      0.91633838       0.0000000
       1826.3285      0.91538167      0.91675198       128.00000
       1826.3493      0.92052835      0.92068410       0.0000000
       1826.3701      0.92811430      0.92791367       0.0000000
       1826.3910      0.93563938      0.93548387       0.0000000
       1826.4118      0.94485420      0.94564617       0.0000000
       1826.4326      0.95729363      0.95750719       0.0000000
       1826.4535      0.97048825      0.96880263       0.0000000
       1826.4743      0.98030150      0.98043960       0.0000000
       1826.4951      0.99034935      0.99050468       0.0000000
       1826.5160      0.99499446      0.99552172       0.0000000
       1826.5368      0.99863136      0.99666148       0.0000000
       1826.5576      0.99542105      0.99561048       0.0000000
       1826.5785      0.99635905      0.99646491       0.0000000
       1826.5993      0.99836552      0.99627143       0.0000000
       1826.6201      0.99788719      0.99607885       0.0000000
       1826.6410      0.99634302      0.99677747       0.0000000
       1826.6618      0.99644476      0.99685550       0.0000000
       1826.6826      0.99805075      0.99621254       128.00000
       1826.7035      0.99632663      0.99656463       0.0000000
       1826.7243      0.99822956      0.99664396       0.0000000
       1826.7451      0.99868536      0.99660563       0.0000000
       1826.7660      0.99927181      0.99728554       0.0000000
       1826.7868      0.99935836      0.99752605       0.0000000
       1826.8076      0.99976188      0.99767071       0.0000000
       1826.8285      0.99843603      0.99809432       0.0000000
       1826.8493      0.99884367      0.99697357       0.0000000
       1826.8701       1.0002412      0.99820477       0.0000000
       1826.8910      0.99910641      0.99699521       0.0000000
       1826.9118      0.99967474      0.99752402       0.0000000
       1826.9326       1.0002038      0.99766326       0.0000000
       1826.9535       1.0013678      0.99877596       128.00000
       1826.9743      0.99347782      0.99760407       128.00000
       1826.9951       1.0005105      0.99823862       0.0000000
       1827.0160       1.0007987      0.99871463       0.0000000
       1827.0368       1.0006341      0.99805379       0.0000000
       1827.0576       1.0015590      0.99869847       0.0000000
       1827.0785      0.99920636      0.99848890       0.0000000
       1827.0993      0.99170381      0.99895900       128.00000
       1827.1201       1.0002868      0.99913210       128.00000
       1827.1410      0.99949002      0.99897051       0.0000000
       1827.1618       1.0015208      0.99903882       0.0000000
       1827.1826       1.0005367      0.99997556       0.0000000
       1827.2035       1.0029969      0.99977416       0.0000000
       1827.2243       1.0012286       1.0003014       0.0000000
       1827.2451      0.71930647      0.99985743       128.00000
       1827.2660       1.0026824       1.0001712       0.0000000
       1827.2868       1.0023066      0.99964643       0.0000000
       1827.3076       1.0017209       1.0009654       0.0000000
       1827.3285       1.0032107       1.0000781       0.0000000
       1827.3493       1.0018013       1.0006125       0.0000000
       1827.3701       1.0011793       1.0006393       0.0000000
       1827.3910       1.0005180       1.0000540       0.0000000
       1827.4118       1.0020334       1.0013579       0.0000000
       1827.4326       1.0018916       1.0014139       0.0000000
       1827.4535       1.0018215       1.0010043       0.0000000
       1827.4743       1.0016050       1.0015131       0.0000000
       1827.4951       1.0021087       1.0012484       0.0000000
       1827.5160       1.0013019       1.0010703       0.0000000
       1827.5368       1.0019734       1.0010923       0.0000000
       1827.5576       1.0040095       1.0029109       0.0000000
       1827.5785       1.0030290       1.0022469       0.0000000
       1827.5993       1.0034739       1.0022538       0.0000000
       1827.6201       1.0042636       1.0028708       0.0000000
       1827.6410       1.0034770       1.0022823       0.0000000
       1827.6618       1.0034323       1.0020281       0.0000000
       1827.6826       1.0017667       1.0001549       0.0000000
       1827.7035       1.0021955       1.0012792       0.0000000
       1827.7243       1.0017821       1.0002360       0.0000000
       1827.7451       1.0020423       1.0009477       0.0000000
       1827.7660       1.0014011       1.0003207       0.0000000
       1827.7868       1.0024815       1.0010061       0.0000000
       1827.8076      0.99977374      0.99938011       0.0000000
       1827.8285       1.0000002      0.99919623       0.0000000
       1827.8493      0.99936372      0.99927777       128.00000
       1827.8701      0.99980295      0.99912870       0.0000000
       1827.8910       1.0006837      0.99940532       0.0000000
       1827.9118      0.99985075      0.99849546       0.0000000
       1827.9326       1.0000000      0.99876869       0.0000000
       1827.9535      0.99877375      0.99741995       0.0000000
       1827.9743      0.99866176      0.99723357       0.0000000
       1828.9743  -1.1044334e-16      0.99758303       128.00000
       1828.9951       1.0205612      0.99976307       0.0000000
       1829.0159       1.0196335       1.0000502       0.0000000
       1829.0368       1.0190707      0.99949151       0.0000000
       1829.0576       1.0189202      0.99966389       0.0000000
       1829.0784       1.0164918       1.0003484       0.0000000
       1829.0993       1.0151643      0.99981612       0.0000000
       1829.1201       1.0142838      0.99952483       0.0000000
       1829.1409       1.0121754      0.99877882       0.0000000
       1829.1618       1.0125997       1.0000392       0.0000000
       1829.1826       1.0099168       1.0002362       128.00000
       1829.2034       1.0102482      0.99902910       0.0000000
       1829.2243       1.0100231      0.99935073       0.0000000
       1829.2451       1.0087407      0.99842131       0.0000000
       1829.2659       1.0071244      0.99894661       128.00000
       1829.2868       1.0099617      0.99954998       0.0000000
       1829.3076       1.0053010      0.99861211       0.0000000
       1829.3284       1.0068978      0.99914163       0.0000000
       1829.3493       1.0067433      0.99882609       0.0000000
       1829.3701       1.0052931      0.99873513       0.0000000
       1829.3909       1.0060073      0.99801457       128.00000
       1829.4118       1.0052496      0.99885005       0.0000000
       1829.4326       1.0056124      0.99831736       128.00000
       1829.4534       1.0052146      0.99879920       0.0000000
       1829.4743       1.0044074      0.99791121       0.0000000
       1829.4951       1.0049345      0.99866092       0.0000000
       1829.5159       1.0035743      0.99785441       0.0000000
       1829.5368       1.0034817      0.99794054       0.0000000
       1829.5576       1.0036938      0.99808824       128.00000
       1829.5784       1.0030602      0.99771857       0.0000000
       1829.5993       1.0024095      0.99684793       128.00000
       1829.6201       1.0002655      0.99585950       128.00000
       1829.6409       1.0018140      0.99584991       0.0000000
       1829.6618       1.0010417      0.99588251       0.0000000
       1829.6826       1.0021087      0.99614656       0.0000000
       1829.7034       1.0010577      0.99633610       0.0000000
       1829.7243       1.0015490      0.99683326       0.0000000
       1829.7451       1.0014037      0.99619693       0.0000000
       1829.7659       1.0015365      0.99636680       0.0000000
       1829.7868       1.0010905      0.99692279       0.0000000
       1829.8076       1.0019079      0.99602640       0.0000000
       1829.8284       1.0006433      0.99670947       0.0000000
       1829.8493       1.0013950      0.99601138       0.0000000
       1829.8701      0.99923265      0.99514920       0.0000000
       1829.8909      0.99937320      0.99512923       0.0000000
       1829.9118      0.99912429      0.99552095       0.0000000
       1829.9326      0.99996740      0.99549425       0.0000000
       1829.9534      0.99892873      0.99569774       0.0000000
       1829.9742       1.0009906      0.99676710       0.0000000
       1829.9951      0.99944162      0.99543571       0.0000000
       1830.0159       1.0006931      0.99698675       0.0000000
       1830.0367      0.99960703      0.99605048       0.0000000
       1830.0576      0.99989587      0.99618685       0.0000000
       1830.0784      0.99973369      0.99592751       0.0000000
       1830.0992      0.99663973      0.99259764       0.0000000
       1830.1201      0.99297017      0.98958540       0.0000000
       1830.1409      0.98886895      0.98571414       0.0000000
       1830.1617      0.98415256      0.98074090       128.00000
       1830.1826      0.97862351      0.97529763       0.0000000
       1830.2034      0.97384286      0.97128177       0.0000000
       1830.2242      0.97031629      0.96779668       0.0000000
       1830.2451      0.96943772      0.96741956       0.0000000
       1830.2659      0.96852183      0.96578509       0.0000000
       1830.2867      0.96857905      0.96574599       0.0000000
       1830.3076      0.96966612      0.96632195       0.0000000
       1830.3284      0.97169113      0.96939468       0.0000000
       1830.3492      0.97607011      0.97346997       0.0000000
       1830.3701      0.97990429      0.97833776       0.0000000
       1830.3909      0.98569930      0.98410112       0.0000000
       1830.4117      0.98987544      0.98786330       0.0000000
       1830.4326      0.99392754      0.99212998       0.0000000
       1830.4534      0.99882656      0.99637753       0.0000000
       1830.4742      0.99847054      0.99679124       0.0000000
       1830.4951      0.99984533      0.99747300       0.0000000
       1830.5159      0.99999434      0.99843073       0.0000000
       1830.5367      0.99871695      0.99676055       0.0000000
       1830.5576      0.99936599      0.99742097       0.0000000
       1830.5784      0.99961376      0.99802828       0.0000000
       1830.5992      0.99988711      0.99783397       0.0000000
       1830.6201      0.99923825      0.99693346       0.0000000
       1830.6409      0.99906904      0.99764168       0.0000000
       1830.6617      0.99947917      0.99770361       0.0000000
       1830.6826      0.99994266      0.99764264       0.0000000
       1830.7034      0.99959594      0.99815381       0.0000000
       1830.7242      0.99905127      0.99763012       0.0000000
       1830.7451      0.99988145      0.99788821       0.0000000
       1830.7659      0.99938971      0.99757636       0.0000000
       1830.7867      0.99993736      0.99856383       0.0000000
       1830.8076      0.99933016      0.99779570       0.0000000
       1830.8284      0.99908006      0.99823076       0.0000000
       1830.8492      0.99984843      0.99853772       0.0000000
       1830.8701       1.0006268      0.99895960       0.0000000
       1830.8909      0.99999064      0.99864411       0.0000000
       1830.9117       1.0004025      0.99960566       0.0000000
       1830.9326       1.0011405      0.99981487       0.0000000
       1830.9534       1.0018827       1.0003858       0.0000000
       1830.9742       1.0009966       1.0002732       0.0000000
       1830.9951       1.0009117      0.99962306       0.0000000
       1831.0159       1.0014297       1.0002536       0.0000000
       1831.0367       1.0005549      0.99997318       0.0000000
       1831.0576       1.0024976       1.0009962       0.0000000
       1831.0784       1.0012817       1.0002538       0.0000000
       1831.0992       1.0013499       1.0008471       0.0000000
       1831.1201       1.0024935       1.0018158       0.0000000
       1831.1409       1.0010329       1.0012412       128.00000
       1831.1617       1.0046030       1.0011309       128.00000
       1831.1826       1.0018250       1.0007811       0.0000000
       1831.2034       1.0026784       1.0014442       0.0000000
       1831.2242       1.0016887       1.0008519       0.0000000
       1831.2451       1.0025780       1.0008297       128.00000
       1831.2659       1.0014193       1.0002227       128.00000
       1831.2867       1.0028093       1.0015850       0.0000000
       1831.3076       1.0028017       1.0020362       0.0000000
       1831.3284       1.0029094       1.0021145       0.0000000
       1831.3492       1.0026975       1.0025152       128.00000
       1831.3701       1.0040668       1.0028448       0.0000000
       1831.3909       1.0034813       1.0025245       0.0000000
       1831.4117       1.0010147       1.0026108       128.00000
       1831.4326       1.0070019       1.0028788       128.00000
       1831.4534       1.0047641       1.0038508       0.0000000
       1831.4742       1.0015678       1.0032134       128.00000
       1831.4950       1.0046499       1.0042280       128.00000
       1831.5159       1.0052272       1.0041970       128.00000
       1831.5367       1.0045290       1.0037308       0.0000000
       1831.5575       1.0050735       1.0043676       128.00000
       1831.5784       1.0070831       1.0042309       128.00000
       1831.5992       1.0044395       1.0036120       128.00000
       1831.6200       1.0051792       1.0044072       128.00000
       1831.6409       1.0078623       1.0044737       128.00000
       1831.6617       1.0055403       1.0042434       128.00000
       1831.6825       1.0061833       1.0043393       128.00000
       1831.7034       1.0061584       1.0046932       128.00000
       1831.7242       1.0054759       1.0052398       128.00000
       1831.7450       1.0054926       1.0050215       0.0000000
       1831.7659       1.0055411       1.0045983       128.00000
       1831.7867       1.0047777       1.0049998       0.0000000
       1831.8075       1.0047891       1.0045063       128.00000
       1831.8284       1.0055938       1.0049069       128.00000
       1831.8492       1.0053341       1.0053749       0.0000000
       1831.8700       1.0055965       1.0057579       128.00000
       1831.8909       1.0056907       1.0048257       128.00000
       1831.9117       1.0058495       1.0054182       128.00000
       1831.9325       1.0059795       1.0056381       128.00000
       1831.9534       1.0061792       1.0052270       0.0000000
       1831.9742       1.0056461       1.0054151       128.00000
       1831.9950       1.0063258       1.0047399       0.0000000
       1832.0159       1.0049726       1.0050435       0.0000000
       1832.0367       1.0050246       1.0048898       128.00000
       1832.0575       1.0049757       1.0048047       128.00000
       1832.0784       1.0050392       1.0052004       0.0000000
       1832.0992       1.0056272       1.0050859       0.0000000
       1832.1200       1.0056444       1.0052910       128.00000
       1832.1409       1.0049117       1.0051301       128.00000
       1832.1617       1.0054094       1.0053887       128.00000
       1832.1825       1.0044566       1.0041085       128.00000
       1832.2034       1.0030264       1.0037345       128.00000
       1832.2242       1.0034529       1.0035081       128.00000
       1832.2450       1.0024006       1.0029964       128.00000
       1832.2659       1.0033139       1.0033793       128.00000
       1832.2867       1.0026864       1.0029972       0.0000000
       1832.3075       1.0029792       1.0033259       0.0000000
       1832.3284       1.0032066       1.0029019       128.00000
       1832.3492       1.0023973       1.0022874       128.00000
       1832.3700       1.0022950       1.0023245       128.00000
       1832.3909       1.0020025       1.0025488       128.00000
       1832.4117       1.0023713       1.0021274       128.00000
       1832.4325       1.0015229       1.0014275       0.0000000
       1832.4534       1.0007786       1.0014722       0.0000000
       1832.4742       1.0025142       1.0009669       128.00000
       1832.4950       1.0006808       1.0005997       0.0000000
       1832.5159       1.0004622       1.0008951       0.0000000
       1832.5367      0.99989265       1.0000604       128.00000
       1832.5575       1.0003699       1.0000000       128.00000
       1832.5784      0.99975860      0.99999660       128.00000
       1832.5992      0.99970943      0.99979955       128.00000
       1832.6200      0.99866235      0.99944115       128.00000
       1832.6409      0.99906164      0.99945140       0.0000000
       1832.6617      0.99739885      0.99820977       0.0000000
       1832.6825      0.99851781      0.99879426       128.00000
       1832.7034      0.99797088      0.99800128       128.00000
       1832.7242      0.99705935      0.99813527       128.00000
       1832.7450      0.99749827      0.99849075       0.0000000
       1832.7659      0.99821591      0.99837899       128.00000
       1832.7867      0.99844605      0.99750400       128.00000
       1832.8075      0.99666482      0.99703175       0.0000000
       1832.8283      0.99666774      0.99735922       0.0000000
       1832.8492      0.99637347      0.99668205       0.0000000
       1832.8700      0.99611479      0.99687171       0.0000000
       1832.8908      0.99725753      0.99712467       128.00000
       1832.9117      0.99656808      0.99646372       0.0000000
       1832.9325      0.99560565      0.99615258       0.0000000
       1832.9533      0.99626625      0.99622655       0.0000000
       1832.9742      0.99601126      0.99620920       0.0000000
       1832.9950      0.99551260      0.99572253       0.0000000
       1833.0158      0.99542606      0.99598485       0.0000000
       1833.0367      0.99611288      0.99653268       128.00000
       1833.0575      0.99320316      0.99392825       0.0000000
       1833.0783      0.98495805      0.98532557       0.0000000
       1833.0992      0.97307438      0.97380251       0.0000000
       1833.1200      0.96254361      0.96284473       0.0000000
       1833.1408      0.95209396      0.95220602       0.0000000
       1833.1617      0.94036019      0.94095558       0.0000000
       1833.1825      0.93164057      0.93205845       0.0000000
       1833.2033      0.92390031      0.92404127       0.0000000
       1833.2242      0.91855580      0.91895610       0.0000000
       1833.2450      0.91549116      0.91586363       0.0000000
       1833.2658      0.91668874      0.91717458       0.0000000
       1833.2867      0.91888160      0.91980052       0.0000000
       1833.3075      0.92650002      0.92687446       0.0000000
       1833.3283      0.93433613      0.93480575       0.0000000
       1833.3492      0.94476789      0.94524813       0.0000000
       1833.3700      0.95535290      0.95588338       0.0000000
       1833.3908      0.96751630      0.96847510       0.0000000
       1833.4117      0.97809029      0.97883707       0.0000000
       1833.4325      0.98820406      0.98861867       0.0000000
       1833.4533      0.99405229      0.99409193       0.0000000
       1833.4742      0.99596322      0.99628073       0.0000000
       1833.4950      0.99588233      0.99603790       0.0000000
       1833.5158      0.99530512      0.99621737       0.0000000
       1833.5367      0.99619585      0.99777430       0.0000000
       1833.5575      0.99608546      0.99648130       0.0000000
       1833.5783      0.99667734      0.99736029       0.0000000
       1833.5992      0.99644983      0.99752694       0.0000000
       1833.6200      0.99629050      0.99736583       0.0000000
       1833.6408      0.99556059      0.99649584       0.0000000
       1833.6617      0.99693578      0.99768490       0.0000000
       1833.6825      0.99659288      0.99726856       0.0000000
       1833.7033      0.99662936      0.99722254       0.0000000
       1833.7242      0.99780971      0.99846131       0.0000000
       1833.7450      0.99723774      0.99800831       0.0000000
       1833.7658      0.99817014      0.99775851       0.0000000
       1833.7867      0.99804735      0.99757230       0.0000000
       1833.8075      0.99781644      0.99777037       0.0000000
       1833.8283      0.99703634      0.99703234       0.0000000
       1833.8492      0.99842846      0.99839371       0.0000000
       1833.8700      0.99834144      0.99892694       0.0000000
       1833.8908      0.99886090      0.99857467       0.0000000
       1833.9117      0.99817741      0.99857628       0.0000000
       1833.9325      0.99883139      0.99885124       0.0000000
       1833.9533      0.99854338      0.99870938       0.0000000
       1833.9742      0.99931109      0.99939156       0.0000000
       1833.9950      0.99996758      0.99890542       0.0000000
       1834.0158      0.99918425      0.99920976       0.0000000
       1834.0367      0.99982864      0.99996990       0.0000000
       1834.0575       1.0010419       1.0008328       0.0000000
       1834.0783      0.99992090      0.99978912       0.0000000
       1834.0991      0.99959940      0.99940670       0.0000000
       1834.1200      0.99980116      0.99916387       0.0000000
       1834.1408      0.99970180       1.0000032       0.0000000
       1834.1616       1.0004507       1.0003177       0.0000000
       1834.1825      0.99984324       1.0002663       0.0000000
       1834.2033       1.0004635       1.0006844       0.0000000
       1834.2241       1.0005918       1.0001210       0.0000000
       1834.2450      0.99973094       1.0010425       0.0000000
       1834.2658  -1.0351228e-16      0.93501472       128.00000
       1834.2866       1.0002772       1.0008320       0.0000000
       1834.3075      0.99983132       1.0005583       0.0000000
       1834.3283       1.0003976       1.0009567       0.0000000
       1834.3491       1.0013818       1.0009820       0.0000000
       1834.3700      0.99991393       1.0011871       0.0000000
       1834.3908       1.0009439       1.0012331       0.0000000
       1834.4116       1.0011621       1.0016617       0.0000000
       1834.4325       1.0002174       1.0007435       0.0000000
       1834.4533      0.99949956       1.0012776       0.0000000
       1834.4741       1.0015261       1.0023973       0.0000000
       1834.4950       1.0011884       1.0021274       0.0000000
       1834.5158       1.0008522       1.0013733       0.0000000
       1834.5366      0.99952537       1.0005624       0.0000000
       1834.5575       1.0011622       1.0023344       0.0000000
       1834.5783       1.0008630       1.0013585       0.0000000
       1834.5991       1.0014318       1.0017375       0.0000000
       1834.6200       1.0016841       1.0019691       0.0000000
       1834.6408       1.0019885       1.0029653       0.0000000
       1834.6616       1.0014110       1.0025325       0.0000000
       1834.6825       1.0015569       1.0024579       0.0000000
       1834.7033       1.0012647       1.0020646       0.0000000
       1834.7241       1.0017705       1.0026262       0.0000000
       1834.7450       1.0018272       1.0025933       0.0000000
       1834.7658       1.0007534       1.0023371       0.0000000
       1834.7866       1.0020262       1.0025002       0.0000000
       1834.8075       1.0016273       1.0025655       0.0000000
       1834.8283       1.0012690       1.0025930       0.0000000
       1834.8491       1.0003017       1.0019695       0.0000000
       1834.8700       1.0015461       1.0025009       0.0000000
       1834.8908       1.0013225       1.0026402       0.0000000
       1834.9116       1.0016724       1.0026317       0.0000000
       1834.9325       1.0009629       1.0026402       0.0000000
       1834.9533       1.0019821       1.0025568       0.0000000
       1834.9741       1.0024964       1.0036213       0.0000000
       1834.9950       1.0016296       1.0022845       0.0000000
       1835.0158       1.0005682       1.0016838       0.0000000
       1835.0366       1.0016750       1.0022831       0.0000000
       1835.0575       1.0011271       1.0025465       128.00000
       1835.0783       1.0023764       1.0027795       0.0000000
       1835.0991       1.0015308       1.0029876       0.0000000
       1835.1200       1.0011020       1.0020717       0.0000000
       1835.1408       1.0009145       1.0018438       0.0000000
       1835.1616       1.0005357       1.0016499       0.0000000
       1835.1825       1.0010180       1.0023103       0.0000000
       1835.2033       1.0013992       1.0023842       0.0000000
       1835.2241       1.0012932       1.0019958       0.0000000
       1835.2449       1.0009971       1.0018386       0.0000000
       1835.2658       1.0011451       1.0020596       0.0000000
       1835.2866       1.0012001       1.0024023       0.0000000
       1835.3074       1.0006428       1.0014006       0.0000000
       1835.3283       1.0007000       1.0014185       0.0000000
       1835.3491       1.0000277       1.0008043       0.0000000
       1835.3699       1.0002071       1.0018750       0.0000000
       1835.3908       1.0007018       1.0020106       0.0000000
       1835.4116      0.99992150       1.0016446       0.0000000
       1835.4324       1.0014366       1.0022973       0.0000000
       1835.4533       1.0008065       1.0020717       0.0000000
       1835.4741       1.0010469       1.0019851       0.0000000
       1835.4949       1.0002868       1.0017934       0.0000000
       1835.5158       1.0013521       1.0019777       0.0000000
       1835.5366       1.0004978       1.0019433       0.0000000
       1835.5574       1.0006311       1.0020038       0.0000000
       1835.5783       1.0003480       1.0009910       128.00000
       1835.5991       1.0111549       1.0003211       128.00000
       1835.6199       1.0001477       1.0004009       128.00000
       1835.6408       1.0000000       1.0013880       128.00000
       1835.6616       1.0004253       1.0015399       0.0000000
       1835.6824       1.0010604       1.0017705       0.0000000
       1835.7033       1.0007797       1.0019878       0.0000000
       1835.7241       1.0005525       1.0010779       128.00000
       1835.7449       1.0012140       1.0021175       0.0000000
       1835.7658       1.0006065       1.0018831       0.0000000
       1835.7866       1.0010270       1.0024638       0.0000000
       1835.8074       1.0003128       1.0011696       0.0000000
       1835.8283       1.0002621       1.0013634       128.00000
       1835.8491       1.0012589       1.0016669       0.0000000
       1835.8699       1.0005928       1.0016307       0.0000000
       1835.8908       1.0003437       1.0013822       0.0000000
       1835.9116      0.99973494       1.0011593       0.0000000
       1835.9324      0.99929261       1.0006354       0.0000000
       1835.9533      0.99990940       1.0009223       128.00000
       1835.9741       1.0007665       1.0017889       0.0000000
       1835.9949      0.99878424       1.0004168       0.0000000
       1836.0158       1.0000186       1.0014846       0.0000000
       1836.0366      0.99994063       1.0011977       0.0000000
       1836.0574       1.0001853       1.0011305       0.0000000
       1836.0783       1.0003555       1.0011148       0.0000000
       1836.0991      0.99955696       1.0006362       0.0000000
       1836.1199      0.99920350       1.0012527       128.00000
       1836.1408      0.99940473       1.0008857       0.0000000
       1836.1616      0.99988633       1.0009074       0.0000000
       1836.1824       1.0005374       1.0016670       0.0000000
       1836.2033      0.99913293       1.0000885       0.0000000
       1836.2241      0.99874097       1.0002396       0.0000000
       1836.2449      0.99989527       1.0001144       0.0000000
       1836.2658      0.99973643      0.99949831       128.00000
       1836.2866       1.0001737       1.0005642       128.00000
       1836.3074      0.99915296       1.0007329       0.0000000
       1836.3283      0.99888313       1.0002782       0.0000000
       1836.3491      0.99845445       1.0005869       0.0000000
       1836.3699      0.99916035       1.0007371       0.0000000
       1836.3907      0.99952185       1.0000737       0.0000000
       1836.4116      0.99949574       1.0012003       0.0000000
       1836.4324      0.99879324       1.0008105       0.0000000
       1836.4532      0.99922061       1.0006202       0.0000000
       1836.4741      0.99815941      0.99978554       0.0000000
       1836.4949      0.99906981       1.0006216       0.0000000
       1836.5157      0.99776864      0.99990362       128.00000
       1836.5366      0.99807829       1.0003511       0.0000000
       1836.5574      0.99835253       1.0007274       0.0000000
       1836.5782      0.99820119      0.99989319       0.0000000
       1836.5991      0.99963689       1.0006870       0.0000000
       1836.6199      0.99773753      0.99942023       0.0000000
       1836.6407      0.99806583      0.99996626       0.0000000
       1836.6616      0.99861950       1.0000679       0.0000000
       1836.6824      0.99764252      0.99964577       0.0000000
       1836.7032      0.99817330       1.0004865       0.0000000
       1836.7241      0.99828655       1.0004374       0.0000000
       1836.7449      0.99809313      0.99958259       0.0000000
       1836.7657      0.99748063      0.99971235       0.0000000
       1836.7866      0.99813521      0.99943531       0.0000000
       1836.8074      0.99734950      0.99927956       0.0000000
       1836.8282      0.99695343      0.99943894       0.0000000
       1836.8491      0.99715889      0.99916011       0.0000000
       1836.8699      0.99762744      0.99946129       0.0000000
       1836.8907      0.99712104      0.99872661       0.0000000
       1836.9116      0.99834913       1.0005423       0.0000000
       1836.9324      0.99717933      0.99922597       0.0000000
       1836.9532      0.99844187       1.0001684       0.0000000
       1836.9741      0.99706250      0.99854565       0.0000000
       1836.9949      0.99838531      0.99892795       0.0000000
       1837.0157      0.99747956      0.99951762       0.0000000
       1837.0366      0.99508715      0.99666727       0.0000000
       1837.0574      0.99228549      0.99357527       0.0000000
       1837.0782      0.98776358      0.98916912       0.0000000
       1837.0991      0.98195654      0.98387039       0.0000000
       1837.1199      0.97698945      0.97916287       0.0000000
       1837.1407      0.97398329      0.97450739       0.0000000
       1837.1616      0.97009230      0.97166866       0.0000000
       1837.1824      0.96860880      0.96954554       0.0000000
       1837.2032      0.96515155      0.96769488       0.0000000
       1837.2241      0.96769643      0.96806943       0.0000000
       1837.2449      0.96843952      0.96887660       0.0000000
       1837.2657      0.97069335      0.97176021       0.0000000
       1837.2866      0.97346044      0.97501248       0.0000000
       1837.3074      0.97826797      0.97930473       0.0000000
       1837.3282      0.98386919      0.98393553       0.0000000
       1837.3491      0.98825985      0.98960423       0.0000000
       1837.3699      0.99368906      0.99442255       0.0000000
       1837.3907      0.99725735      0.99840748       0.0000000
       1837.4115      0.99737436      0.99917555       0.0000000
       1837.4324      0.99812973      0.99924892       0.0000000
       1837.4532      0.99803883      0.99892396       0.0000000
       1837.4740      0.99850655      0.99900526       0.0000000
       1837.4949      0.99882352      0.99982780       0.0000000
       1837.5157      0.99780154      0.99871093       0.0000000
       1837.5365      0.99765992      0.99857646       0.0000000
       1837.5574      0.99857169      0.99937814       0.0000000
       1837.5782      0.99866545      0.99980152       0.0000000
       1837.5990      0.99845260      0.99976468       0.0000000
       1837.6199      0.99868339      0.99995130       0.0000000
       1837.6407      0.99970490       1.0007026       0.0000000
       1837.6615      0.99842185      0.99969429       0.0000000
       1837.6824      0.99918848       1.0002789       0.0000000
       1837.7032       1.0002048       1.0007184       0.0000000
       1837.7240      0.99906307       1.0000402       0.0000000
       1837.7449      0.99908412      0.99992186       0.0000000
       1837.7657      0.99993342       1.0012124       0.0000000
       1837.7865      0.99886656       1.0004675       0.0000000
       1837.8074      0.99817586      0.99992806       0.0000000
       1837.8282      0.99924976       1.0002812       0.0000000
       1837.8490      0.99963462       1.0006967       0.0000000
       1837.8699       1.0004692       1.0017956       0.0000000
       1837.8907       1.0004365       1.0017542       0.0000000
       1837.9115       1.0004995       1.0017368       0.0000000
       1837.9324      0.99961990       1.0009489       0.0000000
       1837.9532      0.99983841       1.0012922       0.0000000
       1837.9740       1.0004928       1.0021919       0.0000000
       1837.9949       1.0009097       1.0019220       0.0000000
       1838.0157       1.0004405       1.0018420       0.0000000
       1838.0365       1.0006552       1.0021707       0.0000000
       1838.0574       1.0016392       1.0028414       0.0000000
       1838.0782       1.0014850       1.0022537       0.0000000
       1838.0990       1.0014216       1.0024412       0.0000000
       1838.1199       1.0016947       1.0026460       0.0000000
       1838.1407       1.0004977       1.0018274       0.0000000
       1838.1615       1.0025539       1.0033888       0.0000000
       1838.1824      0.99962968       1.0032390       0.0000000
       1838.2032       1.0020102       1.0027958       0.0000000
       1838.2240       1.0019934       1.0034708       0.0000000
       1838.2449       1.0014482       1.0025363       0.0000000
       1838.2657       1.0024481       1.0036401       0.0000000
       1838.2865       1.0031272       1.0038931       0.0000000
       1838.3074       1.0009663       1.0041629       0.0000000
       1838.3282       1.0038583       1.0048368       0.0000000
       1838.3490       1.0038799       1.0054169       0.0000000
       1838.3699       1.0025244       1.0047981       0.0000000
       1838.3907       1.0021168       1.0044580       0.0000000
       1838.4115       1.0038688       1.0050545       0.0000000
       1838.4323       1.0047835       1.0054832       0.0000000
       1838.4532       1.0028230       1.0051394       0.0000000
       1838.4740       1.0033790       1.0050949       0.0000000
       1838.4948       1.0036104       1.0058447       0.0000000
       1838.5157       1.0043144       1.0051335       0.0000000
       1838.5365       1.0023468       1.0055907       0.0000000
       1838.5573       1.0028244       1.0060031       0.0000000
       1838.5782       1.0025756       1.0057451       0.0000000
       1838.5990       1.0031629       1.0064963       0.0000000
       1838.6198       1.0037270       1.0068219       0.0000000
       1838.6407       1.0055312       1.0059854       0.0000000
       1838.6615       1.0058695       1.0061523       0.0000000
       1838.6823       1.0050694       1.0057285       0.0000000
       1838.7032       1.0037470       1.0068427       0.0000000
       1838.7448       1.0029701       1.0062920       128.00000
       1838.7657       1.0032002       1.0066987       0.0000000
       1838.7865       1.0028045       1.0061015       0.0000000
       1838.8073       1.0030841       1.0064903       0.0000000
       1838.8282       1.0046858       1.0067672       0.0000000
       1838.8490       1.0042815       1.0067506       0.0000000
       1838.8698       1.0053707       1.0073704       0.0000000
       1838.8907       1.0024000       1.0066658       128.00000
       1838.9115       1.0028412       1.0059133       0.0000000
       1838.9323       1.0044007       1.0066155       0.0000000
       1838.9532       1.0026184       1.0066750       0.0000000
       1838.9740       1.0039406       1.0065763       0.0000000
       1838.9948       1.0035172       1.0059665       0.0000000
       1839.0157       1.0031289       1.0057024       0.0000000
       1839.0365       1.0030847       1.0058420       0.0000000
       1839.0573       1.0031852       1.0058839       0.0000000
       1839.0782       1.0026476       1.0053176       0.0000000
       1839.0990       1.0027424       1.0053319       0.0000000
       1839.1198       1.0017482       1.0050485       0.0000000
       1839.1407       1.0012841       1.0038309       0.0000000
       1839.1615       1.0018082       1.0052094       0.0000000
       1839.1823       1.0016254       1.0047808       0.0000000
       1839.2032       1.0014850       1.0040678       0.0000000
       1839.2240       1.0008401       1.0034878       0.0000000
       1839.2448       1.0023992       1.0044678       0.0000000
       1839.2657      0.99998355       1.0027652       0.0000000
       1839.2865       1.0009645       1.0035017       0.0000000
       1839.3073       1.0003380       1.0028126       0.0000000
       1839.3282       1.0004458       1.0025014       0.0000000
       1839.3490      0.99935216       1.0020565       0.0000000
       1839.3698      0.99965465       1.0022066       0.0000000
       1839.3906      0.99955165       1.0023478       128.00000
       1839.4115      0.99944383       1.0019053       0.0000000
       1839.4323      0.99845344       1.0008237       0.0000000
       1839.4531      0.99853855       1.0009831       0.0000000
       1839.4740       1.0001746       1.0017229       0.0000000
       1839.4948      0.99745005       1.0005943       0.0000000
       1839.5156  -1.0033028e-16      0.90625244       128.00000
       1839.5365      0.99847960      0.99995863       0.0000000
       1839.5573      0.99760574      0.99994355       0.0000000
       1839.5781      0.99702328      0.99982393       128.00000
       1839.5990      0.99666804      0.99905151       0.0000000
       1839.6198      0.99798250       1.0002122       0.0000000
       1839.6406      0.99843127      0.99975324       0.0000000
       1839.6615      0.99729288      0.99891710       0.0000000
       1839.6823      0.99772298      0.99961126       0.0000000
       1839.7031      0.99784607      0.99903709       128.00000
       1839.7240      0.99597889      0.99776852       0.0000000
       1839.7448      0.99680805      0.99865472       0.0000000
       1839.7656      0.99718773      0.99798977       128.00000
       1839.7865      0.99739796      0.99649781       128.00000
       1839.8073      0.99704850      0.99722743       128.00000
       1839.8281      0.99641067      0.99775374       128.00000
       1839.8490      0.99556780      0.99727869       0.0000000
       1839.8698      0.99713880      0.99809790       0.0000000
       1839.8906      0.99590832      0.99735141       128.00000
       1839.9115      0.99661976      0.99717748       128.00000
       1839.9323      0.99620122      0.99702519       0.0000000
       1839.9531      0.99672389      0.99752051       0.0000000
       1839.9740      0.99611956      0.99724931       0.0000000
       1839.9948      0.99464512      0.99474537       128.00000
       1840.0156      0.98631287      0.98707992       0.0000000
       1840.0365      0.97580874      0.97711170       0.0000000
       1840.0573      0.96580958      0.96627659       0.0000000
       1840.0781      0.95345384      0.95451760       128.00000
       1840.0990      0.94332165      0.94310546       0.0000000
       1840.1198      0.93254852      0.93336171       0.0000000
       1840.1406      0.92521489      0.92596781       0.0000000
       1840.1615      0.92068493      0.92124569       128.00000
       1840.1823      0.91771442      0.91757804       0.0000000
       1840.2031      0.91763824      0.91746861       0.0000000
       1840.2240      0.91888666      0.92008305       0.0000000
       1840.2448      0.92616117      0.92619234       0.0000000
       1840.2656      0.93347543      0.93349320       0.0000000
       1840.2864      0.94319367      0.94302970       0.0000000
       1840.3073      0.95487189      0.95487070       0.0000000
       1840.3281      0.96466881      0.96547180       0.0000000
       1840.3489      0.97835743      0.97832364       0.0000000
       1840.3698      0.98782468      0.98723710       0.0000000
       1840.3906      0.99510682      0.99559790       0.0000000
       1840.4114      0.99664420      0.99670792       0.0000000
       1840.4323      0.99705005      0.99712837       0.0000000
       1840.4531      0.99776232      0.99650377       128.00000
       1840.4739      0.99873841      0.99720842       128.00000
       1840.4948      0.99815124      0.99680924       0.0000000
       1840.5156      0.99703479      0.99746561       0.0000000
       1840.5364      0.99935716      0.99743772       0.0000000
       1840.5573      0.99815530      0.99724317       0.0000000
       1840.5781      0.99777800      0.99744016       0.0000000
       1840.5989      0.99930465      0.99787235       0.0000000
       1840.6198      0.99874210      0.99806702       0.0000000
       1840.6406      0.99969286      0.99801379       0.0000000
       1840.6614      0.99856645      0.99849302       0.0000000
       1840.6823      0.99878180      0.99879926       128.00000
       1840.7031       1.0003070      0.99855047       0.0000000
       1840.7239       1.0002605      0.99855030       0.0000000
       1840.7448      0.99939555      0.99947411       0.0000000
       1840.7656       1.0001780      0.99949908       0.0000000
       1840.7864      0.99986917      0.99911505       0.0000000
       1840.8073       1.0006016      0.99936581       0.0000000
       1840.8281      0.99963051      0.99908841       0.0000000
       1840.8489       1.0005767      0.99931818       0.0000000
       1840.8698       1.0013361      0.99996567       0.0000000
       1840.8906       1.0013449      0.99974889       0.0000000
       1840.9114       1.0018246       1.0008029       0.0000000
       1840.9323       1.0014005       1.0000021       0.0000000
       1840.9531       1.0006344      0.99989945       0.0000000
       1840.9739       1.0015125       1.0002339       0.0000000
       1840.9948       1.0014873       1.0009778       128.00000
       1841.0156       1.0001239      0.99958211       0.0000000
       1841.0364       1.0004587      0.99987656       0.0000000
       1841.0573       1.0001386      0.99968356       0.0000000
       1841.0781       1.0002865      0.99995339       0.0000000
       1841.0989      0.99958724      0.99938446       0.0000000
       1841.1198       1.0009378       1.0008982       0.0000000
       1841.1406      0.99998772      0.99960965       0.0000000
