    1106
       1790.7023       1.0488862       1.0286126       128.00000
       1790.7231       1.0321707       1.0129683       0.0000000
       1790.7440       1.0115963      0.99168915       0.0000000
       1790.7648       1.0006201      0.98227102       0.0000000
       1790.7857      0.99886525      0.97927845       0.0000000
       1790.8065       1.0056651      0.98704714       0.0000000
       1790.8273       1.0085955      0.99084705       0.0000000
       1790.8482       1.0146860      0.99464971       0.0000000
       1790.8690       1.0148659      0.99460667       0.0000000
       1790.8898       1.0152649      0.99244827       0.0000000
       1790.9107       1.0105919      0.98927647       0.0000000
       1790.9315       1.0104759      0.99014765       0.0000000
       1790.9523       1.0094987      0.98733759       0.0000000
       1790.9732       1.0087548      0.98577940       0.0000000
       1790.9940       1.0092040      0.98713136       0.0000000
       1791.0148       1.0103388      0.98810750       0.0000000
       1791.0357       1.0098665      0.98950893       0.0000000
       1791.0565       1.0106007      0.98885930       0.0000000
       1791.0773       1.0100158      0.98876464       0.0000000
       1791.0982       1.0120721      0.99018824       0.0000000
       1791.3898       1.0524719      0.95647919       128.00000
       1791.4107       1.0494497      0.95514172       128.00000
       1791.4315       1.0419776      0.95194191       128.00000
       1791.4523       1.0370260      0.95186675       128.00000
       1791.4732       1.0359962      0.95509022       128.00000
       1791.4940       1.0280162      0.95375091       128.00000
       1791.5148       1.0278859      0.95710874       128.00000
       1791.5357       1.0235106      0.95772511       128.00000
       1791.5565       1.0220380      0.95920676       128.00000
       1791.5773       1.0165595      0.95876205       0.0000000
       1791.5982       1.0148344      0.96067470       0.0000000
       1791.6190       1.0065002      0.95959651       128.00000
       1791.6398       1.0107101      0.96256995       0.0000000
       1791.6607       1.0113157      0.96446407       0.0000000
       1791.6815       1.0093035      0.96569580       0.0000000
       1791.7023       1.0071468      0.96802288       0.0000000
       1791.7232       1.0032420      0.96542120       0.0000000
       1791.7440       1.0037209      0.96882164       0.0000000
       1791.7648      0.99969757      0.96895581       0.0000000
       1791.7857       1.0035263      0.97136319       0.0000000
       1791.8065       1.0025597      0.97144741       0.0000000
       1791.8273      0.94866896      0.97297937       128.00000
       1791.8482       1.0018526      0.97403091       0.0000000
       1791.8690      0.99663937      0.97248209       0.0000000
       1791.8898      0.99932563      0.97334921       0.0000000
       1791.9107      0.99888015      0.97484362       0.0000000
       1791.9315      0.99982470      0.97638804       0.0000000
       1791.9523      0.99910122      0.97704726       0.0000000
       1791.9732      0.99896812      0.97672945       0.0000000
       1791.9940      0.99943393      0.97891837       0.0000000
       1792.0148      0.99812543      0.97772121       0.0000000
       1792.0357      0.99682093      0.97747546       0.0000000
       1792.0565      0.99754971      0.97840810       0.0000000
       1792.0773      0.99685991      0.97879243       0.0000000
       1792.0982      0.99669707      0.97763103       128.00000
       1792.1190      0.99847025      0.97961807       128.00000
       1792.1398      0.99725628      0.97921389       128.00000
       1792.1607      0.99805480      0.98078108       128.00000
       1792.1815      0.99926919      0.98332107       128.00000
       1792.2023      0.99717450      0.98078811       128.00000
       1792.2232      0.99858189      0.98386359       128.00000
       1792.2440      0.99772334      0.98277736       128.00000
       1792.2649      0.99890852      0.98505950       128.00000
       1792.2857      0.99863249      0.98468769       128.00000
       1792.3065      0.99713767      0.98346537       128.00000
       1792.3274      0.99836332      0.98513943       128.00000
       1792.3482      0.99882966      0.98491585       128.00000
       1792.3690      0.99980778      0.98732847       128.00000
       1792.3899      0.99779755      0.98554915       128.00000
       1792.4107      0.99741966      0.98584455       128.00000
       1792.4315       1.0006245      0.98903060       128.00000
       1792.4524       1.0004548      0.98895639       128.00000
       1792.4732       1.0014992      0.98836732       128.00000
       1792.4940       1.0032055      0.98957521       0.0000000
       1792.5149       1.0010433      0.98972183       128.00000
       1792.5357       1.0032843      0.99020129       0.0000000
       1792.5565       1.0010036      0.99002081       0.0000000
       1792.5774       1.0000908      0.99065548       0.0000000
       1792.5982       1.0032210      0.99182314       0.0000000
       1792.6190       1.0014998      0.99236971       0.0000000
       1792.6399       1.0034821      0.99349672       0.0000000
       1792.6607       1.0033090      0.99333483       0.0000000
       1792.6815       1.0033107      0.99389005       0.0000000
       1792.7024       1.0024012      0.98983550       0.0000000
       1792.7232       1.0037450      0.99451828       0.0000000
       1792.7440       1.0050727      0.99469882       0.0000000
       1792.7649       1.0047836      0.99567223       0.0000000
       1792.7857       1.0043675      0.99348098       0.0000000
       1792.8065       1.0043867      0.99629819       0.0000000
       1792.8274       1.0045862      0.99551642       0.0000000
       1792.8482       1.0046427      0.99660462       0.0000000
       1792.8690       1.0021486      0.99356568       0.0000000
       1792.8899       1.0023552      0.99405915       0.0000000
       1792.9107       1.0013328      0.99248540       0.0000000
       1792.9315       1.0023451      0.99448061       0.0000000
       1792.9524       1.0006504      0.99230868       0.0000000
       1792.9732       1.0000758      0.99120885       0.0000000
       1792.9940      0.99803859      0.98891604       0.0000000
       1793.0149      0.99761760      0.98908126       0.0000000
       1793.0357      0.99604255      0.98802215       0.0000000
       1793.0565      0.99665278      0.98921436       128.00000
       1793.0774      0.99709213      0.98795629       0.0000000
       1793.0982      0.99595851      0.98911607       128.00000
       1793.1190      0.99424326      0.98742718       0.0000000
       1793.1399      0.99562114      0.98801708       0.0000000
       1793.1607      0.99537522      0.98772353       0.0000000
       1793.1815      0.99701810      0.98776382       0.0000000
       1793.2024      0.99717045      0.98842818       0.0000000
       1793.2232      0.99688077      0.98924214       0.0000000
       1793.2440      0.99673098      0.98806351       0.0000000
       1793.2649      0.99703711      0.98934507       0.0000000
       1793.2857      0.99557066      0.98922157       0.0000000
       1793.3065      0.99768758      0.98941416       0.0000000
       1793.3274      0.99479425      0.98670930       0.0000000
       1793.3482      0.99667746      0.98871714       0.0000000
       1793.3690      0.99573904      0.98841268       0.0000000
       1793.3899      0.99312127      0.98583174       0.0000000
       1793.4107      0.99594396      0.98849601       0.0000000
       1793.4315      0.99508709      0.98870140       0.0000000
       1793.4524      0.99865252      0.99092865       0.0000000
       1793.4732      0.99694574      0.98992956       0.0000000
       1793.4940      0.99684370      0.98913217       0.0000000
       1793.5149      0.99855012      0.99059427       0.0000000
       1793.5357      0.99917477      0.99163091       0.0000000
       1793.5565      0.99707860      0.98916745       0.0000000
       1793.5774      0.99980992      0.99171394       0.0000000
       1793.5982       1.0000000      0.99248779       0.0000000
       1793.6190      0.99745154      0.99102765       0.0000000
       1793.6399      0.99775642      0.99128288       0.0000000
       1793.6607      0.99877793      0.99107099       0.0000000
       1793.6815       1.0035968      0.99548668       0.0000000
       1793.7024      0.99854416      0.99075836       0.0000000
       1793.7232       1.0004320      0.99320579       0.0000000
       1793.7440      0.99905658      0.99239057       0.0000000
       1793.7649      0.99813658      0.99340433       0.0000000
       1793.7857      0.99960959      0.99222457       0.0000000
       1793.8065      0.99957240      0.99235302       0.0000000
       1793.8274      0.99956644      0.99189711       0.0000000
       1793.8482      0.99966729      0.99368113       0.0000000
       1793.8691       1.0013473      0.99436986       0.0000000
       1793.8899       1.0003849      0.99313849       0.0000000
       1793.9107       1.0011116      0.99340862       0.0000000
       1793.9316      0.99983889      0.99326509       0.0000000
       1793.9524       1.0001777      0.99254340       0.0000000
       1793.9732      0.99851203      0.99304658       0.0000000
       1793.9941       1.0004246      0.99458975       0.0000000
       1794.0149      0.99896950      0.99278092       0.0000000
       1794.0357       1.0006685      0.99416810       0.0000000
       1794.0566       1.0020459      0.99458802       0.0000000
       1794.0774      0.99745798      0.99438637       0.0000000
       1794.0982      0.99934512      0.99349672       0.0000000
       1794.1191      0.99999225      0.99399608       0.0000000
       1794.1399      0.99822032      0.99306804       0.0000000
       1794.1607       1.0001560      0.99541277       0.0000000
       1794.1816      0.99921364      0.99246311       0.0000000
       1794.2024      0.99926931      0.99394161       0.0000000
       1794.2232       1.0008532      0.99493539       0.0000000
       1794.2441       1.0001173      0.99394989       0.0000000
       1794.2649      0.99946964      0.99241853       0.0000000
       1794.2857      0.99925816      0.99302888       0.0000000
       1794.3066      0.99867100      0.99248582       0.0000000
       1794.3274      0.99790889      0.99364126       0.0000000
       1794.3482       1.0007739      0.99415737       0.0000000
       1794.3691      0.99851340      0.99334759       0.0000000
       1794.3899       1.0002393      0.99506462       0.0000000
       1794.4107      0.99989229      0.99398690       0.0000000
       1794.4316      0.99980724      0.99366379       0.0000000
       1794.4524      0.99846244      0.99277264       0.0000000
       1794.4732      0.99750531      0.99486285       0.0000000
       1794.4941      0.99886841      0.99299496       0.0000000
       1794.5149       1.0013893      0.99560744       0.0000000
       1794.5357       1.0018289      0.99465597       0.0000000
       1794.5566      0.99918348      0.99432987       0.0000000
       1794.5774       1.0015678      0.99597210       0.0000000
       1794.5982       1.0010426      0.99467570       0.0000000
       1794.6191       1.0027617      0.99655914       0.0000000
       1794.6399       1.0005448      0.99496615       0.0000000
       1794.6607       1.0001537      0.99434733       0.0000000
       1794.6816       1.0015053      0.99394655       0.0000000
       1794.7024       1.0009321      0.99616057       0.0000000
       1794.7232      0.99974704      0.99255764       0.0000000
       1794.7441       1.0027236      0.99695390       0.0000000
       1794.7649       1.0009418      0.99500054       0.0000000
       1794.7857       1.0003258      0.99464834       0.0000000
       1794.8066       1.0000355      0.99492788       0.0000000
       1794.8274      0.99997872      0.99452013       0.0000000
       1794.8482       1.0015407      0.99322051       0.0000000
       1794.8691      0.99901062      0.99299496       0.0000000
       1794.8899       1.0004683      0.99527973       0.0000000
       1794.9107      0.99799067      0.99209428       0.0000000
       1794.9316       1.0012876      0.99496043       0.0000000
       1794.9524   6.9456625e-15      0.87788785       128.00000
       1794.9732      0.99824083      0.99423862       0.0000000
       1794.9941      0.99989915      0.99452424       0.0000000
       1795.0149      0.99932611      0.99583673       0.0000000
       1795.0357      0.99687499      0.99404377       0.0000000
       1795.0566      0.99709785      0.99498755       0.0000000
       1795.0774      0.99826157      0.99433064       0.0000000
       1795.0982      0.99862695      0.99466419       0.0000000
       1795.1191      0.99615848      0.99375457       0.0000000
       1795.1399      0.99733990      0.99342376       0.0000000
       1795.1607      0.99885285      0.99575919       0.0000000
       1795.1816      0.99961746      0.99551928       0.0000000
       1795.2024      0.99780118      0.99319273       0.0000000
       1795.2232      0.99677920      0.99288100       0.0000000
       1795.2441      0.99922693      0.99445993       0.0000000
       1795.2649      0.99766290      0.99443662       0.0000000
       1795.2857       1.0007643      0.99555457       0.0000000
       1795.3066      0.99780083      0.99373639       0.0000000
       1795.3274      0.99868727      0.99526155       0.0000000
       1795.3482      0.99823791      0.99460053       0.0000000
       1795.3691      0.99678397      0.99297827       0.0000000
       1795.3899      0.99610329      0.99473268       0.0000000
       1795.4107      0.99782664      0.99494308       0.0000000
       1795.4316      0.99815136      0.99571323       0.0000000
       1795.4524      0.99814063      0.99489456       0.0000000
       1795.4732      0.99869919      0.99626440       0.0000000
       1795.4941      0.99786842      0.99531293       0.0000000
       1795.5149       1.0002352      0.99776191       0.0000000
       1795.5357      0.99710655      0.99559444       0.0000000
       1795.5566      0.99969882      0.99711740       0.0000000
       1795.5774       1.0013642      0.99785990       0.0000000
       1795.5982      0.99815071      0.99654454       0.0000000
       1795.6191       1.0007851      0.99811429       0.0000000
       1795.6399      0.99873322      0.99724424       0.0000000
       1795.6608       1.0025309      0.99969035       0.0000000
       1795.6816      0.99768442      0.99713373       0.0000000
       1795.7024      0.99766439      0.99569970       0.0000000
       1795.7233       1.0012205      0.99824458       0.0000000
       1795.7441      0.99853086      0.99661475       0.0000000
       1795.7649      0.99680489      0.99611437       0.0000000
       1795.7858      0.99949294      0.99967837       0.0000000
       1795.8066      0.99774224      0.99629474       0.0000000
       1795.8274      0.99859136      0.99734104       0.0000000
       1795.8483      0.99879384      0.99848783       0.0000000
       1795.8691      0.99833864      0.99753541       0.0000000
       1795.8899      0.99797106      0.99717623       0.0000000
       1795.9108      0.99721694      0.99742246       0.0000000
       1795.9316      0.99817455      0.99726033       0.0000000
       1795.9524      0.99573982      0.99525213       0.0000000
       1795.9733      0.99806696      0.99761230       0.0000000
       1795.9941       1.0002943      0.99767953       0.0000000
       1796.0149      0.99737716      0.99782807       0.0000000
       1796.0358      0.99784780      0.99785137       0.0000000
       1796.0566       1.0000991      0.99921167       0.0000000
       1796.0774      0.99951380      0.99993074       0.0000000
       1796.0983      0.99868613      0.99915087       0.0000000
       1796.1191       1.0025368       1.0003388       0.0000000
       1796.1399      0.99903381      0.99944502       0.0000000
       1796.1608       1.0006278      0.99977559       0.0000000
       1796.1816       1.0019857       1.0011444       0.0000000
       1796.2024       1.0000317       1.0001091       0.0000000
       1796.2233       1.0002586      0.99927306       0.0000000
       1796.2441       1.0013595       1.0019896       0.0000000
       1796.2649       1.0014964       1.0014135       0.0000000
       1796.2858      0.99973577       1.0002941       0.0000000
       1796.3066      0.99995673       1.0008310       0.0000000
       1796.3274       1.0014693       1.0023053       0.0000000
       1796.3483      0.99967992       1.0004112       0.0000000
       1796.3691       1.0023254       1.0018864       0.0000000
       1796.3899       1.0049555       1.0054543       0.0000000
       1796.4108       1.0037525       1.0039347       0.0000000
       1796.4316       1.0069848       1.0065427       0.0000000
       1796.4524       1.0040920       1.0041003       0.0000000
       1796.4733       1.0060806       1.0072134       0.0000000
       1796.4941       1.0051025       1.0053092       0.0000000
       1796.5149       1.0054346       1.0077201       0.0000000
       1796.5358       1.0063630       1.0066396       0.0000000
       1796.5566       1.0084660       1.0089815       0.0000000
       1796.5774       1.0090884       1.0094461       0.0000000
       1796.5983       1.0066887       1.0076329       0.0000000
       1796.6191       1.0051348       1.0061692       0.0000000
       1796.6399       1.0048124       1.0056212       0.0000000
       1796.6608       1.0052505       1.0068690       0.0000000
       1796.6816       1.0055301       1.0054255       0.0000000
       1796.7024       1.0028640       1.0045298       0.0000000
       1796.7233       1.0016267       1.0022619       0.0000000
       1796.7441       1.0027266       1.0035958       0.0000000
       1796.7649       1.0033159       1.0046195       0.0000000
       1796.7858      0.99974579       1.0007579       0.0000000
       1796.8066      0.99858755      0.99976432       0.0000000
       1796.8274      0.99958038       1.0004915       0.0000000
       1796.8483      0.99835736      0.99974424       0.0000000
       1796.8691       1.0007482       1.0010285       0.0000000
       1796.8899      0.99826968      0.99991727       0.0000000
       1796.9108      0.99889952       1.0001383       0.0000000
       1796.9316      0.99933332       1.0000000       0.0000000
       1796.9524      0.99804813      0.99914539       0.0000000
       1796.9733      0.99748594       1.0000948       0.0000000
       1796.9941      0.99720579      0.99842256       0.0000000
       1797.0149      0.99815428       1.0008084       0.0000000
       1797.0358      0.99907541       1.0001286       0.0000000
       1797.0566      0.99893004      0.99906850       0.0000000
       1797.0774      0.99850214      0.99986088       0.0000000
       1797.0983      0.99820286      0.99998653       0.0000000
       1797.1191      0.99644154      0.99855363       0.0000000
       1797.1399      0.99650002      0.99740696       0.0000000
       1797.1608      0.99624008      0.99914938       0.0000000
       1797.1816      0.99673259      0.99780345       128.00000
       1797.2024      0.99688888      0.99896169       0.0000000
       1797.2233      0.99542648      0.99719095       0.0000000
       1797.2441      0.99692482      0.99916285       0.0000000
       1797.2649      0.99677527      0.99913311       0.0000000
       1797.2858      0.99787790       1.0006278       0.0000000
       1797.3066      0.99917716       1.0009413       0.0000000
       1797.3274      0.99823093      0.99972874       0.0000000
       1797.3483      0.99891865       1.0014480       0.0000000
       1797.3691      0.99944973       1.0009625       0.0000000
       1797.3899      0.99971324       1.0018439       0.0000000
       1797.4108      0.99940068       1.0010030       0.0000000
       1797.4316       1.0012521       1.0038683       0.0000000
       1797.4524      0.99849582       1.0000582       0.0000000
       1797.4733       1.0008204       1.0029504       0.0000000
       1797.4941      0.99912906       1.0018984       0.0000000
       1797.5149       1.0001690       1.0022509       0.0000000
       1797.5358      0.99911886       1.0015099       0.0000000
       1797.5566       1.0005025       1.0014025       0.0000000
       1797.5774      0.99925637       1.0026559       0.0000000
       1797.5983       1.0008343       1.0017678       0.0000000
       1797.6191       1.0007961       1.0038919       0.0000000
       1797.6399      0.99838120       1.0007962       0.0000000
       1797.6608      0.99923605       1.0016197       0.0000000
       1797.6816      0.99943393       1.0015553       0.0000000
       1797.7025      0.99944139       1.0012878       0.0000000
       1797.7233       1.0013732       1.0018239       0.0000000
       1797.7441       1.0015355       1.0034493       0.0000000
       1797.7650       1.0003408       1.0012054       0.0000000
       1797.7858      0.99991721       1.0015471       0.0000000
       1797.8066       1.0002811       1.0028853       0.0000000
       1797.8275      0.99954885       1.0014737       0.0000000
       1797.8483       1.0001612       1.0022985       0.0000000
       1797.8691       1.0012095       1.0026667       0.0000000
       1797.8900       1.0051825       1.0057676       0.0000000
       1797.9108       1.0004287       1.0025396       0.0000000
       1797.9316       1.0024391       1.0041322       0.0000000
       1797.9525      0.99968094       1.0025111       0.0000000
       1797.9733       1.0006614       1.0024697       0.0000000
       1797.9941       1.0022799       1.0040220       0.0000000
       1798.0150      0.99998838       1.0023422       0.0000000
       1798.0358       1.0023481       1.0046817       0.0000000
       1798.0566      0.99838018       1.0006446       0.0000000
       1798.0775       1.0020872       1.0031900       128.00000
       1798.0983      0.99980485       1.0014700       0.0000000
       1798.1191      0.99985361       1.0040743       0.0000000
       1798.1400       1.0010116       1.0019685       0.0000000
       1798.1608       1.0007364       1.0038838       0.0000000
       1798.1816       1.0002259       1.0023730       0.0000000
       1798.2025       1.0008773       1.0022113       0.0000000
       1798.2233      0.99975258       1.0021781       0.0000000
       1798.2441      0.99942887       1.0018886       0.0000000
       1798.2650      0.99958265       1.0027157       0.0000000
       1798.2858      0.99959767       1.0026793       0.0000000
       1798.3066       1.0015318       1.0050688       0.0000000
       1798.3275      0.99925750       1.0018281       0.0000000
       1798.3483      0.99912149       1.0018610       0.0000000
       1798.3691      0.99753863       1.0007284       0.0000000
       1798.3900      0.99693763      0.99949133       0.0000000
       1798.4108      0.99915022       1.0018446       0.0000000
       1798.4316      0.99710202       1.0003831       0.0000000
       1798.4525      0.99986875       1.0027035       0.0000000
       1798.4733      0.99933499       1.0019672       0.0000000
       1798.4941      0.99997914       1.0030228       0.0000000
       1798.5150      0.99705935      0.99998266       0.0000000
       1798.5358      0.99975461       1.0032126       0.0000000
       1798.5566      0.99942774       1.0020000       0.0000000
       1798.5775      0.99991626       1.0019400       0.0000000
       1798.5983      0.99848914       1.0006666       0.0000000
       1798.6191      0.99807292       1.0007795       0.0000000
       1798.6400      0.99906367       1.0008507       0.0000000
       1798.6608      0.99824488      0.99986166       0.0000000
       1798.6816      0.99925613       1.0008578       0.0000000
       1798.7025      0.99708897      0.99836624       0.0000000
       1798.7233      0.99875575       1.0011981       0.0000000
       1798.7441      0.99971843       1.0020565       0.0000000
       1798.7650      0.99896455       1.0015335       0.0000000
       1798.7858      0.99880296       1.0011358       0.0000000
       1798.8066      0.99783748       1.0004901       0.0000000
       1798.8275      0.99885827       1.0018586       0.0000000
       1798.8483       1.0003371       1.0009930       128.00000
       1798.8691      0.99925041       1.0015279       0.0000000
       1798.8900      0.99841863       1.0008929       0.0000000
       1798.9108      0.99890029       1.0002395       0.0000000
       1798.9316      0.99771631       1.0003622       0.0000000
       1798.9525      0.99903136       1.0003930       0.0000000
       1798.9733      0.99861604       1.0002338       0.0000000
       1798.9941      0.99966872       1.0006907       0.0000000
       1799.0150      0.99835461       1.0002205       0.0000000
       1799.0358      0.99931866      0.99975157       0.0000000
       1799.0566      0.99966604       1.0010089       0.0000000
       1799.0775      0.99926388       1.0017793       0.0000000
       1799.0983      0.99957353       1.0010675       0.0000000
       1799.1191       1.0003463       1.0003892       0.0000000
       1799.1400       1.0009369       1.0008805       0.0000000
       1799.1608       1.0022879       1.0026071       0.0000000
       1799.1816       1.0010778       1.0015141       0.0000000
       1799.2025   6.7510436e-15      0.85328835       128.00000
       1799.2233      0.99762934       1.0031145       0.0000000
       1799.2441      0.99886483       1.0034851       0.0000000
       1799.2650       1.0011138       1.0061035       0.0000000
       1799.2858      0.99628955       1.0018280       0.0000000
       1799.3066      0.99692899       1.0020311       0.0000000
       1799.3275      0.99712390       1.0019681       0.0000000
       1799.3483      0.99884331       1.0032388       0.0000000
       1799.3691       1.0004972       1.0062484       0.0000000
       1799.3900      0.99850732       1.0032347       0.0000000
       1799.4108      0.99741018       1.0035151       0.0000000
       1799.4316      0.99813956       1.0031887       0.0000000
       1799.4525      0.99894750       1.0047655       0.0000000
       1799.4733      0.99771315       1.0037655       0.0000000
       1799.4941      0.99802887       1.0028275       0.0000000
       1799.5150      0.99940228       1.0053816       0.0000000
       1799.5358      0.99982142       1.0049216       0.0000000
       1799.5566      0.99908608       1.0043973       0.0000000
       1799.5775      0.99990815       1.0055982       0.0000000
       1799.5983       1.0000336       1.0060698       0.0000000
       1799.6191      0.99927640       1.0044391       0.0000000
       1799.6400      0.99822283       1.0017458       0.0000000
       1799.6608      0.99661833       1.0032775       0.0000000
       1799.6816      0.99657428       1.0025141       0.0000000
       1799.7025      0.99571037       1.0018598       0.0000000
       1799.7233      0.99649912       1.0033010       0.0000000
       1799.7441      0.99630880       1.0025132       0.0000000
       1799.7650      0.99712706       1.0043795       0.0000000
       1799.7858      0.99760634       1.0038172       0.0000000
       1799.8066      0.99718767       1.0039642       0.0000000
       1799.8275      0.99822348       1.0049734       0.0000000
       1799.8483       1.0004107       1.0069216       0.0000000
       1799.8691      0.99825209       1.0044700       0.0000000
       1799.8900      0.99793559       1.0042814       0.0000000
       1799.9108      0.99713349       1.0042266       0.0000000
       1799.9316      0.99776453       1.0041420       0.0000000
       1799.9525      0.99675119       1.0038054       0.0000000
       1799.9733      0.99780333       1.0044723       0.0000000
       1799.9941      0.99754846       1.0045503       0.0000000
       1800.0150      0.99609190       1.0028189       0.0000000
       1800.0358      0.99970579       1.0054077       0.0000000
       1800.0566      0.99907911       1.0064723       0.0000000
       1800.0775      0.99934751       1.0048810       0.0000000
       1800.0983       1.0003493       1.0079908       0.0000000
       1800.1191      0.99859482       1.0061016       0.0000000
       1800.1400       1.0015421       1.0093199       0.0000000
       1800.1608       1.0014046       1.0105585       128.00000
       1800.1816       1.0044550       1.0121108       0.0000000
       1800.2025       1.0020790       1.0097100       0.0000000
       1800.2233       1.0007659       1.0081587       0.0000000
       1800.2442       1.0021844       1.0098736       0.0000000
       1800.2650       1.0019457       1.0081643       0.0000000
       1800.2858       1.0011296       1.0093466       0.0000000
       1800.3067       1.0000588       1.0073823       0.0000000
       1800.3275       1.0025933       1.0103362       0.0000000
       1800.3483       1.0078406       1.0166365       0.0000000
       1800.3692       1.0164113       1.0238166       0.0000000
       1800.3900       1.0147098       1.0240607       128.00000
       1800.4108       1.0142127       1.0208635       128.00000
       1800.4317       1.0131594       1.0215839       128.00000
       1800.4525       1.0137758       1.0219399       128.00000
       1800.4733       1.0116014       1.0197793       128.00000
       1800.4942       1.0133198       1.0215783       128.00000
       1800.5150       1.0130607       1.0218562       128.00000
       1800.5358       1.0135933       1.0231361       128.00000
       1800.5567       1.0129870       1.0216390       128.00000
       1800.5775       1.0146426       1.0232475       128.00000
       1800.5983       1.0128837       1.0217588       128.00000
       1800.6192       1.0130339       1.0220695       128.00000
       1800.6400       1.0128322       1.0226299       128.00000
       1800.6608       1.0162746       1.0244853       128.00000
       1800.6817       1.0162573       1.0261126       128.00000
       1800.7025       1.0176950       1.0272710       128.00000
       1800.7233       1.0207396       1.0306547       128.00000
       1800.7442       1.0238888       1.0341324       128.00000
       1800.7650       1.0252595       1.0351831       128.00000
       1800.7858       1.0250357       1.0359129       128.00000
       1800.8067       1.0270998       1.0375885       128.00000
       1800.8275       1.0262728       1.0371337       128.00000
       1800.8483       1.0271877       1.0387764       128.00000
       1800.8692       1.0302311       1.0414040       128.00000
       1800.8900       1.0290539       1.0405089       128.00000
       1800.9108       1.0281031       1.0382818       128.00000
       1800.9317       1.0272297       1.0399108       128.00000
       1800.9525       1.0279154       1.0384232       128.00000
       1800.9733       1.0280603       1.0394423       128.00000
       1800.9942       1.0271384       1.0392429       128.00000
       1801.0150       1.0260125       1.0378181       128.00000
       1801.0358       1.0210238       1.0341547       128.00000
       1801.0567       1.0196357       1.0340831       128.00000
       1801.0775       1.0172622       1.0317191       128.00000
       1801.0983       1.0136172       1.0301889       128.00000
       1801.1192       1.0156268       1.0322541       128.00000
       1801.1400       1.0159169       1.0316932       128.00000
       1801.1608       1.0125529       1.0295703       128.00000
       1801.1817       1.0166101       1.0339928       128.00000
       1801.2025       1.0143874       1.0325042       128.00000
       1801.2233       1.0125865       1.0301197       128.00000
       1801.2442       1.0147561       1.0324675       128.00000
       1801.2650       1.0144888       1.0320219       128.00000
       1801.2858       1.0109180       1.0290848       128.00000
       1801.3067       1.0100154       1.0283574       128.00000
       1801.3275       1.0117568       1.0299356       128.00000
       1801.3483       1.0156327       1.0338820       128.00000
       1801.3692       1.0179987       1.0374657       128.00000
       1801.3900       1.0213108       1.0404974       128.00000
       1801.4108       1.0221823       1.0415539       128.00000
       1801.4317       1.0295595       1.0492178       128.00000
       1801.4525       1.0331585       1.0527626       128.00000
       1801.4733       1.0398473       1.0596050       128.00000
       1801.4942       1.0550084       1.0757376       128.00000
       1801.5150       1.0588378       1.0834725       128.00000
       1801.5358       1.0772613       1.0980606       128.00000
       1801.5567       1.1000421       1.1197100       128.00000
       1801.5775       1.1120230       1.1345311       128.00000
       1801.5983       1.1216642       1.1440781       128.00000
       1801.6192       1.1383592       1.1601205       128.00000
       1801.6400       1.1583571       1.1788522       128.00000
       1801.6608       1.1713886       1.1942388       128.00000
       1801.6817       1.1976256       1.2212964       128.00000
       1801.7025       1.2322696       1.2571008       128.00000
       1801.7233       1.2697148       1.2957828       128.00000
       1801.7442       1.3252796       1.3525310       128.00000
       1801.7650       1.3892522       1.4180393       128.00000
       1801.7858       1.4565669       1.4870299       128.00000
       1801.8067       1.5032593       1.5347701       128.00000
       1801.8275       1.5670328       1.6097112       128.00000
       1801.8483       1.6662515       1.7007685       128.00000
       1801.8692       1.7419505       1.7767348       128.00000
       1801.8900       1.8104260       1.8454448       128.00000
       1801.9108       1.8764451       1.9147873       128.00000
       1801.9317       1.9580717       1.9981805       128.00000
       1801.9525       2.0332124       2.0740964       128.00000
       1801.9733       2.0870445       2.1300285       128.00000
       1801.9942       2.1527164       2.1968951       128.00000
       1802.0150       2.1813817       2.2260594       128.00000
       1802.0358       2.2073271       2.2536728       128.00000
       1802.0567       2.2122364       2.2587507       128.00000
       1802.0775       2.2108467       2.2540541       128.00000
       1802.0983       2.1762214       2.2224488       128.00000
       1802.1192       2.1532195       2.1988065       128.00000
       1802.1400       2.1123254       2.1568305       128.00000
       1802.1608       2.0489852       2.0912700       128.00000
       1802.1817       1.9883394       2.0302649       128.00000
       1802.2025       1.8846878       1.9255130       128.00000
       1802.2233       1.7737569       1.8116537       128.00000
       1802.2442       1.6657240       1.7010885       128.00000
       1802.2650       1.5351063       1.5679045       128.00000
       1802.2858       1.3745228       1.4032837       128.00000
       1802.3067       1.2231165       1.2482268       128.00000
       1802.3275       1.0626023       1.0842220       128.00000
       1802.3483      0.94689918      0.96676952       128.00000
       1802.3692      0.91392016      0.93352407       128.00000
       1802.3900      0.91755015      0.93700004       128.00000
       1802.4108      0.91354364      0.93223453       128.00000
       1802.4317      0.92642772      0.94673270       128.00000
       1803.4733      0.98413390      0.99099779       0.0000000
       1803.4942      0.99313474       1.0002089       0.0000000
       1803.5150      0.99613130       1.0032557       0.0000000
       1803.5358      0.99876976       1.0049745       0.0000000
       1803.5567       1.0019479       1.0084443       0.0000000
       1803.5775      0.99958563       1.0055693       0.0000000
       1803.5983      0.99786991       1.0026821       0.0000000
       1803.6192      0.99807018       1.0038147       0.0000000
       1803.6400      0.99799305       1.0039809       0.0000000
       1803.6608      0.99677294       1.0010260       0.0000000
       1803.6817       1.0008234       1.0058262       0.0000000
       1803.7025       1.0001707       1.0036538       0.0000000
       1803.7234      0.99941123       1.0040627       0.0000000
       1803.7442      0.99966627       1.0049250       0.0000000
       1803.7650      0.99886155       1.0037681       0.0000000
       1803.7859      0.99957085       1.0041009       0.0000000
       1803.8067       1.0014391       1.0066381       0.0000000
       1803.8275       1.0003790       1.0044614       0.0000000
       1803.8484       1.0001366       1.0037699       0.0000000
       1803.8692       1.0026469       1.0069429       0.0000000
       1803.8900       1.0005233       1.0042633       0.0000000
       1803.9109      0.99942362       1.0031776       0.0000000
       1803.9317       1.0038775       1.0083246       0.0000000
       1803.9525       1.0007151       1.0044171       0.0000000
       1803.9734       1.0032500       1.0072079       0.0000000
       1803.9942       1.0032659       1.0066900       0.0000000
       1804.0150       1.0032058       1.0068089       0.0000000
       1804.0359       1.0046085       1.0076275       0.0000000
       1804.0567       1.0038526       1.0072036       0.0000000
       1804.0775       1.0052128       1.0086203       0.0000000
       1804.0984       1.0062594       1.0103548       0.0000000
       1804.1192       1.0053704       1.0086210       0.0000000
       1804.1400       1.0052348       1.0087333       0.0000000
       1804.1609       1.0054548       1.0085771       0.0000000
       1804.1817       1.0046183       1.0082316       0.0000000
       1804.2025       1.0039554       1.0071199       0.0000000
       1804.2234       1.0053866       1.0089302       0.0000000
       1804.2442       1.0054090       1.0087419       0.0000000
       1804.2650       1.0044281       1.0079579       0.0000000
       1804.2859       1.0050372       1.0079195       0.0000000
       1804.3067       1.0017948       1.0050678       0.0000000
       1804.3275       1.0030742       1.0059308       0.0000000
       1804.3484       1.0004076       1.0036829       0.0000000
       1804.3692       1.0008862       1.0046376       0.0000000
       1804.3900       1.0009356       1.0038970       0.0000000
       1804.4109       1.0007985       1.0039384       0.0000000
       1804.4317       1.0010328       1.0039350       0.0000000
       1804.4525       1.0003384       1.0035057       0.0000000
       1804.4734      0.99965113       1.0017502       0.0000000
       1804.4942      0.99812901      0.99933928       0.0000000
       1804.5150      0.99883413       1.0010438       0.0000000
       1804.5359      0.99755859      0.99965447       0.0000000
       1804.5567       1.0004230       1.0016059       0.0000000
       1804.5775      0.99878615       1.0002962       0.0000000
       1804.5984      0.99953872       1.0023500       0.0000000
       1804.6192      0.99924016       1.0012546       0.0000000
       1804.6400       1.0007207       1.0025637       0.0000000
       1804.6609       1.0002396       1.0009946       0.0000000
       1804.6817       1.0009260       1.0025122       0.0000000
       1804.7025       1.0003449       1.0024971       0.0000000
       1804.7234       1.0007405       1.0020278       0.0000000
       1804.7442       1.0010917       1.0019041       0.0000000
       1804.7650       1.0005171       1.0024483       0.0000000
       1804.7859      0.99920738      0.99922717       0.0000000
       1804.8067      0.99975061       1.0009959       0.0000000
       1804.8275       1.0002285       1.0015858       0.0000000
       1804.8484       1.0000516       1.0020334       0.0000000
       1804.8692      0.99902415      0.99973035       0.0000000
       1804.8900      0.99834609       1.0009500       0.0000000
       1804.9109       1.0002664       1.0008973       0.0000000
       1804.9317       1.0006810       1.0015010       0.0000000
       1804.9525       1.0007498       1.0010196       0.0000000
       1804.9734      0.99969184       1.0003095       0.0000000
       1804.9942       1.0020508       1.0035028       0.0000000
       1805.0150       1.0002315       1.0007154       0.0000000
       1805.0359      0.99950212       1.0001202       0.0000000
       1805.0567       1.0008371       1.0029919       0.0000000
       1805.0775      0.99893135       1.0001566       0.0000000
       1805.0984       1.0008188       1.0010912       0.0000000
       1805.1192       1.0011754       1.0019819       0.0000000
       1805.1400       1.0019673       1.0020075       0.0000000
       1805.1609       1.0015364       1.0023106       0.0000000
       1805.1817       1.0016910       1.0021486       0.0000000
       1805.2025       1.0010582       1.0019090       0.0000000
       1805.2234       1.0005053       1.0014167       0.0000000
       1805.2442       1.0013422       1.0024214       0.0000000
       1805.2650       1.0018830       1.0026878       0.0000000
       1805.2859       1.0004632       1.0008113       0.0000000
       1805.3067      0.99969488       1.0010483       0.0000000
       1805.3275      0.99935967       1.0004213       0.0000000
       1805.3484      0.99949181       1.0004282       0.0000000
       1805.3692       1.0006888       1.0024295       0.0000000
       1805.3900       1.0010715       1.0020416       0.0000000
       1805.4109      0.99899065       1.0000322       0.0000000
       1805.4317      0.99913013      0.99937123       0.0000000
       1805.4525       1.0003232       1.0019721       0.0000000
       1805.4734       1.0005430       1.0015227       0.0000000
       1805.4942       1.0006857       1.0008781       0.0000000
       1805.5150      0.99839306      0.99928159       0.0000000
       1805.5359      0.99882513       1.0008665       0.0000000
       1805.5567      0.99911827       1.0003123       0.0000000
       1805.5775      0.99661130      0.99648857       0.0000000
       1805.5984      0.99912339       1.0010853       0.0000000
       1805.6192      0.99962050      0.99996996       0.0000000
       1805.6400      0.99949497       1.0006291       0.0000000
       1805.6609      0.99897611      0.99963129       0.0000000
       1805.6817      0.99766541      0.99814534       0.0000000
       1805.7025      0.99883527      0.99861151       0.0000000
       1805.7234      0.99811965      0.99880606       0.0000000
       1805.7442      0.99745250      0.99797893       0.0000000
       1805.7650      0.99899334      0.99879897       128.00000
       1805.7859      0.99671537      0.99801826       0.0000000
       1805.8067      0.99934393       1.0002677       0.0000000
       1805.8275      0.99795878      0.99905759       0.0000000
       1805.8484      0.99964595       1.0007244       0.0000000
       1805.8692      0.99692070      0.99816155       0.0000000
       1805.8900      0.99896652      0.99914736       0.0000000
       1805.9109       1.0002931       1.0022330       0.0000000
       1805.9317      0.99736512      0.99907607       0.0000000
       1805.9525      0.99781638      0.99770027       0.0000000
       1805.9734      0.99696714      0.99852043       0.0000000
       1805.9942      0.99770373      0.99955910       0.0000000
       1806.0150      0.99744564      0.99980772       0.0000000
       1806.0359      0.99646384      0.99749303       0.0000000
       1806.0567      0.99811053      0.99917734       0.0000000
       1806.0775      0.99827743       1.0001833       0.0000000
       1806.0984      0.99672461      0.99863231       0.0000000
       1806.1192      0.99879616       1.0004597       0.0000000
       1806.1400      0.99638873      0.99816108       0.0000000
       1806.1609      0.99681073      0.99833423       0.0000000
       1806.1817      0.99686193      0.99803287       0.0000000
       1806.2025      0.99797183       1.0002300       0.0000000
       1806.2234      0.99878454       1.0002663       0.0000000
       1806.2442      0.99899936       1.0008689       0.0000000
       1806.2650      0.99723560      0.99951041       0.0000000
       1806.2859      0.99738699      0.99957651       0.0000000
       1806.3067      0.99837899       1.0000286       0.0000000
       1806.3275      0.99824291       1.0001339       0.0000000
       1806.3484      0.99765402      0.99999470       0.0000000
       1806.3692      0.99864733      0.99956357       0.0000000
       1806.3900      0.99760586      0.99985552       0.0000000
       1806.4109      0.99731714      0.99926496       0.0000000
       1806.4317      0.99703908      0.99837160       0.0000000
       1806.4525      0.99951530       1.0001516       0.0000000
       1806.4734      0.99884814       1.0005993       0.0000000
       1806.4942      0.99776167      0.99864775       0.0000000
       1806.5150      0.99922764      0.99994713       0.0000000
       1806.5359      0.99927533       1.0007768       0.0000000
       1806.5567      0.99807876      0.99926966       0.0000000
       1806.5775      0.99811536      0.99914867       0.0000000
       1806.5984      0.99758637      0.99868315       0.0000000
       1806.6192      0.99855995       1.0002438       0.0000000
       1806.6400       1.0005486       1.0023513       0.0000000
       1806.6609      0.99896777      0.99940497       0.0000000
       1806.6817      0.99907881      0.99989611       0.0000000
       1806.7025      0.99761105      0.99986595       0.0000000
       1806.7234      0.99801177      0.99894923       0.0000000
       1806.7442      0.99892932       1.0001442       0.0000000
       1806.7650      0.99775106      0.99991047       0.0000000
       1806.7859       1.0003246       1.0009245       0.0000000
       1806.8067      0.99853468      0.99982280       0.0000000
       1806.8275      0.99929428      0.99963814       0.0000000
       1806.8484      0.99978566       1.0012449       0.0000000
       1806.8692      0.99786633      0.99909765       0.0000000
       1806.8900       1.0003628       1.0008121       0.0000000
       1806.9109       1.0001918       1.0025419       0.0000000
       1806.9317       1.0005763       1.0011375       0.0000000
       1806.9525      0.99878532      0.99990410       0.0000000
       1806.9734       1.0001427       1.0015645       0.0000000
       1806.9942      0.99875534       1.0005592       0.0000000
       1807.0150      0.99941450      0.99976748       0.0000000
       1807.0359       1.0006020       1.0007334       0.0000000
       1807.0567      0.99814200      0.99930680       0.0000000
       1807.0775      0.99848247       1.0004267       0.0000000
       1807.0984       1.0000000       1.0017582       0.0000000
       1807.1192      0.99940479       1.0006285       0.0000000
       1807.1400       1.0010207       1.0016775       0.0000000
       1807.1609       1.0002286       1.0015173       0.0000000
       1807.1817       1.0006531       1.0015087       0.0000000
       1807.2025       1.0009030       1.0010480       0.0000000
       1807.2234      0.99944502      0.99936163       0.0000000
       1807.2442       1.0002813       1.0012450       0.0000000
       1807.2650       1.0001779       1.0000000       0.0000000
       1807.2859       1.0006582       1.0004916       0.0000000
       1807.3067      0.99916917      0.99948615       0.0000000
       1807.3275      0.99893224      0.99985820       0.0000000
       1807.3484       1.0012143       1.0004823       0.0000000
       1807.3692       1.0006878       1.0015064       0.0000000
       1807.3900       1.0006162       1.0005898       0.0000000
       1807.4109       1.0007055       1.0009027       0.0000000
       1807.4317       1.0004776      0.99965996       0.0000000
       1807.4525       1.0002339       1.0001497       0.0000000
       1807.4734       1.0007429       1.0013009       0.0000000
       1807.4942       1.0011570       1.0007539       0.0000000
       1807.5150       1.0013105       1.0012938       0.0000000
       1807.5359      0.99929297      0.99963510       0.0000000
       1807.5567      0.99941576      0.99883944       0.0000000
       1807.5775       1.0017693       1.0006486       0.0000000
       1807.5984       1.0024079       1.0029244       0.0000000
       1807.6192       1.0029742       1.0036117       0.0000000
       1807.6400       1.0036944       1.0040659       0.0000000
       1807.6609       1.0016917       1.0021650       0.0000000
       1807.6817       1.0019232       1.0024757       0.0000000
       1807.7025       1.0028198       1.0041401       0.0000000
       1807.7234       1.0050961       1.0045329       0.0000000
       1807.7442       1.0051837       1.0042914       0.0000000
       1807.7650       1.0058018       1.0060475       0.0000000
       1807.7859       1.0059010       1.0064095       0.0000000
       1807.8067       1.0069848       1.0069833       0.0000000
       1807.8275       1.0076827       1.0077533       0.0000000
       1807.8484       1.0068890       1.0072650       0.0000000
       1807.8692       1.0072229       1.0080711       0.0000000
       1807.8900       1.0081956       1.0076554       0.0000000
       1807.9109       1.0076391       1.0080863       0.0000000
       1807.9317       1.0076927       1.0080891       0.0000000
       1807.9525       1.0082273       1.0075734       0.0000000
       1807.9734       1.0076017       1.0074606       0.0000000
       1807.9942  -2.7089140e-14      0.91341126       128.00000
       1808.0150       1.0052376       1.0056099       0.0000000
       1808.0359       1.0051734       1.0056026       0.0000000
       1808.0567       1.0058895       1.0064819       0.0000000
       1808.0775       1.0032228       1.0032048       0.0000000
       1808.0984       1.0047187       1.0047777       0.0000000
       1808.1192       1.0006058       1.0024091       0.0000000
       1808.1400       1.0027931       1.0035412       0.0000000
       1808.1609       1.0011938       1.0010056       0.0000000
       1808.1817       1.0021912       1.0027624       0.0000000
       1808.2025       1.0008562       1.0024818       0.0000000
       1808.2234       1.0024619       1.0019876       0.0000000
       1808.2442       1.0000426      0.99885023       0.0000000
       1808.2650      0.99989998       1.0008163       0.0000000
       1808.2859       1.0007252       1.0032316       0.0000000
       1808.3067      0.99861634      0.99890298       0.0000000
       1808.3275      0.99911118      0.99946654       0.0000000
       1808.3484      0.99792463      0.99882269       0.0000000
       1808.3692      0.99861938      0.99990439       0.0000000
       1808.3900      0.99996078       1.0015575       0.0000000
       1808.4109      0.99983841       1.0008684       0.0000000
       1808.4317      0.99971396       1.0017707       0.0000000
       1808.4525      0.99899125       1.0002488       0.0000000
       1808.4734       1.0005393       1.0011398       0.0000000
       1808.4942       1.0004778       1.0013269       0.0000000
       1808.5150       1.0016390       1.0035015       0.0000000
       1808.5359       1.0015050       1.0004691       0.0000000
       1808.5567       1.0010083       1.0013746       0.0000000
       1808.5775       1.0012767       1.0021044       0.0000000
       1808.5984       1.0013909       1.0022542       0.0000000
       1808.6192      0.99991286       1.0012122       0.0000000
       1808.6400       1.0014552       1.0023963       0.0000000
       1808.6609       1.0012800       1.0022776       0.0000000
       1808.6817       1.0023025       1.0039673       0.0000000
       1808.7025       1.0025165       1.0042025       0.0000000
       1808.7234       1.0006744       1.0010530       0.0000000
       1808.7442       1.0012623       1.0023258       0.0000000
       1808.7650       1.0035467       1.0039471       0.0000000
       1808.7859       1.0022184       1.0030917       0.0000000
       1808.8067       1.0018332       1.0029738       0.0000000
       1808.8275      0.99981296      0.99950176       0.0000000
       1808.8484       1.0012150       1.0026606       0.0000000
       1808.8692      0.99984485       1.0011139       0.0000000
       1808.8900       1.0012062       1.0019927       0.0000000
       1808.9109      0.99835658      0.99874669       0.0000000
       1808.9317      0.99938923      0.99998528       0.0000000
       1808.9525       1.0013822       1.0029063       0.0000000
       1808.9734      0.99989212       1.0011543       0.0000000
       1808.9942      0.99974227       1.0005925       0.0000000
       1809.0150      0.99994612       1.0007296       0.0000000
       1809.0359      0.99803162      0.99962747       0.0000000
       1809.0567      0.99754190      0.99737495       0.0000000
       1809.0775      0.99982107      0.99971437       0.0000000
       1809.0984       1.0004567       1.0004044       0.0000000
       1809.1192      0.99831921      0.99860817       0.0000000
       1809.1400       1.0000625      0.99867201       0.0000000
       1809.1609      0.99955440      0.99906480       0.0000000
       1809.1817      0.99717706      0.99817628       0.0000000
       1809.2025      0.99983394      0.99882507       0.0000000
       1809.2234      0.99900645      0.99850339       0.0000000
       1809.2442       1.0001259       1.0006049       0.0000000
       1809.2650       1.0003370       1.0012950       0.0000000
       1809.2859       1.0001488       1.0000414       0.0000000
       1809.3067      0.99937534       1.0005915       0.0000000
       1809.3275      0.99841124      0.99962592       0.0000000
       1809.3484       1.0000180      0.99928045       0.0000000
       1809.3692      0.99974555      0.99915653       0.0000000
       1809.3900       1.0015098       1.0017583       0.0000000
       1809.4109      0.99922901      0.99982572       0.0000000
       1809.4317       1.0002533       1.0006351       0.0000000
       1809.4525       1.0004884       1.0002226       0.0000000
       1809.4734      0.99854213      0.99828207       0.0000000
       1809.4942      0.99986178       1.0004575       0.0000000
       1809.5150      0.99883497      0.99922591       0.0000000
       1809.5359       1.0004275      0.99945194       0.0000000
       1809.5567      0.99908084      0.99899352       0.0000000
       1809.5775       1.0004766       1.0010719       0.0000000
       1809.5984       1.0019647       1.0014298       0.0000000
       1809.6192      0.99984044      0.99926955       0.0000000
       1809.6400       1.0007851       1.0003172       0.0000000
       1809.6609       1.0019518       1.0011915       0.0000000
       1809.6817      0.99966639      0.99971461       0.0000000
       1809.7025       1.0008792       1.0009446       0.0000000
       1809.7234       1.0018252       1.0028799       0.0000000
       1809.7442       1.0004758      0.99841613       0.0000000
       1809.7650       1.0026301       1.0017117       0.0000000
       1809.7859      0.99915767      0.99805593       0.0000000
       1809.8067       1.0003762      0.99923581       0.0000000
       1809.8275       1.0003718       1.0004408       0.0000000
       1809.8484      0.99900812      0.99921209       0.0000000
       1809.8692      0.99951553      0.99964863       0.0000000
       1809.8900      0.99915212      0.99862909       0.0000000
       1809.9109      0.99940503      0.99961936       0.0000000
       1809.9317       1.0002146      0.99962479       0.0000000
       1809.9525       1.0014142       1.0003109       0.0000000
       1809.9734       1.0008068       1.0001551       0.0000000
       1809.9942       1.0007924      0.99953336       0.0000000
       1810.0150       1.0009186      0.99994189       0.0000000
       1810.0359      0.99889302      0.99796104       0.0000000
       1810.0567       1.0009749      0.99917173       0.0000000
       1810.0775      0.99929148      0.99836135       0.0000000
       1810.0984       1.0002364      0.99897629       0.0000000
       1810.1192       1.0010643       1.0000973       0.0000000
       1810.1400      0.99911827      0.99872959       0.0000000
       1810.1609      0.99912810      0.99899507       0.0000000
       1810.1817      0.99913365      0.99868160       0.0000000
       1810.2025      0.99962431      0.99884677       0.0000000
       1810.2234      0.99934208      0.99840271       0.0000000
       1810.2442      0.99825674      0.99735206       0.0000000
       1810.2650      0.99787861      0.99740231       0.0000000
       1810.2859      0.99717492      0.99674278       0.0000000
       1810.3067      0.99768221      0.99856037       0.0000000
       1810.3275      0.99780744      0.99708903       0.0000000
       1810.3484      0.99801141      0.99721056       0.0000000
       1810.3692      0.99763787      0.99674338       0.0000000
       1810.3900      0.99762118      0.99671066       0.0000000
       1810.4109      0.99936241      0.99949342       0.0000000
       1810.4317      0.99879020      0.99937266       0.0000000
       1810.4525      0.99937266      0.99942821       0.0000000
       1810.4734      0.99820209      0.99787569       0.0000000
       1810.4942       1.0004903      0.99908537       0.0000000
       1810.5150       1.0010570       1.0002744       0.0000000
       1810.5359      0.99973911      0.99979705       0.0000000
       1810.5567      0.99839759      0.99916285       0.0000000
       1810.5775      0.99746650      0.99767005       0.0000000
       1810.5984      0.99696982      0.99737686       0.0000000
       1810.6192      0.99938810      0.99919784       0.0000000
       1810.6400      0.99892855      0.99928677       0.0000000
       1810.6609       1.0008459       1.0015894       0.0000000
       1810.6817      0.99958372      0.99964994       0.0000000
       1810.7025      0.99944109      0.99970281       0.0000000
       1810.7234      0.99908042      0.99789000       0.0000000
       1810.7442       1.0001595      0.99925315       0.0000000
       1810.7650      0.99949569      0.99885488       0.0000000
       1810.7859      0.99854732      0.99948627       0.0000000
       1810.8067      0.99685425      0.99747717       0.0000000
       1810.8275      0.99922937      0.99942183       0.0000000
       1810.8484       1.0004141       1.0007453       0.0000000
       1810.8692      0.99938977      0.99944949       0.0000000
       1810.8900      0.99993145      0.99948084       0.0000000
       1810.9109      0.99919587      0.99927509       0.0000000
       1810.9317      0.99965084      0.99880439       0.0000000
       1810.9525      0.99888504      0.99846077       0.0000000
       1810.9734       1.0001795       1.0008988       0.0000000
       1810.9942      0.99983245      0.99950510       0.0000000
       1811.0150      0.99902290      0.99861985       0.0000000
       1811.0359      0.99960923      0.99846905       0.0000000
       1811.0567      0.99989414      0.99953371       0.0000000
       1811.0775       1.0003157      0.99931711       0.0000000
       1811.0984       1.0015106       1.0005962       0.0000000
       1811.1192      0.99899966      0.99878675       0.0000000
       1811.1400       1.0009627      0.99955934       0.0000000
       1811.1609      0.99912763      0.99866587       0.0000000
       1811.1817      0.99853683      0.99790943       0.0000000
       1811.2025      0.99978203      0.99883091       0.0000000
       1811.2234       1.0007350      0.99964297       0.0000000
       1811.2442      0.99930251      0.99852979       0.0000000
       1811.2650       1.0010666      0.99991339       0.0000000
       1811.2859      0.99936467      0.99880672       0.0000000
       1811.3067      0.99996954      0.99941260       0.0000000
       1811.3275       1.0006366       1.0000732       0.0000000
       1811.3484       1.0021337       1.0013061       0.0000000
       1811.3692       1.0020201       1.0019436       0.0000000
       1811.3900       1.0018622       1.0009782       0.0000000
       1811.4109       1.0029938       1.0016022       0.0000000
       1811.4317       1.0031887       1.0022494       0.0000000
       1811.4525       1.0029185       1.0012677       0.0000000
       1811.4734       1.0030140       1.0026793       0.0000000
       1811.4942       1.0041029       1.0030192       0.0000000
       1811.5150       1.0045385       1.0035928       0.0000000
       1811.5359       1.0044303       1.0028614       0.0000000
       1811.5567       1.0058701       1.0051489       0.0000000
       1811.5775       1.0053177       1.0049396       0.0000000
       1811.5984       1.0059297       1.0058569       0.0000000
       1811.6192       1.0056047       1.0048571       0.0000000
       1811.6400       1.0071571       1.0062132       0.0000000
       1811.6609       1.0063524       1.0063010       0.0000000
       1811.6817       1.0071087       1.0067618       0.0000000
       1811.7025       1.0043207       1.0032359       0.0000000
       1811.7234       1.0038941       1.0027812       0.0000000
       1811.7442       1.0047649       1.0025030       0.0000000
       1811.7650       1.0037725       1.0024345       0.0000000
       1811.7859       1.0021794       1.0002664       0.0000000
       1811.8067       1.0038002       1.0019779       0.0000000
       1811.8275       1.0023048       1.0016016       0.0000000
       1811.8484       1.0038552       1.0027090       0.0000000
       1811.8692       1.0011234       1.0001341       0.0000000
       1811.8900       1.0023775       1.0009719       0.0000000
       1811.9109       1.0020250       1.0010378       0.0000000
       1811.9317       1.0013336       1.0008075       0.0000000
       1811.9525      0.99876314      0.99751955       0.0000000
       1811.9734      0.99862176      0.99776697       0.0000000
       1811.9942       1.0002851      0.99947208       0.0000000
       1812.0150       1.0012752       1.0007503       0.0000000
       1812.0359      0.99999100      0.99915135       0.0000000
       1812.0567       1.0001167      0.99951571       0.0000000
       1812.0775       1.0000436      0.99902040       0.0000000
       1812.0984      0.99983156      0.99933368       0.0000000
       1812.1192      0.99892390      0.99822503       0.0000000
       1812.1400      0.99839002      0.99791765       0.0000000
       1812.1609       1.0004475      0.99940091       0.0000000
       1812.1817      0.99987686      0.99896312       0.0000000
       1812.2025      0.99836713      0.99722427       0.0000000
       1812.2234      0.99910522      0.99896640       0.0000000
       1812.2442      0.99534082      0.99530733       0.0000000
       1812.2650      0.99581653      0.99453032       0.0000000
       1812.2859      0.99829197      0.99789220       0.0000000
       1812.3067      0.99668670      0.99588352       0.0000000
       1812.3275      0.99849600      0.99760973       0.0000000
       1812.3484      0.99655133      0.99645549       0.0000000
       1812.3692      0.99663836      0.99572515       0.0000000
       1812.3900      0.99889970      0.99779195       0.0000000
       1812.4109       1.0001683      0.99844491       0.0000000
       1812.4317      0.99948776      0.99906617       0.0000000
       1812.4525      0.99871778      0.99818808       0.0000000
       1812.4734      0.99948877      0.99852628       0.0000000
       1812.4942  -2.5695514e-14      0.86641973       128.00000
       1812.5150       1.0010529      0.99935055       0.0000000
       1812.5359      0.99985725      0.99832457       0.0000000
       1812.5567      0.99880677      0.99666703       0.0000000
       1812.5775       1.0005115      0.99760056       0.0000000
       1812.5984       1.0013543      0.99910045       0.0000000
       1812.6192       1.0001533      0.99763227       0.0000000
       1812.6400       1.0022610       1.0010619       0.0000000
       1812.6609       1.0014801       1.0000794       0.0000000
       1812.6817       1.0010833       1.0003271       0.0000000
       1812.7025       1.0021731       1.0013064       0.0000000
       1812.7234       1.0013762       1.0007831       0.0000000
       1812.7442       1.0021566       1.0016721       0.0000000
       1812.7650       1.0021894       1.0007219       0.0000000
       1812.7859       1.0004685      0.99962038       0.0000000
       1812.8067      0.99938732      0.99838752       0.0000000
       1812.8275      0.99940795      0.99818426       0.0000000
       1812.8484      0.99924332      0.99686176       0.0000000
       1812.8692      0.99665517      0.99426925       0.0000000
       1812.8900      0.99898684      0.99806696       0.0000000
       1812.9109      0.99837649      0.99722868       0.0000000
       1812.9317      0.99806666      0.99658608       0.0000000
       1812.9525       1.0006111      0.99838215       0.0000000
       1812.9734      0.99951112      0.99783081       0.0000000
       1812.9942       1.0005374      0.99916440       0.0000000
       1813.0150       1.0018671      0.99997288       0.0000000
       1813.0359       1.0008906      0.99941283       0.0000000
       1813.0567       1.0022674      0.99996626       0.0000000
       1813.0775       1.0028989       1.0010676       0.0000000
       1813.0984       1.0028664       1.0011367       0.0000000
       1813.1192      0.99974734      0.99766743       0.0000000
       1813.1400       1.0039243       1.0017655       0.0000000
       1813.1609       1.0016176      0.99971104       0.0000000
       1813.1817       1.0017229      0.99991006       0.0000000
       1813.2025       1.0020021       1.0011398       0.0000000
       1813.2234       1.0013909       1.0002859       0.0000000
       1813.2442      0.99957359      0.99785906       0.0000000
       1813.2650      0.99785799      0.99635130       0.0000000
       1813.2859      0.99930018      0.99811608       0.0000000
       1813.3067      0.99784285      0.99586493       0.0000000
       1813.3275      0.99963099      0.99659044       0.0000000
       1813.3484       1.0004933      0.99522167       128.00000
       1813.3692      0.99906576      0.99583584       0.0000000
       1813.3900      0.99953884      0.99548554       0.0000000
       1813.4109      0.99764431      0.99437493       0.0000000
       1813.4317      0.99823684      0.99433380       0.0000000
       1813.4525      0.99815363      0.99539417       0.0000000
       1813.4734      0.99728125      0.99431175       0.0000000
       1813.4942      0.99995863      0.99717796       0.0000000
       1813.5150      0.99871951      0.99444509       0.0000000
       1813.5359      0.99884880      0.99612135       0.0000000
       1813.5567      0.99862164      0.99462199       0.0000000
       1813.5775      0.99875796      0.99397296       0.0000000
       1813.5984      0.99808615      0.99332976       0.0000000
       1813.6192      0.99686182      0.99250406       0.0000000
       1813.6400      0.99766111      0.99356252       0.0000000
       1813.6609      0.99769372      0.99295872       0.0000000
       1813.6817      0.99886292      0.99479628       0.0000000
       1813.7025      0.99831790      0.99388987       0.0000000
       1813.7234      0.99677885      0.99278247       0.0000000
       1813.7442      0.99797827      0.99412608       0.0000000
       1813.7650      0.99921083      0.99473929       0.0000000
       1813.7859      0.99887925      0.99440384       0.0000000
       1813.8067       1.0001423      0.99608940       0.0000000
       1813.8275      0.99860120      0.99376863       0.0000000
       1813.8484       1.0021203      0.99709052       0.0000000
       1813.8692       1.0011190      0.99651599       0.0000000
       1813.8900       1.0021918      0.99662483       0.0000000
       1813.9109       1.0028206      0.99681151       0.0000000
       1813.9317       1.0013289      0.99642479       0.0000000
       1813.9525       1.0017964      0.99543202       0.0000000
       1813.9734       1.0052235      0.99973404       0.0000000
       1813.9942       1.0058516      0.99973565       0.0000000
       1814.0150       1.0049615       1.0001937       0.0000000
       1814.0359       1.0020452      0.99633801       0.0000000
       1814.0567       1.0028043      0.99583513       0.0000000
       1814.0775      0.99724609      0.98947966       0.0000000
       1814.0984      0.99636310      0.98818970       0.0000000
       1814.1192      0.99779361      0.98957366       0.0000000
       1814.1400      0.99728203      0.98798674       0.0000000
       1814.1609      0.99856895      0.98995775       0.0000000
       1814.1817       1.0022860      0.99464220       0.0000000
       1814.2025       1.0009696      0.99408811       0.0000000
       1814.2234       1.0013285      0.99448287       0.0000000
       1814.2442       1.0019116      0.99509311       0.0000000
       1814.2650       1.0033457      0.99653345       0.0000000
       1814.2859       1.0001403      0.99336082       0.0000000
       1814.3067      0.99832642      0.99154866       0.0000000
       1814.3275       1.0012766      0.99448651       0.0000000
       1814.3484      0.99767882      0.99086654       0.0000000
       1814.3692      0.99729300      0.99045783       0.0000000
       1814.3900      0.99712676      0.99026024       0.0000000
       1814.4109       1.0022956      0.99536490       0.0000000
       1814.4317       1.0048327      0.99792784       0.0000000
       1814.4525       1.0039500      0.99720246       0.0000000
       1814.4734       1.0046196      0.99754781       0.0000000
       1814.4942      0.99424726      0.98725373       0.0000000
       1814.5150      0.99751151      0.99031770       0.0000000
       1814.5359      0.99607277      0.98878253       0.0000000
       1814.5567      0.99805212      0.99061882       0.0000000
       1814.5775       1.0011129      0.99356252       0.0000000
       1814.5984       1.0078998       1.0000660       0.0000000
       1814.6192      0.99895573      0.99095798       0.0000000
       1814.6400      0.99279493      0.98448545       0.0000000
       1814.6609      0.98592168      0.97739273       0.0000000
       1814.6817      0.98249674      0.97343254       0.0000000
       1814.7025      0.99072540      0.98109782       0.0000000
       1814.7234       1.0060433      0.99576849       0.0000000
       1814.7442       1.0241693       1.0131990       0.0000000
       1814.7650       1.0208921       1.0092126       0.0000000
       1814.7859       1.0249121       1.0122137       0.0000000
       1814.8067      0.98916292      0.97572595       0.0000000
       1814.8275      0.94046658      0.92642140       0.0000000
       1814.8484      0.90187925      0.88742685       0.0000000
       1814.8692      0.91886252      0.90373462       0.0000000
       1814.8900       1.0004517      0.98459733       0.0000000
       1814.9109       1.1750413       1.1582836       0.0000000
       1814.9317       1.4495337       1.4287878       128.00000
       1814.9525       1.6864550       1.6712296       128.00000
       1814.9734       1.9333447       1.9207293       128.00000
       1814.9942       2.1662512       2.1577680       128.00000
       1815.0150       2.4001224       2.3972483       128.00000
