    1092
       1491.6610       1.1121640      0.99855268       0.0000000
       1491.6819       1.0974584      0.99769163       0.0000000
       1491.7027       1.0884084      0.99880773       0.0000000
       1491.7235       1.0757724      0.99817938       0.0000000
       1491.7444       1.0626850      0.99756598       0.0000000
       1491.7652       1.0532871      0.99825835       0.0000000
       1491.7860       1.0457767      0.99798453       0.0000000
       1491.8069       1.0377860      0.99856931       0.0000000
       1491.8277       1.0299416      0.99916250       0.0000000
       1491.8485       1.0223304      0.99900126       0.0000000
       1491.8694       1.0169348      0.99973077       0.0000000
       1491.8902       1.0121232      0.99881119       0.0000000
       1491.9110       1.0082457      0.99876922       0.0000000
       1491.9319       1.0054102      0.99916822       0.0000000
       1491.9527       1.0021681      0.99790025       0.0000000
       1491.9735       1.0010161      0.99894917       0.0000000
       1491.9944       1.0015868      0.99954247       0.0000000
       1492.0152       1.0012407      0.99965864       0.0000000
       1492.0360       1.0013915      0.99906451       0.0000000
       1492.0569       1.0008092      0.99995464       0.0000000
       1492.0777       1.0012779      0.99993223       0.0000000
       1492.0985       1.0003709      0.99924362       0.0000000
       1492.1194       1.0000273      0.99921554       0.0000000
       1492.1402      0.99999636      0.99822301       0.0000000
       1492.1610      0.99988914      0.99944139       0.0000000
       1492.1819       1.0010544      0.99957800       0.0000000
       1492.2027       1.0003773      0.99904549       0.0000000
       1492.2235      0.99981064      0.99921602       0.0000000
       1492.2444       1.0001900      0.99943084       0.0000000
       1492.2652      0.99980855      0.99916399       0.0000000
       1492.2860       1.0002434      0.99941009       0.0000000
       1492.3069      0.99985367      0.99906451       0.0000000
       1492.3277      0.99961311      0.99941939       0.0000000
       1492.3485      0.99895686      0.99858028       0.0000000
       1492.3694      0.99894595      0.99897426       0.0000000
       1492.3902      0.99939114      0.99821919       0.0000000
       1492.4110       1.0002890      0.99992639       0.0000000
       1492.4319       1.0001725       1.0000973       0.0000000
       1492.4527      0.99954379      0.99964005       0.0000000
       1492.4735      0.99971199      0.99991745       0.0000000
       1492.4944       1.0005101       1.0000368       0.0000000
       1492.5152      0.99923837      0.99828058       0.0000000
       1492.5360      0.99971414      0.99911934       0.0000000
       1492.5569      0.99985081      0.99980760       0.0000000
       1492.5777      0.99994230       1.0002418       0.0000000
       1492.5985      0.99998218       1.0003856       0.0000000
       1492.6194      0.99938083      0.99934393       0.0000000
       1492.6402      0.99948001      0.99929762       0.0000000
       1492.6610      0.99984050      0.99998260       0.0000000
       1492.6819       1.0002184       1.0002844       0.0000000
       1492.7027      0.99982947      0.99964041       0.0000000
       1492.7235       1.0006615       1.0007153       0.0000000
       1492.7444      0.99993658      0.99926054       0.0000000
       1492.7652      0.99999690       1.0000581       0.0000000
       1492.7860       1.0007457       1.0005583       0.0000000
       1492.8069       1.0013640       1.0015283       0.0000000
       1492.8277       1.0015558       1.0016712       0.0000000
       1492.8485       1.0024165       1.0017375       0.0000000
       1492.8694       1.0024492       1.0024045       0.0000000
       1492.8902       1.0027039       1.0026700       0.0000000
       1492.9110       1.0036945       1.0039485       0.0000000
       1492.9319       1.0042651       1.0039606       0.0000000
       1492.9527       1.0041567       1.0042715       0.0000000
       1492.9735       1.0043163       1.0045927       0.0000000
       1492.9944       1.0032315       1.0031617       0.0000000
       1493.0152       1.0041566       1.0042678       0.0000000
       1493.0360       1.0042222       1.0052118       0.0000000
       1493.0569       1.0043492       1.0045182       0.0000000
       1493.0777       1.0037140       1.0039066       0.0000000
       1493.0985       1.0040312       1.0043300       0.0000000
       1493.1194       1.0033841       1.0041177       0.0000000
       1493.1402       1.0025215       1.0023274       0.0000000
       1493.1610       1.0019194       1.0020579       0.0000000
       1493.1819       1.0014105       1.0022327       0.0000000
       1493.2027       1.0010743       1.0016638       0.0000000
       1493.2235       1.0006642       1.0013167       0.0000000
       1493.2444      0.99984229      0.99996608       0.0000000
       1493.2652      0.99955785       1.0003182       0.0000000
       1493.2860      0.99959821       1.0003012       0.0000000
       1493.3069      0.99736285      0.99748969       0.0000000
       1493.3277      0.98905790      0.98948395       0.0000000
       1493.3485      0.97899294      0.97982484       0.0000000
       1493.3694      0.97192568      0.97226179       0.0000000
       1493.3902      0.97152573      0.97209460       0.0000000
       1493.4111      0.97704864      0.97770482       0.0000000
       1493.4319      0.98701268      0.98731261       0.0000000
       1493.4527      0.99639302      0.99709517       0.0000000
       1493.4736      0.99920285      0.99981916       0.0000000
       1493.4944      0.99929821       1.0000182       0.0000000
       1493.5152      0.99905640      0.99937916       0.0000000
       1493.5361      0.99872261      0.99875998       0.0000000
       1493.5569      0.99994028       1.0003227       0.0000000
       1493.5777      0.99983901       1.0002227       0.0000000
       1493.5986      0.99974895      0.99968642       0.0000000
       1493.6194       1.0006166       1.0015694       0.0000000
       1493.6402       1.0001562       1.0003508       0.0000000
       1493.6611       1.0002000       1.0010619       0.0000000
       1493.6819       1.0009962       1.0017002       0.0000000
       1493.7027       1.0006553       1.0014311       0.0000000
       1493.7236       1.0008756       1.0018041       0.0000000
       1493.7444       1.0007881       1.0017966       0.0000000
       1493.7652       1.0009013       1.0010161       0.0000000
       1493.7861       1.0001695       1.0009563       0.0000000
       1493.8069       1.0010651       1.0017087       0.0000000
       1493.8277       1.0016217       1.0024518       0.0000000
       1493.8486       1.0008328       1.0018787       0.0000000
       1493.8694       1.0006050       1.0010053       0.0000000
       1493.8902       1.0000691       1.0002397       0.0000000
       1493.9111       1.0005251       1.0006087       0.0000000
       1493.9319       1.0004139       1.0010940       0.0000000
       1493.9527       1.0010287       1.0017966       0.0000000
       1493.9736      0.99980295       1.0002888       0.0000000
       1493.9944       1.0004296       1.0017396       0.0000000
       1494.0152      0.99966520       1.0002933       0.0000000
       1494.0361      0.99965936       1.0003058       0.0000000
       1494.0569      0.99946183       1.0004835       0.0000000
       1494.0777       1.0000634       1.0010024       0.0000000
       1494.0986      0.99901384      0.99961776       0.0000000
       1494.1194      0.99901432       1.0000169       0.0000000
       1494.1402       1.0000000       1.0008560       0.0000000
       1494.1611       1.0005341       1.0009788       0.0000000
       1494.1819      0.99969733      0.99989611       0.0000000
       1494.2027      0.99918866      0.99980122       0.0000000
       1494.2236       1.0000596       1.0008208       0.0000000
       1494.2444      0.99963188       1.0002928       0.0000000
       1494.2652      0.99996877       1.0002683       0.0000000
       1494.2861      0.99958289       1.0001574       0.0000000
       1494.3069       1.0001528       1.0010383       0.0000000
       1494.3277      0.99934274       1.0004811       0.0000000
       1494.3486      0.99962008       1.0007174       0.0000000
       1494.3694      0.99930722       1.0003771       0.0000000
       1494.3902      0.99976337       1.0008196       0.0000000
       1494.4111      0.99982196       1.0006857       0.0000000
       1494.4319      0.99979907       1.0011165       0.0000000
       1494.4527      0.99993616       1.0005898       0.0000000
       1494.4736      0.99988693       1.0006719       0.0000000
       1494.4944      0.99923402       1.0004091       0.0000000
       1494.5152      0.99882227      0.99964213       0.0000000
       1494.5361      0.99960726      0.99968058       0.0000000
       1494.5569      0.99904817      0.99976557       0.0000000
       1494.5777      0.99945807       1.0013127       0.0000000
       1494.5986       1.0002898       1.0014558       0.0000000
       1494.6194      0.99934042      0.99988973       0.0000000
       1494.6402      0.99956518       1.0001566       0.0000000
       1494.6611      0.99893880       1.0000000       0.0000000
       1494.6819      0.99938023       1.0002172       0.0000000
       1494.7027       1.0000108      0.99998319       0.0000000
       1494.7236      0.99960864      0.99984050       0.0000000
       1494.7444       1.0003942       1.0007739       0.0000000
       1494.7652       1.0000221       1.0006487       0.0000000
       1494.7861      0.99928367      0.99993587       0.0000000
       1494.8069      0.93376005      0.92137861       128.00000
       1494.8277      0.99957842       1.0008183       128.00000
       1494.8486      0.99861640      0.99977070       0.0000000
       1494.8694      0.99894440      0.99998325       0.0000000
       1494.8902      0.99962914      0.99982810       0.0000000
       1494.9111       1.0001931       1.0013497       0.0000000
       1494.9319      0.99918342       1.0000637       0.0000000
       1494.9527      0.99967754       1.0003508       0.0000000
       1494.9736      0.99881577      0.99875140       0.0000000
       1494.9944      0.99915403      0.99925995       0.0000000
       1495.0152      0.99915850      0.99923682       0.0000000
       1495.0361      0.99936700      0.99959642       0.0000000
       1495.0569      0.99888843      0.99952257       0.0000000
       1495.0777      0.99870396      0.99920076       0.0000000
       1495.0986      0.99918741      0.99978518       0.0000000
       1495.1194      0.99968815      0.99986649       0.0000000
       1495.1402      0.99926776      0.99959254       0.0000000
       1495.1611      0.99879366      0.99884874       0.0000000
       1495.1819      0.99916637       1.0005975       0.0000000
       1495.2027      0.99930906      0.99899483       0.0000000
       1495.2236      0.99856299      0.99834061       0.0000000
       1495.2444      0.99799848      0.99823064       0.0000000
       1495.2652      0.99925244      0.99954867       0.0000000
       1495.2861      0.99871016      0.99866307       0.0000000
       1495.3069      0.99819702      0.99808717       0.0000000
       1495.3277      0.99897575      0.99881035       0.0000000
       1495.3486      0.99902642      0.99888998       0.0000000
       1495.3694      0.99919325      0.99959368       0.0000000
       1495.3902      0.99890161      0.99941528       0.0000000
       1495.4111      0.99880213      0.99875689       0.0000000
       1495.4319      0.99903178      0.99886465       0.0000000
       1495.4527      0.99883419      0.99879593       0.0000000
       1495.4736      0.99883109      0.99901080       0.0000000
       1495.4944      0.99849904      0.99809027       0.0000000
       1495.5152      0.99897712      0.99919963       0.0000000
       1495.5361      0.99826097      0.99791861       0.0000000
       1495.5569      0.99808306      0.99827784       0.0000000
       1495.5777      0.99888623      0.99967098       0.0000000
       1495.5986      0.99900687      0.99876332       0.0000000
       1495.6194      0.99787879      0.99783099       0.0000000
       1495.6402      0.99850953      0.99880385       0.0000000
       1495.6611      0.99856412      0.99878103       0.0000000
       1495.6819      0.99861461      0.99884194       0.0000000
       1495.7027      0.99936777      0.99968392       0.0000000
       1495.7236      0.99885458      0.99907917       0.0000000
       1495.7444      0.99928278       1.0003427       0.0000000
       1495.7652      0.99868184      0.99896669       0.0000000
       1495.7861      0.99843836      0.99950743       0.0000000
       1495.8069      0.99843377      0.99880981       0.0000000
       1495.8277      0.99897105      0.99925596       0.0000000
       1495.8486      0.99897903      0.99960113       0.0000000
       1495.8694      0.99891943      0.99868840       0.0000000
       1495.8902      0.99901980      0.99899781       0.0000000
       1495.9111      0.99903262      0.99906468       0.0000000
       1495.9319      0.99932313      0.99956447       0.0000000
       1495.9527      0.99946159      0.99962515       0.0000000
       1495.9736      0.99904633       1.0003557       0.0000000
       1495.9944       1.0004369       1.0013679       0.0000000
       1496.0152       1.0004592       1.0005670       0.0000000
       1496.0361       1.0012378       1.0011656       0.0000000
       1496.0569       1.0018488       1.0023479       0.0000000
       1496.0777       1.0012311       1.0020697       0.0000000
       1496.0986       1.0013589       1.0025291       0.0000000
       1496.1194       1.0028839       1.0034889       0.0000000
       1496.1402       1.0016119       1.0031409       0.0000000
       1496.1611       1.0024130       1.0037493       0.0000000
       1496.1819       1.0035216       1.0043510       0.0000000
       1496.2027       1.0026388       1.0047106       0.0000000
       1496.2236       1.0029829       1.0045506       0.0000000
       1496.2444       1.0032544       1.0049895       0.0000000
       1496.2652       1.0045544       1.0047849       0.0000000
       1496.2861       1.0030268       1.0045748       0.0000000
       1496.3069       1.0027670       1.0046502       0.0000000
       1496.3277       1.0029346       1.0050478       0.0000000
       1496.3486       1.0023019       1.0040085       0.0000000
       1496.3694       1.0024450       1.0033681       0.0000000
       1496.3902       1.0015974       1.0034661       0.0000000
       1496.4111       1.0009953       1.0027041       0.0000000
       1496.4319      0.99995744       1.0009947       0.0000000
       1496.4527      0.99990779       1.0014493       0.0000000
       1496.4736      0.99895775      0.99972731       0.0000000
       1496.4944      0.99917459       1.0002190       0.0000000
       1496.5152      0.99829167      0.99878824       0.0000000
       1496.5361      0.99763280      0.99947810       0.0000000
       1496.5569      0.99254620      0.99307001       0.0000000
       1496.5777      0.98275095      0.98356265       0.0000000
       1496.5986      0.97347164      0.97401112       0.0000000
       1496.6194      0.97067219      0.97101033       0.0000000
       1496.6402      0.97314584      0.97451293       0.0000000
       1496.6611      0.98128712      0.98226160       0.0000000
       1496.6819      0.99152905      0.99248332       0.0000000
       1496.7027      0.99846810      0.99964899       0.0000000
       1496.7236      0.99886739       1.0007981       0.0000000
       1496.7444      0.99813032      0.99982744       0.0000000
       1496.7652      0.99925423       1.0000165       0.0000000
       1496.7861      0.99922001       1.0003538       0.0000000
       1496.8069       1.0003591       1.0009650       0.0000000
       1496.8277      0.99988937       1.0006238       0.0000000
       1496.8486      0.99953222       1.0010269       0.0000000
       1496.8694      0.99973267       1.0008309       128.00000
       1496.8902       1.0013503       1.0022191       0.0000000
       1496.9111      0.99987757       1.0008743       0.0000000
       1496.9319       1.0007783       1.0011499       0.0000000
       1496.9527       1.0007271       1.0012903       0.0000000
       1496.9736       1.0006733       1.0011996       0.0000000
       1496.9944       1.0009165       1.0018082       0.0000000
       1497.0152       1.0017629       1.0022403       0.0000000
       1497.0361       1.0008765       1.0016376       0.0000000
       1497.0569       1.0007805       1.0016032       0.0000000
       1497.0777       1.0023563       1.0029979       0.0000000
       1497.0986       1.0019897       1.0024517       0.0000000
       1497.1194       1.0006888       1.0009179       0.0000000
       1497.1402       1.0017426       1.0025165       0.0000000
       1497.1611       1.0009445       1.0010463       0.0000000
       1497.1819       1.0010886       1.0013683       0.0000000
       1497.2027       1.0010760       1.0014107       0.0000000
       1497.2236       1.0006127       1.0017272       0.0000000
       1497.2444       1.0004170       1.0005050       0.0000000
       1497.2652       1.0005744       1.0008086       0.0000000
       1497.2861       1.0006348       1.0005261       0.0000000
       1497.3069       1.0003703       1.0003098       0.0000000
       1497.3277      0.99989986       1.0001941       0.0000000
       1497.3486       1.0002306       1.0004296       0.0000000
       1497.3694       1.0004106       1.0001020       0.0000000
       1497.3902       1.0003614       1.0009550       0.0000000
       1497.4111       1.0003791       1.0003194       0.0000000
       1497.4319       1.0000837       1.0006846       0.0000000
       1497.4527       1.0007632       1.0002140       0.0000000
       1497.4736       1.0001355       1.0001234       0.0000000
       1497.4944      0.99999911       1.0003570       0.0000000
       1497.5152       1.0004932       1.0013076       0.0000000
       1497.5361       1.0003211       1.0004877       0.0000000
       1497.5569       1.0008390       1.0006504       0.0000000
       1497.5777      0.99924564      0.99939054       0.0000000
       1497.5986       1.0002180       1.0008625       0.0000000
       1497.6194      0.99983203      0.99969834       0.0000000
       1497.6402       1.0011191       1.0010636       0.0000000
       1497.6611       1.0001717      0.99998623       0.0000000
       1497.6819      0.99966961      0.99951488       0.0000000
       1497.7027       1.0009348       1.0010444       0.0000000
       1497.7236      0.99937797      0.99894249       0.0000000
       1497.7444      0.99991667      0.99994034       0.0000000
       1497.7652      0.99942064      0.99932396       0.0000000
       1497.7861      0.99944526      0.99968016       0.0000000
       1497.8069      0.99986613       1.0001225       0.0000000
       1497.8277      0.99961460      0.99931240       0.0000000
       1497.8486       1.0001214       1.0001241       0.0000000
       1497.8694       1.0000396      0.99960512       0.0000000
       1497.8902      0.99994349       1.0003467       0.0000000
       1497.9111       1.0006633       1.0001336       0.0000000
       1497.9319      0.91285980      0.89392871       128.00000
       1497.9527       1.0005050      0.99976146       0.0000000
       1497.9736      0.99979448      0.99965036       0.0000000
       1497.9944       1.0004799       1.0004747       0.0000000
       1498.0152       1.0006045       1.0001528       0.0000000
       1498.0361       1.0000255      0.99930209       0.0000000
       1498.0569      0.99907321      0.99824119       0.0000000
       1498.0777      0.99989092      0.99986225       0.0000000
       1498.0986       1.0004615      0.99956346       0.0000000
       1498.1194       1.0002474      0.99954510       0.0000000
       1498.1402       1.0001754      0.99946070       0.0000000
       1498.1611      0.99998671      0.99973994       0.0000000
       1498.1819      0.99942213       1.0000260       0.0000000
       1498.2027       1.0010492       1.0009160       0.0000000
       1498.2236       1.0010713       1.0002573       0.0000000
       1498.2444      0.99971235      0.99998432       0.0000000
       1498.2652      0.99961323      0.99945879       0.0000000
       1498.2861      0.99922407      0.99863344       0.0000000
       1498.3069      0.99947876      0.99826694       0.0000000
       1498.3277      0.99962568      0.99911374       0.0000000
       1498.3486      0.99899459      0.99843872       0.0000000
       1498.3694       1.0000632      0.99853057       0.0000000
       1498.3902      0.99954593      0.99873203       0.0000000
       1498.4111      0.99993420      0.99864799       0.0000000
       1498.4319       1.0004525      0.99921632       0.0000000
       1498.4527      0.99907553      0.99869597       0.0000000
       1498.4736      0.99904716      0.99869835       0.0000000
       1498.4944       1.0003500      0.99973136       0.0000000
       1498.5152      0.99960661      0.99942750       0.0000000
       1498.5361      0.99911451      0.99878389       0.0000000
       1498.5569      0.99988914      0.99841231       0.0000000
       1498.5777       1.0008495       1.0005071       0.0000000
       1498.5986      0.99935532      0.99880785       0.0000000
       1498.6194       1.0000905      0.99878162       0.0000000
       1498.6402       1.0000453      0.99883062       0.0000000
       1498.6611      0.99988109      0.99822176       0.0000000
       1498.6819      0.99921316      0.99817270       0.0000000
       1498.7027       1.0002241      0.99917626       0.0000000
       1498.7236      0.99976540      0.99963868       0.0000000
       1498.7444       1.0000714      0.99927175       0.0000000
       1498.7652       1.0000811      0.99960285       0.0000000
       1498.7861      0.99920094      0.99828160       0.0000000
       1498.8069      0.99975306      0.99916035       0.0000000
       1498.8277      0.99960774      0.99783158       0.0000000
       1498.8486      0.99997801      0.99939203       0.0000000
       1498.8694      0.99978203      0.99903929       0.0000000
       1498.8902      0.99974096      0.99904674       0.0000000
       1498.9111       1.0009574      0.99958074       0.0000000
       1498.9319      0.99963534      0.99899918       0.0000000
       1498.9527      0.99891782      0.99895823       0.0000000
       1498.9736      0.99984390      0.99842823       0.0000000
       1498.9944       1.0000812      0.99903572       0.0000000
       1499.0152       1.0003926      0.99914420       0.0000000
       1499.0361       1.0004683      0.99953926       0.0000000
       1499.0569      0.99854684       1.0001945       0.0000000
       1499.0777       1.0007915       1.0005484       0.0000000
       1499.0986       1.0020536       1.0006719       0.0000000
       1499.1194       1.0007924      0.99940324       0.0000000
       1499.1403       1.0009532      0.99988413       0.0000000
       1499.1611       1.0016700       1.0007722       0.0000000
       1499.1819       1.0014361       1.0014570       0.0000000
       1499.2028       1.0024829       1.0009371       128.00000
       1499.2236       1.0020796       1.0010196       0.0000000
       1499.2444       1.0027890       1.0016962       0.0000000
       1499.2653       1.0021324       1.0007445       0.0000000
       1499.2861       1.0029074       1.0013425       0.0000000
       1499.3069       1.0045483       1.0012468       128.00000
       1499.3278       1.0007122       1.0018742       0.0000000
       1499.3486       1.0041124       1.0028578       0.0000000
       1499.3694       1.0038798       1.0031133       0.0000000
       1499.3903       1.0018820       1.0027646       0.0000000
       1499.4111       1.0031673       1.0042107       0.0000000
       1499.4319       1.0030187       1.0032557       0.0000000
       1499.4528       1.0029660       1.0033873       0.0000000
       1499.4736       1.0026166       1.0036918       0.0000000
       1499.4944       1.0031990       1.0041773       0.0000000
       1499.5153       1.0032741       1.0044837       0.0000000
       1499.5361       1.0025537       1.0035300       0.0000000
       1499.5569       1.0033756       1.0039643       0.0000000
       1499.5778       1.0026413       1.0033284       0.0000000
       1499.5986       1.0019660       1.0032849       0.0000000
       1499.6194       1.0018003       1.0029030       0.0000000
       1499.6403       1.0012063       1.0016418       0.0000000
       1499.6611       1.0005376       1.0015913       0.0000000
       1499.6819       1.0001606       1.0010707       0.0000000
       1499.7028       1.0002453       1.0012641       0.0000000
       1499.7236      0.99877572      0.99968910       0.0000000
       1499.7444      0.99858838      0.99927759       0.0000000
       1499.7653      0.99823236      0.99900424       0.0000000
       1499.7861      0.99605876      0.99673390       0.0000000
       1499.8069      0.98827052      0.98956305       0.0000000
       1499.8278      0.97818732      0.97909796       0.0000000
       1499.8486      0.97147721      0.97256482       0.0000000
       1499.8694      0.97091597      0.97178447       0.0000000
       1499.8903      0.97713363      0.97791660       0.0000000
       1499.9111      0.98717093      0.98815113       0.0000000
       1499.9319      0.99564040      0.99681956       0.0000000
       1499.9528      0.99906647       1.0001750       0.0000000
       1499.9736      0.99859011      0.99941331       0.0000000
       1499.9944      0.99867707      0.99914181       0.0000000
       1500.0153      0.99906421      0.99948752       0.0000000
       1500.0361       1.0001966       1.0011226       0.0000000
       1500.0569       1.0004518       1.0014113       0.0000000
       1500.0778      0.99951082       1.0003741       0.0000000
       1500.0986      0.99987227       1.0012211       0.0000000
       1500.1194      0.99986315       1.0003107       0.0000000
       1500.1403      0.99996942       1.0004622       0.0000000
       1500.1611       1.0006113       1.0015616       0.0000000
       1500.1819       1.0005289       1.0012444       0.0000000
       1500.2028       1.0007349       1.0014976       0.0000000
       1500.2236      0.99989688       1.0004044       0.0000000
       1500.2444       1.0004988       1.0011153       0.0000000
       1500.2653       1.0020746       1.0015562       0.0000000
       1500.2861      0.99984539       1.0008956       0.0000000
       1500.3069       1.0002193       1.0010427       0.0000000
       1500.3278       1.0026138       1.0027027       0.0000000
       1500.3486       1.0004646       1.0011503       0.0000000
       1500.3694       1.0007859       1.0018491       0.0000000
       1500.3903       1.0004350       1.0013103       0.0000000
       1500.4111       1.0014149       1.0010287       0.0000000
       1500.4319       1.0002737       1.0014601       0.0000000
       1500.4528       1.0018060       1.0013163       0.0000000
       1500.4736       1.0000720       1.0006278       0.0000000
       1500.4944      0.99973106       1.0004921       0.0000000
       1500.5153       1.0012294       1.0006589       0.0000000
       1500.5361      0.99974835       1.0003148       0.0000000
       1500.5569       1.0009879       1.0001857       0.0000000
       1500.5778       1.0008796       1.0004257       0.0000000
       1500.5986      0.99974096       1.0006095       0.0000000
       1500.6194       1.0012041       1.0009334       0.0000000
       1500.6403       1.0008230      0.99981439       0.0000000
       1500.6611       1.0011735       1.0006051       0.0000000
       1500.6819       1.0004810      0.99993807       0.0000000
       1500.7028       1.0008525       1.0004237       0.0000000
       1500.7236       1.0005534      0.99977702       0.0000000
       1500.7444       1.0003364      0.99966252       0.0000000
       1500.7653       1.0008914       1.0006952       0.0000000
       1500.7861       1.0009115       1.0006634       0.0000000
       1500.8069       1.0005718       1.0001495       0.0000000
       1500.8278       1.0000647      0.99953002       0.0000000
       1500.8486      0.99901670       1.0000110       0.0000000
       1500.8694       1.0007732       1.0000181       0.0000000
       1500.8903       1.0006858      0.99993163       0.0000000
       1500.9111       1.0000329      0.99980819       0.0000000
       1500.9319       1.0001763      0.99969673       0.0000000
       1500.9528      0.99929386      0.99819356       0.0000000
       1500.9736       1.0005325       1.0006571       0.0000000
       1500.9944       1.0002558       1.0000674       0.0000000
       1501.0153       1.0001484      0.99997687       0.0000000
       1501.0361       1.0002269      0.99973983       0.0000000
       1501.0569      0.92254567      0.90704155       128.00000
       1501.0778      0.99958897      0.99878645       0.0000000
       1501.0986       1.0001181      0.99961478       0.0000000
       1501.1194       1.0003102      0.99951708       0.0000000
       1501.1403       1.0005590      0.99949706       0.0000000
       1501.1611       1.0006368       1.0000950       0.0000000
       1501.1819       1.0004133      0.99981517       0.0000000
       1501.2028       1.0006634       1.0001661       0.0000000
       1501.2236       1.0012966       1.0010458       0.0000000
       1501.2444       1.0008963       1.0000088       0.0000000
       1501.2653       1.0007011       1.0002891       0.0000000
       1501.2861       1.0005176      0.99998397       0.0000000
       1501.3069       1.0001390      0.99967396       0.0000000
       1501.3278       1.0005888      0.99992692       0.0000000
       1501.3486       1.0005145       1.0000238       0.0000000
       1501.3694       1.0004636      0.99992955       0.0000000
       1501.3903       1.0005370      0.99986178       0.0000000
       1501.4111       1.0007639       1.0003036       0.0000000
       1501.4319       1.0010912       1.0002650       0.0000000
       1501.4528       1.0008755       1.0004128       0.0000000
       1501.4736       1.0003923       1.0001564       0.0000000
       1501.4944      0.99980056      0.99876112       0.0000000
       1501.5153      0.99995905      0.99953038       0.0000000
       1501.5361       1.0000827      0.99965423       0.0000000
       1501.5569       1.0003326      0.99992222       0.0000000
       1501.5778       1.0003735      0.99997425       0.0000000
       1501.5986      0.99996829      0.99951774       0.0000000
       1501.6194       1.0003915      0.99995852       0.0000000
       1501.6403      0.99948680      0.99855155       0.0000000
       1501.6611      0.99896359      0.99786329       0.0000000
       1501.6819      0.99940932      0.99897033       0.0000000
       1501.7028      0.99895012      0.99903345       0.0000000
       1501.7236      0.99954569      0.99920994       0.0000000
       1501.7444       1.0000994      0.99959725       0.0000000
       1501.7653      0.99937487      0.99854535       0.0000000
       1501.7861      0.99929017      0.99874920       0.0000000
       1501.8069      0.99957716      0.99886054       0.0000000
       1501.8278      0.99964261      0.99881369       0.0000000
       1501.8486      0.99865621      0.99843705       0.0000000
       1501.8694      0.99830562      0.99805534       0.0000000
       1501.8903      0.99990571      0.99967062       0.0000000
       1501.9111      0.99956930      0.99918658       0.0000000
       1501.9319      0.99951094      0.99962825       0.0000000
       1501.9528      0.99972683      0.99905932       0.0000000
       1501.9736      0.99847668      0.99858934       0.0000000
       1501.9944      0.99893486      0.99797332       0.0000000
       1502.0153      0.99849683      0.99912143       0.0000000
       1502.0361      0.99913055      0.99857706       0.0000000
       1502.0569      0.99930096      0.99845606       0.0000000
       1502.0778      0.99867284      0.99915314       0.0000000
       1502.0986      0.99980491      0.99939418       0.0000000
       1502.1194      0.99967813      0.99840713       0.0000000
       1502.1403      0.99942833      0.99913615       0.0000000
       1502.1611      0.99912715      0.99896669       0.0000000
       1502.1819      0.99925756      0.99956274       0.0000000
       1502.2028      0.99919474       1.0005759       0.0000000
       1502.2236      0.99909586       1.0000199       0.0000000
       1502.2444      0.99840081      0.99899912       0.0000000
       1502.2653       1.0000666      0.99990588       0.0000000
       1502.2861      0.99922621      0.99937403       0.0000000
       1502.3069      0.99657875      0.99971932       0.0000000
       1502.3278      0.99957603      0.99982178       0.0000000
       1502.3486      0.99882627      0.99949288       0.0000000
       1502.3694      0.99995983       1.0005869       0.0000000
       1502.3902      0.99934441      0.99962687       0.0000000
       1502.4111      0.99786335       1.0010122       0.0000000
       1502.4319      0.99729908      0.99959069       0.0000000
       1502.4527      0.99720436      0.99992353       0.0000000
       1502.4736      0.99819094       1.0005050       0.0000000
       1502.4944      0.99928403       1.0019721       0.0000000
       1502.5152      0.99895138       1.0016260       0.0000000
       1502.5361       1.0002084       1.0029709       0.0000000
       1502.5569      0.99891454       1.0019112       0.0000000
       1502.5777      0.99974102       1.0019644       0.0000000
       1502.5986      0.99986440       1.0024817       0.0000000
       1502.6194       1.0007415       1.0037589       0.0000000
       1502.6402       1.0010364       1.0043983       0.0000000
       1502.6611       1.0015714       1.0040995       0.0000000
       1502.6819       1.0022641       1.0047495       0.0000000
       1502.7027       1.0018998       1.0045314       0.0000000
       1502.7236       1.0025275       1.0049037       0.0000000
       1502.7444       1.0024513       1.0048872       0.0000000
       1502.7652       1.0020485       1.0043653       0.0000000
       1502.7861       1.0028162       1.0050396       0.0000000
       1502.8069       1.0021938       1.0041867       0.0000000
       1502.8277       1.0019617       1.0043724       0.0000000
       1502.8486       1.0016330       1.0035651       0.0000000
       1502.8694       1.0007106       1.0024174       0.0000000
       1502.8902       1.0007517       1.0025645       0.0000000
       1502.9111       1.0006839       1.0027021       0.0000000
       1502.9319      0.99988991       1.0014287       0.0000000
       1502.9527      0.99929625       1.0008820       0.0000000
       1502.9736      0.99921852       1.0002335       0.0000000
       1502.9944      0.99877924       1.0001054       0.0000000
       1503.0152      0.99889851      0.99991262       0.0000000
       1504.7236       1.1668688      0.99501258       0.0000000
       1504.7444       1.1481549      0.99505228       0.0000000
       1504.7652       1.1340306      0.99450308       0.0000000
       1504.7861       1.1202371      0.99488056       0.0000000
       1504.8069       1.1106781      0.99571848       0.0000000
       1504.8277       1.0955071      0.99584216       0.0000000
       1504.8486       1.0791291      0.99511057       0.0000000
       1504.8694       1.0658540      0.99656743       0.0000000
       1504.8902       1.0536678      0.99657398       0.0000000
       1504.9111       1.0419018      0.99592525       0.0000000
       1504.9319       1.0335461      0.99693817       0.0000000
       1504.9527       1.0262820      0.99731505       0.0000000
       1504.9736       1.0198836      0.99691725       0.0000000
       1504.9944       1.0155594      0.99932086       0.0000000
       1505.0152       1.0108404      0.99886191       0.0000000
       1505.0361       1.0073789      0.99849415       0.0000000
       1505.0569       1.0057169      0.99900699       0.0000000
       1505.0777       1.0037569      0.99783403       0.0000000
       1505.0986       1.0029811      0.99811041       0.0000000
       1505.1194       1.0028199      0.99894184       0.0000000
       1505.1402       1.0028673      0.99882817       0.0000000
       1505.1611       1.0024005      0.99797106       0.0000000
       1505.1819       1.0027103      0.99913579       0.0000000
       1505.2027       1.0024618      0.99908847       0.0000000
       1505.2236       1.0020671      0.99845922       0.0000000
       1505.2444       1.0020832      0.99880761       0.0000000
       1505.2652       1.0007412      0.99739176       0.0000000
       1505.2861       1.0021161      0.99958539       0.0000000
       1505.3069       1.0005951      0.99807799       0.0000000
       1505.3277       1.0018240      0.99950355       0.0000000
       1505.3486       1.0001982      0.99759901       0.0000000
       1505.3694      0.99994504      0.99832112       0.0000000
       1505.3902       1.0010333      0.99917424       0.0000000
       1505.4111       1.0009211      0.99848032       0.0000000
       1505.4319      0.99967009      0.99791723       0.0000000
       1505.4527       1.0003392      0.99860436       0.0000000
       1505.4736       1.0009036      0.99982262       0.0000000
       1505.4944       1.0000982      0.99928176       0.0000000
       1505.5152       1.0000620      0.99930245       0.0000000
       1505.5361       1.0000362      0.99907500       0.0000000
       1505.5569      0.99943000      0.99848217       0.0000000
       1505.5777      0.99996966      0.99933171       0.0000000
       1505.5986      0.99996406      0.99970186       0.0000000
       1505.6194       1.0005674       1.0001078       0.0000000
       1505.6402      0.99957442      0.99951613       0.0000000
       1505.6611      0.99988914      0.99963170       0.0000000
       1505.6819      0.99961972      0.99902642       0.0000000
       1505.7027       1.0003773      0.99982452       0.0000000
       1505.7236       1.0013266       1.0009828       0.0000000
       1505.7444       1.0007927       1.0008326       0.0000000
       1505.7652       1.0011481       1.0007359       0.0000000
       1505.7861       1.0014300       1.0016596       0.0000000
       1505.8069       1.0025271       1.0025320       0.0000000
       1505.8277       1.0023839       1.0031177       0.0000000
       1505.8486       1.0026816       1.0029814       0.0000000
       1505.8694       1.0030133       1.0037203       0.0000000
       1505.8902       1.0032582       1.0033727       0.0000000
       1505.9111       1.0033678       1.0035390       0.0000000
       1505.9319       1.0029309       1.0029451       0.0000000
       1505.9527       1.0036618       1.0038284       0.0000000
       1505.9736       1.0037711       1.0046482       0.0000000
       1505.9944       1.0038829       1.0044810       0.0000000
       1506.0152       1.0031383       1.0038916       0.0000000
       1506.0361       1.0035235       1.0036860       0.0000000
       1506.0569       1.0033132       1.0039909       0.0000000
       1506.0777       1.0025997       1.0033346       0.0000000
       1506.0986       1.0021439       1.0028123       0.0000000
       1506.1194       1.0012624       1.0020390       0.0000000
       1506.1402       1.0013095       1.0015775       0.0000000
       1506.1611      0.99985135       1.0010126       0.0000000
       1506.1819       1.0000384       1.0007371       0.0000000
       1506.2027      0.99862313      0.99924785       0.0000000
       1506.2236      0.99875385      0.99936205       0.0000000
       1506.2444      0.99847966      0.99976659       0.0000000
       1506.2652      0.99692780      0.99782807       0.0000000
       1506.2861      0.98770124      0.98891717       0.0000000
       1506.3069      0.97728789      0.97795373       0.0000000
       1506.3277      0.97239876      0.97362202       0.0000000
       1506.3486      0.97158223      0.97182506       0.0000000
       1506.3694      0.97676176      0.97637349       0.0000000
       1506.3902      0.98736387      0.98853636       0.0000000
       1506.4111      0.99586827      0.99594682       0.0000000
       1506.4319      0.99889249      0.99942821       0.0000000
       1506.4527      0.99818140      0.99878168       0.0000000
       1506.4736      0.99878597      0.99990571       0.0000000
       1506.4944      0.99905032      0.99994022       0.0000000
       1506.5152      0.99890542      0.99921733       0.0000000
       1506.5361      0.99910629      0.99960721       0.0000000
       1506.5569      0.99930185      0.99987847       0.0000000
       1506.5777      0.99953794       1.0001391       0.0000000
       1506.5986       1.0000237       1.0009440       0.0000000
       1506.6194      0.99977058       1.0001971       0.0000000
       1506.6402       1.0001451       1.0008075       0.0000000
       1506.6611       1.0001100       1.0006613       0.0000000
       1506.6819      0.99896485      0.99964291       0.0000000
       1506.7027      0.99935549      0.99990624       0.0000000
       1506.7236      0.99985707       1.0006208       0.0000000
       1506.7444       1.0002083       1.0013959       0.0000000
       1506.7652      0.99976540       1.0007887       0.0000000
       1506.7861       1.0000000       1.0005773       0.0000000
       1506.8069       1.0001726       1.0007796       0.0000000
       1506.8277       1.0006038       1.0008395       0.0000000
       1506.8486       1.0006493       1.0013363       0.0000000
       1506.8694       1.0004855       1.0017450       0.0000000
       1506.8902       1.0000455       1.0006225       0.0000000
       1506.9111       1.0006332       1.0014840       0.0000000
       1506.9319      0.99958551      0.99960071       0.0000000
       1506.9527       1.0004534       1.0009247       0.0000000
       1506.9736       1.0003461       1.0012935       0.0000000
       1506.9944       1.0002586       1.0017157       0.0000000
       1507.0152      0.99948102       1.0002195       0.0000000
       1507.0361      0.99966931       1.0004176       0.0000000
       1507.0569       1.0005448       1.0015657       0.0000000
       1507.0777      0.99979222       1.0008018       0.0000000
       1507.0986      0.99897653      0.99930489       0.0000000
       1507.1194      0.99979115       1.0001580       0.0000000
       1507.1402      0.99937886      0.99967319       0.0000000
       1507.1611      0.99984002      0.99987561       0.0000000
       1507.1819      0.99963367      0.99926579       0.0000000
       1507.2027      0.99946654      0.99975914       0.0000000
       1507.2236      0.99920744      0.99912620       0.0000000
       1507.2444      0.99978763       1.0000621       0.0000000
       1507.2652       1.0000402       1.0002882       0.0000000
       1507.2861      0.99955428       1.0002419       0.0000000
       1507.3069       1.0001912       1.0002644       0.0000000
       1507.3277       1.0003489       1.0010252       0.0000000
       1507.3486      0.99929678      0.99902272       0.0000000
       1507.3694      0.99887317      0.99851602       0.0000000
       1507.3902       1.0000021       1.0000571       0.0000000
       1507.4111      0.99965155      0.99956411       0.0000000
       1507.4319      0.99919659      0.99847806       0.0000000
       1507.4527      0.99965829      0.99991608       0.0000000
       1507.4736      0.99924153      0.99850571       0.0000000
       1507.4944      0.99975407      0.99975538       0.0000000
       1507.5152      0.99948299      0.99844545       0.0000000
       1507.5361      0.99911952      0.99835050       0.0000000
       1507.5569      0.99945664      0.99817127       0.0000000
       1507.5777      0.99990767      0.99909419       0.0000000
       1507.5986      0.99939078      0.99893188       0.0000000
       1507.6194      0.99885029      0.99881643       0.0000000
       1507.6402      0.99977893      0.99919534       0.0000000
       1507.6611      0.99932563      0.99836022       0.0000000
       1507.6819      0.99927860      0.99884611       0.0000000
       1507.7027      0.99964660      0.99986511       0.0000000
       1507.7236      0.99935371      0.99878770       0.0000000
       1507.7444      0.99922001      0.99856222       0.0000000
       1507.7652      0.99878895      0.99775594       0.0000000
       1507.7861      0.99927199      0.99829072       0.0000000
       1507.8069      0.99954307      0.99861097       0.0000000
       1507.8277      0.99931407      0.99931103       0.0000000
       1507.8486      0.99929464      0.99879116       0.0000000
       1507.8694      0.92796016      0.89663273       128.00000
       1507.8902      0.99952340      0.99978256       0.0000000
       1507.9111      0.99921107      0.99954319       0.0000000
       1507.9319      0.99982297      0.99948627       0.0000000
       1507.9527      0.99904972      0.99940640       0.0000000
       1507.9735      0.99950230       1.0002879       0.0000000
       1507.9944      0.99926215      0.99950516       0.0000000
       1508.0152      0.99948698      0.99960208       0.0000000
       1508.0360      0.99969059       1.0003949       0.0000000
       1508.0569      0.99921131      0.99889243       0.0000000
       1508.0777      0.99928385      0.99929255       0.0000000
       1508.0985      0.99878323      0.99904513       0.0000000
       1508.1194      0.99883062      0.99955124       0.0000000
       1508.1402      0.99859476      0.99816942       0.0000000
       1508.1610      0.99901658      0.99931598       0.0000000
       1508.1819      0.99788594      0.99787229       0.0000000
       1508.2027      0.99874467      0.99944079       0.0000000
       1508.2235      0.99877614      0.99847370       0.0000000
       1508.2444      0.99856925      0.99887824       0.0000000
       1508.2652      0.99897939      0.99903864       0.0000000
       1508.2860      0.99814928      0.99826872       0.0000000
       1508.3069      0.99908167      0.99988365       0.0000000
       1508.3277      0.99939370       1.0000000       0.0000000
       1508.3485      0.99848294      0.99881256       0.0000000
       1508.3694      0.99857014      0.99874520       0.0000000
       1508.3902      0.99876505      0.99885553       0.0000000
       1508.4110      0.99820215      0.99778569       0.0000000
       1508.4319      0.99825716      0.99836856       0.0000000
       1508.4527      0.99847972      0.99876225       0.0000000
       1508.4735      0.99839807      0.99891186       0.0000000
       1508.4944      0.99764645      0.99744207       0.0000000
       1508.5152      0.99878311      0.99822384       0.0000000
       1508.5360      0.99820143      0.99753428       0.0000000
       1508.5569      0.99877053      0.99944055       0.0000000
       1508.5777      0.99871206      0.99842298       0.0000000
       1508.5985      0.99889654      0.99874461       0.0000000
       1508.6194      0.99898267      0.99965411       0.0000000
       1508.6402      0.99915385      0.99902940       0.0000000
       1508.6610      0.99932921      0.99950814       0.0000000
       1508.6819      0.99860680      0.99895048       0.0000000
       1508.7027      0.99791890      0.99768656       0.0000000
       1508.7235      0.99913913      0.99868357       0.0000000
       1508.7444      0.99906760      0.99893576       0.0000000
       1508.7652      0.99888450      0.99876165       0.0000000
       1508.7860      0.99924403      0.99961877       0.0000000
       1508.8069      0.99899697      0.99850857       0.0000000
       1508.8277      0.99913752      0.99917239       0.0000000
       1508.8485      0.99900615      0.99858469       0.0000000
       1508.8694      0.99999851       1.0001830       0.0000000
       1508.8902      0.99897045      0.99883091       0.0000000
       1508.9110       1.0003339      0.99994481       0.0000000
       1508.9319       1.0005296       1.0004468       0.0000000
       1508.9527       1.0005815       1.0001659       0.0000000
       1508.9735       1.0005685      0.99974567       0.0000000
       1508.9944       1.0018717       1.0018728       0.0000000
       1509.0152       1.0020430       1.0017418       0.0000000
       1509.0360       1.0025772       1.0022827       0.0000000
       1509.0569       1.0021921       1.0018399       0.0000000
       1509.0777       1.0035607       1.0027611       0.0000000
       1509.0985       1.0036089       1.0034353       0.0000000
       1509.1194       1.0044334       1.0040541       0.0000000
       1509.1402       1.0043665       1.0042727       0.0000000
       1509.1610       1.0045577       1.0044802       0.0000000
       1509.1819       1.0043684       1.0045624       0.0000000
       1509.2027       1.0046774       1.0042777       0.0000000
       1509.2235       1.0045725       1.0044107       0.0000000
       1509.2444       1.0048299       1.0049086       0.0000000
       1509.2652       1.0041584       1.0034550       0.0000000
       1509.2860       1.0042228       1.0033402       0.0000000
       1509.3069       1.0041071       1.0045910       0.0000000
       1509.3277       1.0037724       1.0038166       0.0000000
       1509.3485       1.0025363       1.0026773       0.0000000
       1509.3694       1.0024379       1.0024709       0.0000000
       1509.3902       1.0018336       1.0016559       0.0000000
       1509.4110       1.0010296       1.0010569       0.0000000
       1509.4319       1.0010847       1.0002794       0.0000000
       1509.4527       1.0001607      0.99928200       0.0000000
       1509.4735       1.0001205      0.99994272       0.0000000
       1509.4944      0.99928522      0.99911731       0.0000000
       1509.5152      0.99415040      0.99437505       0.0000000
       1509.5360      0.98341024      0.98392022       0.0000000
       1509.5569      0.97424752      0.97442573       0.0000000
       1509.5777      0.97123051      0.97091067       0.0000000
       1509.5985      0.97410607      0.97432333       0.0000000
       1509.6194      0.98362893      0.98360771       0.0000000
       1509.6402      0.99329090      0.99309099       0.0000000
       1509.6610      0.99945772       1.0004859       0.0000000
       1509.6819      0.99974459      0.99985540       0.0000000
       1509.7027       1.0001209       1.0000862       0.0000000
       1509.7235       1.0009352       1.0008464       0.0000000
       1509.7444       1.0006627       1.0012560       0.0000000
       1509.7652       1.0003698       1.0003405       0.0000000
       1509.7860       1.0011011       1.0009655       0.0000000
       1509.8069       1.0002313      0.99946558       0.0000000
       1509.8277       1.0007241       1.0001100       0.0000000
       1509.8485       1.0009226       1.0014304       0.0000000
       1509.8694       1.0011837       1.0009011       0.0000000
       1509.8902       1.0004480       1.0003190       0.0000000
       1509.9110       1.0017208       1.0020727       0.0000000
       1509.9319       1.0022463       1.0012057       0.0000000
       1509.9527       1.0012726       1.0013055       0.0000000
       1509.9735       1.0012583       1.0007787       0.0000000
       1509.9944       1.0011570       1.0012652       0.0000000
       1510.0152       1.0017648       1.0017682       0.0000000
       1510.0360       1.0010477       1.0009918       0.0000000
       1510.0569       1.0013428       1.0010196       0.0000000
       1510.0777       1.0020479       1.0018891       0.0000000
       1510.0985       1.0021204       1.0026802       0.0000000
       1510.1194       1.0014920       1.0015949       0.0000000
       1510.1402       1.0012480       1.0004605       0.0000000
       1510.1610       1.0015841       1.0018789       0.0000000
       1510.1819       1.0012751       1.0004470       0.0000000
       1510.2027       1.0010231       1.0008796       0.0000000
       1510.2235       1.0017416       1.0010899       0.0000000
       1510.2444       1.0010326       1.0009739       0.0000000
       1510.2652       1.0012600       1.0007713       0.0000000
       1510.2860       1.0013669       1.0000199       0.0000000
       1510.3069       1.0004585       1.0002145       0.0000000
       1510.3277       1.0008950      0.99981129       0.0000000
       1510.3485       1.0002416      0.99989688       0.0000000
       1510.3694       1.0003198       1.0000342       0.0000000
       1510.3902       1.0004598      0.99997211       0.0000000
       1510.4110       1.0002174      0.99971968       0.0000000
       1510.4319       1.0004481      0.99979150       0.0000000
       1510.4527       1.0002929       1.0003517       0.0000000
       1510.4735       1.0004294      0.99952435       0.0000000
       1510.4944       1.0012196       1.0005264       0.0000000
       1510.5152      0.99944383      0.99923843       0.0000000
       1510.5360      0.99981314      0.99933118       0.0000000
       1510.5569       1.0004371       1.0003479       0.0000000
       1510.5777       1.0001470       1.0000644       0.0000000
       1510.5985      0.99946821      0.99941266       0.0000000
       1510.6194      0.99969649      0.99919206       0.0000000
       1510.6402       1.0001135       1.0001365       0.0000000
       1510.6610       1.0002050      0.99900901       0.0000000
       1510.6819      0.99977946      0.99823332       0.0000000
       1510.7027       1.0009502       1.0002559       0.0000000
       1510.7235      0.99978095      0.99986547       0.0000000
       1510.7444       1.0005769       1.0003461       0.0000000
       1510.7652       1.0006769       1.0004480       0.0000000
       1510.7860      0.99956357      0.99928260       0.0000000
       1510.8069      0.99913567      0.99852240       0.0000000
       1510.8277      0.99953139      0.99898010       0.0000000
       1510.8485       1.0008101      0.99978107       0.0000000
       1510.8693       1.0009254      0.99964255       0.0000000
       1510.8902       1.0007546       1.0003815       0.0000000
       1510.9110       1.0013673       1.0007609       0.0000000
       1510.9318       1.0007210       1.0003009       0.0000000
       1510.9527       1.0010005      0.99997300       0.0000000
       1510.9735       1.0002158      0.99887550       0.0000000
       1510.9943      0.93724680      0.90582085       128.00000
       1511.0152       1.0010052       1.0001961       0.0000000
       1511.0360       1.0004327      0.99968493       0.0000000
       1511.0568       1.0000724      0.99908519       0.0000000
       1511.0777       1.0010232      0.99963719       0.0000000
       1511.0985       1.0005234       1.0004629       0.0000000
       1511.1193       1.0007871       1.0000809       0.0000000
       1511.1402       1.0011483       1.0006624       0.0000000
       1511.1610      0.99987847      0.99936807       0.0000000
       1511.1818       1.0010473       1.0001730       0.0000000
       1511.2027       1.0004956      0.99931014       0.0000000
       1511.2235       1.0006019      0.99960184       0.0000000
       1511.2443       1.0001196      0.99867195       0.0000000
       1511.2652       1.0003371       1.0001658       0.0000000
       1511.2860      0.99967271       1.0007607       0.0000000
       1511.3068       1.0011430       1.0005171       0.0000000
       1511.3277       1.0001312       1.0001204       0.0000000
       1511.3485      0.99894959      0.99952149       0.0000000
       1511.3693      0.99884939      0.99883091       0.0000000
       1511.3902      0.99927461      0.99864829       0.0000000
       1511.4110      0.99932623      0.99874008       0.0000000
       1511.4318      0.99899882      0.99833906       0.0000000
       1511.4527      0.99938655      0.99925596       0.0000000
       1511.4735      0.99883670      0.99970472       0.0000000
       1511.4943      0.99856454      0.99912965       0.0000000
       1511.5152       1.0009961       1.0004641       0.0000000
       1511.5360       1.0000224      0.99929982       0.0000000
       1511.5568       1.0003217      0.99937189       0.0000000
       1511.5777      0.99881113      0.99949163       0.0000000
       1511.5985      0.99863505      0.99998969       0.0000000
       1511.6193      0.99939317      0.99876350       0.0000000
       1511.6402      0.99774164      0.99898756       0.0000000
       1511.6610      0.99954408      0.99880135       0.0000000
       1511.6818      0.99794132      0.99866658       0.0000000
       1511.7027      0.99853557      0.99889266       0.0000000
       1511.7235      0.99850535      0.99974507       0.0000000
       1511.7443      0.99932414      0.99809110       0.0000000
       1511.7652      0.99856830      0.99932259       0.0000000
       1511.7860      0.99931353      0.99831206       0.0000000
       1511.8068      0.99928856      0.99938297       0.0000000
       1511.8277      0.99967927      0.99861777       0.0000000
       1511.8485      0.99816000      0.99887770       0.0000000
       1511.8693      0.99894184      0.99894798       0.0000000
       1511.8902      0.99877280      0.99964851       0.0000000
       1511.9110      0.99817926      0.99855292       0.0000000
       1511.9318      0.99889606      0.99863583       0.0000000
       1511.9527      0.99864703       1.0000173       0.0000000
       1511.9735      0.99834687      0.99885404       0.0000000
       1511.9943      0.99789464      0.99865043       0.0000000
       1512.0152      0.99834532      0.99956298       0.0000000
       1512.0360      0.99834806      0.99908531       0.0000000
       1512.0568      0.99847496      0.99929094       0.0000000
       1512.0777      0.99965078       1.0001445       0.0000000
       1512.0985      0.99929231      0.99990571       0.0000000
       1512.1193      0.99893039      0.99984628       0.0000000
       1512.1402      0.99984688       1.0007572       0.0000000
       1512.1610      0.99869394      0.99976426       0.0000000
       1512.1818       1.0001502       1.0008525       0.0000000
       1512.2027       1.0002586       1.0019206       0.0000000
       1512.2235       1.0017935       1.0031782       0.0000000
       1512.2443       1.0009354       1.0011204       0.0000000
       1512.2652       1.0015281       1.0029669       0.0000000
       1512.2860       1.0025761       1.0037400       0.0000000
       1512.3068       1.0019804       1.0035795       0.0000000
       1512.3277       1.0034056       1.0041161       0.0000000
       1512.3485       1.0032429       1.0043235       0.0000000
       1512.3693       1.0032494       1.0047671       0.0000000
       1512.3902       1.0038203       1.0049852       0.0000000
       1512.4110       1.0041564       1.0053054       0.0000000
       1512.4318       1.0037749       1.0052334       0.0000000
       1512.4527       1.0038024       1.0049461       0.0000000
       1512.4735       1.0035740       1.0041107       0.0000000
       1512.4943       1.0034381       1.0041325       0.0000000
       1512.5152       1.0031610       1.0043945       0.0000000
       1512.5360       1.0026200       1.0031489       0.0000000
       1512.5568       1.0025702       1.0032623       0.0000000
       1512.5777       1.0017399       1.0025533       0.0000000
       1512.5985       1.0019829       1.0026833       0.0000000
       1512.6193       1.0009522       1.0021013       0.0000000
       1512.6402      0.99994415       1.0009742       0.0000000
       1512.6610       1.0001855       1.0004803       0.0000000
       1512.6818      0.99911290      0.99933118       0.0000000
       1512.7027      0.99911636       1.0005311       0.0000000
       1512.7235      0.99863398      0.99958777       0.0000000
       1512.7443      0.99693686      0.99749142       0.0000000
       1512.7652      0.98839635      0.98925871       0.0000000
       1512.7860      0.97782624      0.97824776       0.0000000
       1512.8068      0.97176373      0.97225177       0.0000000
       1512.8277      0.97178823      0.97258604       0.0000000
       1512.8485      0.97792220      0.97832745       0.0000000
       1512.8693    -0.017554404      0.98761731       128.00000
       1512.8902      0.99653715      0.99687928       0.0000000
       1512.9110      0.99898624      0.99996877       0.0000000
       1512.9318      0.99905670      0.99967521       0.0000000
       1512.9527       1.0000070       1.0009565       0.0000000
       1512.9735      0.99967808       1.0005158       0.0000000
       1512.9943       1.0003363       1.0005802       0.0000000
       1513.0152      0.99953657       1.0001266       0.0000000
       1513.0360       1.0002990       1.0008339       0.0000000
       1513.0568       1.0010042       1.0015358       0.0000000
       1513.0777       1.0004860       1.0004764       0.0000000
       1513.0985       1.0008258       1.0019087       0.0000000
       1513.1193       1.0006315       1.0014193       0.0000000
       1513.1401       1.0015221       1.0022644       0.0000000
       1513.1610       1.0008619       1.0019034       0.0000000
       1513.1818       1.0011318       1.0024856       0.0000000
       1513.2026       1.0010928       1.0018059       0.0000000
       1513.2235       1.0002331       1.0001930       0.0000000
       1513.2443       1.0005308       1.0009139       0.0000000
       1513.2651       1.0011888       1.0021422       0.0000000
       1513.2860       1.0011238       1.0022532       0.0000000
       1513.3068       1.0006599       1.0017350       0.0000000
       1513.3276       1.0001785       1.0005752       0.0000000
       1513.3485       1.0004919       1.0011653       0.0000000
       1513.3693       1.0007746       1.0010681       0.0000000
       1513.3901       1.0017300       1.0021355       0.0000000
       1513.4110       1.0000283       1.0004429       0.0000000
       1513.4318      0.99916553      0.99923801       0.0000000
       1513.4526       1.0002240       1.0009092       0.0000000
       1513.4735      0.99988317      0.99982977       128.00000
       1513.4943      0.99982709       1.0008976       0.0000000
       1513.5151      0.99946868       1.0004344       0.0000000
       1513.5360       1.0013726       1.0011599       0.0000000
       1513.5568       1.0005722       1.0000334       0.0000000
       1513.5776       1.0001013       1.0003325       0.0000000
       1513.5985       1.0010327       1.0018454       0.0000000
       1513.6193       1.0013623       1.0004867       0.0000000
       1513.6401       1.0001539      0.99998856       0.0000000
       1513.6610       1.0001743       1.0005120       0.0000000
       1513.6818       1.0005746       1.0000559       0.0000000
       1513.7026       1.0010622       1.0003372       0.0000000
       1513.7235       1.0005418       1.0005648       0.0000000
       1513.7443      0.99976635       1.0007607       0.0000000
       1513.7651       1.0004492       1.0016644       0.0000000
       1513.7860      0.99989724       1.0003736       0.0000000
       1513.8068      0.99991715       1.0005431       0.0000000
       1513.8276       1.0001950       1.0012003       0.0000000
       1513.8485       1.0000197       1.0000830       0.0000000
       1513.8693      0.99966824       1.0002887       0.0000000
       1513.8901      0.99966860       1.0001668       0.0000000
       1513.9110      0.99841797      0.99861830       0.0000000
       1513.9318      0.99900490      0.99978775       0.0000000
       1513.9526      0.99964082       1.0005226       0.0000000
       1513.9735      0.99909657      0.99996877       0.0000000
       1513.9943       1.0000615       1.0003645       0.0000000
       1514.0151      0.99891609      0.99944687       0.0000000
       1514.0360      0.99943745      0.99984628       0.0000000
       1514.0568      0.99915457      0.99979687       0.0000000
       1514.0776      0.99953222       1.0000745       0.0000000
       1514.0985      0.99938035      0.99978352       0.0000000
       1514.1193      0.92833757      0.89729118       128.00000
       1514.1401       1.0004826       1.0010720       0.0000000
       1514.1610       1.0002004       1.0009518       0.0000000
       1514.1818      0.99933982       1.0006039       0.0000000
       1514.2026       1.0004997       1.0012977       0.0000000
       1514.2235      0.99933320      0.99958885       0.0000000
       1514.2443       1.0002991       1.0009022       0.0000000
       1514.2651      0.99981177       1.0001553       0.0000000
       1514.2860      0.99917412      0.99987310       0.0000000
       1514.3068      0.99969894      0.99997711       0.0000000
       1514.3276      0.99948746      0.99942523       0.0000000
       1514.3485       1.0001758       1.0001069       0.0000000
       1514.3693       1.0002629       1.0002499       0.0000000
       1514.3901       1.0003465       1.0003971       0.0000000
       1514.4110      0.99993360       1.0003856       0.0000000
       1514.4318       1.0003567       1.0008246       0.0000000
       1514.4526      0.99976540      0.99965465       0.0000000
       1514.4735       1.0000392       1.0000174       0.0000000
       1514.4943       1.0000162       1.0005151       0.0000000
       1514.5151      0.99952865      0.99964195       0.0000000
       1514.5360      0.99991542      0.99965864       0.0000000
       1514.5568      0.99956471      0.99957645       0.0000000
       1514.5776       1.0005192       1.0001838       0.0000000
       1514.5985       1.0004699       1.0001850       0.0000000
       1514.6193       1.0003670       1.0002016       0.0000000
       1514.6401      0.99956375      0.99882913       0.0000000
       1514.6610      0.99961621      0.99912781       0.0000000
       1514.6818      0.99944788      0.99900663       0.0000000
       1514.7026      0.99890852      0.99926519       0.0000000
       1514.7235      0.99971771      0.99953681       0.0000000
       1514.7443      0.99933070       1.0000156       0.0000000
       1514.7651       1.0001478       1.0005068       0.0000000
       1514.7860      0.99924290      0.99985743       0.0000000
       1514.8068       1.0003366       1.0016886       0.0000000
       1514.8276      0.99995881       1.0006806       0.0000000
       1514.8485      0.99856716      0.99897659       0.0000000
       1514.8693      0.99918246       1.0000424       0.0000000
       1514.8901      0.99940151       1.0002309       0.0000000
       1514.9110      0.99831301      0.99944144       0.0000000
       1514.9318      0.99923408       1.0004885       0.0000000
       1514.9526      0.99920261      0.99994606       0.0000000
       1514.9735      0.99944752       1.0004336       0.0000000
       1514.9943      0.99957901       1.0005245       0.0000000
       1515.0151      0.99827033      0.99949151       0.0000000
       1515.0359      0.99904835       1.0001274       0.0000000
       1515.0568      0.99873847      0.99963021       0.0000000
       1515.0776      0.99880540       1.0001198       0.0000000
       1515.0984      0.99947292       1.0006243       0.0000000
       1515.1193      0.99829847      0.99990010       0.0000000
       1515.1401      0.99908030      0.99983722       0.0000000
       1515.1609      0.99865335      0.99994224       0.0000000
       1515.1818      0.99850023      0.99980074       0.0000000
       1515.2026      0.99991232       1.0011338       0.0000000
       1515.2234      0.99917471       1.0007142       0.0000000
       1515.2443      0.99868357       1.0003704       0.0000000
       1515.2651      0.99900705       1.0000212       0.0000000
       1515.2859      0.99901712       1.0004660       0.0000000
       1515.3068      0.99907249       1.0012194       0.0000000
       1515.3276      0.99895978       1.0005428       0.0000000
       1515.3484      0.99915308       1.0007939       0.0000000
       1515.3693      0.99919140       1.0002038       0.0000000
       1515.3901      0.99944717       1.0009731       0.0000000
       1515.4109      0.99915111       1.0010335       0.0000000
       1515.4318       1.0003351       1.0020249       0.0000000
       1515.4526      0.99978626       1.0018435       0.0000000
       1515.4734       1.0007257       1.0024185       0.0000000
       1515.4943       1.0007995       1.0026288       0.0000000
       1515.5151       1.0011479       1.0022531       0.0000000
       1515.5359       1.0014319       1.0028478       0.0000000
       1515.5568       1.0017731       1.0034814       128.00000
       1515.5776       1.0038702       1.0063511       0.0000000
       1515.5984       1.0028869       1.0046757       0.0000000
       1515.6193       1.0027968       1.0047094       0.0000000
       1515.6401       1.0028956       1.0050256       0.0000000
       1515.6609       1.0029781       1.0049075       0.0000000
       1515.6818       1.0030754       1.0057056       0.0000000
       1515.7026       1.0032837       1.0064194       0.0000000
       1515.7234       1.0035397       1.0057381       0.0000000
       1515.7443       1.0024042       1.0045394       0.0000000
       1515.7651       1.0030639       1.0056595       0.0000000
       1515.7859       1.0021422       1.0047023       0.0000000
       1515.8068       1.0013708       1.0039543       0.0000000
       1515.8276       1.0008042       1.0039101       0.0000000
       1515.8484       1.0006956       1.0034258       0.0000000
       1515.8693      0.99950653       1.0020492       0.0000000
       1515.8901      0.99969858       1.0023282       0.0000000
       1515.9109      0.99883163       1.0015570       0.0000000
       1515.9318      0.99802476       1.0003177       0.0000000
       1515.9526      0.99809295       1.0014085       0.0000000
       1515.9734      0.99843752       1.0023220       0.0000000
       1515.9943      0.99189699      0.99520648       0.0000000
       1516.0151      0.98189604      0.98505306       0.0000000
       1516.0359      0.97180724      0.97534788       0.0000000
       1516.0568      0.96893990      0.97214568       0.0000000
       1516.0776      0.97258025      0.97616154       0.0000000
