431
0.004423	1.006434	0.000099
0.018110	1.007153	0.000205
0.032221	1.006600	0.000044
0.046103	1.005902	0.000064
0.059595	1.006944	0.000507
0.071535	1.005582	0.001056
0.085859	1.004876	0.000262
0.099790	1.005871	0.000254
0.113215	1.004959	0.000816
0.127353	1.004365	0.000627
0.139886	1.004288	0.000330
0.154119	1.004561	0.000668
0.169889	1.003545	0.000689
0.183039	1.003172	0.000222
0.195320	1.003086	0.000109
0.209929	1.003155	0.000166
0.223206	1.003366	0.000185
0.235703	1.002562	0.000751
0.249848	1.002452	0.000771
0.261831	1.002450	0.000543
0.274987	1.002470	0.001052
0.288468	0.997983	0.002612
0.299500	1.001624	0.000255
0.312956	1.001295	0.000681
0.324331	1.002269	0.000158
0.336973	1.001405	0.000272
0.349504	1.001536	0.000670
0.360703	1.000597	0.000038
0.374322	1.000385	0.000443
0.386741	1.000284	0.000985
0.399572	1.000637	0.000073
0.413468	1.000871	0.000128
0.424500	0.999165	0.001386
0.437956	0.999684	0.000084
0.449321	0.999916	0.000687
0.461973	0.999903	0.000703
0.474504	1.000426	0.000295
0.485703	0.999549	0.000976
0.499322	0.999521	0.000042
0.510341	0.999282	0.000005
0.523617	0.999480	0.000740
0.535595	0.999427	0.000310
0.546997	0.999258	0.000224
0.560957	0.999975	0.000638
0.572841	0.999361	0.000213
0.586117	0.998016	0.000227
0.598105	0.999078	0.000388
0.609497	0.998537	0.000509
0.623198	0.999787	0.000281
0.634025	0.999284	0.000157
0.647843	0.998609	0.000012
0.660605	0.998765	0.000550
0.672954	0.998349	0.000537
0.686997	0.999819	0.000729
0.699321	0.997502	0.000224
0.712413	0.995828	0.000642
0.725978	0.993205	0.000661
0.738141	0.991131	0.002085
0.752003	0.991009	0.000202
0.764765	0.990124	0.000206
0.777104	0.990182	0.000480
0.791167	0.990528	0.000833
0.803511	0.989883	0.000340
0.816573	0.990577	0.000150
0.830138	0.990531	0.000847
0.843265	0.989815	0.000291
0.857369	0.990831	0.000466
0.870364	0.990640	0.000542
0.882635	0.990865	0.000411
0.896542	0.990486	0.000555
0.909134	0.990740	0.000944
0.923026	0.989591	0.000331
0.938222	0.989876	0.000358
0.952275	0.992598	0.000206
0.964604	0.991038	0.000820
0.978667	0.990718	0.000306
0.993955	0.991137	0.000756
1.007129	0.992241	0.001487
1.021552	0.993976	0.001648
1.034631	0.996448	0.001182
1.049608	0.997935	0.001347
1.064493	1.000104	0.000596
1.078149	1.000238	0.001079
1.092190	1.001231	0.000852
1.106264	1.000376	0.001061
1.120529	1.001356	0.000344
1.133961	1.001965	0.002086
1.147833	1.000851	0.000022
1.160605	1.000186	0.001464
1.172954	0.999922	0.000487
1.186987	1.000363	0.000283
1.200720	1.001294	0.000224
1.214410	1.000520	0.001412
1.228667	1.001435	0.001752
1.241425	1.002339	0.000422
1.255039	1.000459	0.000807
1.270172	1.000421	0.000019
1.283031	0.955571	0.030883
1.295513	0.979704	0.004813
1.308784	0.980912	0.024223
1.321461	1.000885	0.000506
1.335333	1.000520	0.000202
1.348105	1.001344	0.000497
1.361234	1.000299	0.000022
1.376817	1.000971	0.000367
1.389775	1.000556	0.000515
1.403300	1.000636	0.000031
1.417392	1.000045	0.000482
1.431445	1.001934	0.000477
1.443774	1.001179	0.000539
1.457827	1.000581	0.000325
1.470934	1.000978	0.000427
1.484919	1.000716	0.000162
1.499487	1.000980	0.000113
1.511666	0.998504	0.002285
1.523698	0.999078	0.000054
1.534336	0.996835	0.000804
1.545403	0.999628	0.000924
1.556484	0.998981	0.000793
1.567014	0.999816	0.000242
1.579200	0.999588	0.000572
1.589779	1.000122	0.000146
1.601844	1.000208	0.000488
1.611761	1.000364	0.000138
1.623713	1.000477	0.000426
1.634576	1.000433	0.000942
1.646727	1.000192	0.000112
1.657331	0.999844	0.000309
1.671277	0.999851	0.000067
1.684998	1.000875	0.000168
1.696479	0.999107	0.000630
1.710258	0.999836	0.000263
1.722444	0.999385	0.000044
1.733979	1.000867	0.000266
1.746550	0.999233	0.000325
1.756439	0.999804	0.000003
1.768504	1.000628	0.000264
1.778917	1.000512	0.000432
1.791452	0.999649	0.000192
1.801690	1.000585	0.000061
1.814418	1.000391	0.000232
1.824681	1.000452	0.000201
1.836198	0.997070	0.003791
1.847444	0.999873	0.000052
1.858979	1.000861	0.000012
1.871550	0.999891	0.000399
1.882470	0.999882	0.000301
1.894563	0.999834	0.000210
1.904607	1.000595	0.000539
1.916452	0.999593	0.000296
1.926496	0.999791	0.000635
1.939418	0.999843	0.000150
1.953490	0.999394	0.000056
1.963738	1.000302	0.000283
1.976513	1.000615	0.000601
1.986761	1.000083	0.000355
1.998713	0.999476	0.000153
2.008767	1.000436	0.000584
2.020862	1.000254	0.000165
2.031806	0.999884	0.000270
2.043598	0.999709	0.000403
2.054881	1.000157	0.001004
2.066213	1.000648	0.000142
2.078012	1.000398	0.000078
2.089779	1.000128	0.000001
2.101844	1.000113	0.000721
2.111761	0.999830	0.000428
2.123713	1.000429	0.000362
2.134485	1.000388	0.000267
2.146727	1.000499	0.000108
2.157165	1.000014	0.000042
2.170337	0.999691	0.000611
2.182835	1.000752	0.000667
2.192908	1.000469	0.000693
2.204880	1.000770	0.000074
2.215394	0.999817	0.000194
2.228748	1.000584	0.000354
2.240826	1.000569	0.000083
2.252858	1.000728	0.000350
2.263910	1.000486	0.000302
2.275354	1.000475	0.000256
2.287520	1.000705	0.000307
2.299241	1.000506	0.000055
2.312272	1.000452	0.000122
2.322316	1.000704	0.000161
2.334227	1.000427	0.000091
2.344296	1.000442	0.000470
2.356098	1.000654	0.000034
2.369692	1.000458	0.000725
2.382773	1.000915	0.000176
2.396996	1.016669	0.013868
2.408390	1.000676	0.000191
2.420690	1.015429	0.002875
2.435017	1.001147	0.000392
2.446838	1.014280	0.018412
2.460527	1.009129	0.009411
2.472363	1.000316	0.000379
2.484617	1.010870	0.005329
2.498806	1.008933	0.011010
2.509679	1.000624	0.000238
2.523027	1.007178	0.003519
2.534863	1.000412	0.000422
2.546667	1.005958	0.003417
2.560017	1.000514	0.000061
2.571838	1.004811	0.005998
2.585527	1.003755	0.001643
2.597363	1.000490	0.000022
2.609167	1.003181	0.001973
2.622517	0.994561	0.003832
2.633364	1.002471	0.002697
2.647006	1.002223	0.001505
2.658390	0.999580	0.000449
2.670690	1.001788	0.000040
2.683637	1.000557	0.000062
2.694639	1.001012	0.001021
2.708401	1.001289	0.000236
2.719409	1.000132	0.000070
2.732416	1.001251	0.000042
2.746137	0.999941	0.000432
2.757139	1.000664	0.000016
2.770901	1.001384	0.000510
2.781909	1.000296	0.000425
2.794806	1.000625	0.000357
2.807182	1.000682	0.000463
2.818507	1.000305	0.000601
2.832176	0.998002	0.000786
2.843019	1.000408	0.000052
2.856367	1.000760	0.000247
2.868183	0.995710	0.007613
2.880427	1.000766	0.000080
2.894676	1.000697	0.000702
2.905529	0.999334	0.000190
2.918867	1.001071	0.000429
2.932182	1.000498	0.000068
2.943507	1.000778	0.000094
2.957176	1.000989	0.000414
2.969169	1.000616	0.000016
2.982416	0.996618	0.004546
2.996137	1.000350	0.000168
3.007948	1.000513	0.000211
3.022006	0.996075	0.001364
3.034789	1.000627	0.000105
3.047107	1.001236	0.000075
3.061316	0.998036	0.001052
3.073329	1.000666	0.000027
3.086586	1.001224	0.000112
3.100317	0.996396	0.004615
3.112128	1.001302	0.000167
3.126156	1.000535	0.000482
3.139049	1.000789	0.000197
3.152483	1.001616	0.000085
3.167237	1.001123	0.000002
3.180599	1.001077	0.000105
3.192937	1.001212	0.000104
3.207176	1.000745	0.000279
3.219169	1.000696	0.000413
3.232396	1.000844	0.000332
3.246147	1.000860	0.000271
3.257948	1.000945	0.000184
3.272097	1.001085	0.000090
3.286362	1.000699	0.000245
3.298303	1.001442	0.000085
3.312541	1.000980	0.000304
3.324885	1.001313	0.000196
3.337635	1.001196	0.000038
3.351707	1.000836	0.000484
3.363508	1.000968	0.000679
3.377187	1.000772	0.000345
3.392088	1.000873	0.000125
3.405188	1.001086	0.000245
3.418847	0.976620	0.020006
3.432368	1.001256	0.000459
3.446138	1.000856	0.000428
3.460537	1.000734	0.000172
3.473862	1.001281	0.000052
3.485803	1.001142	0.000257
3.500041	1.000853	0.000120
3.512385	1.000689	0.000432
3.525135	1.001089	0.000550
3.539207	1.001113	0.000047
3.551008	1.001099	0.000051
3.564687	1.000655	0.000331
3.578022	1.000569	0.000160
3.589983	1.001090	0.000209
3.604211	1.000553	0.000274
3.616545	1.000879	0.000021
3.629295	1.000898	0.000299
3.644511	1.001141	0.000124
3.656669	1.001287	0.000151
3.669896	1.000612	0.000003
3.683647	0.999221	0.001132
3.695448	1.001303	0.000108
3.709506	1.000831	0.000382
3.722289	1.000980	0.000246
3.734597	1.000634	0.000110
3.748816	1.000355	0.000175
3.760829	1.000758	0.000274
3.774445	1.001390	0.000011
3.790331	1.000496	0.000337
3.802489	1.001137	0.000014
3.815736	1.001132	0.000009
3.829487	1.001145	0.000136
3.841298	1.000697	0.000429
3.855933	1.000749	0.000084
3.869682	1.001040	0.000049
3.881633	1.000223	0.000025
3.895901	1.000696	0.000227
3.908215	1.000793	0.000183
3.920955	1.000208	0.000463
3.935027	1.000349	0.000204
3.946838	1.000165	0.000336
3.960537	1.000848	0.000211
3.974111	1.000471	0.000511
3.986253	0.996574	0.000366
3.998409	0.993741	0.005323
4.009338	1.000315	0.000135
4.023037	1.000109	0.000009
4.036629	1.000214	0.000193
4.052233	1.000035	0.000504
4.065736	0.999689	0.000076
4.079487	0.999556	0.000251
4.091288	1.000092	0.000160
4.105326	0.999711	0.000271
4.118099	0.999515	0.000200
4.130437	0.999217	0.000191
4.144676	0.999162	0.000158
4.156659	0.998819	0.000066
4.169896	0.999297	0.000314
4.183647	0.999371	0.000210
4.196498	0.998954	0.000172
4.210537	0.998723	0.000105
4.222903	0.998994	0.000364
4.233474	0.998601	0.000041
4.246236	0.998861	0.000222
4.255951	0.999097	0.000089
4.268210	0.998342	0.000318
4.277913	0.998471	0.000568
4.290079	0.999261	0.000245
4.299792	0.998136	0.000483
4.312025	0.998567	0.000509
4.321772	0.998462	0.000037
4.334431	0.998555	0.000145
4.345133	0.998607	0.000280
4.357146	0.998493	0.000153
4.368743	0.997897	0.000194
4.378944	0.997768	0.000123
4.390872	0.998061	0.000226
4.400761	0.998308	0.000530
4.412896	0.997519	0.000411
4.422621	0.997939	0.000280
4.434860	0.997668	0.000098
4.444573	0.997853	0.000049
4.456769	0.997215	0.000325
4.466452	0.997236	0.000276
4.479136	0.996975	0.000071
4.491194	0.996157	0.000093
4.503944	0.996825	0.000369
4.517076	0.994816	0.000954
4.526791	0.989217	0.002695
4.539020	0.978766	0.002253
4.548753	0.969171	0.004757
4.560909	0.957328	0.001277
4.570622	0.950173	0.004881
4.582875	0.948049	0.002717
4.592592	0.943486	0.001710
4.604725	0.946202	0.001889
4.614657	0.941961	0.002245
4.626505	0.946073	0.002354
4.636803	0.939440	0.000050
4.648826	0.942624	0.000629
4.660403	0.938658	0.000370
4.670604	0.944582	0.003160
4.682522	0.940433	0.001537
4.692421	0.943372	0.002693
4.704752	0.940707	0.002269
4.715413	0.941632	0.002755
4.727579	0.942869	0.002366
4.737292	0.943473	0.003354
4.749976	0.945275	0.002261
4.760487	0.945086	0.000618
4.772345	0.955976	0.004591
4.782633	0.960035	0.004511
4.794020	0.975176	0.002600
4.806067	0.983331	0.003345
4.816444	0.992170	0.000924
4.828362	0.994175	0.000314
4.838261	0.994524	0.000268
4.850396	0.994351	0.000042
4.860121	0.994244	0.000116
4.872360	0.994387	0.000116
4.882073	0.994619	0.000014
4.894259	0.994500	0.000060
4.903952	0.995059	0.000444
4.916205	0.995220	0.000051
4.925932	0.995343	0.000308
4.938065	0.995577	0.000183
4.947987	0.995047	0.000124
4.959845	0.996236	0.000823
4.970133	0.996114	0.000698
4.981530	0.997045	0.000302
4.992353	0.996696	0.000321
5.003079	0.997361	0.000248
5.014573	0.996637	0.000257
5.024794	0.998210	0.000516
5.036692	0.998329	0.000152
5.046581	0.998915	0.000627
5.058746	0.999023	0.000393
5.068451	0.998800	0.000349
5.080700	1.000463	0.000135
5.090413	1.000162	0.000519
5.102589	1.000834	0.000826
5.112282	1.001838	0.000571
5.124535	1.001478	0.000080
5.134272	1.002679	0.000593
5.146405	1.002179	0.000117
5.156317	1.003533	0.000201
5.168165	1.002980	0.000122
5.178453	1.004428	0.000437
5.189870	1.003779	0.000386
5.200683	1.005232	0.000332
5.213261	1.004909	0.000410
5.225406	1.005480	0.000706
5.235442	1.005439	0.000693
5.249359	1.005921	0.000697
5.261663	1.006353	0.000256
5.275134	1.006192	0.000439
5.289795	1.006589	0.000853
5.301778	1.007079	0.000424
5.315220	1.006359	0.000177
5.328701	1.007001	0.000546
5.340661	1.006951	0.001159
5.356870	1.006434	0.000099
5.370556	1.007153	0.000205
5.384668	1.006600	0.000044
5.398550	1.005902	0.000064
5.412041	1.006944	0.000507
5.423981	1.005582	0.001056
5.438305	1.004876	0.000262
5.452236	1.005871	0.000254
5.465661	1.004959	0.000816
5.479800	1.004365	0.000627
5.492333	1.004288	0.000330
5.506565	1.004561	0.000668
5.522335	1.003545	0.000689
5.535486	1.003172	0.000222
5.547767	1.003086	0.000109
5.562375	1.003155	0.000166
5.575653	1.003366	0.000185
5.588150	1.002562	0.000751
5.602295	1.002452	0.000771
5.614278	1.002450	0.000543
5.627433	1.002470	0.001052
5.640915	0.997983	0.002612
5.651947	1.001624	0.000255
5.665402	1.001295	0.000681
5.676778	1.002269	0.000158
5.689419	1.001405	0.000272
5.701950	1.001536	0.000670
5.713150	1.000597	0.000038
5.726768	1.000385	0.000443
5.739187	1.000284	0.000985
5.752018	1.000637	0.000073
5.765915	1.000871	0.000128
5.776947	0.999165	0.001386
5.790402	0.999684	0.000084
5.801768	0.999916	0.000687
5.814419	0.999903	0.000703
5.826950	1.000426	0.000295
5.838150	0.999549	0.000976
5.851768	0.999521	0.000042
5.862787	0.999282	0.000005
5.876063	0.999480	0.000740
5.888042	0.999427	0.000310
5.899444	0.999258	0.000224
5.913403	0.999975	0.000638
5.925287	0.999361	0.000213
5.938563	0.998016	0.000227
5.950552	0.999078	0.000388
5.961944	0.998537	0.000509
5.975645	0.999787	0.000281
5.986471	0.999284	0.000157
6.000289	0.998609	0.000012
6.013052	0.998765	0.000550
6.025400	0.998349	0.000537
6.039444	0.999819	0.000729
6.051768	0.997502	0.000224
6.064859	0.995828	0.000642
6.078425	0.993205	0.000661
6.090587	0.991131	0.002085
6.104449	0.991009	0.000202
6.117212	0.990124	0.000206
6.129550	0.990182	0.000480
6.143614	0.990528	0.000833
6.155958	0.989883	0.000340
6.169019	0.990577	0.000150
6.182585	0.990531	0.000847
6.195712	0.989815	0.000291
6.209815	0.990831	0.000466
6.222810	0.990640	0.000542
6.235081	0.990865	0.000411
6.248988	0.990486	0.000555
6.261581	0.990740	0.000944
6.275472	0.989591	0.000331
6.290668	0.989876	0.000358
6.304722	0.992598	0.000206
6.317050	0.991038	0.000820
6.331114	0.990718	0.000306
6.346402	0.991137	0.000756
6.359575	0.992241	0.001487
6.373998	0.993976	0.001648
6.387077	0.996448	0.001182
6.402055	0.997935	0.001347
6.416939	1.000104	0.000596
6.430596	1.000238	0.001079
6.444636	1.001231	0.000852
6.458710	1.000376	0.001061
6.472976	1.001356	0.000344
6.486407	1.001965	0.002086
6.500279	1.000851	0.000022
6.513052	1.000186	0.001464
6.525400	0.999922	0.000487
6.539434	1.000363	0.000283
6.553166	1.001294	0.000224
6.566856	1.000520	0.001412
6.581114	1.001435	0.001752
6.593872	1.002339	0.000422
6.607485	1.000459	0.000807
6.622618	1.000421	0.000019
6.635477	0.955571	0.030883
6.647959	0.979704	0.004813
6.661230	0.980912	0.024223
6.673907	1.000885	0.000506
6.687779	1.000520	0.000202
6.700552	1.001344	0.000497
6.713681	1.000299	0.000022
6.729264	1.000971	0.000367
6.742222	1.000556	0.000515
6.755746	1.000636	0.000031
6.769838	1.000045	0.000482
6.783892	1.001934	0.000477
6.796220	1.001179	0.000539
6.810274	1.000581	0.000325
6.823381	1.000978	0.000427
6.837365	1.000716	0.000162
6.851934	1.000980	0.000113
6.864112	0.998504	0.002285
6.876144	0.999078	0.000054
6.886783	0.996835	0.000804
6.897850	0.999628	0.000924
6.908930	0.998981	0.000793
6.919461	0.999816	0.000242
6.931646	0.999588	0.000572
6.942225	1.000122	0.000146
6.954290	1.000208	0.000488
6.964207	1.000364	0.000138
6.976159	1.000477	0.000426
6.987022	1.000433	0.000942
6.999174	1.000192	0.000112
7.009777	0.999844	0.000309
7.023724	0.999851	0.000067
7.037445	1.000875	0.000168
7.048925	0.999107	0.000630
7.062705	0.999836	0.000263
7.074890	0.999385	0.000044
7.086425	1.000867	0.000266
7.098996	0.999233	0.000325
7.108885	0.999804	0.000003
7.120950	1.000628	0.000264
7.131363	1.000512	0.000432
7.143899	0.999649	0.000192
7.154136	1.000585	0.000061
7.166865	1.000391	0.000232
7.177127	1.000452	0.000201
7.188644	0.997070	0.003791
7.199890	0.999873	0.000052
7.211425	1.000861	0.000012
7.223996	0.999891	0.000399
7.234916	0.999882	0.000301
7.247009	0.999834	0.000210
7.257053	1.000595	0.000539
7.268899	0.999593	0.000296
7.278942	0.999791	0.000635
7.291865	0.999843	0.000150
7.305936	0.999394	0.000056
7.316185	1.000302	0.000283
7.328959	1.000615	0.000601
7.339207	1.000083	0.000355
7.351159	0.999476	0.000153
7.361213	1.000436	0.000584
7.373308	1.000254	0.000165
7.384252	0.999884	0.000270
7.396045	0.999709	0.000403
7.407328	1.000157	0.001004
7.418660	1.000648	0.000142
7.430459	1.000398	0.000078
7.442225	1.000128	0.000001
7.454290	1.000113	0.000721
7.464207	0.999830	0.000428
7.476159	1.000429	0.000362
7.486932	1.000388	0.000267
7.499174	1.000499	0.000108
7.509612	1.000014	0.000042
7.522784	0.999691	0.000611
7.535282	1.000752	0.000667
7.545355	1.000469	0.000693
7.557326	1.000770	0.000074
7.567841	0.999817	0.000194
7.581195	1.000584	0.000354
7.593272	1.000569	0.000083
7.605304	1.000728	0.000350
7.616356	1.000486	0.000302
7.627801	1.000475	0.000256
7.639966	1.000705	0.000307
7.651687	1.000506	0.000055
7.664719	1.000452	0.000122
7.674762	1.000704	0.000161
7.686674	1.000427	0.000091
7.696742	1.000442	0.000470
7.708545	1.000654	0.000034
7.722139	1.000458	0.000725
7.735219	1.000915	0.000176
7.749442	1.016669	0.013868
7.760836	1.000676	0.000191
7.773137	1.015429	0.002875
7.787463	1.001147	0.000392
7.799285	1.014280	0.018412
7.812973	1.009129	0.009411
7.824809	1.000316	0.000379
7.837063	1.010870	0.005329
7.851252	1.008933	0.011010
7.862125	1.000624	0.000238
7.875473	1.007178	0.003519
7.887309	1.000412	0.000422
7.899113	1.005958	0.003417
7.912463	1.000514	0.000061
7.924285	1.004811	0.005998
7.937973	1.003755	0.001643
7.949809	1.000490	0.000022
7.961613	1.003181	0.001973
7.974963	0.994561	0.003832
7.985810	1.002471	0.002697
7.999452	1.002223	0.001505
8.010836	0.999580	0.000449
8.023137	1.001788	0.000040
8.036083	1.000557	0.000062
8.047085	1.001012	0.001021
8.060847	1.001289	0.000236
8.071855	1.000132	0.000070
8.084862	1.001251	0.000042
8.098583	0.999941	0.000432
8.109585	1.000664	0.000016
8.123347	1.001384	0.000510
8.134355	1.000296	0.000425
8.147253	1.000625	0.000357
8.159629	1.000682	0.000463
8.170954	1.000305	0.000601
8.184622	0.998002	0.000786
8.195465	1.000408	0.000052
8.208813	1.000760	0.000247
8.220629	0.995710	0.007613
8.232873	1.000766	0.000080
8.247122	1.000697	0.000702
8.257975	0.999334	0.000190
8.271313	1.001071	0.000429
8.284629	1.000498	0.000068
8.295954	1.000778	0.000094
8.309622	1.000989	0.000414
8.321616	1.000616	0.000016
8.334862	0.996618	0.004546
8.348583	1.000350	0.000168
8.360395	1.000513	0.000211
8.374452	0.996075	0.001364
8.387235	1.000627	0.000105
8.399553	1.001236	0.000075
8.413762	0.998036	0.001052
8.425776	1.000666	0.000027
8.439032	1.001224	0.000112
8.452763	0.996396	0.004615
8.464575	1.001302	0.000167
8.478602	1.000535	0.000482
8.491496	1.000789	0.000197
8.504929	1.001616	0.000085
8.519683	1.001123	0.000002
8.533045	1.001077	0.000105
8.545383	1.001212	0.000104
8.559622	1.000745	0.000279
8.571616	1.000696	0.000413
8.584842	1.000844	0.000332
8.598593	1.000860	0.000271
8.610395	1.000945	0.000184
8.624543	1.001085	0.000090
8.638809	1.000699	0.000245
8.650749	1.001442	0.000085
8.664987	1.000980	0.000304
8.677331	1.001313	0.000196
8.690081	1.001196	0.000038
8.704153	1.000836	0.000484
8.715955	1.000968	0.000679
8.729633	1.000772	0.000345
8.744534	1.000873	0.000125
8.757635	1.001086	0.000245
8.771293	0.976620	0.020006
8.784814	1.001256	0.000459
8.798585	1.000856	0.000428
8.812983	1.000734	0.000172
8.826309	1.001281	0.000052
8.838249	1.001142	0.000257
8.852487	1.000853	0.000120
8.864831	1.000689	0.000432
8.877581	1.001089	0.000550
8.891653	1.001113	0.000047
8.903455	1.001099	0.000051
8.917133	1.000655	0.000331
8.930469	1.000569	0.000160
8.942429	1.001090	0.000209
8.956657	1.000553	0.000274
8.968991	1.000879	0.000021
8.981741	1.000898	0.000299
8.996957	1.001141	0.000124
9.009116	1.001287	0.000151
9.022342	1.000612	0.000003
9.036093	0.999221	0.001132
9.047895	1.001303	0.000108
9.061952	1.000831	0.000382
9.074735	1.000980	0.000246
9.087043	1.000634	0.000110
9.101262	1.000355	0.000175
9.113276	1.000758	0.000274
9.126891	1.001390	0.000011
9.142777	1.000496	0.000337
9.154936	1.001137	0.000014
9.168182	1.001132	0.000009
9.181933	1.001145	0.000136
9.193745	1.000697	0.000429
9.208379	1.000749	0.000084
9.222129	1.001040	0.000049
9.234079	1.000223	0.000025
9.248347	1.000696	0.000227
9.260661	1.000793	0.000183
9.273401	1.000208	0.000463
9.287473	1.000349	0.000204
9.299285	1.000165	0.000336
9.312983	1.000848	0.000211
9.326557	1.000471	0.000511
9.338699	0.996574	0.000366
9.350856	0.993741	0.005323
9.361785	1.000315	0.000135
9.375483	1.000109	0.000009
9.389075	1.000214	0.000193
9.404679	1.000035	0.000504
9.418182	0.999689	0.000076
9.431933	0.999556	0.000251
9.443735	1.000092	0.000160
9.457772	0.999711	0.000271
9.470545	0.999515	0.000200
9.482883	0.999217	0.000191
9.497122	0.999162	0.000158
9.509106	0.998819	0.000066
9.522342	0.999297	0.000314
9.536093	0.999371	0.000210
9.548944	0.998954	0.000172
9.562983	0.998723	0.000105
9.575349	0.998994	0.000364
9.585920	0.998601	0.000041
9.598683	0.998861	0.000222
9.608398	0.999097	0.000089
9.620656	0.998342	0.000318
9.630359	0.998471	0.000568
9.642526	0.999261	0.000245
9.652239	0.998136	0.000483
9.664471	0.998567	0.000509
9.674219	0.998462	0.000037
9.686878	0.998555	0.000145
9.697579	0.998607	0.000280
9.709592	0.998493	0.000153
9.721189	0.997897	0.000194
9.731391	0.997768	0.000123
9.743318	0.998061	0.000226
9.753207	0.998308	0.000530
9.765343	0.997519	0.000411
9.775068	0.997939	0.000280
9.787306	0.997668	0.000098
9.797019	0.997853	0.000049
9.809216	0.997215	0.000325
9.818899	0.997236	0.000276
9.831582	0.996975	0.000071
9.843640	0.996157	0.000093
9.856391	0.996825	0.000369
9.869523	0.994816	0.000954
9.879238	0.989217	0.002695
9.891466	0.978766	0.002253
9.901199	0.969171	0.004757
9.913356	0.957328	0.001277
9.923069	0.950173	0.004881
9.935321	0.948049	0.002717
9.945039	0.943486	0.001710
9.957172	0.946202	0.001889
9.967103	0.941961	0.002245
9.978951	0.946073	0.002354
9.989249	0.939440	0.000050
10.001272	0.942624	0.000629
10.012849	0.938658	0.000370
10.023051	0.944582	0.003160
10.034968	0.940433	0.001537
10.044867	0.943372	0.002693
10.057198	0.940707	0.002269
10.067859	0.941632	0.002755
10.080026	0.942869	0.002366
10.089739	0.943473	0.003354
10.102422	0.945275	0.002261
10.112933	0.945086	0.000618
10.124791	0.955976	0.004591
10.135079	0.960035	0.004511
10.146467	0.975176	0.002600
10.158513	0.983331	0.003345
10.168891	0.992170	0.000924
10.180808	0.994175	0.000314
10.190707	0.994524	0.000268
10.202843	0.994351	0.000042
10.212568	0.994244	0.000116
10.224806	0.994387	0.000116
10.234519	0.994619	0.000014
10.246706	0.994500	0.000060
10.256399	0.995059	0.000444
10.268651	0.995220	0.000051
10.278379	0.995343	0.000308
10.290512	0.995577	0.000183
10.300433	0.995047	0.000124
10.312291	0.996236	0.000823
10.322579	0.996114	0.000698
10.333977	0.997045	0.000302
10.344799	0.996696	0.000321
10.355525	0.997361	0.000248
10.367019	0.996637	0.000257
10.377241	0.998210	0.000516
10.389138	0.998329	0.000152
10.399027	0.998915	0.000627
10.411193	0.999023	0.000393
10.420898	0.998800	0.000349
10.433146	1.000463	0.000135
10.442859	1.000162	0.000519
10.455036	1.000834	0.000826
10.464729	1.001838	0.000571
10.476981	1.001478	0.000080
10.486719	1.002679	0.000593
10.498852	1.002179	0.000117
10.508763	1.003533	0.000201
10.520611	1.002980	0.000122
10.530899	1.004428	0.000437
10.542317	1.003779	0.000386
10.553129	1.005232	0.000332
10.565707	1.004909	0.000410
10.577853	1.005480	0.000706
10.587888	1.005439	0.000693
10.601805	1.005921	0.000697
10.614109	1.006353	0.000256
10.627580	1.006192	0.000439
10.642241	1.006589	0.000853
10.654224	1.007079	0.000424
10.667666	1.006359	0.000177
10.681147	1.007001	0.000546
10.693108	1.006951	0.001159
