107
0.013541	0.999212	0.000828
0.034172	1.000125	0.000190
0.053309	0.999187	0.001014
0.072089	0.999712	0.000180
0.090809	0.998920	0.000516
0.112316	0.999070	0.000971
0.130797	0.999412	0.000127
0.153250	0.999481	0.000458
0.174875	0.999308	0.000861
0.195656	0.999340	0.000679
0.215471	0.999409	0.000439
0.235962	0.999140	0.000388
0.259799	0.999430	0.000465
0.280787	0.998927	0.001308
0.297437	0.998557	0.001164
0.315829	0.999323	0.000116
0.338621	0.999890	0.000107
0.358294	0.998663	0.000676
0.379374	0.999120	0.000564
0.399139	0.999007	0.000392
0.417919	0.999238	0.000178
0.436350	0.999158	0.000326
0.456513	0.999366	0.000377
0.475493	0.999849	0.000183
0.495416	0.999421	0.000326
0.519053	0.999077	0.000180
0.537694	0.999216	0.000750
0.555389	0.999592	0.000506
0.572457	0.999856	0.000297
0.588779	0.999419	0.000990
0.606822	0.999116	0.000458
0.624537	0.998821	0.000190
0.643277	0.998924	0.000590
0.664206	0.998585	0.000505
0.684569	0.998890	0.000874
0.700842	1.000058	0.000236
0.716585	0.999547	0.001064
0.734260	0.999960	0.000406
0.756454	1.000175	0.000035
0.780031	1.000329	0.000376
0.800253	1.000215	0.000163
0.821642	1.000310	0.000104
0.845347	1.000041	0.000036
0.864117	1.000256	0.000039
0.881842	1.000420	0.000224
0.903677	1.000204	0.000023
0.921412	1.000368	0.000077
0.938769	1.000248	0.000239
0.956105	1.000510	0.000001
0.973781	1.000950	0.000231
0.994292	1.001254	0.000804
1.015402	1.000948	0.000400
1.035942	1.001003	0.000551
1.056056	1.001130	0.000280
1.077612	1.000940	0.000226
1.098442	1.001022	0.000166
1.117242	1.001104	0.000311
1.134957	1.001109	0.000148
1.154305	1.001234	0.000011
1.175522	1.000852	0.000039
1.195636	1.000818	0.000007
1.217869	1.000413	0.000095
1.239425	1.000001	0.000262
1.260275	0.999930	0.000362
1.280439	0.999770	0.000427
1.298153	0.999672	0.000163
1.318208	0.998911	0.000077
1.339386	0.996460	0.000300
1.359927	0.993805	0.000959
1.379364	0.994625	0.002473
1.399865	0.997438	0.001935
1.420626	0.999154	0.000304
1.438749	0.999445	0.000045
1.458534	0.999572	0.000120
1.479295	0.999315	0.000165
1.497815	0.999394	0.000252
1.516854	0.999244	0.000226
1.535216	0.999697	0.000320
1.554065	0.999540	0.000524
1.573055	0.999371	0.000436
1.593944	0.999731	0.000359
1.614107	0.999818	0.000215
1.633136	0.999848	0.000530
1.651886	0.999652	0.000843
1.674448	1.000216	0.000304
1.694282	0.999846	0.000519
1.713082	0.999759	0.000450
1.730806	0.999504	0.000017
1.752553	0.999436	0.000235
1.774865	0.999254	0.000744
1.797647	0.999872	0.000009
1.819322	1.000037	0.000267
1.841118	0.999921	0.000216
1.861948	0.999827	0.000135
1.882160	1.000100	0.000158
1.900572	0.999663	0.000239
1.920675	0.999915	0.000200
1.940480	0.999428	0.000047
1.960196	0.999520	0.000277
1.980747	0.999716	0.000518
2.000841	0.999683	0.000282
2.018605	0.999890	0.000200
2.039136	0.999826	0.000130
2.064366	0.999615	0.000182
2.084966	0.999807	0.000052
2.105011	0.999811	0.000128
2.123810	0.999786	0.000560
2.155957	0.999212	0.000828
2.176587	1.000125	0.000190
2.195725	0.999187	0.001014
2.214505	0.999712	0.000180
2.233225	0.998920	0.000516
2.254732	0.999070	0.000971
2.273213	0.999412	0.000127
2.295665	0.999481	0.000458
2.317291	0.999308	0.000861
2.338072	0.999340	0.000679
2.357886	0.999409	0.000439
2.378378	0.999140	0.000388
2.402215	0.999430	0.000465
2.423203	0.998927	0.001308
2.439853	0.998557	0.001164
2.458245	0.999323	0.000116
2.481036	0.999890	0.000107
2.500710	0.998663	0.000676
2.521789	0.999120	0.000564
2.541555	0.999007	0.000392
2.560334	0.999238	0.000178
2.578766	0.999158	0.000326
2.598929	0.999366	0.000377
2.617909	0.999849	0.000183
2.637832	0.999421	0.000326
2.661468	0.999077	0.000180
2.680109	0.999216	0.000750
2.697805	0.999592	0.000506
2.714873	0.999856	0.000297
2.731194	0.999419	0.000990
2.749237	0.999116	0.000458
2.766953	0.998821	0.000190
2.785693	0.998924	0.000590
2.806621	0.998585	0.000505
2.826985	0.998890	0.000874
2.843257	1.000058	0.000236
2.859000	0.999547	0.001064
2.876676	0.999960	0.000406
2.898869	1.000175	0.000035
2.922446	1.000329	0.000376
2.942669	1.000215	0.000163
2.964057	1.000310	0.000104
2.987763	1.000041	0.000036
3.006533	1.000256	0.000039
3.024257	1.000420	0.000224
3.046093	1.000204	0.000023
3.063827	1.000368	0.000077
3.081184	1.000248	0.000239
3.098521	1.000510	0.000001
3.116196	1.000950	0.000231
3.136708	1.001254	0.000804
3.157817	1.000948	0.000400
3.178358	1.001003	0.000551
3.198472	1.001130	0.000280
3.220028	1.000940	0.000226
3.240858	1.001022	0.000166
3.259657	1.001104	0.000311
3.277373	1.001109	0.000148
3.296720	1.001234	0.000011
3.317938	1.000852	0.000039
3.338052	1.000818	0.000007
3.360285	1.000413	0.000095
3.381841	1.000001	0.000262
3.402691	0.999930	0.000362
3.422854	0.999770	0.000427
3.440569	0.999672	0.000163
3.460623	0.998911	0.000077
3.481802	0.996460	0.000300
3.502343	0.993805	0.000959
3.521779	0.994625	0.002473
3.542281	0.997438	0.001935
3.563042	0.999154	0.000304
3.581164	0.999445	0.000045
3.600949	0.999572	0.000120
3.621710	0.999315	0.000165
3.640230	0.999394	0.000252
3.659269	0.999244	0.000226
3.677632	0.999697	0.000320
3.696480	0.999540	0.000524
3.715470	0.999371	0.000436
3.736359	0.999731	0.000359
3.756523	0.999818	0.000215
3.775552	0.999848	0.000530
3.794302	0.999652	0.000843
3.816863	1.000216	0.000304
3.836698	0.999846	0.000519
3.855497	0.999759	0.000450
3.873222	0.999504	0.000017
3.894969	0.999436	0.000235
3.917281	0.999254	0.000744
3.940062	0.999872	0.000009
3.961737	1.000037	0.000267
3.983533	0.999921	0.000216
4.004363	0.999827	0.000135
4.024576	1.000100	0.000158
4.042987	0.999663	0.000239
4.063091	0.999915	0.000200
4.082896	0.999428	0.000047
4.102612	0.999520	0.000277
4.123163	0.999716	0.000518
4.143256	0.999683	0.000282
4.161021	0.999890	0.000200
4.181552	0.999826	0.000130
4.206782	0.999615	0.000182
4.227382	0.999807	0.000052
4.247426	0.999811	0.000128
4.266226	0.999786	0.000560
