82
0.093784	0.998364	0.000139
0.277105	0.996090	0.000214
0.385446	0.997943	0.001528
0.489619	1.000664	0.000160
0.618776	1.000821	0.000319
0.831280	1.000778	0.000243
1.210450	1.001533	0.000095
1.489630	1.001612	0.000676
1.710480	1.001589	0.000011
1.927150	0.999672	0.000515
2.135480	0.998709	0.000498
2.352150	0.998273	0.000034
2.589650	0.998764	0.000306
2.802170	1.000860	0.000178
3.012600	1.002208	0.000268
3.252180	1.002974	0.000758
3.468850	1.006247	0.000840
3.683430	1.004424	0.001937
3.906350	0.999188	0.000325
4.114710	0.999446	0.000037
4.323050	1.000464	0.000480
4.531380	0.999763	0.000156
4.752220	0.999525	0.000837
4.989720	0.998531	0.000139
5.198050	0.998070	0.000014
5.423070	0.998625	0.000386
5.635580	0.999050	0.000651
5.843920	1.000047	0.000120
6.000166	1.018255	0.001404
6.112666	1.012803	0.001260
6.235586	1.009160	0.002310
6.350166	1.007374	0.001251
6.458496	1.006231	0.000802
6.562666	1.003059	0.000300
6.666836	1.001903	0.000865
6.771016	1.000372	0.000177
6.875196	0.999387	0.000036
6.979366	0.999370	0.000263
7.083536	1.000234	0.000308
7.193943	0.999323	0.000066
7.302279	0.999722	0.000220
7.406453	0.999341	0.000413
7.510616	0.999139	0.000161
7.614779	0.998772	0.000007
7.718953	0.999829	0.000383
7.823116	0.999269	0.000496
7.933533	0.999215	0.000200
8.052279	0.998491	0.000159
8.158533	0.998882	0.000223
8.271046	0.999390	0.000702
8.375216	0.999694	0.000029
8.479386	1.000097	0.000273
8.583546	1.000295	0.000210
8.691883	1.001384	0.000338
8.802299	1.002159	0.000591
8.906466	1.003989	0.001020
9.010643	1.002858	0.000242
9.118986	1.002738	0.000144
9.229396	1.002720	0.000324
9.337729	1.002981	0.001398
9.448153	1.002871	0.000567
9.552316	1.001036	0.000611
9.662736	0.999806	0.000433
9.771086	0.999647	0.000376
9.875246	0.999842	0.000409
9.979416	1.000008	0.000293
10.083586	0.999710	0.000666
10.198166	0.999355	0.000412
10.325260	0.999855	0.000296
10.437746	0.998430	0.000096
10.541916	0.998920	0.000215
10.646086	0.998423	0.000262
10.750246	0.999458	0.000092
10.854416	0.999047	0.000466
10.958586	1.000064	0.000105
11.062746	0.999986	0.000023
11.166916	1.000479	0.000180
11.271086	0.999746	0.000088
11.375266	0.999815	0.000095
11.479426	0.998925	0.000294
11.591946	0.999836	0.000103
11.775262	0.997995	0.000441
12.052352	0.998364	0.000139
12.235673	0.996090	0.000214
12.344014	0.997943	0.001528
12.448186	1.000664	0.000160
12.577344	1.000821	0.000319
12.789848	1.000778	0.000243
13.169018	1.001533	0.000095
13.448198	1.001612	0.000676
13.669048	1.001589	0.000011
13.885718	0.999672	0.000515
14.094048	0.998709	0.000498
14.310718	0.998273	0.000034
14.548218	0.998764	0.000306
14.760738	1.000860	0.000178
14.971168	1.002208	0.000268
15.210748	1.002974	0.000758
15.427418	1.006247	0.000840
15.641998	1.004424	0.001937
15.864918	0.999188	0.000325
16.073278	0.999446	0.000037
16.281618	1.000464	0.000480
16.489948	0.999763	0.000156
16.710788	0.999525	0.000837
16.948288	0.998531	0.000139
17.156618	0.998070	0.000014
17.381638	0.998625	0.000386
17.594148	0.999050	0.000651
17.802488	1.000047	0.000120
17.958734	1.018255	0.001404
18.071234	1.012803	0.001260
18.194154	1.009160	0.002310
18.308734	1.007374	0.001251
18.417064	1.006231	0.000802
18.521234	1.003059	0.000300
18.625404	1.001903	0.000865
18.729584	1.000372	0.000177
18.833764	0.999387	0.000036
18.937934	0.999370	0.000263
19.042104	1.000234	0.000308
19.152511	0.999323	0.000066
19.260847	0.999722	0.000220
19.365021	0.999341	0.000413
19.469184	0.999139	0.000161
19.573347	0.998772	0.000007
19.677521	0.999829	0.000383
19.781684	0.999269	0.000496
19.892101	0.999215	0.000200
20.010847	0.998491	0.000159
20.117101	0.998882	0.000223
20.229614	0.999390	0.000702
20.333784	0.999694	0.000029
20.437954	1.000097	0.000273
20.542114	1.000295	0.000210
20.650451	1.001384	0.000338
20.760867	1.002159	0.000591
20.865034	1.003989	0.001020
20.969211	1.002858	0.000242
21.077554	1.002738	0.000144
21.187964	1.002720	0.000324
21.296297	1.002981	0.001398
21.406721	1.002871	0.000567
21.510884	1.001036	0.000611
21.621304	0.999806	0.000433
21.729654	0.999647	0.000376
21.833814	0.999842	0.000409
21.937984	1.000008	0.000293
22.042154	0.999710	0.000666
22.156734	0.999355	0.000412
22.283827	0.999855	0.000296
22.396314	0.998430	0.000096
22.500484	0.998920	0.000215
22.604654	0.998423	0.000262
22.708814	0.999458	0.000092
22.812984	0.999047	0.000466
22.917154	1.000064	0.000105
23.021314	0.999986	0.000023
23.125484	1.000479	0.000180
23.229654	0.999746	0.000088
23.333834	0.999815	0.000095
23.437994	0.998925	0.000294
23.550514	0.999836	0.000103
23.733830	0.997995	0.000441
