434
0.005577	1.002460	0.000146
0.012994	1.002453	0.000095
0.022497	1.002268	0.000297
0.032584	1.002243	0.000125
0.041153	1.002090	0.000017
0.049686	1.001902	0.000062
0.058643	1.001751	0.000068
0.068566	1.001471	0.000169
0.078228	1.001281	0.000201
0.088578	1.001093	0.000015
0.097187	1.001101	0.000025
0.107230	1.000579	0.000034
0.114936	1.000953	0.000095
0.123463	1.000670	0.000106
0.133029	1.000652	0.000003
0.142776	1.000349	0.000031
0.152303	1.000166	0.000069
0.160751	1.000334	0.000204
0.170109	1.000003	0.000145
0.177436	1.000111	0.000128
0.185857	1.000018	0.000314
0.195526	0.999802	0.000031
0.204210	0.999717	0.000152
0.214740	0.999719	0.000132
0.222970	0.999709	0.000104
0.232366	0.999631	0.000043
0.240754	0.999485	0.000047
0.248900	0.999579	0.000098
0.257909	0.999397	0.000034
0.267021	0.999356	0.000102
0.277396	0.999344	0.000047
0.286897	0.999310	0.000103
0.294992	0.999206	0.000060
0.305603	0.999190	0.000054
0.314482	0.999499	0.000199
0.323268	0.999243	0.000172
0.332366	0.999378	0.000116
0.340995	0.999190	0.000138
0.348717	0.999313	0.000217
0.356927	0.999400	0.000072
0.364936	0.999130	0.000003
0.372445	0.999069	0.000025
0.380567	0.999759	0.000271
0.388985	0.999406	0.000027
0.397832	0.999198	0.000235
0.405761	0.999279	0.000090
0.414045	0.999257	0.000080
0.422952	0.999166	0.000131
0.431154	0.999396	0.000047
0.438684	0.999151	0.000291
0.447830	0.999290	0.000056
0.456104	0.999168	0.000117
0.464740	0.999213	0.000111
0.473707	0.999289	0.000096
0.482705	0.999413	0.000001
0.490754	0.999362	0.000018
0.500107	0.999433	0.000034
0.509424	0.999341	0.000038
0.519808	0.999495	0.000079
0.529262	0.999578	0.000110
0.536897	0.999327	0.000029
0.545246	0.999444	0.000004
0.554042	0.999396	0.000121
0.561935	0.999322	0.000024
0.570818	0.999476	0.000023
0.578984	0.999211	0.000129
0.587129	0.999566	0.000051
0.595712	0.999365	0.000176
0.603605	0.999473	0.000156
0.611835	0.999577	0.000050
0.619781	0.999509	0.000184
0.631453	0.999529	0.000167
0.640229	0.999516	0.000219
0.647822	0.999751	0.000145
0.655771	0.999629	0.000109
0.664266	0.999612	0.000124
0.673730	0.999530	0.000182
0.683681	0.999668	0.000176
0.691812	0.999853	0.000163
0.700250	0.999764	0.000078
0.710086	0.999512	0.000086
0.720712	0.999787	0.000035
0.729248	0.999701	0.000140
0.738332	0.999699	0.000023
0.746695	0.999534	0.000237
0.754914	0.999950	0.000240
0.763004	0.999788	0.000084
0.772147	0.999573	0.000132
0.781606	0.999861	0.000135
0.789660	0.999630	0.000106
0.798341	0.999905	0.000025
0.806144	0.999691	0.000014
0.815103	0.999875	0.000107
0.824473	0.999957	0.000186
0.833540	0.999764	0.000292
0.842502	0.999865	0.000093
0.850885	0.999831	0.000137
0.860308	1.000057	0.000134
0.868644	1.000075	0.000034
0.876837	0.999822	0.000015
0.887159	1.000079	0.000049
0.894858	0.999891	0.000155
0.904732	1.000080	0.000071
0.912266	1.000909	0.001162
0.920343	1.000085	0.000067
0.929032	1.000047	0.000011
0.938887	0.999912	0.000186
0.948479	1.000600	0.000728
0.955785	0.999796	0.000021
0.964722	1.000059	0.000025
0.972425	1.000148	0.000099
0.981483	1.000040	0.000110
0.991243	1.000122	0.000142
0.999435	1.000130	0.000062
1.008380	1.000069	0.000114
1.016805	0.999940	0.000162
1.025172	1.000248	0.000207
1.035324	1.000146	0.000248
1.042864	1.000192	0.000276
1.052122	1.000046	0.000038
1.060344	1.000489	0.000057
1.068930	1.000180	0.000049
1.077393	0.999863	0.000174
1.086704	1.000244	0.000199
1.095914	0.999993	0.000149
1.103779	1.000338	0.000189
1.112352	0.999990	0.000269
1.119906	1.000128	0.000238
1.127428	1.000090	0.000115
1.136147	1.000310	0.000074
1.143820	1.000116	0.000089
1.152330	1.000047	0.000075
1.160788	1.000106	0.000143
1.168742	1.000166	0.000005
1.177639	1.000218	0.000024
1.185907	1.000212	0.000270
1.194307	1.000216	0.000075
1.204556	1.000032	0.000045
1.212314	1.000201	0.000076
1.221780	1.000186	0.000004
1.230444	1.000082	0.000098
1.239053	1.000264	0.000079
1.246394	1.000029	0.000031
1.257228	1.000390	0.000056
1.264938	1.000131	0.000074
1.272619	1.000092	0.000118
1.281925	1.000377	0.000127
1.290087	1.000295	0.000074
1.298170	1.000259	0.000244
1.306348	1.000284	0.000130
1.314201	1.000362	0.000058
1.322596	1.000473	0.000072
1.330502	1.000276	0.000133
1.338819	1.000158	0.000138
1.346743	1.000318	0.000229
1.354782	1.000234	0.000021
1.364444	1.000231	0.000140
1.372220	1.000202	0.000101
1.381352	1.000157	0.000108
1.389688	1.000259	0.000102
1.397998	1.000193	0.000037
1.406889	1.000317	0.000089
1.417515	1.000116	0.000057
1.426766	1.000434	0.000204
1.434652	1.000082	0.000082
1.443057	1.000230	0.000180
1.451834	1.000154	0.000094
1.460350	1.000154	0.000099
1.469487	1.000327	0.000026
1.477847	1.000141	0.000185
1.485670	1.000191	0.000267
1.493604	1.000114	0.000238
1.501904	1.000012	0.000073
1.511147	1.000250	0.000181
1.519507	0.999902	0.000017
1.528070	1.000307	0.000231
1.536566	1.000223	0.000206
1.545343	1.000205	0.000009
1.554032	1.000310	0.000218
1.563850	1.000040	0.000037
1.572774	1.000245	0.000222
1.581945	1.000088	0.000208
1.590570	1.000232	0.000321
1.599066	1.000065	0.000007
1.608630	1.000256	0.000161
1.616988	1.000210	0.000021
1.626487	0.999966	0.000081
1.636237	1.000418	0.000041
1.645451	1.000105	0.000039
1.655002	1.000280	0.000059
1.663734	1.000198	0.000138
1.672363	1.000191	0.000141
1.681104	1.000235	0.000068
1.690516	1.000065	0.000038
1.700253	1.000322	0.000173
1.710226	1.000329	0.000056
1.719834	1.000151	0.000083
1.727847	1.000107	0.000003
1.736488	1.000368	0.000239
1.744557	1.000152	0.000011
1.753839	1.000208	0.000044
1.762574	1.000201	0.000156
1.771188	1.000264	0.000087
1.779713	1.000438	0.000101
1.790029	1.000071	0.000007
1.799345	1.000241	0.000119
1.806939	1.000075	0.000027
1.815413	1.000248	0.000205
1.823238	1.000317	0.000122
1.831172	0.999979	0.000032
1.840091	1.000352	0.000070
1.848291	1.000227	0.000011
1.856832	1.000095	0.000207
1.865957	1.000251	0.000165
1.874493	0.999955	0.000118
1.882512	1.000092	0.000014
1.892826	1.000172	0.000079
1.901184	1.000255	0.000056
1.909446	1.000331	0.000027
1.917661	1.000291	0.000030
1.926553	1.000041	0.000020
1.934486	1.000221	0.000020
1.942967	1.000228	0.000062
1.951106	1.000082	0.000104
1.959534	1.000054	0.000004
1.968464	1.000229	0.000009
1.977012	0.999968	0.000050
1.985512	1.000175	0.000064
1.994878	1.000051	0.000011
2.003126	0.999911	0.000445
2.010728	1.000147	0.000232
2.018672	1.000091	0.000255
2.027240	1.000252	0.000011
2.036157	1.000083	0.000141
2.045313	0.999947	0.000300
2.055226	1.000214	0.000012
2.065227	0.999830	0.000389
2.074473	1.000232	0.000024
2.083280	1.000155	0.000039
2.091890	1.000223	0.000067
2.102895	0.999761	0.000340
2.112169	1.000297	0.000035
2.121487	1.000102	0.000102
2.132454	1.000135	0.000029
2.141241	1.000079	0.000153
2.149686	1.000279	0.000164
2.157871	1.000115	0.000176
2.167147	1.000083	0.000003
2.176212	1.000220	0.000244
2.185640	0.999923	0.000503
2.193650	1.000232	0.000000
2.202701	1.000061	0.000173
2.211476	1.000532	0.000049
2.222674	1.000097	0.000003
2.232015	1.000473	0.000178
2.240383	1.000206	0.000002
2.249066	1.000239	0.000149
2.257540	1.000152	0.000026
2.266241	1.000109	0.000137
2.276136	1.000039	0.000056
2.284446	1.000178	0.000211
2.294397	0.998975	0.000907
2.302629	1.000152	0.000033
2.312141	0.999756	0.000045
2.321437	1.000137	0.000013
2.329962	0.999211	0.001161
2.339760	0.999976	0.000017
2.348339	0.999870	0.000203
2.358037	1.000030	0.000091
2.366424	1.000137	0.000033
2.375883	1.000238	0.000056
2.385277	0.999991	0.000137
2.394996	1.000290	0.000355
2.403671	1.000052	0.000022
2.412081	0.999891	0.000258
2.420564	1.000230	0.000411
2.429965	0.999962	0.000173
2.439111	0.999847	0.000151
2.447749	1.000064	0.000185
2.456315	0.999790	0.000030
2.464490	1.000017	0.000017
2.473153	0.999985	0.000281
2.482143	0.999860	0.000112
2.492563	0.999890	0.000059
2.501232	0.999755	0.000263
2.510340	0.999788	0.000215
2.518331	0.999671	0.000095
2.526164	1.000007	0.000080
2.534233	0.999819	0.000160
2.542513	0.999653	0.000119
2.550346	0.999755	0.000029
2.559815	0.999886	0.000088
2.570068	1.000049	0.000081
2.580973	0.999847	0.000254
2.589898	0.999763	0.000090
2.598268	0.999877	0.000339
2.607075	0.999904	0.000025
2.616211	0.999930	0.000147
2.624152	0.999529	0.000155
2.632550	0.999805	0.000033
2.641718	0.999602	0.000013
2.652028	0.999726	0.000237
2.660834	1.000058	0.000488
2.669116	0.999798	0.000080
2.677945	0.999716	0.000069
2.687241	0.999806	0.000205
2.695964	0.999680	0.000003
2.704130	0.999468	0.000154
2.712186	0.999865	0.000040
2.721264	0.999424	0.000082
2.730605	0.999569	0.000010
2.739974	0.999857	0.000101
2.748853	0.999500	0.000186
2.757209	0.999655	0.000106
2.766630	0.999392	0.000222
2.774950	0.999575	0.000104
2.783797	0.999517	0.000144
2.792513	0.999575	0.000077
2.801124	0.999554	0.000114
2.809145	0.999338	0.000177
2.817656	0.999521	0.000074
2.827110	0.999271	0.000292
2.835748	0.999539	0.000030
2.844244	0.999508	0.000121
2.853787	0.999378	0.000075
2.862634	0.999451	0.000038
2.871136	0.999219	0.000081
2.879292	0.999453	0.000113
2.888403	0.999384	0.000253
2.896683	0.999518	0.000096
2.905369	0.999443	0.000093
2.914161	0.999307	0.000079
2.922325	0.999299	0.000167
2.931987	0.999113	0.000083
2.943146	0.999411	0.000072
2.953741	0.999192	0.000162
2.962234	0.999371	0.000059
2.971946	0.999203	0.000221
2.981372	0.999260	0.000023
2.989548	0.999470	0.000128
2.997110	0.999096	0.000141
3.004905	0.999238	0.000084
3.014600	0.998939	0.000159
3.023286	0.999327	0.000142
3.032063	0.999263	0.000127
3.040034	0.998994	0.000253
3.049210	0.999176	0.000047
3.058290	0.999134	0.000359
3.067772	0.999374	0.000023
3.076663	0.998953	0.000060
3.086175	0.999232	0.000097
3.094811	0.999197	0.000177
3.105053	0.999204	0.000050
3.115303	0.999221	0.000002
3.123417	0.999127	0.000177
3.132656	0.999186	0.000051
3.143632	0.999040	0.000197
3.153390	0.999225	0.000016
3.163209	0.999161	0.000314
3.172519	0.999218	0.000098
3.181588	0.999084	0.000278
3.189708	0.999439	0.000185
3.199541	0.998963	0.000089
3.206682	0.999561	0.000152
3.215669	0.999520	0.000034
3.223994	0.999260	0.000118
3.231767	0.999582	0.000102
3.241201	0.999252	0.000156
3.250201	0.999482	0.000069
3.259725	0.999444	0.000086
3.268405	0.999504	0.000087
3.277963	0.999374	0.000164
3.286556	0.999624	0.000191
3.295469	0.999376	0.000077
3.304627	0.999671	0.000084
3.314595	0.999852	0.000131
3.324727	0.999893	0.000016
3.333905	1.000003	0.000001
3.343191	1.000095	0.000170
3.352050	1.000232	0.000077
3.361534	1.000447	0.000017
3.370654	1.000305	0.000194
3.380789	1.000368	0.000067
3.389163	1.000396	0.000192
3.396420	1.000657	0.000083
3.404641	1.000622	0.000093
3.413054	1.000712	0.000123
3.421517	1.000921	0.000058
3.430819	1.000856	0.000065
3.439628	1.001278	0.000093
3.448813	1.001164	0.000013
3.457233	1.001435	0.000076
3.467513	1.001535	0.000025
3.476651	1.001570	0.000264
3.485718	1.001559	0.000138
3.494515	1.001898	0.000302
3.502797	1.002077	0.000311
3.511702	1.001984	0.000032
3.520966	1.002452	0.000062
3.530108	1.002487	0.000089
3.538898	1.002595	0.000031
3.548289	1.002703	0.000149
3.557053	1.002849	0.000250
3.565581	1.002914	0.000009
3.575381	1.003391	0.000756
3.583762	1.003362	0.000150
3.593569	1.003673	0.000528
3.602642	1.003439	0.000045
3.613100	1.003601	0.000177
3.621297	1.003568	0.000243
3.630789	1.003830	0.000088
3.639575	1.003767	0.000275
3.649260	1.003825	0.000119
3.657366	1.003419	0.000143
3.665617	1.003987	0.000009
3.674539	1.003664	0.000302
3.683280	1.004009	0.000076
3.692842	1.004136	0.000133
3.701663	1.003999	0.000216
3.710079	1.004101	0.000029
3.718708	1.003961	0.000043
3.726366	1.003933	0.000121
3.735214	1.003898	0.000075
3.743670	1.003792	0.000070
3.752524	1.003820	0.000026
3.764151	1.003518	0.000015
3.773442	1.003667	0.000067
3.783131	1.003519	0.000268
3.791339	1.003532	0.000127
3.801054	1.003380	0.000192
3.809339	1.003239	0.000083
3.818377	1.003138	0.000051
3.827390	1.002930	0.000023
3.835348	1.002880	0.000161
3.847333	1.002460	0.000146
3.854750	1.002453	0.000095
3.864253	1.002268	0.000297
3.874340	1.002243	0.000125
3.882909	1.002090	0.000017
3.891441	1.001902	0.000062
3.900399	1.001751	0.000068
3.910322	1.001471	0.000169
3.919984	1.001281	0.000201
3.930334	1.001093	0.000015
3.938943	1.001101	0.000025
3.948986	1.000579	0.000034
3.956692	1.000953	0.000095
3.965219	1.000670	0.000106
3.974785	1.000652	0.000003
3.984532	1.000349	0.000031
3.994058	1.000166	0.000069
4.002507	1.000334	0.000204
4.011865	1.000003	0.000145
4.019192	1.000111	0.000128
4.027612	1.000018	0.000314
4.037281	0.999802	0.000031
4.045966	0.999717	0.000152
4.056496	0.999719	0.000132
4.064726	0.999709	0.000104
4.074122	0.999631	0.000043
4.082510	0.999485	0.000047
4.090656	0.999579	0.000098
4.099665	0.999397	0.000034
4.108777	0.999356	0.000102
4.119152	0.999344	0.000047
4.128653	0.999310	0.000103
4.136748	0.999206	0.000060
4.147358	0.999190	0.000054
4.156238	0.999499	0.000199
4.165024	0.999243	0.000172
4.174122	0.999378	0.000116
4.182751	0.999190	0.000138
4.190473	0.999313	0.000217
4.198683	0.999400	0.000072
4.206692	0.999130	0.000003
4.214201	0.999069	0.000025
4.222323	0.999759	0.000271
4.230741	0.999406	0.000027
4.239588	0.999198	0.000235
4.247517	0.999279	0.000090
4.255801	0.999257	0.000080
4.264708	0.999166	0.000131
4.272910	0.999396	0.000047
4.280440	0.999151	0.000291
4.289585	0.999290	0.000056
4.297860	0.999168	0.000117
4.306496	0.999213	0.000111
4.315463	0.999289	0.000096
4.324461	0.999413	0.000001
4.332510	0.999362	0.000018
4.341863	0.999433	0.000034
4.351180	0.999341	0.000038
4.361564	0.999495	0.000079
4.371018	0.999578	0.000110
4.378653	0.999327	0.000029
4.387002	0.999444	0.000004
4.395798	0.999396	0.000121
4.403691	0.999322	0.000024
4.412573	0.999476	0.000023
4.420740	0.999211	0.000129
4.428885	0.999566	0.000051
4.437468	0.999365	0.000176
4.445361	0.999473	0.000156
4.453591	0.999577	0.000050
4.461537	0.999509	0.000184
4.473208	0.999529	0.000167
4.481985	0.999516	0.000219
4.489578	0.999751	0.000145
4.497527	0.999629	0.000109
4.506021	0.999612	0.000124
4.515486	0.999530	0.000182
4.525437	0.999668	0.000176
4.533568	0.999853	0.000163
4.542006	0.999764	0.000078
4.551841	0.999512	0.000086
4.562468	0.999787	0.000035
4.571004	0.999701	0.000140
4.580088	0.999699	0.000023
4.588451	0.999534	0.000237
4.596670	0.999950	0.000240
4.604760	0.999788	0.000084
4.613902	0.999573	0.000132
4.623362	0.999861	0.000135
4.631416	0.999630	0.000106
4.640097	0.999905	0.000025
4.647900	0.999691	0.000014
4.656859	0.999875	0.000107
4.666229	0.999957	0.000186
4.675296	0.999764	0.000292
4.684258	0.999865	0.000093
4.692641	0.999831	0.000137
4.702064	1.000057	0.000134
4.710400	1.000075	0.000034
4.718593	0.999822	0.000015
4.728915	1.000079	0.000049
4.736614	0.999891	0.000155
4.746488	1.000080	0.000071
4.754022	1.000909	0.001162
4.762099	1.000085	0.000067
4.770788	1.000047	0.000011
4.780643	0.999912	0.000186
4.790235	1.000600	0.000728
4.797541	0.999796	0.000021
4.806478	1.000059	0.000025
4.814181	1.000148	0.000099
4.823238	1.000040	0.000110
4.832999	1.000122	0.000142
4.841191	1.000130	0.000062
4.850136	1.000069	0.000114
4.858560	0.999940	0.000162
4.866928	1.000248	0.000207
4.877080	1.000146	0.000248
4.884620	1.000192	0.000276
4.893878	1.000046	0.000038
4.902100	1.000489	0.000057
4.910686	1.000180	0.000049
4.919149	0.999863	0.000174
4.928460	1.000244	0.000199
4.937670	0.999993	0.000149
4.945535	1.000338	0.000189
4.954108	0.999990	0.000269
4.961662	1.000128	0.000238
4.969184	1.000090	0.000115
4.977903	1.000310	0.000074
4.985576	1.000116	0.000089
4.994086	1.000047	0.000075
5.002544	1.000106	0.000143
5.010498	1.000166	0.000005
5.019395	1.000218	0.000024
5.027662	1.000212	0.000270
5.036063	1.000216	0.000075
5.046312	1.000032	0.000045
5.054070	1.000201	0.000076
5.063536	1.000186	0.000004
5.072200	1.000082	0.000098
5.080809	1.000264	0.000079
5.088150	1.000029	0.000031
5.098984	1.000390	0.000056
5.106694	1.000131	0.000074
5.114375	1.000092	0.000118
5.123681	1.000377	0.000127
5.131842	1.000295	0.000074
5.139926	1.000259	0.000244
5.148104	1.000284	0.000130
5.155957	1.000362	0.000058
5.164351	1.000473	0.000072
5.172258	1.000276	0.000133
5.180575	1.000158	0.000138
5.188499	1.000318	0.000229
5.196538	1.000234	0.000021
5.206200	1.000231	0.000140
5.213976	1.000202	0.000101
5.223108	1.000157	0.000108
5.231444	1.000259	0.000102
5.239754	1.000193	0.000037
5.248645	1.000317	0.000089
5.259271	1.000116	0.000057
5.268521	1.000434	0.000204
5.276408	1.000082	0.000082
5.284813	1.000230	0.000180
5.293589	1.000154	0.000094
5.302105	1.000154	0.000099
5.311243	1.000327	0.000026
5.319603	1.000141	0.000185
5.327426	1.000191	0.000267
5.335360	1.000114	0.000238
5.343660	1.000012	0.000073
5.352903	1.000250	0.000181
5.361263	0.999902	0.000017
5.369826	1.000307	0.000231
5.378322	1.000223	0.000206
5.387099	1.000205	0.000009
5.395788	1.000310	0.000218
5.405606	1.000040	0.000037
5.414530	1.000245	0.000222
5.423701	1.000088	0.000208
5.432326	1.000232	0.000321
5.440822	1.000065	0.000007
5.450386	1.000256	0.000161
5.458744	1.000210	0.000021
5.468243	0.999966	0.000081
5.477993	1.000418	0.000041
5.487207	1.000105	0.000039
5.496758	1.000280	0.000059
5.505490	1.000198	0.000138
5.514119	1.000191	0.000141
5.522860	1.000235	0.000068
5.532271	1.000065	0.000038
5.542008	1.000322	0.000173
5.551982	1.000329	0.000056
5.561590	1.000151	0.000083
5.569603	1.000107	0.000003
5.578244	1.000368	0.000239
5.586313	1.000152	0.000011
5.595595	1.000208	0.000044
5.604330	1.000201	0.000156
5.612944	1.000264	0.000087
5.621469	1.000438	0.000101
5.631784	1.000071	0.000007
5.641101	1.000241	0.000119
5.648695	1.000075	0.000027
5.657169	1.000248	0.000205
5.664994	1.000317	0.000122
5.672928	0.999979	0.000032
5.681847	1.000352	0.000070
5.690047	1.000227	0.000011
5.698588	1.000095	0.000207
5.707713	1.000251	0.000165
5.716249	0.999955	0.000118
5.724268	1.000092	0.000014
5.734582	1.000172	0.000079
5.742940	1.000255	0.000056
5.751202	1.000331	0.000027
5.759417	1.000291	0.000030
5.768309	1.000041	0.000020
5.776242	1.000221	0.000020
5.784722	1.000228	0.000062
5.792862	1.000082	0.000104
5.801290	1.000054	0.000004
5.810219	1.000229	0.000009
5.818768	0.999968	0.000050
5.827268	1.000175	0.000064
5.836634	1.000051	0.000011
5.844882	0.999911	0.000445
5.852484	1.000147	0.000232
5.860428	1.000091	0.000255
5.868996	1.000252	0.000011
5.877913	1.000083	0.000141
5.887069	0.999947	0.000300
5.896982	1.000214	0.000012
5.906983	0.999830	0.000389
5.916229	1.000232	0.000024
5.925035	1.000155	0.000039
5.933646	1.000223	0.000067
5.944651	0.999761	0.000340
5.953925	1.000297	0.000035
5.963243	1.000102	0.000102
5.974210	1.000135	0.000029
5.982997	1.000079	0.000153
5.991441	1.000279	0.000164
5.999627	1.000115	0.000176
6.008902	1.000083	0.000003
6.017968	1.000220	0.000244
6.027396	0.999923	0.000503
6.035405	1.000232	0.000000
6.044457	1.000061	0.000173
6.053232	1.000532	0.000049
6.064429	1.000097	0.000003
6.073771	1.000473	0.000178
6.082139	1.000206	0.000002
6.090822	1.000239	0.000149
6.099296	1.000152	0.000026
6.107997	1.000109	0.000137
6.117892	1.000039	0.000056
6.126202	1.000178	0.000211
6.136153	0.998975	0.000907
6.144385	1.000152	0.000033
6.153897	0.999756	0.000045
6.163193	1.000137	0.000013
6.171718	0.999211	0.001161
6.181516	0.999976	0.000017
6.190094	0.999870	0.000203
6.199793	1.000030	0.000091
6.208179	1.000137	0.000033
6.217639	1.000238	0.000056
6.227033	0.999991	0.000137
6.236752	1.000290	0.000355
6.245427	1.000052	0.000022
6.253837	0.999891	0.000258
6.262319	1.000230	0.000411
6.271721	0.999962	0.000173
6.280867	0.999847	0.000151
6.289505	1.000064	0.000185
6.298071	0.999790	0.000030
6.306245	1.000017	0.000017
6.314908	0.999985	0.000281
6.323899	0.999860	0.000112
6.334319	0.999890	0.000059
6.342988	0.999755	0.000263
6.352095	0.999788	0.000215
6.360087	0.999671	0.000095
6.367920	1.000007	0.000080
6.375989	0.999819	0.000160
6.384269	0.999653	0.000119
6.392102	0.999755	0.000029
6.401571	0.999886	0.000088
6.411824	1.000049	0.000081
6.422729	0.999847	0.000254
6.431654	0.999763	0.000090
6.440024	0.999877	0.000339
6.448831	0.999904	0.000025
6.457967	0.999930	0.000147
6.465908	0.999529	0.000155
6.474306	0.999805	0.000033
6.483473	0.999602	0.000013
6.493783	0.999726	0.000237
6.502590	1.000058	0.000488
6.510872	0.999798	0.000080
6.519701	0.999716	0.000069
6.528997	0.999806	0.000205
6.537719	0.999680	0.000003
6.545885	0.999468	0.000154
6.553941	0.999865	0.000040
6.563020	0.999424	0.000082
6.572361	0.999569	0.000010
6.581730	0.999857	0.000101
6.590609	0.999500	0.000186
6.598965	0.999655	0.000106
6.608385	0.999392	0.000222
6.616705	0.999575	0.000104
6.625552	0.999517	0.000144
6.634269	0.999575	0.000077
6.642880	0.999554	0.000114
6.650901	0.999338	0.000177
6.659412	0.999521	0.000074
6.668866	0.999271	0.000292
6.677504	0.999539	0.000030
6.686000	0.999508	0.000121
6.695542	0.999378	0.000075
6.704389	0.999451	0.000038
6.712892	0.999219	0.000081
6.721048	0.999453	0.000113
6.730159	0.999384	0.000253
6.738439	0.999518	0.000096
6.747125	0.999443	0.000093
6.755917	0.999307	0.000079
6.764081	0.999299	0.000167
6.773743	0.999113	0.000083
6.784902	0.999411	0.000072
6.795497	0.999192	0.000162
6.803989	0.999371	0.000059
6.813702	0.999203	0.000221
6.823128	0.999260	0.000023
6.831303	0.999470	0.000128
6.838866	0.999096	0.000141
6.846661	0.999238	0.000084
6.856356	0.998939	0.000159
6.865042	0.999327	0.000142
6.873819	0.999263	0.000127
6.881790	0.998994	0.000253
6.890966	0.999176	0.000047
6.900045	0.999134	0.000359
6.909528	0.999374	0.000023
6.918419	0.998953	0.000060
6.927931	0.999232	0.000097
6.936567	0.999197	0.000177
6.946809	0.999204	0.000050
6.957059	0.999221	0.000002
6.965172	0.999127	0.000177
6.974412	0.999186	0.000051
6.985388	0.999040	0.000197
6.995146	0.999225	0.000016
7.004965	0.999161	0.000314
7.014275	0.999218	0.000098
7.023344	0.999084	0.000278
7.031464	0.999439	0.000185
7.041297	0.998963	0.000089
7.048438	0.999561	0.000152
7.057425	0.999520	0.000034
7.065750	0.999260	0.000118
7.073523	0.999582	0.000102
7.082957	0.999252	0.000156
7.091957	0.999482	0.000069
7.101481	0.999444	0.000086
7.110160	0.999504	0.000087
7.119719	0.999374	0.000164
7.128312	0.999624	0.000191
7.137225	0.999376	0.000077
7.146382	0.999671	0.000084
7.156351	0.999852	0.000131
7.166483	0.999893	0.000016
7.175660	1.000003	0.000001
7.184946	1.000095	0.000170
7.193805	1.000232	0.000077
7.203290	1.000447	0.000017
7.212410	1.000305	0.000194
7.222545	1.000368	0.000067
7.230919	1.000396	0.000192
7.238176	1.000657	0.000083
7.246397	1.000622	0.000093
7.254810	1.000712	0.000123
7.263273	1.000921	0.000058
7.272575	1.000856	0.000065
7.281384	1.001278	0.000093
7.290569	1.001164	0.000013
7.298989	1.001435	0.000076
7.309269	1.001535	0.000025
7.318407	1.001570	0.000264
7.327474	1.001559	0.000138
7.336271	1.001898	0.000302
7.344553	1.002077	0.000311
7.353458	1.001984	0.000032
7.362721	1.002452	0.000062
7.371864	1.002487	0.000089
7.380654	1.002595	0.000031
7.390044	1.002703	0.000149
7.398809	1.002849	0.000250
7.407337	1.002914	0.000009
7.417137	1.003391	0.000756
7.425518	1.003362	0.000150
7.435325	1.003673	0.000528
7.444398	1.003439	0.000045
7.454856	1.003601	0.000177
7.463052	1.003568	0.000243
7.472545	1.003830	0.000088
7.481331	1.003767	0.000275
7.491016	1.003825	0.000119
7.499122	1.003419	0.000143
7.507373	1.003987	0.000009
7.516295	1.003664	0.000302
7.525035	1.004009	0.000076
7.534598	1.004136	0.000133
7.543419	1.003999	0.000216
7.551835	1.004101	0.000029
7.560463	1.003961	0.000043
7.568122	1.003933	0.000121
7.576970	1.003898	0.000075
7.585425	1.003792	0.000070
7.594280	1.003820	0.000026
7.605907	1.003518	0.000015
7.615198	1.003667	0.000067
7.624887	1.003519	0.000268
7.633095	1.003532	0.000127
7.642810	1.003380	0.000192
7.651095	1.003239	0.000083
7.660132	1.003138	0.000051
7.669146	1.002930	0.000023
7.677103	1.002880	0.000161
