82
0.020502	1.001808	0.000904
0.065061	1.002308	0.000370
0.112172	1.004165	0.000037
0.153842	1.005026	0.000086
0.196453	1.005970	0.000239
0.246304	1.005870	0.000324
0.286043	1.006683	0.001949
0.320954	1.006385	0.000533
0.355753	1.003738	0.000058
0.390193	1.003229	0.001048
0.425134	1.003375	0.000160
0.459913	1.002039	0.000142
0.494383	1.001121	0.000540
0.529793	1.000618	0.000705
0.567765	1.000163	0.000172
0.602072	1.000045	0.000108
0.639073	1.000125	0.000043
0.680753	1.000059	0.000095
0.722403	0.999641	0.000360
0.764073	0.999916	0.000291
0.816012	1.000282	0.000077
0.867623	1.000019	0.000575
0.913753	1.000270	0.000330
0.955753	1.000165	0.000487
0.999493	1.000001	0.001178
1.046321	0.999893	0.000286
1.094703	1.000417	0.000473
1.145013	1.000275	0.000655
1.190071	0.999906	0.000321
1.240533	0.998736	0.000188
1.288763	0.999643	0.000191
1.334913	0.999398	0.000507
1.376583	0.999560	0.000896
1.418263	0.999980	0.000179
1.459923	0.999483	0.000317
1.503673	0.999293	0.000111
1.549503	0.999538	0.000223
1.596294	0.999302	0.000168
1.639093	0.999640	0.000080
1.689093	0.999560	0.000175
1.734923	0.999440	0.000127
1.776603	0.999925	0.000176
1.822443	1.000218	0.000217
1.864093	1.000087	0.000244
1.905773	0.999656	0.000013
1.947443	0.999644	0.000072
1.989093	1.000197	0.000044
2.034953	0.999900	0.000538
2.076603	0.999721	0.000341
2.118273	0.999321	0.000315
2.159953	0.999437	0.000339
2.201603	0.999793	0.000037
2.243273	0.999820	0.000340
2.284953	1.000014	0.000275
2.329964	0.999340	0.000477
2.374523	0.999356	0.000369
2.418283	0.999536	0.000351
2.464912	1.000275	0.000085
2.512984	0.999829	0.000276
2.562344	0.999922	0.000478
2.613625	0.999295	0.000469
2.665536	0.999617	0.000313
2.719065	0.999847	0.000171
2.774675	0.999924	0.000330
2.827395	0.999503	0.000036
2.878845	1.000004	0.000179
2.931565	0.999846	0.000397
2.983005	1.000289	0.000446
3.035735	0.999365	0.000073
3.088625	0.999527	0.000104
3.144696	1.000022	0.000199
3.196955	0.999909	0.000049
3.249995	0.992664	0.001286
3.294564	0.993977	0.002914
3.336224	0.994846	0.002555
3.377884	0.995789	0.002087
3.423404	0.998355	0.000374
3.465394	0.997238	0.002549
3.507064	0.997785	0.002357
3.548734	0.998612	0.001751
3.590394	0.999599	0.001740
3.636244	1.000855	0.000630
3.690404	1.001808	0.000904
3.734963	1.002308	0.000370
3.782074	1.004165	0.000037
3.823744	1.005026	0.000086
3.866355	1.005970	0.000239
3.916206	1.005870	0.000324
3.955945	1.006683	0.001949
3.990856	1.006385	0.000533
4.025656	1.003738	0.000058
4.060095	1.003229	0.001048
4.095036	1.003375	0.000160
4.129816	1.002039	0.000142
4.164285	1.001121	0.000540
4.199695	1.000618	0.000705
4.237667	1.000163	0.000172
4.271975	1.000045	0.000108
4.308976	1.000125	0.000043
4.350656	1.000059	0.000095
4.392306	0.999641	0.000360
4.433976	0.999916	0.000291
4.485914	1.000282	0.000077
4.537525	1.000019	0.000575
4.583655	1.000270	0.000330
4.625656	1.000165	0.000487
4.669396	1.000001	0.001178
4.716223	0.999893	0.000286
4.764605	1.000417	0.000473
4.814915	1.000275	0.000655
4.859973	0.999906	0.000321
4.910435	0.998736	0.000188
4.958665	0.999643	0.000191
5.004816	0.999398	0.000507
5.046486	0.999560	0.000896
5.088166	0.999980	0.000179
5.129826	0.999483	0.000317
5.173576	0.999293	0.000111
5.219406	0.999538	0.000223
5.266196	0.999302	0.000168
5.308996	0.999640	0.000080
5.358996	0.999560	0.000175
5.404826	0.999440	0.000127
5.446506	0.999925	0.000176
5.492346	1.000218	0.000217
5.533996	1.000087	0.000244
5.575676	0.999656	0.000013
5.617346	0.999644	0.000072
5.658996	1.000197	0.000044
5.704856	0.999900	0.000538
5.746506	0.999721	0.000341
5.788176	0.999321	0.000315
5.829856	0.999437	0.000339
5.871506	0.999793	0.000037
5.913176	0.999820	0.000340
5.954856	1.000014	0.000275
5.999867	0.999340	0.000477
6.044426	0.999356	0.000369
6.088186	0.999536	0.000351
6.134815	1.000275	0.000085
6.182886	0.999829	0.000276
6.232246	0.999922	0.000478
6.283527	0.999295	0.000469
6.335438	0.999617	0.000313
6.388968	0.999847	0.000171
6.444577	0.999924	0.000330
6.497298	0.999503	0.000036
6.548747	1.000004	0.000179
6.601468	0.999846	0.000397
6.652907	1.000289	0.000446
6.705638	0.999365	0.000073
6.758527	0.999527	0.000104
6.814598	1.000022	0.000199
6.866857	0.999909	0.000049
6.919898	0.992664	0.001286
6.964467	0.993977	0.002914
7.006127	0.994846	0.002555
7.047787	0.995789	0.002087
7.093306	0.998355	0.000374
7.135297	0.997238	0.002549
7.176967	0.997785	0.002357
7.218637	0.998612	0.001751
7.260297	0.999599	0.001740
7.306147	1.000855	0.000630
