512
0.005966	1.020116	0.002245
0.014659	1.008296	0.004278
0.023822	1.008237	0.001641
0.032705	1.014846	0.004324
0.042078	0.999810	0.000378
0.051907	1.006039	0.002489
0.061528	1.011137	0.001391
0.071539	1.004873	0.000504
0.081610	1.004333	0.006268
0.091876	1.003894	0.001126
0.101455	1.006731	0.003264
0.111793	1.003273	0.002519
0.120974	1.002364	0.000207
0.131737	1.001763	0.002471
0.140568	1.001900	0.000199
0.149814	1.001777	0.000856
0.160716	1.001058	0.000544
0.172325	1.000597	0.000641
0.182828	1.000153	0.000058
0.194237	0.999856	0.000072
0.203613	1.000492	0.000566
0.214316	1.000223	0.000291
0.224155	1.000186	0.000262
0.236390	1.000192	0.000026
0.246762	0.999538	0.000002
0.256845	0.999519	0.000494
0.266162	0.999781	0.000268
0.276658	0.998462	0.000119
0.286368	0.999976	0.000125
0.295404	0.995433	0.003780
0.304990	0.999117	0.000256
0.316055	0.998813	0.000299
0.327159	0.999420	0.000086
0.335389	0.992754	0.008457
0.343547	0.999086	0.000421
0.352103	0.999118	0.000377
0.360574	0.994006	0.000567
0.369080	0.999458	0.000192
0.377936	0.994044	0.004367
0.387381	0.999473	0.000031
0.396232	0.999330	0.001160
0.404416	0.995193	0.007103
0.413611	0.998737	0.000684
0.422380	0.995152	0.000604
0.432198	0.999838	0.000320
0.440436	0.996401	0.002981
0.449945	0.999149	0.000095
0.459683	0.996897	0.005217
0.469293	0.999574	0.000339
0.477861	0.999654	0.000087
0.486849	0.997860	0.001753
0.496471	0.999767	0.000550
0.504821	0.997276	0.000625
0.514950	0.999868	0.000030
0.523756	0.997860	0.001981
0.532715	0.999256	0.000141
0.541449	0.999745	0.000250
0.550749	0.997672	0.002718
0.560325	0.999343	0.000347
0.569120	0.998152	0.000527
0.578068	0.999623	0.000182
0.586839	0.998429	0.001409
0.596906	0.998973	0.000370
0.605405	0.998255	0.001787
0.614180	0.999081	0.000051
0.622933	0.999280	0.000426
0.631620	0.998237	0.000112
0.640650	0.998829	0.000682
0.649656	0.998663	0.000329
0.659186	0.999354	0.000100
0.667915	0.998675	0.001058
0.677619	0.998761	0.000118
0.687892	0.999114	0.000490
0.696599	0.998694	0.001136
0.706175	0.998964	0.000184
0.715737	0.998693	0.000757
0.724853	0.999273	0.000313
0.733670	0.999272	0.000418
0.742804	0.999305	0.000217
0.751255	0.999178	0.001122
0.760040	0.999383	0.000506
0.768783	1.000094	0.000395
0.777466	0.998770	0.000348
0.787353	0.999589	0.000305
0.795496	0.999124	0.000586
0.804597	0.999743	0.000331
0.813863	0.998563	0.000187
0.823453	0.999838	0.000194
0.833179	0.999970	0.000536
0.844391	0.999826	0.000772
0.854368	0.999363	0.000022
0.863249	0.999376	0.000252
0.872524	0.999605	0.000211
0.881620	0.999392	0.000259
0.891242	0.998703	0.000643
0.899656	0.999348	0.000489
0.908610	0.999713	0.000086
0.917062	0.999148	0.000825
0.925759	0.998955	0.000567
0.934733	0.999640	0.000299
0.943240	0.999177	0.000118
0.952342	0.998896	0.000136
0.961256	0.999499	0.000086
0.970215	0.999345	0.000130
0.978668	0.999512	0.000564
0.987461	0.999200	0.000130
0.995869	1.017868	0.023042
1.003196	1.033805	0.004895
1.012479	1.014716	0.010003
1.020047	1.013384	0.008917
1.028024	1.012637	0.000147
1.036767	1.011882	0.009944
1.044383	1.010935	0.009604
1.052506	1.020143	0.002387
1.060337	1.008429	0.011777
1.068037	1.007850	0.005572
1.075783	1.007232	0.002456
1.083237	1.006545	0.001582
1.091126	1.005235	0.002342
1.099267	1.004825	0.003987
1.106434	1.003862	0.003953
1.114192	1.007667	0.000539
1.122259	1.002730	0.004497
1.130537	1.002076	0.002005
1.139160	1.001394	0.000155
1.146541	1.001697	0.000465
1.155433	1.001629	0.000566
1.163923	0.999684	0.000068
1.172197	1.000492	0.000116
1.179933	0.999694	0.000260
1.187397	0.999743	0.000407
1.195801	0.999330	0.000266
1.204239	0.999265	0.000528
1.211360	0.999081	0.000109
1.219186	0.999482	0.000060
1.227017	0.999559	0.000228
1.234697	0.999248	0.000051
1.242433	0.999935	0.000426
1.250296	0.999868	0.000006
1.258496	0.999618	0.000115
1.266739	0.999743	0.000425
1.273860	1.000558	0.000463
1.281696	0.999828	0.000967
1.289517	1.000470	0.000536
1.297305	0.999806	0.000549
1.305800	0.999952	0.000085
1.313211	1.000111	0.000226
1.320996	1.000168	0.000037
1.329239	0.999971	0.000163
1.336360	1.000683	0.000096
1.344186	0.999974	0.000009
1.352017	1.000428	0.000167
1.360505	1.000391	0.000350
1.368300	1.000403	0.000219
1.376451	1.000692	0.000147
1.384944	1.000433	0.000193
1.393412	1.000771	0.000265
1.401347	1.000432	0.000194
1.409123	1.000620	0.000210
1.416567	1.000551	0.000267
1.424466	1.000467	0.000678
1.432587	1.000896	0.000058
1.440341	1.000702	0.000531
1.449076	1.000419	0.000687
1.456857	1.000148	0.000007
1.464844	1.000525	0.000324
1.473394	1.000573	0.000034
1.480637	1.000752	0.000491
1.488809	0.999912	0.000115
1.497233	1.000056	0.000219
1.505441	1.000632	0.000189
1.513283	0.999824	0.000537
1.520737	1.000067	0.000000
1.528626	1.000115	0.000483
1.536777	0.999961	0.000072
1.543934	0.999759	0.000024
1.552382	0.999505	0.000037
1.560337	0.999985	0.000046
1.568037	1.000171	0.000289
1.575783	1.000118	0.000521
1.583237	0.999510	0.000206
1.591535	0.999595	0.000179
1.600059	0.999870	0.000116
1.607200	1.000024	0.000177
1.615006	0.999411	0.000150
1.622837	0.999164	0.000044
1.630758	0.999115	0.000293
1.639160	0.999377	0.000300
1.647281	1.000119	0.000381
1.655802	0.999316	0.000218
1.663923	0.999589	0.000161
1.671300	0.998485	0.000738
1.679129	0.999255	0.000409
1.686903	0.999390	0.000424
1.695597	0.998974	0.000114
1.704239	0.999629	0.000004
1.711360	0.999202	0.000100
1.719926	0.999276	0.000080
1.727667	0.999853	0.000890
1.735495	0.998700	0.000138
1.743300	0.999338	0.000046
1.750711	0.999155	0.000495
1.758496	0.999137	0.000412
1.767722	0.998830	0.000029
1.775460	0.999383	0.000090
1.783319	0.999331	0.000175
1.791292	0.998904	0.000481
1.799650	0.999308	0.000110
1.808395	0.999099	0.000765
1.816338	0.999906	0.000390
1.825184	0.999895	0.000063
1.833836	0.995381	0.000318
1.841826	0.999438	0.000180
1.850757	0.999331	0.000602
1.860144	0.999178	0.000405
1.869204	0.999458	0.000634
1.877759	0.999040	0.000171
1.885846	0.999263	0.000318
1.894197	0.999825	0.000783
1.903142	0.999654	0.000727
1.912274	0.999436	0.000001
1.920498	0.999425	0.000042
1.928331	0.999505	0.000314
1.936821	0.999178	0.000318
1.945500	0.999805	0.000228
1.954627	0.999699	0.000040
1.963546	0.999834	0.000275
1.972382	0.999741	0.000307
1.980539	0.999796	0.000265
1.988404	0.999475	0.000061
1.996656	0.999295	0.000010
2.005334	0.999752	0.000418
2.013283	0.999995	0.000167
2.021346	1.000016	0.000234
2.029326	1.000175	0.000036
2.037565	0.999789	0.000014
2.045498	0.999828	0.000425
2.053331	0.999983	0.000243
2.061324	0.999718	0.000621
2.069606	0.999609	0.000258
2.077564	0.999520	0.000420
2.085503	0.999218	0.000613
2.093468	0.999604	0.000065
2.102334	0.999386	0.000348
2.111472	0.999852	0.000090
2.120604	0.999035	0.000022
2.129522	1.017719	0.022796
2.137684	0.999555	0.000058
2.146794	0.998847	0.000271
2.155088	1.015483	0.008367
2.163931	0.998913	0.000487
2.172989	1.013595	0.011089
2.181203	0.998948	0.000044
2.190249	0.999506	0.000069
2.198369	1.010920	0.013584
2.207874	0.998990	0.000431
2.216830	1.009965	0.002305
2.225643	0.998442	0.000184
2.234595	1.008359	0.009398
2.242728	0.998808	0.000215
2.252635	0.999003	0.000381
2.261683	0.998510	0.000284
2.270861	0.998911	0.000062
2.279330	1.005416	0.001476
2.288143	0.998328	0.000112
2.297095	1.004546	0.006323
2.305238	0.998626	0.000306
2.314376	0.998708	0.000453
2.322837	1.003493	0.004058
2.332380	0.998010	0.000102
2.341130	1.002993	0.000772
2.349774	0.997734	0.000043
2.358702	1.002126	0.005650
2.366854	0.998415	0.000326
2.375954	0.998034	0.000082
2.384839	0.997866	0.000070
2.394014	0.997667	0.000120
2.402940	1.001391	0.002051
2.411504	0.997730	0.000024
2.421202	1.000977	0.003994
2.429354	0.997892	0.000319
2.439268	0.998050	0.000034
2.447516	1.000796	0.002119
2.457124	0.994562	0.001606
2.466140	1.000053	0.000381
2.474774	0.997917	0.000053
2.483702	0.999906	0.003026
2.491854	0.997368	0.000176
2.500954	0.997771	0.000079
2.509238	0.999908	0.001046
2.518889	0.997462	0.000461
2.527940	0.998890	0.001481
2.537433	0.997611	0.000764
2.547105	0.998645	0.001788
2.556582	0.996573	0.000369
2.566134	0.997402	0.000835
2.574459	0.998422	0.001695
2.584294	0.997032	0.000307
2.592598	0.998408	0.000736
2.604024	0.996862	0.000198
2.613253	0.998400	0.000493
2.623039	0.992186	0.003633
2.632090	0.997725	0.001476
2.640949	0.996884	0.000276
2.650352	0.997715	0.000541
2.658888	0.997045	0.000462
2.669457	0.997372	0.000317
2.679087	0.997584	0.000794
2.690249	0.997348	0.000078
2.699369	0.996610	0.000658
2.710206	0.996217	0.000027
2.718386	0.996978	0.000059
2.729024	0.996306	0.000074
2.738163	0.996789	0.000334
2.750156	0.995610	0.000504
2.759238	0.997171	0.000027
2.768889	0.995988	0.000001
2.777940	0.996394	0.000363
2.786759	0.996244	0.000234
2.796417	0.995322	0.000020
2.805591	0.996098	0.000144
2.815249	0.996234	0.000164
2.824148	0.995402	0.000620
2.834294	0.992812	0.000353
2.843199	0.996171	0.000294
2.854257	0.995259	0.000539
2.863408	0.995489	0.000463
2.873039	0.990349	0.003271
2.882322	0.995205	0.000682
2.892012	0.995893	0.000325
2.901255	0.994863	0.000256
2.909771	0.994851	0.000159
2.919429	0.994975	0.000078
2.927618	0.994302	0.000443
2.937521	0.994830	0.000011
2.945990	0.994571	0.000087
2.955398	0.994718	0.000707
2.964659	0.994171	0.000233
2.973252	0.995143	0.000092
2.982824	0.991347	0.004391
2.991119	0.994713	0.000627
3.000944	0.995135	0.000141
3.009248	0.995267	0.001487
3.018889	0.990592	0.003000
3.027940	0.994797	0.000862
3.036759	0.996076	0.000312
3.046202	0.994338	0.000242
3.054600	0.995406	0.000064
3.064366	0.993966	0.002268
3.072536	0.995768	0.001687
3.082380	0.996932	0.000163
3.091653	0.996858	0.000283
3.101218	0.994287	0.005146
3.110694	0.997493	0.000277
3.120285	0.999282	0.000024
3.130425	0.998419	0.000116
3.138941	0.999631	0.000271
3.150378	0.999795	0.000771
3.159771	1.000651	0.000273
3.170263	1.002157	0.001348
3.179600	1.002297	0.000528
3.189435	1.002615	0.000929
3.198769	1.003636	0.001267
3.209595	1.004794	0.001258
3.218775	1.004283	0.001260
3.230647	1.005764	0.001268
3.239196	1.005793	0.002242
3.249963	1.005869	0.000172
3.260337	1.006740	0.001152
3.272376	1.007048	0.000336
3.282186	1.008197	0.001072
3.294403	1.008751	0.000452
3.304097	1.008929	0.000387
3.315233	1.009863	0.000346
3.324937	1.010208	0.000142
3.337054	1.010508	0.000779
3.346856	1.011310	0.000004
3.357894	1.011006	0.000208
3.367686	1.011467	0.000035
3.378724	1.011152	0.000458
3.388861	1.011383	0.000412
3.402541	1.011584	0.000792
3.413221	0.992514	0.016471
3.424169	1.011063	0.000490
3.435068	1.010336	0.000013
3.445883	1.010744	0.000099
3.457681	1.009349	0.000875
3.467618	1.010294	0.000214
3.479548	1.009255	0.000221
3.489798	1.009299	0.000676
3.500948	1.008093	0.000584
3.510337	1.008841	0.000101
3.521690	1.008176	0.000198
3.532186	1.007548	0.000744
3.542618	1.006342	0.000298
3.551997	1.007490	0.000412
3.562525	1.005625	0.000148
3.571778	1.006931	0.000156
3.583080	1.004617	0.000062
3.592618	1.005576	0.000170
3.603194	1.005116	0.000046
3.612553	1.004886	0.000125
3.623043	1.004462	0.000018
3.632489	1.004272	0.000246
3.643199	1.003724	0.000114
3.653339	1.004067	0.000048
3.663594	1.004044	0.000232
3.673381	1.003630	0.000152
3.683355	1.003567	0.000032
3.693216	1.003480	0.000485
3.703301	1.003848	0.000198
3.714066	1.002598	0.000334
3.723926	1.003092	0.000113
3.733987	1.002612	0.000077
3.743683	1.003404	0.000139
3.753816	1.002693	0.000157
3.763536	1.003165	0.000145
3.774450	1.002686	0.000630
3.784356	1.003103	0.000470
3.794501	1.002568	0.000983
3.804097	1.002718	0.000107
3.814429	1.002978	0.000415
3.823866	1.002077	0.000288
3.834298	1.003173	0.000034
3.843667	1.002233	0.000476
3.855726	1.002048	0.000793
3.865526	1.002049	0.000317
3.875948	1.002379	0.000105
3.885337	1.002030	0.000483
3.896718	1.002745	0.000225
3.906167	1.001664	0.000008
3.917431	1.002733	0.000569
3.928026	1.002546	0.000283
3.938448	1.001932	0.000226
3.948876	1.001990	0.000094
3.959298	1.002230	0.000508
3.970757	1.002906	0.000147
3.981127	1.001980	0.000221
3.991597	1.002457	0.000196
4.002958	1.002544	0.000037
4.013542	1.002721	0.000127
4.024871	1.003062	0.000453
4.035363	1.002678	0.000063
4.046631	1.002306	0.000519
4.057266	1.002720	0.000205
4.067538	1.002589	0.000426
4.078116	1.002716	0.000202
4.088378	1.002637	0.000335
4.099229	1.002445	0.000093
4.110219	1.002184	0.000117
4.120855	1.002367	0.000041
4.131039	1.002435	0.000446
4.141906	1.002339	0.000392
4.152871	1.002124	0.000519
4.163614	1.001976	0.000642
4.173711	1.001925	0.000157
4.184444	1.002131	0.000590
4.194541	1.002164	0.000218
4.205284	1.002342	0.000264
4.216352	1.000636	0.000083
4.228910	1.001789	0.000006
4.239369	1.001593	0.000654
4.250025	1.001747	0.000187
4.260219	1.001407	0.000905
4.270855	1.001846	0.000064
4.281039	1.001013	0.000728
4.291695	1.001734	0.000217
4.301869	1.001555	0.000556
4.312535	1.001659	0.000032
4.322719	1.001289	0.001151
4.333905	1.001357	0.000163
4.344706	1.002090	0.000788
4.355834	1.001750	0.000170
4.369381	1.002423	0.000661
4.380038	1.002160	0.000230
4.390606	1.001710	0.000082
4.400868	1.001346	0.000213
4.411446	1.001549	0.000432
4.421728	1.001363	0.000516
4.433155	1.001536	0.000041
4.443539	1.001814	0.000198
4.454396	1.001640	0.000039
4.465759	1.001434	0.000060
4.478724	1.001853	0.000272
4.489369	1.001457	0.000632
4.500771	1.001255	0.000290
4.511366	1.001703	0.000058
4.522679	1.000961	0.000361
4.533277	1.001070	0.000049
4.543637	1.000689	0.000230
4.554097	1.000899	0.000019
4.564477	1.000853	0.000364
4.574927	1.000904	0.000193
4.586278	1.000672	0.000223
4.596876	1.000822	0.000072
4.607138	1.000159	0.000692
4.618606	1.000799	0.000372
4.629041	0.999454	0.000114
4.639621	1.000731	0.000433
4.652171	0.999921	0.000247
4.666420	1.000637	0.000247
4.676879	0.999701	0.000320
4.687535	1.000479	0.000047
4.697709	1.000240	0.000429
4.708905	1.000455	0.000611
4.719308	1.019528	0.015825
4.729319	1.018669	0.005900
4.738301	1.033015	0.008315
4.748380	0.999640	0.000115
4.758323	1.013925	0.012582
4.768986	1.011636	0.004973
4.778259	1.010851	0.005521
4.787754	1.020116	0.002245
4.796447	1.008296	0.004278
4.805611	1.008237	0.001641
4.814493	1.014846	0.004324
4.823866	0.999810	0.000378
4.833696	1.006039	0.002489
4.843316	1.011137	0.001391
4.853328	1.004873	0.000504
4.863398	1.004333	0.006268
4.873665	1.003894	0.001126
4.883243	1.006731	0.003264
4.893581	1.003273	0.002519
4.902763	1.002364	0.000207
4.913526	1.001763	0.002471
4.922357	1.001900	0.000199
4.931602	1.001777	0.000856
4.942505	1.001058	0.000544
4.954113	1.000597	0.000641
4.964617	1.000153	0.000058
4.976026	0.999856	0.000072
4.985401	1.000492	0.000566
4.996104	1.000223	0.000291
5.005944	1.000186	0.000262
5.018179	1.000192	0.000026
5.028551	0.999538	0.000002
5.038634	0.999519	0.000494
5.047951	0.999781	0.000268
5.058447	0.998462	0.000119
5.068157	0.999976	0.000125
5.077193	0.995433	0.003780
5.086779	0.999117	0.000256
5.097843	0.998813	0.000299
5.108947	0.999420	0.000086
5.117178	0.992754	0.008457
5.125336	0.999086	0.000421
5.133891	0.999118	0.000377
5.142363	0.994006	0.000567
5.150868	0.999458	0.000192
5.159725	0.994044	0.004367
5.169170	0.999473	0.000031
5.178020	0.999330	0.001160
5.186205	0.995193	0.007103
5.195400	0.998737	0.000684
5.204169	0.995152	0.000604
5.213987	0.999838	0.000320
5.222225	0.996401	0.002981
5.231733	0.999149	0.000095
5.241471	0.996897	0.005217
5.251082	0.999574	0.000339
5.259649	0.999654	0.000087
5.268637	0.997860	0.001753
5.278259	0.999767	0.000550
5.286609	0.997276	0.000625
5.296738	0.999868	0.000030
5.305545	0.997860	0.001981
5.314503	0.999256	0.000141
5.323238	0.999745	0.000250
5.332537	0.997672	0.002718
5.342113	0.999343	0.000347
5.350908	0.998152	0.000527
5.359857	0.999623	0.000182
5.368627	0.998429	0.001409
5.378694	0.998973	0.000370
5.387194	0.998255	0.001787
5.395969	0.999081	0.000051
5.404721	0.999280	0.000426
5.413408	0.998237	0.000112
5.422438	0.998829	0.000682
5.431444	0.998663	0.000329
5.440975	0.999354	0.000100
5.449704	0.998675	0.001058
5.459408	0.998761	0.000118
5.469680	0.999114	0.000490
5.478387	0.998694	0.001136
5.487963	0.998964	0.000184
5.497526	0.998693	0.000757
5.506642	0.999273	0.000313
5.515458	0.999272	0.000418
5.524592	0.999305	0.000217
5.533044	0.999178	0.001122
5.541829	0.999383	0.000506
5.550571	1.000094	0.000395
5.559254	0.998770	0.000348
5.569142	0.999589	0.000305
5.577284	0.999124	0.000586
5.586386	0.999743	0.000331
5.595651	0.998563	0.000187
5.605242	0.999838	0.000194
5.614968	0.999970	0.000536
5.626179	0.999826	0.000772
5.636157	0.999363	0.000022
5.645037	0.999376	0.000252
5.654312	0.999605	0.000211
5.663408	0.999392	0.000259
5.673031	0.998703	0.000643
5.681444	0.999348	0.000489
5.690399	0.999713	0.000086
5.698850	0.999148	0.000825
5.707547	0.998955	0.000567
5.716521	0.999640	0.000299
5.725029	0.999177	0.000118
5.734131	0.998896	0.000136
5.743045	0.999499	0.000086
5.752003	0.999345	0.000130
5.760457	0.999512	0.000564
5.769249	0.999200	0.000130
5.777657	1.017868	0.023042
5.784984	1.033805	0.004895
5.794268	1.014716	0.010003
5.801836	1.013384	0.008917
5.809813	1.012637	0.000147
5.818556	1.011882	0.009944
5.826171	1.010935	0.009604
5.834294	1.020143	0.002387
5.842125	1.008429	0.011777
5.849826	1.007850	0.005572
5.857571	1.007232	0.002456
5.865026	1.006545	0.001582
5.872915	1.005235	0.002342
5.881056	1.004825	0.003987
5.888223	1.003862	0.003953
5.895981	1.007667	0.000539
5.904047	1.002730	0.004497
5.912326	1.002076	0.002005
5.920949	1.001394	0.000155
5.928330	1.001697	0.000465
5.937222	1.001629	0.000566
5.945711	0.999684	0.000068
5.953986	1.000492	0.000116
5.961721	0.999694	0.000260
5.969186	0.999743	0.000407
5.977589	0.999330	0.000266
5.986027	0.999265	0.000528
5.993149	0.999081	0.000109
6.000974	0.999482	0.000060
6.008805	0.999559	0.000228
6.016486	0.999248	0.000051
6.024221	0.999935	0.000426
6.032085	0.999868	0.000006
6.040285	0.999618	0.000115
6.048527	0.999743	0.000425
6.055649	1.000558	0.000463
6.063484	0.999828	0.000967
6.071305	1.000470	0.000536
6.079093	0.999806	0.000549
6.087589	0.999952	0.000085
6.095000	1.000111	0.000226
6.102785	1.000168	0.000037
6.111027	0.999971	0.000163
6.118149	1.000683	0.000096
6.125974	0.999974	0.000009
6.133805	1.000428	0.000167
6.142293	1.000391	0.000350
6.150089	1.000403	0.000219
6.158239	1.000692	0.000147
6.166733	1.000433	0.000193
6.175200	1.000771	0.000265
6.183136	1.000432	0.000194
6.190911	1.000620	0.000210
6.198356	1.000551	0.000267
6.206255	1.000467	0.000678
6.214376	1.000896	0.000058
6.222129	1.000702	0.000531
6.230864	1.000419	0.000687
6.238646	1.000148	0.000007
6.246633	1.000525	0.000324
6.255182	1.000573	0.000034
6.262425	1.000752	0.000491
6.270598	0.999912	0.000115
6.279021	1.000056	0.000219
6.287230	1.000632	0.000189
6.295071	0.999824	0.000537
6.302526	1.000067	0.000000
6.310415	1.000115	0.000483
6.318566	0.999961	0.000072
6.325723	0.999759	0.000024
6.334171	0.999505	0.000037
6.342125	0.999985	0.000046
6.349826	1.000171	0.000289
6.357571	1.000118	0.000521
6.365026	0.999510	0.000206
6.373324	0.999595	0.000179
6.381847	0.999870	0.000116
6.388989	1.000024	0.000177
6.396794	0.999411	0.000150
6.404625	0.999164	0.000044
6.412547	0.999115	0.000293
6.420949	0.999377	0.000300
6.429069	1.000119	0.000381
6.437591	0.999316	0.000218
6.445711	0.999589	0.000161
6.453088	0.998485	0.000738
6.460918	0.999255	0.000409
6.468691	0.999390	0.000424
6.477386	0.998974	0.000114
6.486027	0.999629	0.000004
6.493149	0.999202	0.000100
6.501714	0.999276	0.000080
6.509456	0.999853	0.000890
6.517283	0.998700	0.000138
6.525089	0.999338	0.000046
6.532500	0.999155	0.000495
6.540285	0.999137	0.000412
6.549510	0.998830	0.000029
6.557248	0.999383	0.000090
6.565108	0.999331	0.000175
6.573081	0.998904	0.000481
6.581438	0.999308	0.000110
6.590183	0.999099	0.000765
6.598126	0.999906	0.000390
6.606973	0.999895	0.000063
6.615624	0.995381	0.000318
6.623615	0.999438	0.000180
6.632545	0.999331	0.000602
6.641932	0.999178	0.000405
6.650992	0.999458	0.000634
6.659548	0.999040	0.000171
6.667634	0.999263	0.000318
6.675986	0.999825	0.000783
6.684930	0.999654	0.000727
6.694062	0.999436	0.000001
6.702286	0.999425	0.000042
6.710120	0.999505	0.000314
6.718610	0.999178	0.000318
6.727288	0.999805	0.000228
6.736416	0.999699	0.000040
6.745334	0.999834	0.000275
6.754171	0.999741	0.000307
6.762328	0.999796	0.000265
6.770193	0.999475	0.000061
6.778445	0.999295	0.000010
6.787122	0.999752	0.000418
6.795071	0.999995	0.000167
6.803134	1.000016	0.000234
6.811115	1.000175	0.000036
6.819353	0.999789	0.000014
6.827286	0.999828	0.000425
6.835120	0.999983	0.000243
6.843113	0.999718	0.000621
6.851395	0.999609	0.000258
6.859352	0.999520	0.000420
6.867291	0.999218	0.000613
6.875256	0.999604	0.000065
6.884123	0.999386	0.000348
6.893260	0.999852	0.000090
6.902392	0.999035	0.000022
6.911310	1.017719	0.022796
6.919473	0.999555	0.000058
6.928583	0.998847	0.000271
6.936877	1.015483	0.008367
6.945719	0.998913	0.000487
6.954777	1.013595	0.011089
6.962991	0.998948	0.000044
6.972038	0.999506	0.000069
6.980158	1.010920	0.013584
6.989663	0.998990	0.000431
6.998619	1.009965	0.002305
7.007431	0.998442	0.000184
7.016384	1.008359	0.009398
7.024516	0.998808	0.000215
7.034424	0.999003	0.000381
7.043472	0.998510	0.000284
7.052650	0.998911	0.000062
7.061119	1.005416	0.001476
7.069931	0.998328	0.000112
7.078884	1.004546	0.006323
7.087026	0.998626	0.000306
7.096164	0.998708	0.000453
7.104625	1.003493	0.004058
7.114168	0.998010	0.000102
7.122919	1.002993	0.000772
7.131562	0.997734	0.000043
7.140490	1.002126	0.005650
7.148643	0.998415	0.000326
7.157743	0.998034	0.000082
7.166627	0.997866	0.000070
7.175803	0.997667	0.000120
7.184729	1.001391	0.002051
7.193292	0.997730	0.000024
7.202990	1.000977	0.003994
7.211143	0.997892	0.000319
7.221056	0.998050	0.000034
7.229305	1.000796	0.002119
7.238913	0.994562	0.001606
7.247929	1.000053	0.000381
7.256562	0.997917	0.000053
7.265490	0.999906	0.003026
7.273643	0.997368	0.000176
7.282743	0.997771	0.000079
7.291027	0.999908	0.001046
7.300677	0.997462	0.000461
7.309729	0.998890	0.001481
7.319222	0.997611	0.000764
7.328894	0.998645	0.001788
7.338371	0.996573	0.000369
7.347923	0.997402	0.000835
7.356247	0.998422	0.001695
7.366083	0.997032	0.000307
7.374387	0.998408	0.000736
7.385812	0.996862	0.000198
7.395041	0.998400	0.000493
7.404827	0.992186	0.003633
7.413879	0.997725	0.001476
7.422738	0.996884	0.000276
7.432140	0.997715	0.000541
7.440676	0.997045	0.000462
7.451246	0.997372	0.000317
7.460876	0.997584	0.000794
7.472038	0.997348	0.000078
7.481158	0.996610	0.000658
7.491994	0.996217	0.000027
7.500175	0.996978	0.000059
7.510812	0.996306	0.000074
7.519951	0.996789	0.000334
7.531945	0.995610	0.000504
7.541027	0.997171	0.000027
7.550677	0.995988	0.000001
7.559729	0.996394	0.000363
7.568548	0.996244	0.000234
7.578206	0.995322	0.000020
7.587380	0.996098	0.000144
7.597038	0.996234	0.000164
7.605936	0.995402	0.000620
7.616083	0.992812	0.000353
7.624987	0.996171	0.000294
7.636045	0.995259	0.000539
7.645197	0.995489	0.000463
7.654827	0.990349	0.003271
7.664110	0.995205	0.000682
7.673801	0.995893	0.000325
7.683044	0.994863	0.000256
7.691560	0.994851	0.000159
7.701218	0.994975	0.000078
7.709406	0.994302	0.000443
7.719310	0.994830	0.000011
7.727779	0.994571	0.000087
7.737186	0.994718	0.000707
7.746447	0.994171	0.000233
7.755041	0.995143	0.000092
7.764613	0.991347	0.004391
7.772907	0.994713	0.000627
7.782733	0.995135	0.000141
7.791037	0.995267	0.001487
7.800677	0.990592	0.003000
7.809729	0.994797	0.000862
7.818548	0.996076	0.000312
7.827990	0.994338	0.000242
7.836388	0.995406	0.000064
7.846154	0.993966	0.002268
7.854325	0.995768	0.001687
7.864168	0.996932	0.000163
7.873441	0.996858	0.000283
7.883006	0.994287	0.005146
7.892483	0.997493	0.000277
7.902073	0.999282	0.000024
7.912214	0.998419	0.000116
7.920730	0.999631	0.000271
7.932166	0.999795	0.000771
7.941560	1.000651	0.000273
7.952051	1.002157	0.001348
7.961388	1.002297	0.000528
7.971224	1.002615	0.000929
7.980557	1.003636	0.001267
7.991384	1.004794	0.001258
8.000563	1.004283	0.001260
8.012435	1.005764	0.001268
8.020985	1.005793	0.002242
8.031751	1.005869	0.000172
8.042126	1.006740	0.001152
8.054165	1.007048	0.000336
8.063975	1.008197	0.001072
8.076191	1.008751	0.000452
8.085886	1.008929	0.000387
8.097021	1.009863	0.000346
8.106726	1.010208	0.000142
8.118843	1.010508	0.000779
8.128645	1.011310	0.000004
8.139683	1.011006	0.000208
8.149475	1.011467	0.000035
8.160513	1.011152	0.000458
8.170650	1.011383	0.000412
8.184330	1.011584	0.000792
8.195010	0.992514	0.016471
8.205958	1.011063	0.000490
8.216857	1.010336	0.000013
8.227671	1.010744	0.000099
8.239470	1.009349	0.000875
8.249407	1.010294	0.000214
8.261336	1.009255	0.000221
8.271587	1.009299	0.000676
8.282737	1.008093	0.000584
8.292126	1.008841	0.000101
8.303479	1.008176	0.000198
8.313975	1.007548	0.000744
8.324407	1.006342	0.000298
8.333786	1.007490	0.000412
8.344313	1.005625	0.000148
8.353567	1.006931	0.000156
8.364868	1.004617	0.000062
8.374407	1.005576	0.000170
8.384982	1.005116	0.000046
8.394341	1.004886	0.000125
8.404831	1.004462	0.000018
8.414278	1.004272	0.000246
8.424987	1.003724	0.000114
8.435128	1.004067	0.000048
8.445382	1.004044	0.000232
8.455170	1.003630	0.000152
8.465143	1.003567	0.000032
8.475005	1.003480	0.000485
8.485090	1.003848	0.000198
8.495855	1.002598	0.000334
8.505715	1.003092	0.000113
8.515775	1.002612	0.000077
8.525472	1.003404	0.000139
8.535604	1.002693	0.000157
8.545325	1.003165	0.000145
8.556239	1.002686	0.000630
8.566145	1.003103	0.000470
8.576289	1.002568	0.000983
8.585886	1.002718	0.000107
8.596218	1.002978	0.000415
8.605655	1.002077	0.000288
8.616087	1.003173	0.000034
8.625456	1.002233	0.000476
8.637515	1.002048	0.000793
8.647315	1.002049	0.000317
8.657737	1.002379	0.000105
8.667126	1.002030	0.000483
8.678507	1.002745	0.000225
8.687956	1.001664	0.000008
8.699219	1.002733	0.000569
8.709815	1.002546	0.000283
8.720237	1.001932	0.000226
8.730665	1.001990	0.000094
8.741087	1.002230	0.000508
8.752546	1.002906	0.000147
8.762916	1.001980	0.000221
8.773386	1.002457	0.000196
8.784747	1.002544	0.000037
8.795331	1.002721	0.000127
8.806660	1.003062	0.000453
8.817152	1.002678	0.000063
8.828419	1.002306	0.000519
8.839055	1.002720	0.000205
8.849327	1.002589	0.000426
8.859905	1.002716	0.000202
8.870167	1.002637	0.000335
8.881018	1.002445	0.000093
8.892008	1.002184	0.000117
8.902643	1.002367	0.000041
8.912828	1.002435	0.000446
8.923695	1.002339	0.000392
8.934659	1.002124	0.000519
8.945402	1.001976	0.000642
8.955499	1.001925	0.000157
8.966232	1.002131	0.000590
8.976329	1.002164	0.000218
8.987072	1.002342	0.000264
8.998140	1.000636	0.000083
9.010698	1.001789	0.000006
9.021158	1.001593	0.000654
9.031813	1.001747	0.000187
9.042008	1.001407	0.000905
9.052643	1.001846	0.000064
9.062828	1.001013	0.000728
9.073483	1.001734	0.000217
9.083658	1.001555	0.000556
9.094323	1.001659	0.000032
9.104508	1.001289	0.001151
9.115694	1.001357	0.000163
9.126495	1.002090	0.000788
9.137623	1.001750	0.000170
9.151170	1.002423	0.000661
9.161827	1.002160	0.000230
9.172395	1.001710	0.000082
9.182657	1.001346	0.000213
9.193235	1.001549	0.000432
9.203517	1.001363	0.000516
9.214944	1.001536	0.000041
9.225328	1.001814	0.000198
9.236185	1.001640	0.000039
9.247548	1.001434	0.000060
9.260513	1.001853	0.000272
9.271158	1.001457	0.000632
9.282559	1.001255	0.000290
9.293155	1.001703	0.000058
9.304468	1.000961	0.000361
9.315066	1.001070	0.000049
9.325426	1.000689	0.000230
9.335886	1.000899	0.000019
9.346266	1.000853	0.000364
9.356716	1.000904	0.000193
9.368067	1.000672	0.000223
9.378665	1.000822	0.000072
9.388927	1.000159	0.000692
9.400394	1.000799	0.000372
9.410830	0.999454	0.000114
9.421410	1.000731	0.000433
9.433959	0.999921	0.000247
9.448208	1.000637	0.000247
9.458668	0.999701	0.000320
9.469323	1.000479	0.000047
9.479498	1.000240	0.000429
9.490694	1.000455	0.000611
9.501096	1.019528	0.015825
9.511107	1.018669	0.005900
9.520089	1.033015	0.008315
9.530168	0.999640	0.000115
9.540111	1.013925	0.012582
9.550775	1.011636	0.004973
9.560048	1.010851	0.005521
