510
0.018240	0.999810	0.000439
0.052784	1.000029	0.000571
0.086298	1.000494	0.000372
0.115984	1.000477	0.000207
0.146028	1.000861	0.000001
0.179166	0.999783	0.000524
0.218744	1.000661	0.000023
0.253024	0.999193	0.000007
0.289816	0.996410	0.000094
0.322280	0.999821	0.000474
0.354406	1.000226	0.000605
0.384090	1.000348	0.000503
0.416214	0.999454	0.000108
0.446590	1.002024	0.000216
0.475934	1.000402	0.000252
0.507002	1.000162	0.000230
0.539658	1.002386	0.000371
0.568820	0.999745	0.000672
0.595052	1.002900	0.001172
0.622308	1.000923	0.000654
0.652664	1.001326	0.000480
0.678392	1.001580	0.000391
0.703398	0.996207	0.002504
0.727000	1.000763	0.000323
0.749938	1.003372	0.000735
0.773530	1.003281	0.001611
0.796458	1.002566	0.001313
0.821964	1.002120	0.003190
0.844902	1.002053	0.001374
0.869378	1.001447	0.000141
0.893680	1.000341	0.000111
0.916588	1.000283	0.000105
0.940210	0.999734	0.001223
0.963118	1.000748	0.001467
0.986554	1.000420	0.001388
1.009500	1.001581	0.000484
1.032402	0.999804	0.000894
1.055480	1.000200	0.000441
1.078428	0.999710	0.000167
1.102000	0.999880	0.000100
1.128052	0.999386	0.000177
1.154464	1.001461	0.000389
1.178924	0.999137	0.000724
1.203428	0.999634	0.000652
1.227000	0.999430	0.000178
1.251478	0.999647	0.000361
1.275648	1.000439	0.000159
1.299054	0.999894	0.000435
1.322000	1.000013	0.000399
1.344922	0.999628	0.000525
1.367980	0.999444	0.000070
1.390928	0.999567	0.000628
1.414510	0.999914	0.000014
1.439518	0.999196	0.000463
1.463148	0.999487	0.000313
1.487778	0.999461	0.000111
1.511590	0.999066	0.000426
1.534660	0.999070	0.000575
1.558418	0.999281	0.000253
1.583288	0.999615	0.000496
1.608428	0.999357	0.000222
1.634324	0.999747	0.000151
1.657422	0.999041	0.000709
1.680480	0.999621	0.000175
1.704278	0.999835	0.000168
1.729098	0.999730	0.000246
1.754258	0.998967	0.000322
1.778244	0.999881	0.000306
1.801152	0.999254	0.000492
1.824090	0.997116	0.002495
1.847160	0.998761	0.000672
1.870778	0.999691	0.000265
1.895788	0.998673	0.000334
1.919380	0.999420	0.000084
1.942298	0.999818	0.000588
1.965744	0.999317	0.000303
1.990752	0.999323	0.000032
2.013830	1.000655	0.000071
2.038138	0.999535	0.000084
2.062440	0.999842	0.000015
2.086058	0.999123	0.000205
2.108970	0.999455	0.000039
2.132394	0.999704	0.000935
2.155340	0.999718	0.000491
2.178262	0.999417	0.000058
2.201330	0.999169	0.000138
2.224248	0.999739	0.000063
2.247870	0.999072	0.000380
2.270788	0.998934	0.000040
2.294380	0.998653	0.000678
2.320462	0.998974	0.000325
2.344922	0.998852	0.000072
2.368010	0.999763	0.000318
2.390928	0.999453	0.000820
2.414518	0.999956	0.000182
2.437460	0.999997	0.000147
2.461058	0.997035	0.001341
2.483970	0.999716	0.000137
2.507424	0.999332	0.000007
2.530340	0.999072	0.000473
2.553272	1.000047	0.000813
2.578428	0.999744	0.000145
2.602018	0.999662	0.000665
2.624970	0.995641	0.000220
2.648558	0.999788	0.000600
2.673384	0.999637	0.000043
2.697020	0.999675	0.000231
2.719922	0.998785	0.000500
2.744410	0.998748	0.000413
2.768700	0.999567	0.000527
2.791608	0.998878	0.000310
2.815240	0.999253	0.000324
2.838148	0.998659	0.001366
2.861574	0.997594	0.003841
2.884520	0.999291	0.000095
2.907422	0.999615	0.000385
2.930518	0.998921	0.000198
2.953430	0.999063	0.000044
2.977018	0.996695	0.000039
2.999970	0.998777	0.000392
3.023558	0.996768	0.001135
3.046470	1.000047	0.000228
3.069934	0.997405	0.001655
3.092840	0.996550	0.003738
3.115772	0.999567	0.000512
3.139034	0.999530	0.000686
3.165394	0.999960	0.000280
3.190248	0.999134	0.000170
3.213150	0.998979	0.000149
3.238664	0.998976	0.000107
3.261612	0.998955	0.000124
3.284660	0.998897	0.000288
3.307608	0.999599	0.000554
3.331210	0.999165	0.000184
3.354118	0.999676	0.000507
3.377748	0.999475	0.000259
3.404660	0.987317	0.016199
3.428446	0.999735	0.000352
3.453440	1.000140	0.000125
3.477028	1.000068	0.000216
3.499970	1.000894	0.000478
3.523568	1.000488	0.000399
3.546480	0.999348	0.000019
3.569934	1.000156	0.000139
3.592850	1.000502	0.000175
3.615772	1.000672	0.000540
3.638850	1.000724	0.000185
3.661758	1.000387	0.000085
3.686236	1.000207	0.000069
3.713160	1.000910	0.000504
3.736584	1.000803	0.000405
3.761612	1.000095	0.000402
3.784680	1.000099	0.000249
3.808458	1.000642	0.000075
3.833308	1.001156	0.000169
3.858454	1.002153	0.000747
3.884514	1.002291	0.000313
3.907602	1.002839	0.000624
3.932608	1.002742	0.000054
3.956218	1.003460	0.000075
3.979120	1.003607	0.000662
4.002748	1.003909	0.000836
4.025660	1.004785	0.001683
4.051180	1.004590	0.000267
4.074112	1.004621	0.000576
4.097180	1.005452	0.001260
4.120108	1.005364	0.000326
4.143718	1.005434	0.000011
4.166620	1.004907	0.000734
4.190248	1.005849	0.001555
4.213170	1.005627	0.001097
4.237124	1.005183	0.000224
4.261612	1.004759	0.000220
4.284698	1.004911	0.000344
4.310380	1.005460	0.000104
4.334874	1.004598	0.000011
4.361610	1.004628	0.000436
4.387310	1.004653	0.000874
4.419418	1.004428	0.000256
4.446156	1.005244	0.000364
4.470126	1.002508	0.001039
4.497192	1.004504	0.000086
4.522890	1.002694	0.000376
4.546498	1.001797	0.000925
4.569934	1.002281	0.000621
4.592870	1.002716	0.000306
4.615782	1.002475	0.000515
4.639034	1.000938	0.001204
4.666640	1.001815	0.000055
4.690248	1.001900	0.000820
4.716482	1.002048	0.000068
4.743038	1.002030	0.000008
4.768728	0.999462	0.000089
4.791640	1.000531	0.001002
4.815248	0.999729	0.000284
4.838180	1.001035	0.000283
4.861594	1.001057	0.000666
4.884540	1.000429	0.000204
4.908152	1.000643	0.000723
4.934692	1.000427	0.000127
4.958318	0.999666	0.000906
4.981920	1.000885	0.000906
5.004838	0.999425	0.000335
5.028284	1.000458	0.000084
5.053302	1.000545	0.000220
5.076360	1.000298	0.000336
5.106058	1.000537	0.000475
5.135074	1.000181	0.000241
5.159708	0.999723	0.000371
5.183318	0.999430	0.000468
5.212654	1.000836	0.000445
5.236614	1.000402	0.000020
5.260072	0.999991	0.000004
5.284708	1.000419	0.000269
5.309700	1.000222	0.000250
5.333318	1.000600	0.000022
5.356928	1.000307	0.000523
5.381930	0.999695	0.000142
5.405382	1.000691	0.000364
5.430538	0.999759	0.000076
5.454314	1.000170	0.000027
5.479150	0.999480	0.000458
5.504308	0.999711	0.000683
5.528284	1.000554	0.000133
5.551228	1.000337	0.000558
5.576360	0.999451	0.000078
5.599298	0.999888	0.000564
5.622890	0.999572	0.000423
5.648598	1.000139	0.000228
5.674114	0.999800	0.000191
5.697040	1.000110	0.000247
5.719962	0.999803	0.000682
5.743038	1.000176	0.000316
5.765950	0.999075	0.000025
5.789568	1.000009	0.000066
5.811598	0.997517	0.000094
5.832438	0.997755	0.000380
5.853958	0.997934	0.000127
5.876188	0.997885	0.000648
5.898408	0.997141	0.000876
5.922018	0.998787	0.001975
5.942848	0.998042	0.001824
5.963688	0.998522	0.001438
5.984518	0.998529	0.001312
6.005358	0.999151	0.001195
6.026188	0.999042	0.000718
6.047018	0.998518	0.001190
6.069916	0.998616	0.000206
6.090768	0.999126	0.000458
6.113678	0.999623	0.000920
6.134512	0.998934	0.000119
6.155348	1.000025	0.000262
6.176184	0.999815	0.000183
6.197544	1.000052	0.000797
6.219928	1.000084	0.000662
6.240780	1.000125	0.000513
6.263844	0.999652	0.000237
6.286606	0.999332	0.000162
6.307598	0.999938	0.000070
6.330348	0.999729	0.000018
6.352046	0.999606	0.000579
6.374968	0.999394	0.000024
6.397008	0.999929	0.000583
6.417848	0.999330	0.000159
6.438688	1.000131	0.000840
6.459508	0.999786	0.000274
6.481928	0.999919	0.000143
6.504828	1.000184	0.000136
6.526178	0.999939	0.000064
6.547018	1.000225	0.000066
6.567848	1.000243	0.000593
6.589888	1.000761	0.000322
6.611598	1.000563	0.000584
6.632428	1.000435	0.000311
6.653278	0.999782	0.000051
6.674098	1.000100	0.000123
6.694928	0.999774	0.000150
6.715778	0.999558	0.000564
6.736598	0.999281	0.000267
6.757428	0.999390	0.000601
6.778278	0.999824	0.000336
6.799618	0.999688	0.000045
6.824090	0.999071	0.000558
6.844938	0.999798	0.000442
6.865768	0.999587	0.000661
6.886598	0.999521	0.000126
6.907970	1.000040	0.000002
6.930516	0.999862	0.000047
6.953268	0.999910	0.000544
6.974098	1.000045	0.000065
6.994928	0.999646	0.000181
7.015768	0.999633	0.000281
7.036768	0.999743	0.000441
7.059508	1.000178	0.000049
7.080358	1.000669	0.000325
7.101178	0.999919	0.000454
7.122008	0.999622	0.000204
7.142858	0.999525	0.000317
7.163678	1.000516	0.000220
7.184508	0.999465	0.000090
7.205358	0.999597	0.000187
7.226178	1.000031	0.000139
7.247008	0.999911	0.000077
7.267858	0.999931	0.000140
7.288678	0.999306	0.000007
7.309508	0.999741	0.000128
7.331248	0.999402	0.000350
7.353258	0.999943	0.000534
7.374098	1.000413	0.000205
7.394938	1.000467	0.000568
7.415768	1.000405	0.000273
7.436598	0.999887	0.000064
7.457438	0.999943	0.000054
7.478280	0.999717	0.000295
7.502746	1.000031	0.000824
7.524098	1.000136	0.000166
7.546508	0.999634	0.000142
7.567848	0.998706	0.000718
7.588688	1.000317	0.000334
7.609528	1.000141	0.000579
7.630348	1.000192	0.000344
7.651188	0.999299	0.000313
7.672028	0.998989	0.000405
7.692848	0.999846	0.000093
7.713688	0.999812	0.000188
7.734518	0.999996	0.000293
7.757406	1.000116	0.000187
7.778268	1.000033	0.000088
7.801020	1.000361	0.000463
7.822012	0.999311	0.000027
7.842854	1.000282	0.000265
7.863688	0.999651	0.000241
7.884512	1.001064	0.000100
7.906578	1.000213	0.000074
7.928268	1.000292	0.000036
7.949098	1.000147	0.000054
7.969938	1.000947	0.000033
7.990768	0.999973	0.000013
8.011598	0.999664	0.000147
8.032438	0.999978	0.000131
8.053800	1.000249	0.000221
8.076178	1.000021	0.000062
8.097028	0.999863	0.000037
8.119236	1.000559	0.000464
8.140768	0.999596	0.000154
8.161608	1.000122	0.000246
8.182428	1.000453	0.000237
8.203268	1.001185	0.000897
8.224108	1.000138	0.000410
8.244928	1.000122	0.000459
8.265768	1.000168	0.000060
8.286608	1.000738	0.000763
8.307428	1.000617	0.000073
8.328268	1.000891	0.000059
8.349108	1.000937	0.000750
8.369938	1.000412	0.000015
8.390768	1.000143	0.000491
8.411608	1.000017	0.000109
8.432438	0.999742	0.000772
8.453268	0.999544	0.000825
8.474108	1.000341	0.000126
8.494938	0.999999	0.000120
8.515768	0.999832	0.000992
8.536608	1.000894	0.000403
8.557438	0.999856	0.000158
8.578268	0.999752	0.000189
8.599108	0.999143	0.000543
8.619938	1.000192	0.000682
8.642160	0.999524	0.000480
8.663688	0.999679	0.000111
8.684518	1.000161	0.000370
8.707438	1.000527	0.000050
8.728280	1.000169	0.000362
8.751188	1.000912	0.000645
8.772018	1.001125	0.000064
8.792858	1.000331	0.000829
8.813688	1.000329	0.000135
8.834518	1.000897	0.000276
8.855358	1.000045	0.000301
8.876188	1.000094	0.000022
8.897018	1.000105	0.000125
8.918558	1.000525	0.000121
8.940768	1.000197	0.001149
8.961618	1.000662	0.000184
8.983138	0.999292	0.000160
9.005348	0.999241	0.000185
9.026208	0.999576	0.000541
9.049074	0.999521	0.000128
9.069928	0.999982	0.000498
9.090788	1.000331	0.000551
9.114054	1.000085	0.000449
9.137842	1.000150	0.000104
9.159528	1.000761	0.000643
9.180348	1.000006	0.000099
9.201198	1.000257	0.000188
9.222028	0.999390	0.000749
9.242848	1.000904	0.001034
9.263698	0.999899	0.000107
9.284684	0.999835	0.000370
9.307428	1.000107	0.000283
9.328288	1.000689	0.000396
9.349110	0.999764	0.000341
9.375500	0.999526	0.000781
9.398582	1.000503	0.000216
9.419948	0.999772	0.000214
9.440768	0.999484	0.000175
9.461618	0.999977	0.000115
9.484528	0.999641	0.000224
9.505348	0.999860	0.000265
9.526208	0.999956	0.000181
9.547028	0.999531	0.001211
9.567848	0.999568	0.000330
9.590756	0.999972	0.000471
9.611608	0.998980	0.000512
9.632438	0.999261	0.000153
9.653288	0.999410	0.000983
9.674108	0.999718	0.000822
9.694938	0.999689	0.000539
9.715788	0.999476	0.000534
9.738676	0.999229	0.000437
9.759528	0.999538	0.000763
9.780368	0.999091	0.000251
9.801188	1.000099	0.000082
9.822028	1.000272	0.000724
9.844940	1.000177	0.000194
9.865768	0.999234	0.000641
9.888708	0.999877	0.000049
9.910916	0.999834	0.000369
9.932596	0.999260	0.000041
9.955378	0.999697	0.000025
9.976188	0.999264	0.000231
9.997874	1.000015	0.000216
10.019958	1.000393	0.000262
10.040768	0.999702	0.000591
10.064558	0.999823	0.001147
10.090204	1.000127	0.000026
10.111608	1.000074	0.000109
10.132438	0.999587	0.000209
10.153268	0.999567	0.000150
10.174108	0.999207	0.000806
10.197006	0.999400	0.000395
10.217858	1.000196	0.000335
10.238688	1.000313	0.000092
10.261600	0.999794	0.000004
10.282438	0.999259	0.001149
10.304658	1.000213	0.000182
10.328278	0.998976	0.000191
10.349810	0.999648	0.000055
10.373406	1.000452	0.000888
10.394940	1.000727	0.000195
10.424652	0.999968	0.000273
10.451918	0.999262	0.000486
10.487285	1.000410	0.000339
10.524561	1.000398	0.000403
10.557102	0.999968	0.000462
10.590221	0.999769	0.000332
10.626651	0.999872	0.000315
10.659192	1.000251	0.000337
10.690553	0.999358	0.000513
10.719435	0.999726	0.000115
10.754967	0.999917	0.000677
10.787126	1.000231	0.000110
10.818855	1.000259	0.000705
10.849618	1.000517	0.000729
10.885905	1.000443	0.000250
10.916943	0.999501	0.000847
10.949995	1.000583	0.000524
10.985525	1.000735	0.000060
11.013352	1.001473	0.000009
11.044723	1.001336	0.000817
11.075841	1.001397	0.000058
11.111385	0.999837	0.001504
11.146635	1.006287	0.000412
11.195961	1.000268	0.000049
11.252702	1.000729	0.000218
11.287118	1.000869	0.000176
11.318830	1.001180	0.000174
11.353742	1.001022	0.000855
11.396778	1.000749	0.000762
11.430852	0.999754	0.000392
11.468998	0.999878	0.000310
11.505120	0.999898	0.000386
11.542790	1.000078	0.000869
11.582210	0.999977	0.000105
11.624020	1.000639	0.000561
11.660032	1.000935	0.000884
11.695918	0.999704	0.000968
11.730290	0.999591	0.000011
11.765722	0.998811	0.000288
11.803728	1.000552	0.000498
11.841908	1.002364	0.001521
11.882348	1.000095	0.000054
11.924018	1.000681	0.000063
11.965668	1.000016	0.000225
12.007348	1.000164	0.000187
12.049018	0.999672	0.000442
12.086217	1.000863	0.000281
12.113622	1.000268	0.000619
12.141077	1.000436	0.000192
12.171434	1.000669	0.000038
12.203398	0.999519	0.000214
12.231854	0.999374	0.000352
12.261756	0.999096	0.000649
12.299724	0.999502	0.000352
12.333439	1.000460	0.000392
12.363274	0.999030	0.000471
12.398215	0.999682	0.000345
12.431326	1.000040	0.000105
12.466046	0.999305	0.000143
12.498907	0.999450	0.000669
12.539159	0.999810	0.000439
12.573704	1.000029	0.000571
12.607217	1.000494	0.000372
12.636904	1.000477	0.000207
12.666947	1.000861	0.000001
12.700086	0.999783	0.000524
12.739664	1.000661	0.000023
12.773943	0.999193	0.000007
12.810735	0.996410	0.000094
12.843199	0.999821	0.000474
12.875325	1.000226	0.000605
12.905009	1.000348	0.000503
12.937133	0.999454	0.000108
12.967509	1.002024	0.000216
12.996853	1.000402	0.000252
13.027921	1.000162	0.000230
13.060577	1.002386	0.000371
13.089739	0.999745	0.000672
13.115971	1.002900	0.001172
13.143227	1.000923	0.000654
13.173583	1.001326	0.000480
13.199311	1.001580	0.000391
13.224317	0.996207	0.002504
13.247919	1.000763	0.000323
13.270857	1.003372	0.000735
13.294449	1.003281	0.001611
13.317377	1.002566	0.001313
13.342883	1.002120	0.003190
13.365821	1.002053	0.001374
13.390297	1.001447	0.000141
13.414599	1.000341	0.000111
13.437507	1.000283	0.000105
13.461129	0.999734	0.001223
13.484037	1.000748	0.001467
13.507473	1.000420	0.001388
13.530419	1.001581	0.000484
13.553321	0.999804	0.000894
13.576399	1.000200	0.000441
13.599347	0.999710	0.000167
13.622919	0.999880	0.000100
13.648971	0.999386	0.000177
13.675384	1.001461	0.000389
13.699843	0.999137	0.000724
13.724347	0.999634	0.000652
13.747919	0.999430	0.000178
13.772397	0.999647	0.000361
13.796567	1.000439	0.000159
13.819973	0.999894	0.000435
13.842919	1.000013	0.000399
13.865841	0.999628	0.000525
13.888899	0.999444	0.000070
13.911847	0.999567	0.000628
13.935429	0.999914	0.000014
13.960437	0.999196	0.000463
13.984067	0.999487	0.000313
14.008697	0.999461	0.000111
14.032509	0.999066	0.000426
14.055579	0.999070	0.000575
14.079337	0.999281	0.000253
14.104207	0.999615	0.000496
14.129347	0.999357	0.000222
14.155244	0.999747	0.000151
14.178341	0.999041	0.000709
14.201399	0.999621	0.000175
14.225197	0.999835	0.000168
14.250017	0.999730	0.000246
14.275177	0.998967	0.000322
14.299163	0.999881	0.000306
14.322071	0.999254	0.000492
14.345009	0.997116	0.002495
14.368079	0.998761	0.000672
14.391697	0.999691	0.000265
14.416707	0.998673	0.000334
14.440299	0.999420	0.000084
14.463217	0.999818	0.000588
14.486663	0.999317	0.000303
14.511671	0.999323	0.000032
14.534749	1.000655	0.000071
14.559057	0.999535	0.000084
14.583359	0.999842	0.000015
14.606977	0.999123	0.000205
14.629889	0.999455	0.000039
14.653313	0.999704	0.000935
14.676259	0.999718	0.000491
14.699181	0.999417	0.000058
14.722249	0.999169	0.000138
14.745167	0.999739	0.000063
14.768789	0.999072	0.000380
14.791707	0.998934	0.000040
14.815299	0.998653	0.000678
14.841382	0.998974	0.000325
14.865841	0.998852	0.000072
14.888929	0.999763	0.000318
14.911847	0.999453	0.000820
14.935437	0.999956	0.000182
14.958379	0.999997	0.000147
14.981977	0.997035	0.001341
15.004889	0.999716	0.000137
15.028343	0.999332	0.000007
15.051259	0.999072	0.000473
15.074191	1.000047	0.000813
15.099347	0.999744	0.000145
15.122937	0.999662	0.000665
15.145889	0.995641	0.000220
15.169477	0.999788	0.000600
15.194303	0.999637	0.000043
15.217939	0.999675	0.000231
15.240841	0.998785	0.000500
15.265329	0.998748	0.000413
15.289619	0.999567	0.000527
15.312527	0.998878	0.000310
15.336159	0.999253	0.000324
15.359067	0.998659	0.001366
15.382493	0.997594	0.003841
15.405439	0.999291	0.000095
15.428341	0.999615	0.000385
15.451437	0.998921	0.000198
15.474349	0.999063	0.000044
15.497937	0.996695	0.000039
15.520889	0.998777	0.000392
15.544477	0.996768	0.001135
15.567389	1.000047	0.000228
15.590853	0.997405	0.001655
15.613759	0.996550	0.003738
15.636691	0.999567	0.000512
15.659953	0.999530	0.000686
15.686313	0.999960	0.000280
15.711167	0.999134	0.000170
15.734069	0.998979	0.000149
15.759583	0.998976	0.000107
15.782531	0.998955	0.000124
15.805579	0.998897	0.000288
15.828527	0.999599	0.000554
15.852129	0.999165	0.000184
15.875037	0.999676	0.000507
15.898667	0.999475	0.000259
15.925579	0.987317	0.016199
15.949365	0.999735	0.000352
15.974359	1.000140	0.000125
15.997947	1.000068	0.000216
16.020889	1.000894	0.000478
16.044487	1.000488	0.000399
16.067399	0.999348	0.000019
16.090853	1.000156	0.000139
16.113769	1.000502	0.000175
16.136691	1.000672	0.000540
16.159769	1.000724	0.000185
16.182677	1.000387	0.000085
16.207155	1.000207	0.000069
16.234079	1.000910	0.000504
16.257503	1.000803	0.000405
16.282531	1.000095	0.000402
16.305599	1.000099	0.000249
16.329377	1.000642	0.000075
16.354227	1.001156	0.000169
16.379373	1.002153	0.000747
16.405433	1.002291	0.000313
16.428521	1.002839	0.000624
16.453527	1.002742	0.000054
16.477137	1.003460	0.000075
16.500039	1.003607	0.000662
16.523667	1.003909	0.000836
16.546579	1.004785	0.001683
16.572099	1.004590	0.000267
16.595031	1.004621	0.000576
16.618099	1.005452	0.001260
16.641027	1.005364	0.000326
16.664637	1.005434	0.000011
16.687539	1.004907	0.000734
16.711167	1.005849	0.001555
16.734089	1.005627	0.001097
16.758044	1.005183	0.000224
16.782531	1.004759	0.000220
16.805617	1.004911	0.000344
16.831299	1.005460	0.000104
16.855793	1.004598	0.000011
16.882529	1.004628	0.000436
16.908229	1.004653	0.000874
16.940337	1.004428	0.000256
16.967075	1.005244	0.000364
16.991045	1.002508	0.001039
17.018111	1.004504	0.000086
17.043809	1.002694	0.000376
17.067417	1.001797	0.000925
17.090853	1.002281	0.000621
17.113789	1.002716	0.000306
17.136701	1.002475	0.000515
17.159953	1.000938	0.001204
17.187559	1.001815	0.000055
17.211167	1.001900	0.000820
17.237401	1.002048	0.000068
17.263957	1.002030	0.000008
17.289647	0.999462	0.000089
17.312559	1.000531	0.001002
17.336167	0.999729	0.000284
17.359099	1.001035	0.000283
17.382513	1.001057	0.000666
17.405459	1.000429	0.000204
17.429071	1.000643	0.000723
17.455611	1.000427	0.000127
17.479237	0.999666	0.000906
17.502839	1.000885	0.000906
17.525757	0.999425	0.000335
17.549203	1.000458	0.000084
17.574221	1.000545	0.000220
17.597279	1.000298	0.000336
17.626977	1.000537	0.000475
17.655994	1.000181	0.000241
17.680627	0.999723	0.000371
17.704237	0.999430	0.000468
17.733573	1.000836	0.000445
17.757533	1.000402	0.000020
17.780992	0.999991	0.000004
17.805627	1.000419	0.000269
17.830619	1.000222	0.000250
17.854237	1.000600	0.000022
17.877847	1.000307	0.000523
17.902849	0.999695	0.000142
17.926301	1.000691	0.000364
17.951457	0.999759	0.000076
17.975233	1.000170	0.000027
18.000069	0.999480	0.000458
18.025227	0.999711	0.000683
18.049203	1.000554	0.000133
18.072148	1.000337	0.000558
18.097279	0.999451	0.000078
18.120217	0.999888	0.000564
18.143809	0.999572	0.000423
18.169517	1.000139	0.000228
18.195033	0.999800	0.000191
18.217959	1.000110	0.000247
18.240881	0.999803	0.000682
18.263957	1.000176	0.000316
18.286869	0.999075	0.000025
18.310487	1.000009	0.000066
18.332518	0.997517	0.000094
18.353358	0.997755	0.000380
18.374878	0.997934	0.000127
18.397108	0.997885	0.000648
18.419328	0.997141	0.000876
18.442938	0.998787	0.001975
18.463768	0.998042	0.001824
18.484608	0.998522	0.001438
18.505438	0.998529	0.001312
18.526278	0.999151	0.001195
18.547108	0.999042	0.000718
18.567938	0.998518	0.001190
18.590836	0.998616	0.000206
18.611688	0.999126	0.000458
18.634598	0.999623	0.000920
18.655431	0.998934	0.000119
18.676268	1.000025	0.000262
18.697104	0.999815	0.000183
18.718464	1.000052	0.000797
18.740848	1.000084	0.000662
18.761699	1.000125	0.000513
18.784763	0.999652	0.000237
18.807526	0.999332	0.000162
18.828517	0.999938	0.000070
18.851268	0.999729	0.000018
18.872965	0.999606	0.000579
18.895887	0.999394	0.000024
18.917928	0.999929	0.000583
18.938768	0.999330	0.000159
18.959608	1.000131	0.000840
18.980428	0.999786	0.000274
19.002847	0.999919	0.000143
19.025747	1.000184	0.000136
19.047098	0.999939	0.000064
19.067938	1.000225	0.000066
19.088768	1.000243	0.000593
19.110808	1.000761	0.000322
19.132518	1.000563	0.000584
19.153348	1.000435	0.000311
19.174198	0.999782	0.000051
19.195018	1.000100	0.000123
19.215848	0.999774	0.000150
19.236698	0.999558	0.000564
19.257518	0.999281	0.000267
19.278348	0.999390	0.000601
19.299198	0.999824	0.000336
19.320538	0.999688	0.000045
19.345009	0.999071	0.000558
19.365858	0.999798	0.000442
19.386688	0.999587	0.000661
19.407518	0.999521	0.000126
19.428890	1.000040	0.000002
19.451435	0.999862	0.000047
19.474188	0.999910	0.000544
19.495018	1.000045	0.000065
19.515848	0.999646	0.000181
19.536688	0.999633	0.000281
19.557687	0.999743	0.000441
19.580428	1.000178	0.000049
19.601278	1.000669	0.000325
19.622098	0.999919	0.000454
19.642928	0.999622	0.000204
19.663778	0.999525	0.000317
19.684598	1.000516	0.000220
19.705428	0.999465	0.000090
19.726278	0.999597	0.000187
19.747098	1.000031	0.000139
19.767928	0.999911	0.000077
19.788778	0.999931	0.000140
19.809598	0.999306	0.000007
19.830428	0.999741	0.000128
19.852167	0.999402	0.000350
19.874178	0.999943	0.000534
19.895018	1.000413	0.000205
19.915858	1.000467	0.000568
19.936688	1.000405	0.000273
19.957518	0.999887	0.000064
19.978358	0.999943	0.000054
19.999199	0.999717	0.000295
20.023665	1.000031	0.000824
20.045018	1.000136	0.000166
20.067427	0.999634	0.000142
20.088768	0.998706	0.000718
20.109608	1.000317	0.000334
20.130448	1.000141	0.000579
20.151268	1.000192	0.000344
20.172108	0.999299	0.000313
20.192948	0.998989	0.000405
20.213768	0.999846	0.000093
20.234608	0.999812	0.000188
20.255438	0.999996	0.000293
20.278326	1.000116	0.000187
20.299188	1.000033	0.000088
20.321940	1.000361	0.000463
20.342931	0.999311	0.000027
20.363774	1.000282	0.000265
20.384608	0.999651	0.000241
20.405431	1.001064	0.000100
20.427498	1.000213	0.000074
20.449188	1.000292	0.000036
20.470018	1.000147	0.000054
20.490858	1.000947	0.000033
20.511688	0.999973	0.000013
20.532518	0.999664	0.000147
20.553358	0.999978	0.000131
20.574720	1.000249	0.000221
20.597098	1.000021	0.000062
20.617948	0.999863	0.000037
20.640156	1.000559	0.000464
20.661688	0.999596	0.000154
20.682528	1.000122	0.000246
20.703348	1.000453	0.000237
20.724188	1.001185	0.000897
20.745028	1.000138	0.000410
20.765848	1.000122	0.000459
20.786688	1.000168	0.000060
20.807528	1.000738	0.000763
20.828348	1.000617	0.000073
20.849188	1.000891	0.000059
20.870028	1.000937	0.000750
20.890858	1.000412	0.000015
20.911688	1.000143	0.000491
20.932528	1.000017	0.000109
20.953358	0.999742	0.000772
20.974188	0.999544	0.000825
20.995028	1.000341	0.000126
21.015858	0.999999	0.000120
21.036688	0.999832	0.000992
21.057528	1.000894	0.000403
21.078358	0.999856	0.000158
21.099188	0.999752	0.000189
21.120028	0.999143	0.000543
21.140858	1.000192	0.000682
21.163079	0.999524	0.000480
21.184608	0.999679	0.000111
21.205438	1.000161	0.000370
21.228358	1.000527	0.000050
21.249199	1.000169	0.000362
21.272108	1.000912	0.000645
21.292938	1.001125	0.000064
21.313778	1.000331	0.000829
21.334608	1.000329	0.000135
21.355438	1.000897	0.000276
21.376278	1.000045	0.000301
21.397108	1.000094	0.000022
21.417938	1.000105	0.000125
21.439478	1.000525	0.000121
21.461688	1.000197	0.001149
21.482538	1.000662	0.000184
21.504058	0.999292	0.000160
21.526268	0.999241	0.000185
21.547128	0.999576	0.000541
21.569994	0.999521	0.000128
21.590848	0.999982	0.000498
21.611708	1.000331	0.000551
21.634974	1.000085	0.000449
21.658762	1.000150	0.000104
21.680448	1.000761	0.000643
21.701268	1.000006	0.000099
21.722118	1.000257	0.000188
21.742948	0.999390	0.000749
21.763768	1.000904	0.001034
21.784618	0.999899	0.000107
21.805603	0.999835	0.000370
21.828348	1.000107	0.000283
21.849208	1.000689	0.000396
21.870029	0.999764	0.000341
21.896419	0.999526	0.000781
21.919502	1.000503	0.000216
21.940868	0.999772	0.000214
21.961688	0.999484	0.000175
21.982538	0.999977	0.000115
22.005448	0.999641	0.000224
22.026268	0.999860	0.000265
22.047128	0.999956	0.000181
22.067948	0.999531	0.001211
22.088768	0.999568	0.000330
22.111676	0.999972	0.000471
22.132528	0.998980	0.000512
22.153358	0.999261	0.000153
22.174208	0.999410	0.000983
22.195028	0.999718	0.000822
22.215858	0.999689	0.000539
22.236708	0.999476	0.000534
22.259596	0.999229	0.000437
22.280448	0.999538	0.000763
22.301288	0.999091	0.000251
22.322108	1.000099	0.000082
22.342948	1.000272	0.000724
22.365859	1.000177	0.000194
22.386688	0.999234	0.000641
22.409628	0.999877	0.000049
22.431836	0.999834	0.000369
22.453515	0.999260	0.000041
22.476298	0.999697	0.000025
22.497108	0.999264	0.000231
22.518793	1.000015	0.000216
22.540878	1.000393	0.000262
22.561688	0.999702	0.000591
22.585477	0.999823	0.001147
22.611123	1.000127	0.000026
22.632528	1.000074	0.000109
22.653358	0.999587	0.000209
22.674188	0.999567	0.000150
22.695028	0.999207	0.000806
22.717926	0.999400	0.000395
22.738778	1.000196	0.000335
22.759608	1.000313	0.000092
22.782519	0.999794	0.000004
22.803358	0.999259	0.001149
22.825578	1.000213	0.000182
22.849198	0.998976	0.000191
22.870729	0.999648	0.000055
22.894326	1.000452	0.000888
22.915859	1.000727	0.000195
22.945572	0.999968	0.000273
22.972838	0.999262	0.000486
23.008204	1.000410	0.000339
23.045480	1.000398	0.000403
23.078022	0.999968	0.000462
23.111140	0.999769	0.000332
23.147570	0.999872	0.000315
23.180112	1.000251	0.000337
23.211472	0.999358	0.000513
23.240354	0.999726	0.000115
23.275886	0.999917	0.000677
23.308046	1.000231	0.000110
23.339774	1.000259	0.000705
23.370538	1.000517	0.000729
23.406824	1.000443	0.000250
23.437862	0.999501	0.000847
23.470914	1.000583	0.000524
23.506444	1.000735	0.000060
23.534272	1.001473	0.000009
23.565642	1.001336	0.000817
23.596760	1.001397	0.000058
23.632304	0.999837	0.001504
23.667554	1.006287	0.000412
23.716880	1.000268	0.000049
23.773622	1.000729	0.000218
23.808037	1.000869	0.000176
23.839750	1.001180	0.000174
23.874661	1.001022	0.000855
23.917697	1.000749	0.000762
23.951771	0.999754	0.000392
23.989917	0.999878	0.000310
24.026039	0.999898	0.000386
24.063709	1.000078	0.000869
24.103129	0.999977	0.000105
24.144939	1.000639	0.000561
24.180951	1.000935	0.000884
24.216838	0.999704	0.000968
24.251209	0.999591	0.000011
24.286641	0.998811	0.000288
24.324647	1.000552	0.000498
24.362827	1.002364	0.001521
24.403267	1.000095	0.000054
24.444937	1.000681	0.000063
24.486587	1.000016	0.000225
24.528267	1.000164	0.000187
24.569937	0.999672	0.000442
24.607137	1.000863	0.000281
24.634541	1.000268	0.000619
24.661997	1.000436	0.000192
24.692353	1.000669	0.000038
24.724317	0.999519	0.000214
24.752773	0.999374	0.000352
24.782675	0.999096	0.000649
24.820643	0.999502	0.000352
24.854359	1.000460	0.000392
24.884193	0.999030	0.000471
24.919135	0.999682	0.000345
24.952245	1.000040	0.000105
24.986965	0.999305	0.000143
25.019827	0.999450	0.000669
