507
0.004138	1.000041	0.000250
0.012726	1.001124	0.000625
0.020494	1.000813	0.000526
0.029119	1.001387	0.001326
0.037559	1.000738	0.000150
0.045808	1.000755	0.000197
0.053992	1.002883	0.000247
0.062319	1.000908	0.000214
0.072028	1.001075	0.000978
0.081755	1.001011	0.000449
0.092026	1.001039	0.000990
0.100639	1.001011	0.000369
0.109433	1.000691	0.000045
0.118155	1.000323	0.000703
0.126623	1.000673	0.000140
0.135629	1.001151	0.000342
0.143972	1.000994	0.000108
0.153031	1.001606	0.000202
0.161476	1.000927	0.001259
0.171049	1.000389	0.000321
0.179819	1.001152	0.000687
0.188163	1.001234	0.000164
0.197292	1.000967	0.000463
0.205773	0.999865	0.000075
0.215531	1.000860	0.000380
0.223976	1.000192	0.000476
0.232722	1.000722	0.000523
0.241492	1.000742	0.000182
0.250236	1.000688	0.000667
0.259939	1.000324	0.000154
0.268949	1.000625	0.000268
0.278031	1.000916	0.000248
0.286476	0.999606	0.000138
0.295190	1.002556	0.002579
0.303992	1.000098	0.000469
0.312292	1.000771	0.000023
0.322292	0.999416	0.000234
0.331292	0.999481	0.000326
0.340531	0.999656	0.000164
0.348976	0.999326	0.000066
0.357690	0.999623	0.000047
0.366492	1.000299	0.000151
0.375358	0.999822	0.000306
0.385360	0.999428	0.000521
0.393939	0.999496	0.000470
0.403041	0.999495	0.000367
0.411476	0.998538	0.000166
0.420190	1.000156	0.000027
0.428992	0.999576	0.000026
0.437286	0.999862	0.000891
0.446466	0.999076	0.000353
0.454784	1.000103	0.000111
0.463585	0.999659	0.000333
0.472325	1.000176	0.000420
0.480751	1.000832	0.000784
0.489819	1.000274	0.000198
0.498109	0.999914	0.000498
0.507201	0.999674	0.000189
0.515656	1.000340	0.000469
0.524350	0.999691	0.000337
0.533162	1.000194	0.000018
0.541452	1.001354	0.000225
0.551070	1.000334	0.000287
0.559772	1.000759	0.000488
0.568738	1.001625	0.001019
0.577322	1.000178	0.000492
0.586430	0.999828	0.000448
0.595662	1.000232	0.000756
0.603952	1.000387	0.000109
0.613168	1.000611	0.001342
0.622272	1.000331	0.000101
0.631525	0.999256	0.000236
0.640656	1.000200	0.000026
0.649350	1.000051	0.000508
0.658162	1.000734	0.000365
0.666452	1.000241	0.000248
0.675640	0.999572	0.000504
0.683944	1.000535	0.000425
0.692765	0.999515	0.000113
0.702051	0.999680	0.000162
0.710881	0.999505	0.000352
0.719826	0.998310	0.000212
0.728116	1.000217	0.000260
0.737733	0.998604	0.000351
0.746444	0.999344	0.000962
0.755401	0.999795	0.000052
0.765522	0.999704	0.000078
0.774633	1.000183	0.000030
0.783997	1.000637	0.000527
0.792290	0.999686	0.000005
0.801472	1.000207	0.000135
0.809782	0.999750	0.000301
0.818738	0.999985	0.000052
0.827322	1.000246	0.000366
0.835881	1.000410	0.000970
0.844826	1.000120	0.000020
0.853949	1.000630	0.000021
0.863140	1.000746	0.000663
0.872291	1.001146	0.000503
0.882201	1.000879	0.000476
0.890656	1.001213	0.000004
0.899350	1.000439	0.000405
0.908590	1.001538	0.000267
0.917290	1.000616	0.000688
0.926472	1.001505	0.000088
0.934782	1.001171	0.000542
0.944147	1.001524	0.000566
0.953156	1.000947	0.000005
0.961850	1.000606	0.000171
0.970672	1.001906	0.000008
0.979372	1.000757	0.000431
0.988972	1.001415	0.000191
0.997282	1.000151	0.000980
1.006238	1.001338	0.000093
1.014822	1.000942	0.000101
1.023381	1.000280	0.000196
1.032336	1.000555	0.000380
1.040616	1.000370	0.000011
1.049812	1.001122	0.000566
1.058142	1.000511	0.000043
1.066914	1.000021	0.000011
1.075649	1.000327	0.000392
1.083960	1.000011	0.000165
1.093162	1.000290	0.000311
1.101442	1.000030	0.000590
1.110398	1.000279	0.000354
1.119002	1.000213	0.000798
1.128408	0.999364	0.000123
1.138149	1.000121	0.000324
1.146460	0.999432	0.000014
1.155662	0.999357	0.000417
1.163942	0.999810	0.000413
1.172898	0.999891	0.000101
1.181502	1.000285	0.000153
1.190071	1.000208	0.000613
1.198976	1.000480	0.000431
1.207286	1.000541	0.000301
1.217326	0.999879	0.000415
1.226168	1.001077	0.000169
1.235398	1.000192	0.000240
1.244002	1.000794	0.000173
1.252571	0.999882	0.000364
1.261476	1.001308	0.000339
1.270059	1.000703	0.000701
1.279826	1.000678	0.000110
1.288531	1.001477	0.001258
1.297898	1.001210	0.000055
1.306502	1.001125	0.000013
1.315071	1.000845	0.000276
1.323976	1.002524	0.000228
1.333539	1.000586	0.000517
1.343162	1.001107	0.000236
1.353113	1.000415	0.000583
1.363702	1.000898	0.000438
1.374239	1.000725	0.000043
1.384401	1.000094	0.000005
1.393949	1.000194	0.000404
1.404399	1.000848	0.000777
1.413668	1.000431	0.000371
1.424259	1.000257	0.000177
1.433681	1.000027	0.000240
1.444276	1.000342	0.000216
1.454501	0.999604	0.000348
1.464714	1.000001	0.001131
1.475331	0.999544	0.000671
1.485544	1.000046	0.000192
1.495340	0.999514	0.000126
1.505525	1.000137	0.000173
1.516416	1.000138	0.000353
1.527214	0.998974	0.000012
1.537666	0.999507	0.000481
1.548044	0.999937	0.000623
1.557840	0.999830	0.000336
1.567750	1.000692	0.000209
1.578379	1.000607	0.000004
1.588855	1.000132	0.000229
1.599480	1.000071	0.000015
1.609410	1.000268	0.000567
1.619409	1.000423	0.000731
1.629238	1.001465	0.000155
1.639268	1.000935	0.000845
1.649077	1.000566	0.000473
1.659689	1.001530	0.000391
1.669907	1.000634	0.000167
1.679973	1.000649	0.000253
1.689654	1.001382	0.001048
1.699957	1.000511	0.000128
1.710474	0.999612	0.000117
1.720807	1.000247	0.000296
1.731711	1.000952	0.000133
1.742614	1.000212	0.000066
1.753257	1.001145	0.000122
1.763434	1.000112	0.000164
1.774077	1.000338	0.000182
1.784284	1.000338	0.000664
1.794907	0.999957	0.000392
1.805114	1.000683	0.000428
1.815757	1.000080	0.000286
1.825934	0.999501	0.000862
1.836577	1.001646	0.001613
1.846784	1.000183	0.000204
1.857417	1.000171	0.000533
1.867614	0.999661	0.000227
1.878257	1.000182	0.000252
1.888434	0.999345	0.000866
1.899077	1.000535	0.000945
1.909284	0.999586	0.000372
1.919917	0.999447	0.000814
1.930114	0.999424	0.000328
1.941738	0.999378	0.000271
1.952043	0.999883	0.000001
1.962558	0.998544	0.000533
1.972883	0.999979	0.000225
1.983408	1.000072	0.000069
1.993723	0.999468	0.000285
2.004238	1.000554	0.000819
2.014543	0.999635	0.000505
2.025058	1.000175	0.000104
2.035373	0.999438	0.000395
2.045908	0.999664	0.000062
2.056223	0.998642	0.000453
2.066738	0.999629	0.000177
2.077043	1.000056	0.000868
2.088580	0.998933	0.000301
2.098966	1.000481	0.000871
2.110554	1.000547	0.000195
2.120786	1.000431	0.000177
2.133299	1.000034	0.000420
2.144001	0.999773	0.000140
2.155796	0.999187	0.000057
2.167338	0.998635	0.000283
2.178144	0.999522	0.000085
2.189296	0.999995	0.000136
2.200932	0.998975	0.000357
2.212461	0.999624	0.000102
2.222873	1.000229	0.000463
2.234430	1.000666	0.000093
2.244816	0.999950	0.000098
2.257326	0.999298	0.000116
2.268982	0.998824	0.000171
2.280241	1.000060	0.000066
2.291094	0.999163	0.000276
2.302036	0.999675	0.000462
2.313178	0.998905	0.000167
2.323984	0.999399	0.000216
2.335106	1.000004	0.000714
2.346762	0.998896	0.000302
2.358864	0.999425	0.000350
2.370234	0.999176	0.000721
2.383299	0.999002	0.000510
2.394001	0.999239	0.000249
2.405796	1.000041	0.000264
2.417618	0.998802	0.000236
2.429117	1.000524	0.000484
2.440536	0.999725	0.000557
2.452053	1.000226	0.000344
2.464660	1.001462	0.002093
2.476085	0.999257	0.000742
2.488291	0.999779	0.000012
2.500406	0.998603	0.000810
2.511905	0.999209	0.000351
2.523846	0.999613	0.000071
2.534274	0.999258	0.000061
2.545821	0.999043	0.000019
2.556213	0.999464	0.000050
2.567760	0.999335	0.000059
2.578136	0.999232	0.000008
2.590647	0.998579	0.000066
2.602341	0.998850	0.000547
2.613571	0.999421	0.000009
2.624434	1.002612	0.001100
2.635386	0.999162	0.000012
2.646076	1.017068	0.000005
2.657314	0.998929	0.000493
2.668466	0.998362	0.000570
2.679117	0.999536	0.000235
2.689712	1.006458	0.004993
2.699967	0.998829	0.000737
2.710522	1.002319	0.002450
2.720787	0.998419	0.000447
2.731392	1.000995	0.000980
2.741617	0.998923	0.000549
2.752212	0.999414	0.000496
2.762467	0.997776	0.000354
2.773022	0.998715	0.000166
2.783435	0.999013	0.000193
2.794994	0.998366	0.000472
2.805104	0.998231	0.000835
2.816096	0.997426	0.000917
2.828144	0.998861	0.001578
2.839704	0.998361	0.000052
2.850373	0.997700	0.000479
2.862602	0.998172	0.000545
2.873608	1.000139	0.000147
2.884421	0.997700	0.000217
2.895254	0.997522	0.000490
2.906206	0.997924	0.000322
2.915677	1.002849	0.001594
2.925656	1.000648	0.000976
2.934433	0.999280	0.003336
2.944721	1.000291	0.001077
2.954399	0.999076	0.001173
2.963595	1.001032	0.000692
2.972736	0.998762	0.000733
2.982797	0.998485	0.001445
2.992468	0.999184	0.001512
3.002629	1.000307	0.000909
3.011630	0.999133	0.000749
3.021518	1.000616	0.000564
3.031918	0.999937	0.000231
3.042763	0.999227	0.000958
3.053439	0.999633	0.000083
3.063615	1.001874	0.000053
3.074006	1.001824	0.000287
3.084013	1.000849	0.001024
3.095915	1.001465	0.000504
3.106819	1.003800	0.002013
3.115666	1.001001	0.001254
3.125132	1.002386	0.000678
3.136212	1.002842	0.000659
3.147085	1.003506	0.000077
3.157589	1.003028	0.000204
3.168768	1.004745	0.000267
3.180104	1.005085	0.000118
3.190139	1.005209	0.001443
3.199006	1.006832	0.000081
3.209006	1.005862	0.000551
3.218301	1.008142	0.000335
3.228314	1.006356	0.000755
3.238166	1.008349	0.000419
3.246953	1.008360	0.001032
3.256258	1.008308	0.000805
3.265509	1.009174	0.000105
3.275966	1.009317	0.000966
3.285926	1.009306	0.000094
3.295297	1.010441	0.000463
3.304689	1.009840	0.000406
3.315824	1.011035	0.000767
3.324835	1.010135	0.000710
3.334018	1.011844	0.000458
3.343162	1.011711	0.000551
3.352904	1.010058	0.000013
3.362342	1.011110	0.000647
3.371660	1.009379	0.000106
3.382221	1.010756	0.001135
3.391085	1.010336	0.000288
3.401241	1.010201	0.000636
3.411343	1.011044	0.000790
3.421836	1.008950	0.000071
3.430806	1.007576	0.000711
3.440985	1.007884	0.000607
3.450667	1.008121	0.001855
3.459298	1.005745	0.000534
3.469274	1.005774	0.000425
3.479019	1.006417	0.001136
3.488166	1.004683	0.000234
3.496532	1.003251	0.000156
3.505285	1.003777	0.000697
3.514005	1.002003	0.000642
3.522488	1.000945	0.000071
3.531774	1.000972	0.000594
3.540966	1.001076	0.001269
3.550666	1.000325	0.000235
3.559032	0.999375	0.000455
3.568894	0.998370	0.000194
3.578166	0.998851	0.000381
3.587900	0.998122	0.000206
3.598162	0.996808	0.000736
3.606829	0.996704	0.000189
3.615666	0.996193	0.000256
3.624871	0.995557	0.001729
3.634830	0.996263	0.000690
3.644855	0.995412	0.000391
3.655105	0.996476	0.000200
3.665710	0.994453	0.000734
3.676492	0.994780	0.000238
3.685435	0.993442	0.000587
3.695662	0.994613	0.000299
3.704997	0.994479	0.000589
3.714578	0.994249	0.000110
3.723454	0.994080	0.000361
3.732932	0.994703	0.000112
3.742898	0.993847	0.000377
3.752639	0.994089	0.000263
3.761506	0.993834	0.000023
3.770681	0.993131	0.000296
3.779968	0.994333	0.000628
3.789878	0.993393	0.000264
3.799842	0.994563	0.000082
3.808614	0.994332	0.000022
3.817785	0.994594	0.000285
3.827325	0.994239	0.000462
3.836927	0.995169	0.000244
3.847068	0.995039	0.000397
3.857675	0.995053	0.000673
3.866502	0.995603	0.000463
3.875708	0.996423	0.000025
3.884822	0.995997	0.000412
3.894572	0.995676	0.000570
3.905097	0.995711	0.000410
3.914595	0.996474	0.000736
3.923911	0.996048	0.001033
3.932740	0.996140	0.000752
3.941956	0.997814	0.000596
3.950680	0.996303	0.000139
3.959988	0.997100	0.000018
3.969274	0.997628	0.000415
3.979041	0.997671	0.000053
3.988166	0.997781	0.000055
3.997650	0.996477	0.000914
4.007221	0.998013	0.000221
4.016632	0.997536	0.000071
4.026668	0.997869	0.000468
4.035105	1.005386	0.000619
4.043769	1.002988	0.003143
4.052184	1.002220	0.001255
4.060852	1.001722	0.000990
4.069018	1.001281	0.003554
4.077465	1.003378	0.001186
4.085676	0.999747	0.002513
4.093706	1.000757	0.000397
4.101666	0.999499	0.000489
4.109882	0.999767	0.000654
4.117621	0.998960	0.001761
4.125829	0.999834	0.000189
4.134668	0.999046	0.001093
4.142499	1.000078	0.000736
4.151512	0.999572	0.000131
4.159981	0.998953	0.000082
4.168202	0.998325	0.000071
4.176358	0.998853	0.000501
4.184480	0.998333	0.000092
4.193882	0.999035	0.000401
4.201765	1.000965	0.000822
4.209986	0.999078	0.000171
4.218986	0.999152	0.000281
4.227502	0.999899	0.000296
4.235708	0.999912	0.000078
4.244155	0.999233	0.000127
4.252356	0.999864	0.000003
4.260376	0.999648	0.000282
4.268326	0.999284	0.000491
4.277075	1.000912	0.000779
4.285652	1.000904	0.000792
4.294036	0.999844	0.000290
4.302066	1.000100	0.000307
4.310016	1.000286	0.000124
4.318182	1.000925	0.000270
4.327186	1.000827	0.000518
4.336380	1.000615	0.000532
4.344681	1.000894	0.000392
4.353760	1.000559	0.000010
4.362339	1.000535	0.000023
4.371134	0.999638	0.000479
4.379855	1.001514	0.000123
4.387624	1.001191	0.000001
4.395807	1.000067	0.000236
4.403885	1.000238	0.000664
4.412455	1.000584	0.000459
4.420719	1.001093	0.000459
4.428460	1.000081	0.000301
4.436669	1.000247	0.000473
4.444862	1.000362	0.000329
4.452467	0.999850	0.000033
4.461508	1.000281	0.000001
4.470529	1.000251	0.000469
4.479596	1.000452	0.000443
4.488173	1.000088	0.000337
4.497506	1.000465	0.000057
4.505702	1.000384	0.000205
4.513451	0.999998	0.000287
4.521633	0.999600	0.001565
4.529689	1.000243	0.000350
4.537492	1.000613	0.000403
4.545719	1.000330	0.000049
4.554586	0.998906	0.000115
4.564032	1.000669	0.000428
4.572793	1.000150	0.000574
4.581652	1.001446	0.000143
4.589858	1.001179	0.000157
4.600118	1.001081	0.000101
4.609053	1.000657	0.000224
4.616794	1.001028	0.000004
4.624997	1.000101	0.000545
4.633055	0.999995	0.000588
4.640811	1.000783	0.000410
4.650274	1.000843	0.000044
4.658449	1.000260	0.000778
4.667499	1.000733	0.000305
4.676638	1.000457	0.000222
4.686406	1.000114	0.000133
4.694872	1.001173	0.000239
4.702477	1.000121	0.000617
4.711390	1.000757	0.000082
4.719416	1.000740	0.000096
4.727777	1.001019	0.000142
4.736532	1.000751	0.000504
4.744147	1.000786	0.000328
4.754600	1.000577	0.000062
4.762629	1.001269	0.000023
4.770793	1.002109	0.003407
4.778202	1.000543	0.000015
4.785807	1.000628	0.000654
4.794704	1.002304	0.001436
4.803460	1.001041	0.000175
4.811669	1.000799	0.000255
4.819163	1.000736	0.001004
4.829172	1.000041	0.000250
4.837761	1.001124	0.000625
4.845529	1.000813	0.000526
4.854153	1.001387	0.001326
4.862594	1.000738	0.000150
4.870842	1.000755	0.000197
4.879027	1.002883	0.000247
4.887354	1.000908	0.000214
4.897063	1.001075	0.000978
4.906789	1.001011	0.000449
4.917060	1.001039	0.000990
4.925673	1.001011	0.000369
4.934468	1.000691	0.000045
4.943190	1.000323	0.000703
4.951658	1.000673	0.000140
4.960664	1.001151	0.000342
4.969006	1.000994	0.000108
4.978066	1.001606	0.000202
4.986510	1.000927	0.001259
4.996084	1.000389	0.000321
5.004853	1.001152	0.000687
5.013198	1.001234	0.000164
5.022327	1.000967	0.000463
5.030808	0.999865	0.000075
5.040566	1.000860	0.000380
5.049010	1.000192	0.000476
5.057757	1.000722	0.000523
5.066527	1.000742	0.000182
5.075271	1.000688	0.000667
5.084974	1.000324	0.000154
5.093984	1.000625	0.000268
5.103066	1.000916	0.000248
5.111510	0.999606	0.000138
5.120225	1.002556	0.002579
5.129027	1.000098	0.000469
5.137327	1.000771	0.000023
5.147327	0.999416	0.000234
5.156327	0.999481	0.000326
5.165566	0.999656	0.000164
5.174010	0.999326	0.000066
5.182725	0.999623	0.000047
5.191527	1.000299	0.000151
5.200393	0.999822	0.000306
5.210395	0.999428	0.000521
5.218974	0.999496	0.000470
5.228076	0.999495	0.000367
5.236510	0.998538	0.000166
5.245225	1.000156	0.000027
5.254027	0.999576	0.000026
5.262321	0.999862	0.000891
5.271501	0.999076	0.000353
5.279819	1.000103	0.000111
5.288619	0.999659	0.000333
5.297360	1.000176	0.000420
5.305786	1.000832	0.000784
5.314854	1.000274	0.000198
5.323144	0.999914	0.000498
5.332236	0.999674	0.000189
5.340690	1.000340	0.000469
5.349385	0.999691	0.000337
5.358197	1.000194	0.000018
5.366487	1.001354	0.000225
5.376105	1.000334	0.000287
5.384807	1.000759	0.000488
5.393772	1.001625	0.001019
5.402356	1.000178	0.000492
5.411465	0.999828	0.000448
5.420697	1.000232	0.000756
5.428987	1.000387	0.000109
5.438202	1.000611	0.001342
5.447307	1.000331	0.000101
5.456560	0.999256	0.000236
5.465690	1.000200	0.000026
5.474385	1.000051	0.000508
5.483197	1.000734	0.000365
5.491487	1.000241	0.000248
5.500675	0.999572	0.000504
5.508979	1.000535	0.000425
5.517799	0.999515	0.000113
5.527086	0.999680	0.000162
5.535916	0.999505	0.000352
5.544860	0.998310	0.000212
5.553150	1.000217	0.000260
5.562768	0.998604	0.000351
5.571479	0.999344	0.000962
5.580436	0.999795	0.000052
5.590556	0.999704	0.000078
5.599668	1.000183	0.000030
5.609032	1.000637	0.000527
5.617325	0.999686	0.000005
5.626507	1.000207	0.000135
5.634817	0.999750	0.000301
5.643772	0.999985	0.000052
5.652356	1.000246	0.000366
5.660916	1.000410	0.000970
5.669860	1.000120	0.000020
5.678984	1.000630	0.000021
5.688175	1.000746	0.000663
5.697326	1.001146	0.000503
5.707236	1.000879	0.000476
5.715690	1.001213	0.000004
5.724385	1.000439	0.000405
5.733625	1.001538	0.000267
5.742325	1.000616	0.000688
5.751507	1.001505	0.000088
5.759817	1.001171	0.000542
5.769182	1.001524	0.000566
5.778190	1.000947	0.000005
5.786885	1.000606	0.000171
5.795707	1.001906	0.000008
5.804406	1.000757	0.000431
5.814007	1.001415	0.000191
5.822317	1.000151	0.000980
5.831272	1.001338	0.000093
5.839856	1.000942	0.000101
5.848416	1.000280	0.000196
5.857370	1.000555	0.000380
5.865650	1.000370	0.000011
5.874847	1.001122	0.000566
5.883177	1.000511	0.000043
5.891949	1.000021	0.000011
5.900683	1.000327	0.000392
5.908995	1.000011	0.000165
5.918197	1.000290	0.000311
5.926477	1.000030	0.000590
5.935432	1.000279	0.000354
5.944036	1.000213	0.000798
5.953442	0.999364	0.000123
5.963183	1.000121	0.000324
5.971495	0.999432	0.000014
5.980697	0.999357	0.000417
5.988977	0.999810	0.000413
5.997932	0.999891	0.000101
6.006536	1.000285	0.000153
6.015106	1.000208	0.000613
6.024010	1.000480	0.000431
6.032320	1.000541	0.000301
6.042361	0.999879	0.000415
6.051203	1.001077	0.000169
6.060432	1.000192	0.000240
6.069036	1.000794	0.000173
6.077606	0.999882	0.000364
6.086510	1.001308	0.000339
6.095093	1.000703	0.000701
6.104861	1.000678	0.000110
6.113566	1.001477	0.001258
6.122932	1.001210	0.000055
6.131536	1.001125	0.000013
6.140106	1.000845	0.000276
6.149010	1.002524	0.000228
6.158574	1.000586	0.000517
6.168197	1.001107	0.000236
6.178148	1.000415	0.000583
6.188737	1.000898	0.000438
6.199273	1.000725	0.000043
6.209436	1.000094	0.000005
6.218984	1.000194	0.000404
6.229434	1.000848	0.000777
6.238703	1.000431	0.000371
6.249293	1.000257	0.000177
6.258716	1.000027	0.000240
6.269311	1.000342	0.000216
6.279536	0.999604	0.000348
6.289749	1.000001	0.001131
6.300366	0.999544	0.000671
6.310579	1.000046	0.000192
6.320375	0.999514	0.000126
6.330560	1.000137	0.000173
6.341451	1.000138	0.000353
6.352249	0.998974	0.000012
6.362700	0.999507	0.000481
6.373079	0.999937	0.000623
6.382875	0.999830	0.000336
6.392785	1.000692	0.000209
6.403414	1.000607	0.000004
6.413890	1.000132	0.000229
6.424515	1.000071	0.000015
6.434445	1.000268	0.000567
6.444443	1.000423	0.000731
6.454273	1.001465	0.000155
6.464303	1.000935	0.000845
6.474112	1.000566	0.000473
6.484724	1.001530	0.000391
6.494942	1.000634	0.000167
6.505008	1.000649	0.000253
6.514689	1.001382	0.001048
6.524992	1.000511	0.000128
6.535509	0.999612	0.000117
6.545842	1.000247	0.000296
6.556746	1.000952	0.000133
6.567649	1.000212	0.000066
6.578292	1.001145	0.000122
6.588469	1.000112	0.000164
6.599112	1.000338	0.000182
6.609319	1.000338	0.000664
6.619942	0.999957	0.000392
6.630149	1.000683	0.000428
6.640792	1.000080	0.000286
6.650969	0.999501	0.000862
6.661612	1.001646	0.001613
6.671819	1.000183	0.000204
6.682452	1.000171	0.000533
6.692649	0.999661	0.000227
6.703292	1.000182	0.000252
6.713469	0.999345	0.000866
6.724112	1.000535	0.000945
6.734319	0.999586	0.000372
6.744952	0.999447	0.000814
6.755149	0.999424	0.000328
6.766773	0.999378	0.000271
6.777078	0.999883	0.000001
6.787593	0.998544	0.000533
6.797918	0.999979	0.000225
6.808443	1.000072	0.000069
6.818758	0.999468	0.000285
6.829273	1.000554	0.000819
6.839578	0.999635	0.000505
6.850093	1.000175	0.000104
6.860408	0.999438	0.000395
6.870943	0.999664	0.000062
6.881258	0.998642	0.000453
6.891773	0.999629	0.000177
6.902078	1.000056	0.000868
6.913615	0.998933	0.000301
6.924000	1.000481	0.000871
6.935589	1.000547	0.000195
6.945821	1.000431	0.000177
6.958333	1.000034	0.000420
6.969036	0.999773	0.000140
6.980831	0.999187	0.000057
6.992372	0.998635	0.000283
7.003179	0.999522	0.000085
7.014331	0.999995	0.000136
7.025966	0.998975	0.000357
7.037496	0.999624	0.000102
7.047908	1.000229	0.000463
7.059465	1.000666	0.000093
7.069850	0.999950	0.000098
7.082360	0.999298	0.000116
7.094017	0.998824	0.000171
7.105276	1.000060	0.000066
7.116129	0.999163	0.000276
7.127071	0.999675	0.000462
7.138212	0.998905	0.000167
7.149019	0.999399	0.000216
7.160141	1.000004	0.000714
7.171796	0.998896	0.000302
7.183899	0.999425	0.000350
7.195269	0.999176	0.000721
7.208333	0.999002	0.000510
7.219036	0.999239	0.000249
7.230831	1.000041	0.000264
7.242653	0.998802	0.000236
7.254152	1.000524	0.000484
7.265570	0.999725	0.000557
7.277088	1.000226	0.000344
7.289695	1.001462	0.002093
7.301119	0.999257	0.000742
7.313326	0.999779	0.000012
7.325441	0.998603	0.000810
7.336940	0.999209	0.000351
7.348880	0.999613	0.000071
7.359309	0.999258	0.000061
7.370856	0.999043	0.000019
7.381248	0.999464	0.000050
7.392795	0.999335	0.000059
7.403170	0.999232	0.000008
7.415682	0.998579	0.000066
7.427376	0.998850	0.000547
7.438606	0.999421	0.000009
7.449469	1.002612	0.001100
7.460421	0.999162	0.000012
7.471111	1.017068	0.000005
7.482349	0.998929	0.000493
7.493501	0.998362	0.000570
7.504152	0.999536	0.000235
7.514746	1.006458	0.004993
7.525002	0.998829	0.000737
7.535556	1.002319	0.002450
7.545822	0.998419	0.000447
7.556426	1.000995	0.000980
7.566652	0.998923	0.000549
7.577246	0.999414	0.000496
7.587502	0.997776	0.000354
7.598056	0.998715	0.000166
7.608470	0.999013	0.000193
7.620029	0.998366	0.000472
7.630139	0.998231	0.000835
7.641130	0.997426	0.000917
7.653179	0.998861	0.001578
7.664739	0.998361	0.000052
7.675408	0.997700	0.000479
7.687637	0.998172	0.000545
7.698642	1.000139	0.000147
7.709456	0.997700	0.000217
7.720289	0.997522	0.000490
7.731241	0.997924	0.000322
7.740712	1.002849	0.001594
7.750691	1.000648	0.000976
7.759468	0.999280	0.003336
7.769756	1.000291	0.001077
7.779434	0.999076	0.001173
7.788629	1.001032	0.000692
7.797771	0.998762	0.000733
7.807832	0.998485	0.001445
7.817502	0.999184	0.001512
7.827663	1.000307	0.000909
7.836665	0.999133	0.000749
7.846552	1.000616	0.000564
7.856952	0.999937	0.000231
7.867798	0.999227	0.000958
7.878473	0.999633	0.000083
7.888649	1.001874	0.000053
7.899040	1.001824	0.000287
7.909048	1.000849	0.001024
7.920950	1.001465	0.000504
7.931853	1.003800	0.002013
7.940700	1.001001	0.001254
7.950167	1.002386	0.000678
7.961247	1.002842	0.000659
7.972120	1.003506	0.000077
7.982623	1.003028	0.000204
7.993802	1.004745	0.000267
8.005139	1.005085	0.000118
8.015173	1.005209	0.001443
8.024040	1.006832	0.000081
8.034041	1.005862	0.000551
8.043336	1.008142	0.000335
8.053349	1.006356	0.000755
8.063201	1.008349	0.000419
8.071988	1.008360	0.001032
8.081292	1.008308	0.000805
8.090544	1.009174	0.000105
8.101001	1.009317	0.000966
8.110961	1.009306	0.000094
8.120332	1.010441	0.000463
8.129724	1.009840	0.000406
8.140859	1.011035	0.000767
8.149869	1.010135	0.000710
8.159052	1.011844	0.000458
8.168197	1.011711	0.000551
8.177939	1.010058	0.000013
8.187377	1.011110	0.000647
8.196695	1.009379	0.000106
8.207256	1.010756	0.001135
8.216120	1.010336	0.000288
8.226276	1.010201	0.000636
8.236378	1.011044	0.000790
8.246871	1.008950	0.000071
8.255841	1.007576	0.000711
8.266020	1.007884	0.000607
8.275702	1.008121	0.001855
8.284333	1.005745	0.000534
8.294309	1.005774	0.000425
8.304054	1.006417	0.001136
8.313201	1.004683	0.000234
8.321566	1.003251	0.000156
8.330319	1.003777	0.000697
8.339040	1.002003	0.000642
8.347523	1.000945	0.000071
8.356809	1.000972	0.000594
8.366001	1.001076	0.001269
8.375701	1.000325	0.000235
8.384066	0.999375	0.000455
8.393929	0.998370	0.000194
8.403200	0.998851	0.000381
8.412935	0.998122	0.000206
8.423196	0.996808	0.000736
8.431863	0.996704	0.000189
8.440700	0.996193	0.000256
8.449906	0.995557	0.001729
8.459865	0.996263	0.000690
8.469889	0.995412	0.000391
8.480139	0.996476	0.000200
8.490745	0.994453	0.000734
8.501527	0.994780	0.000238
8.510470	0.993442	0.000587
8.520697	0.994613	0.000299
8.530032	0.994479	0.000589
8.539612	0.994249	0.000110
8.548489	0.994080	0.000361
8.557967	0.994703	0.000112
8.567933	0.993847	0.000377
8.577673	0.994089	0.000263
8.586540	0.993834	0.000023
8.595716	0.993131	0.000296
8.605003	0.994333	0.000628
8.614913	0.993393	0.000264
8.624877	0.994563	0.000082
8.633649	0.994332	0.000022
8.642819	0.994594	0.000285
8.652360	0.994239	0.000462
8.661962	0.995169	0.000244
8.672103	0.995039	0.000397
8.682710	0.995053	0.000673
8.691537	0.995603	0.000463
8.700742	0.996423	0.000025
8.709857	0.995997	0.000412
8.719606	0.995676	0.000570
8.730132	0.995711	0.000410
8.739630	0.996474	0.000736
8.748946	0.996048	0.001033
8.757775	0.996140	0.000752
8.766991	0.997814	0.000596
8.775715	0.996303	0.000139
8.785023	0.997100	0.000018
8.794309	0.997628	0.000415
8.804076	0.997671	0.000053
8.813201	0.997781	0.000055
8.822685	0.996477	0.000914
8.832256	0.998013	0.000221
8.841666	0.997536	0.000071
8.851703	0.997869	0.000468
8.860139	1.005386	0.000619
8.868804	1.002988	0.003143
8.877219	1.002220	0.001255
8.885887	1.001722	0.000990
8.894053	1.001281	0.003554
8.902499	1.003378	0.001186
8.910710	0.999747	0.002513
8.918741	1.000757	0.000397
8.926700	0.999499	0.000489
8.934916	0.999767	0.000654
8.942656	0.998960	0.001761
8.950864	0.999834	0.000189
8.959702	0.999046	0.001093
8.967534	1.000078	0.000736
8.976546	0.999572	0.000131
8.985016	0.998953	0.000082
8.993236	0.998325	0.000071
9.001392	0.998853	0.000501
9.009515	0.998333	0.000092
9.018916	0.999035	0.000401
9.026799	1.000965	0.000822
9.035020	0.999078	0.000171
9.044021	0.999152	0.000281
9.052537	0.999899	0.000296
9.060743	0.999912	0.000078
9.069189	0.999233	0.000127
9.077390	0.999864	0.000003
9.085411	0.999648	0.000282
9.093360	0.999284	0.000491
9.102110	1.000912	0.000779
9.110687	1.000904	0.000792
9.119070	0.999844	0.000290
9.127101	1.000100	0.000307
9.135050	1.000286	0.000124
9.143216	1.000925	0.000270
9.152221	1.000827	0.000518
9.161415	1.000615	0.000532
9.169716	1.000894	0.000392
9.178795	1.000559	0.000010
9.187374	1.000535	0.000023
9.196169	0.999638	0.000479
9.204890	1.001514	0.000123
9.212659	1.001191	0.000001
9.220842	1.000067	0.000236
9.228919	1.000238	0.000664
9.237490	1.000584	0.000459
9.245753	1.001093	0.000459
9.253495	1.000081	0.000301
9.261703	1.000247	0.000473
9.269897	1.000362	0.000329
9.277502	0.999850	0.000033
9.286542	1.000281	0.000001
9.295564	1.000251	0.000469
9.304631	1.000452	0.000443
9.313208	1.000088	0.000337
9.322540	1.000465	0.000057
9.330736	1.000384	0.000205
9.338486	0.999998	0.000287
9.346668	0.999600	0.001565
9.354724	1.000243	0.000350
9.362527	1.000613	0.000403
9.370753	1.000330	0.000049
9.379621	0.998906	0.000115
9.389066	1.000669	0.000428
9.397828	1.000150	0.000574
9.406687	1.001446	0.000143
9.414893	1.001179	0.000157
9.425153	1.001081	0.000101
9.434088	1.000657	0.000224
9.441829	1.001028	0.000004
9.450032	1.000101	0.000545
9.458089	0.999995	0.000588
9.465846	1.000783	0.000410
9.475309	1.000843	0.000044
9.483483	1.000260	0.000778
9.492534	1.000733	0.000305
9.501673	1.000457	0.000222
9.511440	1.000114	0.000133
9.519907	1.001173	0.000239
9.527512	1.000121	0.000617
9.536425	1.000757	0.000082
9.544451	1.000740	0.000096
9.552812	1.001019	0.000142
9.561567	1.000751	0.000504
9.569182	1.000786	0.000328
9.579635	1.000577	0.000062
9.587663	1.001269	0.000023
9.595828	1.002109	0.003407
9.603237	1.000543	0.000015
9.610842	1.000628	0.000654
9.619739	1.002304	0.001436
9.628495	1.001041	0.000175
9.636703	1.000799	0.000255
9.644198	1.000736	0.001004
