510
0.004129	1.008490	0.000139
0.011125	1.008443	0.000885
0.018578	1.007299	0.000112
0.026254	1.007820	0.000952
0.032509	1.007228	0.000132
0.039418	1.006756	0.000237
0.047323	1.006819	0.001197
0.054029	1.006221	0.001498
0.061032	1.005275	0.000127
0.068907	1.006045	0.000403
0.075507	1.016589	0.011245
0.082699	1.005124	0.000200
0.090446	1.004118	0.000540
0.096944	1.003889	0.000550
0.104293	1.003554	0.000459
0.112151	1.003034	0.000212
0.119548	1.003014	0.000339
0.127369	1.002284	0.000133
0.134958	1.002516	0.000115
0.141413	1.008381	0.004747
0.149068	1.001899	0.000637
0.155841	1.006688	0.006949
0.162179	1.000924	0.000362
0.169888	1.001181	0.000325
0.177150	1.000375	0.000393
0.183711	1.000890	0.000167
0.191629	0.999957	0.000336
0.198624	0.999265	0.000021
0.206308	1.000252	0.000547
0.215208	0.999638	0.000522
0.222164	0.999652	0.001017
0.229994	0.999273	0.000345
0.237759	0.998904	0.000183
0.244078	0.999552	0.000482
0.251617	0.999401	0.000802
0.259299	0.998896	0.000187
0.265682	0.999949	0.000570
0.272263	1.000087	0.001419
0.279501	0.998802	0.000421
0.285445	0.999909	0.001136
0.291794	0.999108	0.000065
0.298786	0.998413	0.000305
0.305274	0.998387	0.000431
0.312320	1.000006	0.000093
0.319396	0.999558	0.000221
0.325348	0.998795	0.000725
0.331594	0.999308	0.000037
0.338993	0.999351	0.000158
0.345702	0.998345	0.000030
0.352829	0.998833	0.000459
0.359823	0.998709	0.001263
0.367008	0.999933	0.000043
0.373829	0.998909	0.000470
0.382051	0.998405	0.000011
0.388604	0.999057	0.000379
0.395346	0.999903	0.000375
0.402036	0.999391	0.000752
0.408127	0.998553	0.000850
0.414234	0.997816	0.000373
0.420881	1.000098	0.000758
0.427168	0.999256	0.000793
0.433250	0.999132	0.000412
0.440010	0.998918	0.000070
0.447040	0.999359	0.000141
0.452712	0.999613	0.000686
0.459691	0.999821	0.000480
0.466699	0.999675	0.000515
0.472945	0.999486	0.000530
0.479580	0.999546	0.000105
0.486690	0.999441	0.000282
0.492553	0.999235	0.000465
0.498889	0.999413	0.000050
0.505894	0.999479	0.000107
0.512379	0.998773	0.000988
0.519104	0.999098	0.000791
0.526880	0.999849	0.000027
0.533127	0.999596	0.000466
0.539244	0.999088	0.000227
0.545881	0.999713	0.000814
0.552168	0.999880	0.000839
0.558842	0.999617	0.000331
0.566343	0.999392	0.000675
0.573018	0.999223	0.000864
0.579531	0.999575	0.000483
0.586696	0.999159	0.000453
0.593351	0.999633	0.000049
0.599220	1.000537	0.000658
0.605593	0.999729	0.000756
0.612779	1.000251	0.000253
0.618765	1.000118	0.000976
0.625430	1.000345	0.000216
0.632530	1.000193	0.000367
0.638383	1.000124	0.001007
0.645118	0.999780	0.000354
0.652718	1.000094	0.000621
0.659830	1.000859	0.000728
0.666490	0.999334	0.001616
0.674027	0.999949	0.001387
0.680043	1.000583	0.000364
0.686389	1.000348	0.000873
0.693081	0.999204	0.000457
0.699273	0.999337	0.000051
0.705970	1.003824	0.002501
0.712949	1.002145	0.002916
0.718818	0.999102	0.000462
0.724286	1.003057	0.005328
0.730124	1.002815	0.002161
0.736304	1.001113	0.000767
0.741761	1.001245	0.000865
0.747492	1.001052	0.001149
0.754214	1.000848	0.000221
0.760518	0.999060	0.000725
0.765946	1.000645	0.001234
0.772088	1.000857	0.001463
0.778885	0.999953	0.000617
0.784444	1.000797	0.000275
0.790559	1.000192	0.000469
0.797399	1.000073	0.000113
0.804417	0.999490	0.000481
0.811382	0.999640	0.000767
0.818091	1.000517	0.000057
0.824107	0.999425	0.000708
0.829615	0.999513	0.000318
0.835454	0.999439	0.000258
0.841689	0.999095	0.000433
0.846944	0.999192	0.000207
0.852821	0.999159	0.000264
0.859320	0.998927	0.000121
0.865192	0.999219	0.000609
0.871294	0.999651	0.000147
0.877812	0.998378	0.000358
0.884540	0.998704	0.000694
0.889743	0.998706	0.000229
0.896040	0.999458	0.000182
0.902339	0.999617	0.000022
0.908109	0.999622	0.000302
0.914704	0.998662	0.000369
0.920957	1.000125	0.000190
0.927314	0.999138	0.000128
0.933250	0.998867	0.000344
0.939009	0.999433	0.000788
0.945241	0.998890	0.000433
0.951029	0.998874	0.000206
0.956981	0.999240	0.000249
0.963639	0.999773	0.000805
0.969580	0.999159	0.000447
0.975465	0.998657	0.000158
0.981284	1.000135	0.000152
0.987695	0.999567	0.000694
0.993913	0.998783	0.000422
0.999748	0.999288	0.000580
1.006831	0.999409	0.000566
1.013456	0.998918	0.000256
1.019481	0.999908	0.000640
1.025827	1.000248	0.001067
1.032238	0.999444	0.000305
1.038572	0.999990	0.000529
1.044409	0.999738	0.000832
1.051072	0.999122	0.000013
1.057626	0.999701	0.000463
1.063464	0.999384	0.000574
1.069635	1.000191	0.000545
1.075495	1.000060	0.000001
1.081597	1.000664	0.000421
1.088096	0.999660	0.000405
1.093964	0.999011	0.000024
1.100381	0.999861	0.000764
1.106284	0.999814	0.000276
1.113879	0.999400	0.000002
1.121139	0.999747	0.000672
1.127684	1.000056	0.000171
1.133996	1.000526	0.000082
1.139743	1.000284	0.000591
1.145578	0.999208	0.000139
1.151798	0.999922	0.000201
1.158677	1.000685	0.000366
1.164706	1.000214	0.000066
1.171130	0.999994	0.000064
1.177304	1.000126	0.000715
1.183250	1.000701	0.000045
1.189019	0.999705	0.000653
1.195251	0.999756	0.000491
1.201250	0.999988	0.001423
1.207533	0.999915	0.001020
1.213713	0.998809	0.000592
1.219580	1.000129	0.000178
1.225999	0.999894	0.000083
1.232148	0.999893	0.000734
1.238729	0.999681	0.000247
1.244499	0.999814	0.000693
1.250375	0.999559	0.000642
1.256509	0.999103	0.000080
1.262609	0.999053	0.000215
1.268866	0.999488	0.000035
1.275310	0.999363	0.000431
1.281464	0.999229	0.000212
1.287430	0.999699	0.000806
1.293169	0.999049	0.000473
1.299411	0.999156	0.000468
1.305504	0.999594	0.000888
1.312092	0.999405	0.000212
1.318781	0.998369	0.000263
1.325257	0.998877	0.000865
1.331607	0.999214	0.000688
1.338327	0.999440	0.000760
1.344748	0.999403	0.000356
1.351223	0.999101	0.000337
1.357702	0.998700	0.000388
1.364337	0.999370	0.000065
1.370752	0.998890	0.000397
1.377134	0.999359	0.000071
1.383996	0.998864	0.001066
1.390381	0.998628	0.000665
1.397568	0.998596	0.000142
1.404816	0.999014	0.000285
1.411148	0.999194	0.000622
1.417562	0.998204	0.000898
1.424027	0.996809	0.001124
1.430661	0.999864	0.001622
1.437092	0.999641	0.000510
1.444012	0.995793	0.000584
1.450257	0.999215	0.000490
1.456617	0.999876	0.000464
1.463171	0.995616	0.003241
1.469131	0.999532	0.000393
1.475763	0.998817	0.000631
1.482629	0.995698	0.006330
1.488729	1.000559	0.000160
1.495126	0.999144	0.000431
1.501748	1.000224	0.000929
1.508453	0.995017	0.005298
1.515161	1.000823	0.000280
1.522339	0.999981	0.000173
1.529126	1.000364	0.000213
1.536148	0.999847	0.000016
1.542708	1.000092	0.000269
1.549496	0.994545	0.003725
1.556268	0.999136	0.000162
1.562720	1.000008	0.000875
1.569094	0.995077	0.001010
1.575257	1.000353	0.000572
1.581627	0.999714	0.000242
1.588171	0.995150	0.003529
1.594362	0.999624	0.000462
1.601223	0.999733	0.000644
1.608089	0.995627	0.006167
1.614337	0.999998	0.000011
1.620891	0.999265	0.000086
1.627834	0.999917	0.000025
1.634015	0.994503	0.007331
1.640298	1.000364	0.000030
1.646732	0.999411	0.001103
1.653039	0.994432	0.003147
1.659160	0.999635	0.000337
1.665635	0.999332	0.000386
1.672326	1.000689	0.006123
1.678360	0.999597	0.000717
1.685150	0.999537	0.000230
1.691417	0.999209	0.003975
1.697196	0.999817	0.000168
1.704082	1.000120	0.000050
1.710443	1.002730	0.005871
1.716156	0.994542	0.004015
1.723405	0.999996	0.000344
1.730070	0.999098	0.000633
1.736431	0.998849	0.003878
1.742974	0.999853	0.000780
1.749665	1.000174	0.000375
1.756197	0.998897	0.004100
1.763020	1.000455	0.000379
1.770442	1.000131	0.000010
1.776496	0.998213	0.004152
1.782540	1.000243	0.000034
1.789330	1.000316	0.000480
1.795567	0.997921	0.003406
1.801346	0.999887	0.000240
1.808484	0.999763	0.000920
1.815165	1.001781	0.002681
1.821571	0.997278	0.005034
1.829092	1.000337	0.000048
1.836133	1.000627	0.002043
1.843016	0.999743	0.000063
1.849942	1.000240	0.000009
1.856492	1.001224	0.001622
1.862613	0.997756	0.002979
1.869519	0.998891	0.000566
1.876519	0.999983	0.000952
1.882291	0.998259	0.000636
1.889587	1.000268	0.000211
1.896750	1.000627	0.001104
1.903101	0.999003	0.001368
1.910353	0.998895	0.000084
1.917018	0.999701	0.000206
1.923617	0.999522	0.001351
1.930474	0.999322	0.000311
1.937092	0.999746	0.000959
1.943186	0.999966	0.000784
1.949200	0.999184	0.000100
1.956698	0.999223	0.000402
1.963610	1.001962	0.000591
1.970050	0.999700	0.000511
1.976830	0.999217	0.000652
1.983913	1.000058	0.000808
1.990170	0.999429	0.000859
1.997033	0.999544	0.000019
2.003300	1.000795	0.001096
2.009015	0.998406	0.001738
2.016041	0.999534	0.000146
2.022943	1.000245	0.001466
2.028666	0.998410	0.000292
2.036126	0.999682	0.000588
2.043231	1.000336	0.001359
2.049506	0.998982	0.000277
2.057009	0.999267	0.000110
2.064071	1.000964	0.001301
2.070732	0.999610	0.001491
2.078613	1.000001	0.000495
2.085765	1.000749	0.001239
2.092556	0.999535	0.000885
2.100163	1.000367	0.000178
2.107036	1.000587	0.001353
2.113396	0.999701	0.000761
2.120973	1.000586	0.000072
2.127886	1.001517	0.000883
2.134236	1.000352	0.000856
2.141813	1.000019	0.000157
2.148716	1.001117	0.001611
2.155138	1.000917	0.001517
2.163336	0.999960	0.000489
2.170181	1.000618	0.000440
2.176659	1.000977	0.000632
2.184146	1.000105	0.000344
2.191796	1.000379	0.000564
2.198897	1.000744	0.000107
2.206773	1.000656	0.000371
2.214186	1.000046	0.000428
2.222235	1.000453	0.000046
2.230731	1.000602	0.000231
2.237558	1.000767	0.000484
2.245422	1.000520	0.000428
2.252886	0.999828	0.000079
2.259236	1.000053	0.000351
2.267340	1.000553	0.000035
2.274959	1.000714	0.000141
2.282779	1.000292	0.000025
2.290416	1.000549	0.000653
2.297774	1.000105	0.000646
2.304698	0.999656	0.000639
2.312709	1.000127	0.000059
2.319533	0.999652	0.000102
2.327316	0.999997	0.000007
2.334932	1.000304	0.000271
2.341856	0.999681	0.000386
2.349483	1.000024	0.000776
2.356356	1.000184	0.000099
2.362706	0.999690	0.000339
2.371490	0.999666	0.000416
2.378531	0.999778	0.000367
2.384999	0.999729	0.000583
2.392506	1.000550	0.000066
2.399351	0.999594	0.000310
2.405829	0.999158	0.000321
2.413346	1.000209	0.000465
2.420799	0.999487	0.001113
2.428057	0.998814	0.000743
2.435536	0.999778	0.000189
2.442421	0.999617	0.000306
2.449659	0.999288	0.000162
2.457096	1.000077	0.000165
2.464038	1.000170	0.000111
2.471242	0.999682	0.000175
2.478689	0.999914	0.000067
2.485284	1.001217	0.000502
2.492052	1.000134	0.000751
2.499582	0.999537	0.000423
2.506656	1.000516	0.000509
2.513730	1.000222	0.000145
2.521059	1.000667	0.000004
2.527476	1.000971	0.001044
2.534590	0.999741	0.000122
2.541889	1.000938	0.000291
2.548326	1.001288	0.000603
2.555611	1.000239	0.000224
2.563402	1.000733	0.000272
2.569781	1.001181	0.000731
2.577002	1.000204	0.000075
2.584252	1.000252	0.000117
2.590611	1.000756	0.000697
2.597853	1.001374	0.000253
2.605082	1.000565	0.000356
2.611451	1.000938	0.000128
2.619039	1.001297	0.000008
2.626581	0.999673	0.000956
2.632846	1.001186	0.000194
2.639734	0.989955	0.016609
2.647421	1.000416	0.000444
2.653832	1.001401	0.000702
2.662215	1.001268	0.000343
2.669556	1.000415	0.000580
2.675750	0.991829	0.014669
2.683015	1.000739	0.000015
2.690396	1.001241	0.000238
2.697261	0.991925	0.009561
2.704620	1.001327	0.000783
2.711871	1.000613	0.000897
2.718101	0.992343	0.009091
2.725470	1.001381	0.000948
2.733612	0.999869	0.000240
2.741405	0.993641	0.001732
2.749835	0.999920	0.000282
2.756646	1.000308	0.000567
2.763346	0.994378	0.004411
2.771960	1.000464	0.000209
2.778831	0.999612	0.000550
2.786379	0.995468	0.009709
2.794481	0.999932	0.000164
2.802005	0.995393	0.002748
2.809491	0.999579	0.000127
2.816721	0.999404	0.000083
2.823701	0.996666	0.000662
2.831866	0.999344	0.000205
2.838870	0.998742	0.000042
2.845856	0.996513	0.000304
2.853544	0.999464	0.000620
2.860826	0.999745	0.000729
2.867358	0.996937	0.002743
2.875232	0.998381	0.001023
2.882281	0.999342	0.000596
2.889974	0.997347	0.002713
2.898350	0.999891	0.000801
2.904920	0.997205	0.004050
2.912215	0.999343	0.000429
2.920643	0.999217	0.000762
2.927120	0.998139	0.000817
2.934501	0.999646	0.000024
2.942255	0.999270	0.001117
2.948575	0.998053	0.000337
2.956093	0.999555	0.000380
2.963253	1.000649	0.000531
2.969415	0.998891	0.000660
2.976933	0.999199	0.000450
2.984083	0.999732	0.001118
2.990862	0.998763	0.000319
2.999607	0.999648	0.000271
3.007261	0.999411	0.000535
3.013888	0.998535	0.000989
3.022431	0.999395	0.000593
3.028676	0.999343	0.000587
3.035594	0.999064	0.000691
3.043470	0.999709	0.000159
3.050216	0.998913	0.000718
3.057189	0.998485	0.000427
3.064696	0.998818	0.000226
3.071497	0.999482	0.001540
3.078855	0.999012	0.000564
3.086236	0.998869	0.001233
3.092420	0.999016	0.000765
3.099705	0.999107	0.000015
3.107056	0.997949	0.001453
3.113260	0.997781	0.000484
3.121300	0.999000	0.000770
3.129745	0.999273	0.000676
3.136075	0.998690	0.000649
3.143767	0.998688	0.000152
3.151370	0.999025	0.000273
3.157615	0.998346	0.001407
3.165454	0.999540	0.001143
3.172794	1.000082	0.000132
3.179166	0.999739	0.000313
3.186821	0.999306	0.000381
3.194012	0.998891	0.000300
3.200688	0.999745	0.000443
3.208497	0.999353	0.000482
3.214986	1.000348	0.001051
3.221548	1.000543	0.000634
3.229327	1.000172	0.000654
3.235836	1.000206	0.000484
3.242358	1.000884	0.001093
3.250167	1.001133	0.000364
3.256636	1.000982	0.000443
3.263208	1.001053	0.000401
3.270997	1.001387	0.000145
3.277486	1.001961	0.000839
3.284048	1.002269	0.000539
3.291965	1.003895	0.000588
3.298961	1.003676	0.001101
3.306489	1.002780	0.000515
3.314696	1.003554	0.000571
3.321414	1.004350	0.001002
3.328875	1.005982	0.000719
3.336236	1.005735	0.001369
3.342724	1.005142	0.001040
3.351171	1.007761	0.000579
3.358401	1.007183	0.000179
3.364630	1.006030	0.000283
3.372001	1.008759	0.000473
3.379211	1.008975	0.000193
3.385460	1.007670	0.000134
3.393169	1.009322	0.000265
3.401370	1.009745	0.000903
3.407615	1.009368	0.001160
3.415206	1.006726	0.001704
3.422220	1.009765	0.000353
3.428435	1.010276	0.001046
3.436368	1.008947	0.000863
3.444136	1.009912	0.000522
3.450718	1.008402	0.000494
3.458497	1.009792	0.000209
3.464986	1.009393	0.000269
3.471548	1.008100	0.000042
3.479465	1.008490	0.000139
3.486461	1.008443	0.000885
3.493914	1.007299	0.000112
3.501591	1.007820	0.000952
3.507846	1.007228	0.000132
3.514754	1.006756	0.000237
3.522660	1.006819	0.001197
3.529366	1.006221	0.001498
3.536369	1.005275	0.000127
3.544243	1.006045	0.000403
3.550843	1.016589	0.011245
3.558035	1.005124	0.000200
3.565783	1.004118	0.000540
3.572281	1.003889	0.000550
3.579630	1.003554	0.000459
3.587488	1.003034	0.000212
3.594885	1.003014	0.000339
3.602706	1.002284	0.000133
3.610294	1.002516	0.000115
3.616749	1.008381	0.004747
3.624404	1.001899	0.000637
3.631177	1.006688	0.006949
3.637516	1.000924	0.000362
3.645224	1.001181	0.000325
3.652486	1.000375	0.000393
3.659048	1.000890	0.000167
3.666965	0.999957	0.000336
3.673961	0.999265	0.000021
3.681644	1.000252	0.000547
3.690544	0.999638	0.000522
3.697501	0.999652	0.001017
3.705331	0.999273	0.000345
3.713095	0.998904	0.000183
3.719415	0.999552	0.000482
3.726953	0.999401	0.000802
3.734635	0.998896	0.000187
3.741019	0.999949	0.000570
3.747600	1.000087	0.001419
3.754838	0.998802	0.000421
3.760781	0.999909	0.001136
3.767131	0.999108	0.000065
3.774123	0.998413	0.000305
3.780611	0.998387	0.000431
3.787656	1.000006	0.000093
3.794732	0.999558	0.000221
3.800685	0.998795	0.000725
3.806931	0.999308	0.000037
3.814330	0.999351	0.000158
3.821038	0.998345	0.000030
3.828166	0.998833	0.000459
3.835160	0.998709	0.001263
3.842345	0.999933	0.000043
3.849165	0.998909	0.000470
3.857388	0.998405	0.000011
3.863941	0.999057	0.000379
3.870683	0.999903	0.000375
3.877372	0.999391	0.000752
3.883463	0.998553	0.000850
3.889571	0.997816	0.000373
3.896218	1.000098	0.000758
3.902504	0.999256	0.000793
3.908587	0.999132	0.000412
3.915346	0.998918	0.000070
3.922376	0.999359	0.000141
3.928049	0.999613	0.000686
3.935027	0.999821	0.000480
3.942035	0.999675	0.000515
3.948281	0.999486	0.000530
3.954916	0.999546	0.000105
3.962027	0.999441	0.000282
3.967890	0.999235	0.000465
3.974226	0.999413	0.000050
3.981231	0.999479	0.000107
3.987716	0.998773	0.000988
3.994441	0.999098	0.000791
4.002216	0.999849	0.000027
4.008463	0.999596	0.000466
4.014581	0.999088	0.000227
4.021218	0.999713	0.000814
4.027504	0.999880	0.000839
4.034178	0.999617	0.000331
4.041680	0.999392	0.000675
4.048354	0.999223	0.000864
4.054868	0.999575	0.000483
4.062033	0.999159	0.000453
4.068687	0.999633	0.000049
4.074557	1.000537	0.000658
4.080930	0.999729	0.000756
4.088115	1.000251	0.000253
4.094101	1.000118	0.000976
4.100766	1.000345	0.000216
4.107867	1.000193	0.000367
4.113720	1.000124	0.001007
4.120454	0.999780	0.000354
4.128054	1.000094	0.000621
4.135167	1.000859	0.000728
4.141826	0.999334	0.001616
4.149363	0.999949	0.001387
4.155380	1.000583	0.000364
4.161726	1.000348	0.000873
4.168417	0.999204	0.000457
4.174609	0.999337	0.000051
4.181306	1.003824	0.002501
4.188285	1.002145	0.002916
4.194154	0.999102	0.000462
4.199622	1.003057	0.005328
4.205461	1.002815	0.002161
4.211640	1.001113	0.000767
4.217098	1.001245	0.000865
4.222828	1.001052	0.001149
4.229551	1.000848	0.000221
4.235854	0.999060	0.000725
4.241282	1.000645	0.001234
4.247425	1.000857	0.001463
4.254221	0.999953	0.000617
4.259781	1.000797	0.000275
4.265896	1.000192	0.000469
4.272735	1.000073	0.000113
4.279753	0.999490	0.000481
4.286718	0.999640	0.000767
4.293427	1.000517	0.000057
4.299443	0.999425	0.000708
4.304951	0.999513	0.000318
4.310791	0.999439	0.000258
4.317025	0.999095	0.000433
4.322281	0.999192	0.000207
4.328158	0.999159	0.000264
4.334657	0.998927	0.000121
4.340529	0.999219	0.000609
4.346631	0.999651	0.000147
4.353149	0.998378	0.000358
4.359876	0.998704	0.000694
4.365080	0.998706	0.000229
4.371376	0.999458	0.000182
4.377676	0.999617	0.000022
4.383445	0.999622	0.000302
4.390041	0.998662	0.000369
4.396294	1.000125	0.000190
4.402650	0.999138	0.000128
4.408587	0.998867	0.000344
4.414346	0.999433	0.000788
4.420578	0.998890	0.000433
4.426366	0.998874	0.000206
4.432318	0.999240	0.000249
4.438975	0.999773	0.000805
4.444917	0.999159	0.000447
4.450801	0.998657	0.000158
4.456621	1.000135	0.000152
4.463031	0.999567	0.000694
4.469250	0.998783	0.000422
4.475084	0.999288	0.000580
4.482168	0.999409	0.000566
4.488792	0.998918	0.000256
4.494818	0.999908	0.000640
4.501164	1.000248	0.001067
4.507575	0.999444	0.000305
4.513909	0.999990	0.000529
4.519745	0.999738	0.000832
4.526409	0.999122	0.000013
4.532962	0.999701	0.000463
4.538801	0.999384	0.000574
4.544971	1.000191	0.000545
4.550831	1.000060	0.000001
4.556934	1.000664	0.000421
4.563433	0.999660	0.000405
4.569300	0.999011	0.000024
4.575718	0.999861	0.000764
4.581621	0.999814	0.000276
4.589215	0.999400	0.000002
4.596475	0.999747	0.000672
4.603021	1.000056	0.000171
4.609332	1.000526	0.000082
4.615080	1.000284	0.000591
4.620914	0.999208	0.000139
4.627134	0.999922	0.000201
4.634014	1.000685	0.000366
4.640043	1.000214	0.000066
4.646467	0.999994	0.000064
4.652640	1.000126	0.000715
4.658587	1.000701	0.000045
4.664356	0.999705	0.000653
4.670588	0.999756	0.000491
4.676587	0.999988	0.001423
4.682870	0.999915	0.001020
4.689050	0.998809	0.000592
4.694917	1.000129	0.000178
4.701336	0.999894	0.000083
4.707484	0.999893	0.000734
4.714066	0.999681	0.000247
4.719835	0.999814	0.000693
4.725712	0.999559	0.000642
4.731846	0.999103	0.000080
4.737946	0.999053	0.000215
4.744203	0.999488	0.000035
4.750647	0.999363	0.000431
4.756800	0.999229	0.000212
4.762767	0.999699	0.000806
4.768506	0.999049	0.000473
4.774748	0.999156	0.000468
4.780840	0.999594	0.000888
4.787428	0.999405	0.000212
4.794118	0.998369	0.000263
4.800593	0.998877	0.000865
4.806944	0.999214	0.000688
4.813664	0.999440	0.000760
4.820085	0.999403	0.000356
4.826559	0.999101	0.000337
4.833039	0.998700	0.000388
4.839673	0.999370	0.000065
4.846089	0.998890	0.000397
4.852471	0.999359	0.000071
4.859332	0.998864	0.001066
4.865718	0.998628	0.000665
4.872905	0.998596	0.000142
4.880152	0.999014	0.000285
4.886484	0.999194	0.000622
4.892898	0.998204	0.000898
4.899363	0.996809	0.001124
4.905998	0.999864	0.001622
4.912428	0.999641	0.000510
4.919348	0.995793	0.000584
4.925593	0.999215	0.000490
4.931954	0.999876	0.000464
4.938507	0.995616	0.003241
4.944468	0.999532	0.000393
4.951100	0.998817	0.000631
4.957965	0.995698	0.006330
4.964066	1.000559	0.000160
4.970462	0.999144	0.000431
4.977085	1.000224	0.000929
4.983790	0.995017	0.005298
4.990498	1.000823	0.000280
4.997676	0.999981	0.000173
5.004462	1.000364	0.000213
5.011484	0.999847	0.000016
5.018045	1.000092	0.000269
5.024833	0.994545	0.003725
5.031604	0.999136	0.000162
5.038056	1.000008	0.000875
5.044431	0.995077	0.001010
5.050593	1.000353	0.000572
5.056964	0.999714	0.000242
5.063507	0.995150	0.003529
5.069699	0.999624	0.000462
5.076559	0.999733	0.000644
5.083425	0.995627	0.006167
5.089673	0.999998	0.000011
5.096227	0.999265	0.000086
5.103171	0.999917	0.000025
5.109352	0.994503	0.007331
5.115634	1.000364	0.000030
5.122068	0.999411	0.001103
5.128376	0.994432	0.003147
5.134497	0.999635	0.000337
5.140972	0.999332	0.000386
5.147663	1.000689	0.006123
5.153697	0.999597	0.000717
5.160486	0.999537	0.000230
5.166753	0.999209	0.003975
5.172532	0.999817	0.000168
5.179419	1.000120	0.000050
5.185780	1.002730	0.005871
5.191493	0.994542	0.004015
5.198741	0.999996	0.000344
5.205406	0.999098	0.000633
5.211767	0.998849	0.003878
5.218311	0.999853	0.000780
5.225002	1.000174	0.000375
5.231534	0.998897	0.004100
5.238357	1.000455	0.000379
5.245778	1.000131	0.000010
5.251833	0.998213	0.004152
5.257877	1.000243	0.000034
5.264666	1.000316	0.000480
5.270903	0.997921	0.003406
5.276682	0.999887	0.000240
5.283821	0.999763	0.000920
5.290502	1.001781	0.002681
5.296907	0.997278	0.005034
5.304429	1.000337	0.000048
5.311470	1.000627	0.002043
5.318352	0.999743	0.000063
5.325279	1.000240	0.000009
5.331829	1.001224	0.001622
5.337950	0.997756	0.002979
5.344856	0.998891	0.000566
5.351856	0.999983	0.000952
5.357627	0.998259	0.000636
5.364923	1.000268	0.000211
5.372086	1.000627	0.001104
5.378437	0.999003	0.001368
5.385690	0.998895	0.000084
5.392355	0.999701	0.000206
5.398953	0.999522	0.001351
5.405811	0.999322	0.000311
5.412428	0.999746	0.000959
5.418523	0.999966	0.000784
5.424537	0.999184	0.000100
5.432034	0.999223	0.000402
5.438946	1.001962	0.000591
5.445387	0.999700	0.000511
5.452166	0.999217	0.000652
5.459250	1.000058	0.000808
5.465507	0.999429	0.000859
5.472369	0.999544	0.000019
5.478637	1.000795	0.001096
5.484352	0.998406	0.001738
5.491377	0.999534	0.000146
5.498280	1.000245	0.001466
5.504003	0.998410	0.000292
5.511462	0.999682	0.000588
5.518568	1.000336	0.001359
5.524843	0.998982	0.000277
5.532345	0.999267	0.000110
5.539408	1.000964	0.001301
5.546069	0.999610	0.001491
5.553950	1.000001	0.000495
5.561102	1.000749	0.001239
5.567893	0.999535	0.000885
5.575500	1.000367	0.000178
5.582373	1.000587	0.001353
5.588733	0.999701	0.000761
5.596310	1.000586	0.000072
5.603223	1.001517	0.000883
5.609573	1.000352	0.000856
5.617150	1.000019	0.000157
5.624053	1.001117	0.001611
5.630474	1.000917	0.001517
5.638673	0.999960	0.000489
5.645517	1.000618	0.000440
5.651995	1.000977	0.000632
5.659483	1.000105	0.000344
5.667133	1.000379	0.000564
5.674233	1.000744	0.000107
5.682109	1.000656	0.000371
5.689522	1.000046	0.000428
5.697572	1.000453	0.000046
5.706068	1.000602	0.000231
5.712894	1.000767	0.000484
5.720758	1.000520	0.000428
5.728223	0.999828	0.000079
5.734573	1.000053	0.000351
5.742677	1.000553	0.000035
5.750295	1.000714	0.000141
5.758116	1.000292	0.000025
5.765753	1.000549	0.000653
5.773111	1.000105	0.000646
5.780035	0.999656	0.000639
5.788045	1.000127	0.000059
5.794870	0.999652	0.000102
5.802653	0.999997	0.000007
5.810268	1.000304	0.000271
5.817193	0.999681	0.000386
5.824820	1.000024	0.000776
5.831693	1.000184	0.000099
5.838043	0.999690	0.000339
5.846827	0.999666	0.000416
5.853867	0.999778	0.000367
5.860335	0.999729	0.000583
5.867843	1.000550	0.000066
5.874687	0.999594	0.000310
5.881165	0.999158	0.000321
5.888683	1.000209	0.000465
5.896135	0.999487	0.001113
5.903393	0.998814	0.000743
5.910873	0.999778	0.000189
5.917757	0.999617	0.000306
5.924996	0.999288	0.000162
5.932433	1.000077	0.000165
5.939375	1.000170	0.000111
5.946579	0.999682	0.000175
5.954025	0.999914	0.000067
5.960621	1.001217	0.000502
5.967389	1.000134	0.000751
5.974919	0.999537	0.000423
5.981993	1.000516	0.000509
5.989067	1.000222	0.000145
5.996395	1.000667	0.000004
6.002813	1.000971	0.001044
6.009927	0.999741	0.000122
6.017225	1.000938	0.000291
6.023663	1.001288	0.000603
6.030947	1.000239	0.000224
6.038738	1.000733	0.000272
6.045118	1.001181	0.000731
6.052339	1.000204	0.000075
6.059588	1.000252	0.000117
6.065947	1.000756	0.000697
6.073190	1.001374	0.000253
6.080418	1.000565	0.000356
6.086787	1.000938	0.000128
6.094376	1.001297	0.000008
6.101918	0.999673	0.000956
6.108183	1.001186	0.000194
6.115071	0.989955	0.016609
6.122758	1.000416	0.000444
6.129169	1.001401	0.000702
6.137552	1.001268	0.000343
6.144893	1.000415	0.000580
6.151086	0.991829	0.014669
6.158352	1.000739	0.000015
6.165733	1.001241	0.000238
6.172597	0.991925	0.009561
6.179956	1.001327	0.000783
6.187207	1.000613	0.000897
6.193437	0.992343	0.009091
6.200806	1.001381	0.000948
6.208948	0.999869	0.000240
6.216741	0.993641	0.001732
6.225172	0.999920	0.000282
6.231983	1.000308	0.000567
6.238683	0.994378	0.004411
6.247296	1.000464	0.000209
6.254168	0.999612	0.000550
6.261715	0.995468	0.009709
6.269818	0.999932	0.000164
6.277342	0.995393	0.002748
6.284827	0.999579	0.000127
6.292057	0.999404	0.000083
6.299037	0.996666	0.000662
6.307203	0.999344	0.000205
6.314207	0.998742	0.000042
6.321192	0.996513	0.000304
6.328881	0.999464	0.000620
6.336163	0.999745	0.000729
6.342694	0.996937	0.002743
6.350568	0.998381	0.001023
6.357617	0.999342	0.000596
6.365311	0.997347	0.002713
6.373686	0.999891	0.000801
6.380256	0.997205	0.004050
6.387552	0.999343	0.000429
6.395979	0.999217	0.000762
6.402456	0.998139	0.000817
6.409837	0.999646	0.000024
6.417592	0.999270	0.001117
6.423912	0.998053	0.000337
6.431430	0.999555	0.000380
6.438589	1.000649	0.000531
6.444752	0.998891	0.000660
6.452270	0.999199	0.000450
6.459419	0.999732	0.001118
6.466199	0.998763	0.000319
6.474944	0.999648	0.000271
6.482598	0.999411	0.000535
6.489224	0.998535	0.000989
6.497768	0.999395	0.000593
6.504013	0.999343	0.000587
6.510931	0.999064	0.000691
6.518806	0.999709	0.000159
6.525553	0.998913	0.000718
6.532525	0.998485	0.000427
6.540033	0.998818	0.000226
6.546834	0.999482	0.001540
6.554192	0.999012	0.000564
6.561573	0.998869	0.001233
6.567756	0.999016	0.000765
6.575042	0.999107	0.000015
6.582393	0.997949	0.001453
6.588596	0.997781	0.000484
6.596636	0.999000	0.000770
6.605082	0.999273	0.000676
6.611412	0.998690	0.000649
6.619103	0.998688	0.000152
6.626707	0.999025	0.000273
6.632952	0.998346	0.001407
6.640791	0.999540	0.001143
6.648131	1.000082	0.000132
6.654502	0.999739	0.000313
6.662157	0.999306	0.000381
6.669348	0.998891	0.000300
6.676024	0.999745	0.000443
6.683834	0.999353	0.000482
6.690323	1.000348	0.001051
6.696884	1.000543	0.000634
6.704664	1.000172	0.000654
6.711173	1.000206	0.000484
6.717694	1.000884	0.001093
6.725504	1.001133	0.000364
6.731973	1.000982	0.000443
6.738544	1.001053	0.000401
6.746334	1.001387	0.000145
6.752823	1.001961	0.000839
6.759384	1.002269	0.000539
6.767302	1.003895	0.000588
6.774298	1.003676	0.001101
6.781825	1.002780	0.000515
6.790033	1.003554	0.000571
6.796751	1.004350	0.001002
6.804212	1.005982	0.000719
6.811573	1.005735	0.001369
6.818061	1.005142	0.001040
6.826507	1.007761	0.000579
6.833737	1.007183	0.000179
6.839966	1.006030	0.000283
6.847337	1.008759	0.000473
6.854547	1.008975	0.000193
6.860796	1.007670	0.000134
6.868506	1.009322	0.000265
6.876707	1.009745	0.000903
6.882952	1.009368	0.001160
6.890543	1.006726	0.001704
6.897557	1.009765	0.000353
6.903772	1.010276	0.001046
6.911704	1.008947	0.000863
6.919473	1.009912	0.000522
6.926054	1.008402	0.000494
6.933834	1.009792	0.000209
6.940323	1.009393	0.000269
6.946884	1.008100	0.000042
