98
0.095023	1.000837	0.000031
0.292292	1.000702	0.000222
0.409088	1.000547	0.000063
0.521472	1.000509	0.000106
0.625632	1.000423	0.000132
0.729792	1.000543	0.000147
0.844508	1.000335	0.000073
0.958972	1.000060	0.000005
1.063132	1.000002	0.000182
1.192418	1.000287	0.000163
1.323425	1.000075	0.000018
1.462879	0.999993	0.000071
1.648036	1.000712	0.000179
1.829286	1.000725	0.000037
1.987995	1.000678	0.000003
2.100612	1.000576	0.000024
2.215075	1.000437	0.000032
2.333825	1.000506	0.000019
2.473405	1.000049	0.000017
2.606619	0.999730	0.000180
2.802100	1.000043	0.000129
3.010450	0.999732	0.000031
3.214736	0.999687	0.000123
3.344362	0.999805	0.000236
3.448532	0.999875	0.000074
3.552702	1.000008	0.000198
3.656862	1.000248	0.000278
3.761032	0.999899	0.000122
3.865182	1.000044	0.000062
3.969352	1.000043	0.000059
4.073512	0.999893	0.000118
4.177682	0.999969	0.000018
4.281852	0.999881	0.000166
4.386002	1.000263	0.000238
4.498385	1.000337	0.000115
4.615162	0.999853	0.000089
4.719332	0.999908	0.000307
4.823492	0.999853	0.000078
4.927652	0.999867	0.000157
5.031812	0.999737	0.000094
5.136098	0.999641	0.000115
5.263284	0.999737	0.000150
5.406705	0.999370	0.000263
5.510982	1.000082	0.000056
5.615152	0.999850	0.000156
5.719312	1.000195	0.000039
5.829838	1.000270	0.000078
5.940132	1.000300	0.000247
6.052632	1.000227	0.000092
6.156792	1.000108	0.000100
6.260972	0.999772	0.000080
6.365132	0.999975	0.000102
6.469292	1.000122	0.000136
6.573472	1.000059	0.000025
6.677632	1.000539	0.000115
6.781792	1.001093	0.000243
6.885962	1.002181	0.000380
6.990112	1.003369	0.000200
7.094282	1.003115	0.000471
7.198452	1.001421	0.000551
7.308755	1.000385	0.000177
7.433968	0.999743	0.000020
7.625744	0.999655	0.000160
7.800425	0.999598	0.000295
7.944262	0.999606	0.000201
8.064995	0.999944	0.000022
8.198325	0.999597	0.000261
8.325512	1.000024	0.000168
8.444155	1.000118	0.000012
8.558852	0.999921	0.000078
8.675309	1.000044	0.000020
8.864580	1.000147	0.000032
9.072920	0.999966	0.000170
9.281250	0.999991	0.000123
9.489580	1.000078	0.000010
9.697920	0.999743	0.000117
9.906240	1.000038	0.000458
10.114550	0.999666	0.000069
10.322880	0.999842	0.000022
10.531220	1.000123	0.000176
10.866630	0.999630	0.000194
11.514550	1.000123	0.000125
11.741630	1.000512	0.000028
11.968720	1.000391	0.000209
13.018700	0.991086	0.009615
14.218680	0.866859	0.042625
14.577000	0.776765	0.053018
14.949900	0.916946	0.024889
15.176980	0.925158	0.045959
15.404070	0.992634	0.003193
15.633230	0.999080	0.001518
15.843650	1.001553	0.000474
16.104050	1.000309	0.000597
16.322780	0.999664	0.000117
16.549870	0.999980	0.000010
16.772780	1.000226	0.000077
17.022780	1.000329	0.000088
17.276950	1.000265	0.000164
17.635260	1.000837	0.000031
17.832528	1.000702	0.000222
17.949325	1.000547	0.000063
18.061708	1.000509	0.000106
18.165868	1.000423	0.000132
18.270028	1.000543	0.000147
18.384745	1.000335	0.000073
18.499208	1.000060	0.000005
18.603368	1.000002	0.000182
18.732655	1.000287	0.000163
18.863662	1.000075	0.000018
19.003116	0.999993	0.000071
19.188273	1.000712	0.000179
19.369523	1.000725	0.000037
19.528232	1.000678	0.000003
19.640848	1.000576	0.000024
19.755312	1.000437	0.000032
19.874062	1.000506	0.000019
20.013642	1.000049	0.000017
20.146856	0.999730	0.000180
20.342337	1.000043	0.000129
20.550687	0.999732	0.000031
20.754973	0.999687	0.000123
20.884598	0.999805	0.000236
20.988768	0.999875	0.000074
21.092938	1.000008	0.000198
21.197098	1.000248	0.000278
21.301268	0.999899	0.000122
21.405418	1.000044	0.000062
21.509588	1.000043	0.000059
21.613748	0.999893	0.000118
21.717918	0.999969	0.000018
21.822088	0.999881	0.000166
21.926238	1.000263	0.000238
22.038622	1.000337	0.000115
22.155398	0.999853	0.000089
22.259568	0.999908	0.000307
22.363728	0.999853	0.000078
22.467888	0.999867	0.000157
22.572048	0.999737	0.000094
22.676335	0.999641	0.000115
22.803521	0.999737	0.000150
22.946942	0.999370	0.000263
23.051218	1.000082	0.000056
23.155388	0.999850	0.000156
23.259548	1.000195	0.000039
23.370075	1.000270	0.000078
23.480368	1.000300	0.000247
23.592868	1.000227	0.000092
23.697028	1.000108	0.000100
23.801208	0.999772	0.000080
23.905368	0.999975	0.000102
24.009528	1.000122	0.000136
24.113708	1.000059	0.000025
24.217868	1.000539	0.000115
24.322028	1.001093	0.000243
24.426198	1.002181	0.000380
24.530348	1.003369	0.000200
24.634518	1.003115	0.000471
24.738688	1.001421	0.000551
24.848992	1.000385	0.000177
24.974205	0.999743	0.000020
25.165981	0.999655	0.000160
25.340662	0.999598	0.000295
25.484498	0.999606	0.000201
25.605232	0.999944	0.000022
25.738562	0.999597	0.000261
25.865748	1.000024	0.000168
25.984392	1.000118	0.000012
26.099088	0.999921	0.000078
26.215546	1.000044	0.000020
26.404817	1.000147	0.000032
26.613157	0.999966	0.000170
26.821487	0.999991	0.000123
27.029817	1.000078	0.000010
27.238157	0.999743	0.000117
27.446477	1.000038	0.000458
27.654787	0.999666	0.000069
27.863117	0.999842	0.000022
28.071457	1.000123	0.000176
28.406867	0.999630	0.000194
29.054787	1.000123	0.000125
29.281867	1.000512	0.000028
29.508957	1.000391	0.000209
30.558937	0.991086	0.009615
31.758917	0.866859	0.042625
32.117237	0.776765	0.053018
32.490137	0.916946	0.024889
32.717217	0.925158	0.045959
32.944307	0.992634	0.003193
33.173467	0.999080	0.001518
33.383887	1.001553	0.000474
33.644287	1.000309	0.000597
33.863017	0.999664	0.000117
34.090107	0.999980	0.000010
34.313017	1.000226	0.000077
34.563017	1.000329	0.000088
34.817187	1.000265	0.000164
