84
0.016760	1.000642	0.000071
0.050978	1.000457	0.000534
0.085944	0.999898	0.000315
0.120940	0.999076	0.000135
0.155572	0.998718	0.000308
0.197626	0.998575	0.000358
0.239236	0.998122	0.000172
0.282148	0.998063	0.000057
0.325898	0.997839	0.000078
0.367568	0.998006	0.000124
0.409228	0.998311	0.000076
0.452978	0.998139	0.000046
0.497495	0.998500	0.000099
0.542558	0.998892	0.000161
0.585056	0.998745	0.000131
0.630058	0.998803	0.000087
0.671728	0.999403	0.000012
0.713388	0.999285	0.000226
0.757138	0.999821	0.000123
0.800898	0.999590	0.000348
0.842548	1.000028	0.000195
0.886257	1.000113	0.000064
0.930068	1.000116	0.000180
0.971718	1.000304	0.000198
1.017558	1.000385	0.000028
1.059228	1.000113	0.000320
1.105058	1.000093	0.000159
1.146718	0.999938	0.000005
1.188398	1.000314	0.000260
1.232592	1.000212	0.000090
1.280048	1.000240	0.000206
1.321728	1.000146	0.000294
1.367568	1.000422	0.000112
1.409228	1.000210	0.000018
1.452988	1.000432	0.000028
1.497495	1.000532	0.000062
1.542568	1.000264	0.000131
1.584228	1.000368	0.000086
1.625898	1.000178	0.000026
1.668456	1.000267	0.000050
1.714286	0.999848	0.000028
1.759228	1.000155	0.000364
1.800918	1.000020	0.000066
1.846738	1.000026	0.000322
1.888398	1.000023	0.000091
1.933470	0.999928	0.000096
1.975908	1.000168	0.000112
2.017568	1.000147	0.000200
2.060056	1.000265	0.000341
2.105078	1.000241	0.000137
2.146738	0.999975	0.000061
2.188398	1.000107	0.000019
2.231340	0.999998	0.000056
2.273010	0.999240	0.000488
2.307551	0.999816	0.000043
2.343012	0.999920	0.000500
2.384228	1.000134	0.000246
2.425100	0.998593	0.000182
2.467537	0.999197	0.000420
2.513741	0.999416	0.000107
2.562913	1.000106	0.000066
2.615013	0.999995	0.000011
2.667083	0.999740	0.000090
2.719991	0.999211	0.000293
2.764185	0.998712	0.000314
2.808319	0.998981	0.000969
2.855865	0.998653	0.000093
2.897525	0.999186	0.000051
2.939185	0.999857	0.000440
2.980865	1.000274	0.000275
3.022525	1.000600	0.000125
3.064185	1.001420	0.000362
3.109207	1.002140	0.000101
3.155855	1.002248	0.000165
3.197525	1.003151	0.000223
3.239205	1.003539	0.000340
3.282955	1.003745	0.000096
3.324666	1.004232	0.000142
3.359641	1.004568	0.000064
3.396384	1.004430	0.000211
3.435035	1.004140	0.000201
3.476705	1.003893	0.000065
3.518375	1.002441	0.000157
3.560035	1.001806	0.000270
3.608339	1.000642	0.000071
3.642557	1.000457	0.000534
3.677523	0.999898	0.000315
3.712519	0.999076	0.000135
3.747151	0.998718	0.000308
3.789205	0.998575	0.000358
3.830814	0.998122	0.000172
3.873727	0.998063	0.000057
3.917477	0.997839	0.000078
3.959147	0.998006	0.000124
4.000807	0.998311	0.000076
4.044557	0.998139	0.000046
4.089074	0.998500	0.000099
4.134137	0.998892	0.000161
4.176634	0.998745	0.000131
4.221637	0.998803	0.000087
4.263307	0.999403	0.000012
4.304967	0.999285	0.000226
4.348717	0.999821	0.000123
4.392477	0.999590	0.000348
4.434127	1.000028	0.000195
4.477836	1.000113	0.000064
4.521647	1.000116	0.000180
4.563297	1.000304	0.000198
4.609137	1.000385	0.000028
4.650807	1.000113	0.000320
4.696637	1.000093	0.000159
4.738297	0.999938	0.000005
4.779977	1.000314	0.000260
4.824171	1.000212	0.000090
4.871627	1.000240	0.000206
4.913307	1.000146	0.000294
4.959147	1.000422	0.000112
5.000807	1.000210	0.000018
5.044567	1.000432	0.000028
5.089074	1.000532	0.000062
5.134147	1.000264	0.000131
5.175807	1.000368	0.000086
5.217477	1.000178	0.000026
5.260035	1.000267	0.000050
5.305865	0.999848	0.000028
5.350807	1.000155	0.000364
5.392497	1.000020	0.000066
5.438317	1.000026	0.000322
5.479977	1.000023	0.000091
5.525049	0.999928	0.000096
5.567487	1.000168	0.000112
5.609147	1.000147	0.000200
5.651634	1.000265	0.000341
5.696657	1.000241	0.000137
5.738317	0.999975	0.000061
5.779977	1.000107	0.000019
5.822919	0.999998	0.000056
5.864589	0.999240	0.000488
5.899130	0.999816	0.000043
5.934591	0.999920	0.000500
5.975807	1.000134	0.000246
6.016679	0.998593	0.000182
6.059116	0.999197	0.000420
6.105320	0.999416	0.000107
6.154492	1.000106	0.000066
6.206592	0.999995	0.000011
6.258662	0.999740	0.000090
6.311570	0.999211	0.000293
6.355764	0.998712	0.000314
6.399897	0.998981	0.000969
6.447444	0.998653	0.000093
6.489104	0.999186	0.000051
6.530764	0.999857	0.000440
6.572444	1.000274	0.000275
6.614104	1.000600	0.000125
6.655764	1.001420	0.000362
6.700786	1.002140	0.000101
6.747434	1.002248	0.000165
6.789104	1.003151	0.000223
6.830784	1.003539	0.000340
6.874534	1.003745	0.000096
6.916244	1.004232	0.000142
6.951220	1.004568	0.000064
6.987963	1.004430	0.000211
7.026614	1.004140	0.000201
7.068284	1.003893	0.000065
7.109954	1.002441	0.000157
7.151614	1.001806	0.000270
