112
0.035778	0.995320	0.002916
0.123159	0.994591	0.000820
0.196208	0.994275	0.001377
0.273159	0.995373	0.000601
0.348997	0.995078	0.001017
0.407337	0.996279	0.000175
0.465667	0.996292	0.001166
0.528167	0.995416	0.002440
0.584288	0.995766	0.000368
0.636497	0.998152	0.000519
0.692618	0.999269	0.001445
0.750958	0.998315	0.000006
0.803157	0.999691	0.000017
0.860264	0.999737	0.000426
0.914543	1.000114	0.000225
0.969827	1.000310	0.000048
1.021778	1.000040	0.000184
1.073987	1.001067	0.000032
1.125958	1.000112	0.000171
1.178147	1.000654	0.000162
1.230108	1.000430	0.000284
1.282317	1.001166	0.000161
1.334268	1.000996	0.000040
1.388567	1.000759	0.000044
1.443723	1.000874	0.000025
1.495793	1.000931	0.000080
1.547883	1.000828	0.000158
1.599953	1.000554	0.000434
1.652053	1.000919	0.000206
1.707188	1.000995	0.000047
1.761487	1.000919	0.000014
1.813448	1.000798	0.000129
1.878018	1.001213	0.000174
1.933293	1.001699	0.000028
1.985383	1.001864	0.000250
2.037453	1.001679	0.000217
2.092727	1.001552	0.000252
2.146768	1.001866	0.000620
2.201057	1.001905	0.000120
2.256213	1.001614	0.000087
2.308283	1.001335	0.000155
2.360373	1.000496	0.000340
2.412443	1.000699	0.000187
2.464661	1.000735	0.000248
2.521768	1.000166	0.000137
2.577033	1.000374	0.000065
2.635491	0.999832	0.000263
2.690518	1.000228	0.000228
2.745783	0.999770	0.000313
2.805217	0.999372	0.000204
2.864661	0.999768	0.000077
2.917598	0.999277	0.000204
2.969807	0.999313	0.000328
3.021768	0.998959	0.000083
3.077033	0.998966	0.000128
3.140893	0.999017	0.000212
3.233529	0.999002	0.000659
3.303275	0.998146	0.000119
3.379478	0.998276	0.000149
3.444915	0.997735	0.000416
3.511713	0.997749	0.000540
3.578255	0.997798	0.000400
3.640627	0.996605	0.000436
3.693693	0.994804	0.000753
3.750061	0.993357	0.000775
3.810609	0.994772	0.001223
3.870891	0.996032	0.000098
3.934505	0.996019	0.000147
3.997005	0.995962	0.000238
4.053117	0.996132	0.000126
4.105088	0.996295	0.000334
4.157297	0.996571	0.000157
4.212443	0.996875	0.000012
4.266593	0.997084	0.000140
4.318693	0.997467	0.000035
4.370763	0.998020	0.000034
4.422863	0.998280	0.000348
4.474933	0.999338	0.000280
4.533519	0.999895	0.000454
4.599075	1.001859	0.000370
4.661447	1.002075	0.000062
4.714523	1.003000	0.000107
4.766583	1.004818	0.000380
4.818693	1.005484	0.000068
4.871857	1.003943	0.000421
4.928107	1.011902	0.005435
5.000682	1.007344	0.000288
5.094432	1.008290	0.000045
5.180818	1.008522	0.000583
5.273592	1.007811	0.000438
5.365262	1.006373	0.000828
5.443318	1.004793	0.000665
5.530936	1.002376	0.000358
5.617352	1.000564	0.000586
5.692352	0.999384	0.000890
5.779852	0.998591	0.000532
5.863182	0.997796	0.000313
5.942342	0.996746	0.001181
6.029852	0.996261	0.000260
6.109022	0.995947	0.002193
6.180946	0.983818	0.004102
6.260116	0.978591	0.001106
6.345536	0.987990	0.004245
6.432050	0.998184	0.000257
6.552880	0.998203	0.000026
6.675672	0.998782	0.000123
6.821728	0.999437	0.000322
6.954940	0.999638	0.000195
7.090478	1.000549	0.000068
7.232138	1.000567	0.000558
7.354832	1.000900	0.000376
7.458982	1.000535	0.000174
7.566336	0.995320	0.002916
7.653718	0.994591	0.000820
7.726766	0.994275	0.001377
7.803718	0.995373	0.000601
7.879555	0.995078	0.001017
7.937895	0.996279	0.000175
7.996225	0.996292	0.001166
8.058725	0.995416	0.002440
8.114847	0.995766	0.000368
8.167055	0.998152	0.000519
8.223177	0.999269	0.001445
8.281517	0.998315	0.000006
8.333715	0.999691	0.000017
8.390823	0.999737	0.000426
8.445101	1.000114	0.000225
8.500385	1.000310	0.000048
8.552337	1.000040	0.000184
8.604545	1.001067	0.000032
8.656517	1.000112	0.000171
8.708705	1.000654	0.000162
8.760667	1.000430	0.000284
8.812875	1.001166	0.000161
8.864827	1.000996	0.000040
8.919125	1.000759	0.000044
8.974281	1.000874	0.000025
9.026351	1.000931	0.000080
9.078441	1.000828	0.000158
9.130511	1.000554	0.000434
9.182611	1.000919	0.000206
9.237747	1.000995	0.000047
9.292045	1.000919	0.000014
9.344007	1.000798	0.000129
9.408577	1.001213	0.000174
9.463851	1.001699	0.000028
9.515941	1.001864	0.000250
9.568011	1.001679	0.000217
9.623285	1.001552	0.000252
9.677327	1.001866	0.000620
9.731615	1.001905	0.000120
9.786771	1.001614	0.000087
9.838841	1.001335	0.000155
9.890931	1.000496	0.000340
9.943001	1.000699	0.000187
9.995219	1.000735	0.000248
10.052327	1.000166	0.000137
10.107591	1.000374	0.000065
10.166049	0.999832	0.000263
10.221077	1.000228	0.000228
10.276341	0.999770	0.000313
10.335775	0.999372	0.000204
10.395219	0.999768	0.000077
10.448157	0.999277	0.000204
10.500365	0.999313	0.000328
10.552327	0.998959	0.000083
10.607591	0.998966	0.000128
10.671452	0.999017	0.000212
10.764088	0.999002	0.000659
10.833833	0.998146	0.000119
10.910036	0.998276	0.000149
10.975473	0.997735	0.000416
11.042272	0.997749	0.000540
11.108813	0.997798	0.000400
11.171185	0.996605	0.000436
11.224251	0.994804	0.000753
11.280619	0.993357	0.000775
11.341168	0.994772	0.001223
11.401449	0.996032	0.000098
11.465063	0.996019	0.000147
11.527563	0.995962	0.000238
11.583675	0.996132	0.000126
11.635647	0.996295	0.000334
11.687855	0.996571	0.000157
11.743001	0.996875	0.000012
11.797151	0.997084	0.000140
11.849251	0.997467	0.000035
11.901321	0.998020	0.000034
11.953421	0.998280	0.000348
12.005491	0.999338	0.000280
12.064078	0.999895	0.000454
12.129633	1.001859	0.000370
12.192005	1.002075	0.000062
12.245081	1.003000	0.000107
12.297141	1.004818	0.000380
12.349251	1.005484	0.000068
12.402415	1.003943	0.000421
12.458665	1.011902	0.005435
12.531240	1.007344	0.000288
12.624990	1.008290	0.000045
12.711376	1.008522	0.000583
12.804150	1.007811	0.000438
12.895820	1.006373	0.000828
12.973876	1.004793	0.000665
13.061494	1.002376	0.000358
13.147910	1.000564	0.000586
13.222910	0.999384	0.000890
13.310410	0.998591	0.000532
13.393740	0.997796	0.000313
13.472900	0.996746	0.001181
13.560410	0.996261	0.000260
13.639580	0.995947	0.002193
13.711504	0.983818	0.004102
13.790674	0.978591	0.001106
13.876094	0.987990	0.004245
13.962608	0.998184	0.000257
14.083438	0.998203	0.000026
14.206230	0.998782	0.000123
14.352287	0.999437	0.000322
14.485498	0.999638	0.000195
14.621037	1.000549	0.000068
14.762697	1.000567	0.000558
14.885390	1.000900	0.000376
14.989540	1.000535	0.000174
