97
0.041619	0.998400	0.000086
0.110426	0.998191	0.000203
0.179863	0.998507	0.000139
0.248526	0.998102	0.001351
0.304699	0.997634	0.000535
0.357467	0.997713	0.002157
0.417286	0.999602	0.001849
0.485436	1.002585	0.000176
0.554873	1.001825	0.000194
0.624959	1.001006	0.000048
0.688784	0.999790	0.000844
0.742209	0.999731	0.001010
0.793555	1.000145	0.000564
0.846379	0.998093	0.001837
0.897725	0.998442	0.000910
0.950549	1.010999	0.004018
1.001895	0.994327	0.006053
1.058088	0.982388	0.023202
1.126770	1.001230	0.000393
1.187945	1.002140	0.000709
1.240025	1.000863	0.000303
1.292105	1.000346	0.000019
1.344205	1.001064	0.000072
1.396265	1.000507	0.000350
1.448365	1.000807	0.000312
1.500445	1.000460	0.000334
1.552525	1.000462	0.000149
1.606018	0.999832	0.000080
1.662200	1.000486	0.000119
1.713700	1.000614	0.000133
1.766370	1.000138	0.000273
1.817860	0.999778	0.000108
1.870550	1.000496	0.000226
1.922040	1.000304	0.000326
1.974720	1.000341	0.000106
2.026200	1.000167	0.000062
2.078880	0.999909	0.000172
2.130370	1.000138	0.000229
2.183050	1.000114	0.000333
2.234540	0.999804	0.000162
2.287220	0.999569	0.000458
2.338700	0.999794	0.000389
2.391380	0.999775	0.000212
2.442870	0.999703	0.000408
2.495550	0.999914	0.000047
2.547040	1.000044	0.000528
2.599730	1.000707	0.000018
2.651210	1.001116	0.000321
2.706715	1.001290	0.000484
2.760895	1.002185	0.000285
2.812955	1.002902	0.000192
2.865065	1.003216	0.000175
2.917145	1.002528	0.000121
2.971248	1.003072	0.000278
3.026220	1.001891	0.000463
3.078910	1.001992	0.000315
3.130390	1.001248	0.000064
3.183070	1.000853	0.000003
3.234560	1.000313	0.000407
3.287250	0.999994	0.000369
3.338730	0.999784	0.000392
3.391410	0.999511	0.000052
3.442890	0.999637	0.000113
3.495570	0.999484	0.000049
3.547060	0.999015	0.000235
3.599750	0.999395	0.000133
3.651230	0.999942	0.000023
3.703910	0.998848	0.000006
3.755390	0.999167	0.000302
3.808070	0.999916	0.000267
3.862318	0.998826	0.000925
3.929722	0.998945	0.000292
3.999150	0.999420	0.000233
4.069235	0.999711	0.000100
4.138052	0.999382	0.000127
4.207480	0.999790	0.000067
4.283882	1.000973	0.000929
4.353310	1.001529	0.000302
4.432490	1.003683	0.000330
4.506735	1.005882	0.000597
4.575552	1.005162	0.000560
4.644980	1.004078	0.000307
4.715065	1.003448	0.000635
4.790810	1.002469	0.000186
4.860905	1.001257	0.000587
4.929722	1.000430	0.000060
4.999150	1.000405	0.000095
5.069245	0.999160	0.000239
5.138062	0.998701	0.000087
5.207490	0.998682	0.000092
5.281755	0.998399	0.000386
5.353340	0.998387	0.000132
5.423425	0.998691	0.000073
5.492242	0.998295	0.000231
5.561670	0.998398	0.000064
5.631755	0.998165	0.000358
5.704732	0.998100	0.000039
5.840095	0.998400	0.000086
5.908902	0.998191	0.000203
5.978340	0.998507	0.000139
6.047003	0.998102	0.001351
6.103176	0.997634	0.000535
6.155943	0.997713	0.002157
6.215763	0.999602	0.001849
6.283912	1.002585	0.000176
6.353350	1.001825	0.000194
6.423435	1.001006	0.000048
6.487260	0.999790	0.000844
6.540686	0.999731	0.001010
6.592031	1.000145	0.000564
6.644856	0.998093	0.001837
6.696201	0.998442	0.000910
6.749026	1.010999	0.004018
6.800371	0.994327	0.006053
6.856564	0.982388	0.023202
6.925247	1.001230	0.000393
6.986422	1.002140	0.000709
7.038502	1.000863	0.000303
7.090582	1.000346	0.000019
7.142682	1.001064	0.000072
7.194742	1.000507	0.000350
7.246842	1.000807	0.000312
7.298922	1.000460	0.000334
7.351002	1.000462	0.000149
7.404494	0.999832	0.000080
7.460677	1.000486	0.000119
7.512176	1.000614	0.000133
7.564847	1.000138	0.000273
7.616336	0.999778	0.000108
7.669027	1.000496	0.000226
7.720516	1.000304	0.000326
7.773197	1.000341	0.000106
7.824676	1.000167	0.000062
7.877357	0.999909	0.000172
7.928846	1.000138	0.000229
7.981527	1.000114	0.000333
8.033016	0.999804	0.000162
8.085697	0.999569	0.000458
8.137176	0.999794	0.000389
8.189857	0.999775	0.000212
8.241346	0.999703	0.000408
8.294027	0.999914	0.000047
8.345516	1.000044	0.000528
8.398207	1.000707	0.000018
8.449686	1.001116	0.000321
8.505192	1.001290	0.000484
8.559372	1.002185	0.000285
8.611432	1.002902	0.000192
8.663542	1.003216	0.000175
8.715622	1.002528	0.000121
8.769725	1.003072	0.000278
8.824696	1.001891	0.000463
8.877387	1.001992	0.000315
8.928866	1.001248	0.000064
8.981547	1.000853	0.000003
9.033036	1.000313	0.000407
9.085727	0.999994	0.000369
9.137206	0.999784	0.000392
9.189887	0.999511	0.000052
9.241366	0.999637	0.000113
9.294047	0.999484	0.000049
9.345536	0.999015	0.000235
9.398227	0.999395	0.000133
9.449706	0.999942	0.000023
9.502387	0.998848	0.000006
9.553866	0.999167	0.000302
9.606547	0.999916	0.000267
9.660794	0.998826	0.000925
9.728199	0.998945	0.000292
9.797626	0.999420	0.000233
9.867712	0.999711	0.000100
9.936529	0.999382	0.000127
10.005956	0.999790	0.000067
10.082359	1.000973	0.000929
10.151786	1.001529	0.000302
10.230966	1.003683	0.000330
10.305212	1.005882	0.000597
10.374029	1.005162	0.000560
10.443456	1.004078	0.000307
10.513542	1.003448	0.000635
10.589286	1.002469	0.000186
10.659382	1.001257	0.000587
10.728199	1.000430	0.000060
10.797626	1.000405	0.000095
10.867722	0.999160	0.000239
10.936539	0.998701	0.000087
11.005966	0.998682	0.000092
11.080232	0.998399	0.000386
11.151816	0.998387	0.000132
11.221902	0.998691	0.000073
11.290719	0.998295	0.000231
11.360146	0.998398	0.000064
11.430232	0.998165	0.000358
11.503209	0.998100	0.000039
