292
0.003340	1.004343	0.000156
0.009098	1.004319	0.000438
0.017348	1.003415	0.000364
0.024912	1.003387	0.000209
0.033471	1.002793	0.000454
0.041235	1.002659	0.000047
0.048077	1.002681	0.000069
0.056067	1.001922	0.000112
0.062918	1.001499	0.000428
0.068510	1.001771	0.000022
0.075998	1.000810	0.000672
0.083883	1.000795	0.000130
0.089836	1.001009	0.000325
0.097473	1.000079	0.000122
0.105221	1.000292	0.000173
0.112151	0.999537	0.000250
0.120212	0.999065	0.000256
0.126944	0.998904	0.000505
0.132826	0.998751	0.000109
0.140864	0.998725	0.000525
0.148098	0.998585	0.000317
0.153845	0.998191	0.000218
0.162408	0.998117	0.000121
0.168678	0.997640	0.000390
0.174452	0.997989	0.000012
0.182712	0.997782	0.000124
0.189035	0.997604	0.000043
0.194439	0.997634	0.000218
0.202497	0.997071	0.000292
0.209459	0.997060	0.000098
0.214836	0.997571	0.000250
0.223317	0.996563	0.000216
0.231108	0.997278	0.000102
0.236252	0.997254	0.000104
0.244732	0.996848	0.000253
0.251970	0.997156	0.000232
0.258318	0.996733	0.000188
0.266757	0.996922	0.000527
0.273349	0.997075	0.000378
0.279228	0.996791	0.000510
0.288182	0.996181	0.000935
0.293851	0.997372	0.000147
0.299337	0.997397	0.000020
0.307430	0.996513	0.000519
0.314113	0.997553	0.000189
0.319929	0.997532	0.000045
0.329074	0.997177	0.000124
0.335118	0.997872	0.000216
0.341027	0.997940	0.000118
0.349240	0.997500	0.000100
0.355833	0.997743	0.000069
0.361873	0.998257	0.000423
0.370724	0.998248	0.000159
0.376693	0.998477	0.000258
0.382112	0.998671	0.000212
0.390592	0.998013	0.000252
0.397952	0.999288	0.000354
0.404625	0.999503	0.000142
0.413182	0.998716	0.000367
0.419367	0.999357	0.000475
0.425435	0.999787	0.000332
0.434201	0.999531	0.000151
0.440416	1.000141	0.000011
0.446598	1.000059	0.000064
0.454868	0.999644	0.000224
0.461047	1.000483	0.000483
0.467428	1.000235	0.000276
0.476508	1.000303	0.000339
0.483232	1.000704	0.000256
0.490138	1.000360	0.000286
0.498390	1.001063	0.000171
0.503888	1.000948	0.000071
0.511984	1.000510	0.000208
0.519847	1.001403	0.000313
0.527058	1.000712	0.000023
0.535896	1.001274	0.000058
0.543081	1.001229	0.000189
0.548762	1.001145	0.000077
0.556637	1.001072	0.000110
0.563690	1.001469	0.000212
0.569026	1.001108	0.000105
0.577497	1.001259	0.000154
0.586262	1.000909	0.000257
0.592547	1.001376	0.000354
0.601373	1.001532	0.000357
0.608695	1.001138	0.000061
0.618115	1.001223	0.000030
0.625579	1.001240	0.000065
0.631328	1.001628	0.000191
0.639203	1.000968	0.000205
0.646415	1.001238	0.000364
0.651834	1.000759	0.000029
0.659969	1.001127	0.000011
0.666723	1.001425	0.000160
0.671562	1.002482	0.002060
0.678249	1.000908	0.000505
0.686062	1.001367	0.000195
0.691744	1.002134	0.000182
0.698180	1.000911	0.000608
0.706651	1.001509	0.000032
0.712250	1.002144	0.000547
0.719407	1.001281	0.000230
0.727748	1.000892	0.000335
0.733374	1.001841	0.000679
0.740168	1.001426	0.000058
0.748390	1.001035	0.000055
0.753940	1.001776	0.000534
0.759892	1.001159	0.000162
0.768059	1.001220	0.000091
0.774472	1.002077	0.000137
0.781496	1.001181	0.000122
0.789464	1.001508	0.000066
0.795286	1.001657	0.000033
0.802271	1.000510	0.000109
0.811858	1.000989	0.000306
0.817422	1.001622	0.001068
0.824480	1.000762	0.000194
0.832385	1.001157	0.000588
0.837752	1.001621	0.000462
0.844606	1.000858	0.000094
0.852818	1.000860	0.000095
0.858890	1.001723	0.000842
0.866408	1.000634	0.000127
0.874097	1.001383	0.000261
0.880345	1.001397	0.000750
0.888637	1.000653	0.000103
0.897017	1.000918	0.000502
0.902336	1.000565	0.000137
0.910827	1.000547	0.000116
0.917654	1.001147	0.000624
0.923851	1.000837	0.000137
0.932450	1.000286	0.000086
0.938875	1.000938	0.000073
0.944598	1.000355	0.000156
0.953290	1.000218	0.000528
0.960249	1.000526	0.000489
0.966225	1.000301	0.000357
0.976079	1.000535	0.000176
0.982052	1.000691	0.000088
0.988183	1.000088	0.000279
0.997177	1.000164	0.000040
1.003345	1.000431	0.000257
1.009698	1.000023	0.000654
1.018644	1.000344	0.000256
1.024416	1.000474	0.000714
1.032489	0.999983	0.000225
1.041070	1.000309	0.000250
1.048083	0.999907	0.000438
1.057450	1.000061	0.000098
1.063911	1.000043	0.000454
1.071211	0.999730	0.000352
1.081106	0.999782	0.000322
1.087554	1.000337	0.000279
1.097467	0.999944	0.000032
1.105337	0.999996	0.000359
1.111581	0.999746	0.000110
1.121157	0.999495	0.000212
1.129112	1.000189	0.000495
1.135944	1.000017	0.000165
1.143644	0.999842	0.000845
1.150345	0.999907	0.000459
1.158987	0.999536	0.000090
1.166907	0.999530	0.000499
1.172356	0.999641	0.000338
1.181276	0.999459	0.000406
1.187757	0.999516	0.000715
1.192714	0.999067	0.000098
1.202507	0.999483	0.000014
1.209914	0.999949	0.000308
1.216525	0.998861	0.000355
1.225103	0.999216	0.000146
1.231341	0.999108	0.000269
1.238278	0.998951	0.000093
1.247020	0.998933	0.000079
1.253517	0.999534	0.000354
1.262327	0.999141	0.000084
1.269895	0.998565	0.000019
1.275675	0.999218	0.000452
1.285049	0.998448	0.000127
1.292294	0.999245	0.000358
1.299151	0.998463	0.000230
1.308433	0.998521	0.000173
1.314810	0.998612	0.000107
1.323692	0.998517	0.000130
1.331992	0.998630	0.000639
1.339074	0.998949	0.000314
1.348793	0.998829	0.000140
1.355891	0.998433	0.000272
1.363471	0.998587	0.000160
1.372183	0.999051	0.000190
1.378517	0.998503	0.000180
1.385944	0.998741	0.000389
1.394224	0.998923	0.000234
1.400054	0.998885	0.000230
1.408669	0.998521	0.000018
1.415740	0.998793	0.000268
1.421817	0.998638	0.000104
1.430363	0.998394	0.000005
1.437176	0.998793	0.000250
1.443149	0.998599	0.000112
1.452298	0.998770	0.000036
1.459318	0.998501	0.000439
1.466367	0.998718	0.000036
1.475778	0.998576	0.000210
1.482082	0.998742	0.000294
1.489658	0.997847	0.000475
1.497804	0.998932	0.000122
1.503517	0.998276	0.000009
1.511861	0.998327	0.000156
1.520317	0.998481	0.000319
1.526443	0.998406	0.000035
1.535906	0.998044	0.000836
1.543254	0.998549	0.000299
1.550778	0.998521	0.000490
1.560278	0.998099	0.000894
1.567355	0.998226	0.000301
1.576193	0.998129	0.000107
1.583330	0.998103	0.000057
1.591168	0.998455	0.000415
1.600762	0.998402	0.000233
1.607594	0.998877	0.000031
1.616418	0.998224	0.000265
1.625257	0.998337	0.000090
1.630742	0.998420	0.000143
1.640195	0.998622	0.000037
1.647033	0.998085	0.000077
1.653470	0.998396	0.000391
1.663298	0.998275	0.000521
1.669806	0.998604	0.000212
1.677624	0.998581	0.000656
1.685314	0.998310	0.000549
1.691321	0.998719	0.000051
1.699357	0.998233	0.000672
1.707901	0.999024	0.000056
1.714767	0.998617	0.000226
1.725123	0.998777	0.000021
1.731047	0.998552	0.000211
1.737375	0.998948	0.000227
1.746340	0.998880	0.000611
1.752922	0.999071	0.000358
1.761192	0.998733	0.000411
1.769930	0.999589	0.000010
1.778329	0.999602	0.000049
1.788873	0.999756	0.000251
1.794582	0.999709	0.000053
1.802158	0.999893	0.000256
1.811098	1.000173	0.000093
1.817051	1.000572	0.000275
1.825339	1.000280	0.000289
1.832635	1.000918	0.000072
1.839684	1.000746	0.000277
1.850123	1.000650	0.000172
1.856047	1.001737	0.000034
1.862375	1.001521	0.000010
1.870943	1.001605	0.000021
1.877419	1.001925	0.000042
1.886192	1.001948	0.000039
1.895129	1.002660	0.000110
1.901165	1.002726	0.000084
1.910717	1.002660	0.000150
1.917460	1.003003	0.000431
1.923192	1.003390	0.000287
1.932778	1.003206	0.000146
1.939889	1.003596	0.000540
1.946618	1.003885	0.000615
1.955136	1.003441	0.000427
1.961466	1.004193	0.000317
1.970197	1.004565	0.000216
1.978961	1.004573	0.000041
1.985240	1.005096	0.000220
1.995943	1.004504	0.000010
2.002310	1.005430	0.000297
2.010875	1.005227	0.000083
2.019438	1.005097	0.000153
2.025967	1.005665	0.000138
2.035257	1.005368	0.000381
2.042444	1.005737	0.000138
2.048192	1.006191	0.000360
2.058046	1.005871	0.000240
2.064387	1.006052	0.000082
2.071023	1.006133	0.000303
2.079932	1.005616	0.000210
2.085845	1.006114	0.000037
2.094324	1.005847	0.000010
2.103040	1.005368	0.000129
2.109515	1.006140	0.000106
2.118786	1.004875	0.000042
2.125774	1.005469	0.000103
2.131840	1.005410	0.000366
2.142448	1.004490	0.000094
2.148742	1.005107	0.000322
2.156308	1.004507	0.000465
2.168055	1.004343	0.000156
2.173814	1.004319	0.000438
2.182064	1.003415	0.000364
2.189628	1.003387	0.000209
2.198186	1.002793	0.000454
2.205950	1.002659	0.000047
2.212792	1.002681	0.000069
2.220782	1.001922	0.000112
2.227633	1.001499	0.000428
2.233225	1.001771	0.000022
2.240713	1.000810	0.000672
2.248598	1.000795	0.000130
2.254551	1.001009	0.000325
2.262189	1.000079	0.000122
2.269937	1.000292	0.000173
2.276866	0.999537	0.000250
2.284927	0.999065	0.000256
2.291660	0.998904	0.000505
2.297541	0.998751	0.000109
2.305579	0.998725	0.000525
2.312813	0.998585	0.000317
2.318560	0.998191	0.000218
2.327124	0.998117	0.000121
2.333393	0.997640	0.000390
2.339167	0.997989	0.000012
2.347427	0.997782	0.000124
2.353751	0.997604	0.000043
2.359154	0.997634	0.000218
2.367212	0.997071	0.000292
2.374174	0.997060	0.000098
2.379551	0.997571	0.000250
2.388032	0.996563	0.000216
2.395824	0.997278	0.000102
2.400967	0.997254	0.000104
2.409447	0.996848	0.000253
2.416686	0.997156	0.000232
2.423034	0.996733	0.000188
2.431472	0.996922	0.000527
2.438064	0.997075	0.000378
2.443943	0.996791	0.000510
2.452897	0.996181	0.000935
2.458566	0.997372	0.000147
2.464052	0.997397	0.000020
2.472146	0.996513	0.000519
2.478829	0.997553	0.000189
2.484644	0.997532	0.000045
2.493790	0.997177	0.000124
2.499833	0.997872	0.000216
2.505742	0.997940	0.000118
2.513955	0.997500	0.000100
2.520548	0.997743	0.000069
2.526588	0.998257	0.000423
2.535440	0.998248	0.000159
2.541408	0.998477	0.000258
2.546827	0.998671	0.000212
2.555307	0.998013	0.000252
2.562667	0.999288	0.000354
2.569340	0.999503	0.000142
2.577897	0.998716	0.000367
2.584082	0.999357	0.000475
2.590150	0.999787	0.000332
2.598916	0.999531	0.000151
2.605131	1.000141	0.000011
2.611314	1.000059	0.000064
2.619584	0.999644	0.000224
2.625762	1.000483	0.000483
2.632144	1.000235	0.000276
2.641223	1.000303	0.000339
2.647948	1.000704	0.000256
2.654853	1.000360	0.000286
2.663105	1.001063	0.000171
2.668603	1.000948	0.000071
2.676699	1.000510	0.000208
2.684562	1.001403	0.000313
2.691774	1.000712	0.000023
2.700611	1.001274	0.000058
2.707796	1.001229	0.000189
2.713477	1.001145	0.000077
2.721352	1.001072	0.000110
2.728406	1.001469	0.000212
2.733741	1.001108	0.000105
2.742212	1.001259	0.000154
2.750977	1.000909	0.000257
2.757263	1.001376	0.000354
2.766088	1.001532	0.000357
2.773411	1.001138	0.000061
2.782830	1.001223	0.000030
2.790294	1.001240	0.000065
2.796043	1.001628	0.000191
2.803918	1.000968	0.000205
2.811130	1.001238	0.000364
2.816549	1.000759	0.000029
2.824685	1.001127	0.000011
2.831438	1.001425	0.000160
2.836278	1.002482	0.002060
2.842964	1.000908	0.000505
2.850777	1.001367	0.000195
2.856459	1.002134	0.000182
2.862895	1.000911	0.000608
2.871366	1.001509	0.000032
2.876965	1.002144	0.000547
2.884122	1.001281	0.000230
2.892464	1.000892	0.000335
2.898089	1.001841	0.000679
2.904883	1.001426	0.000058
2.913105	1.001035	0.000055
2.918655	1.001776	0.000534
2.924607	1.001159	0.000162
2.932774	1.001220	0.000091
2.939187	1.002077	0.000137
2.946211	1.001181	0.000122
2.954180	1.001508	0.000066
2.960001	1.001657	0.000033
2.966986	1.000510	0.000109
2.976574	1.000989	0.000306
2.982138	1.001622	0.001068
2.989195	1.000762	0.000194
2.997100	1.001157	0.000588
3.002467	1.001621	0.000462
3.009321	1.000858	0.000094
3.017533	1.000860	0.000095
3.023605	1.001723	0.000842
3.031123	1.000634	0.000127
3.038812	1.001383	0.000261
3.045060	1.001397	0.000750
3.053352	1.000653	0.000103
3.061732	1.000918	0.000502
3.067051	1.000565	0.000137
3.075542	1.000547	0.000116
3.082369	1.001147	0.000624
3.088566	1.000837	0.000137
3.097166	1.000286	0.000086
3.103590	1.000938	0.000073
3.109313	1.000355	0.000156
3.118006	1.000218	0.000528
3.124964	1.000526	0.000489
3.130941	1.000301	0.000357
3.140794	1.000535	0.000176
3.146767	1.000691	0.000088
3.152898	1.000088	0.000279
3.161892	1.000164	0.000040
3.168060	1.000431	0.000257
3.174413	1.000023	0.000654
3.183360	1.000344	0.000256
3.189132	1.000474	0.000714
3.197204	0.999983	0.000225
3.205785	1.000309	0.000250
3.212798	0.999907	0.000438
3.222166	1.000061	0.000098
3.228626	1.000043	0.000454
3.235927	0.999730	0.000352
3.245822	0.999782	0.000322
3.252269	1.000337	0.000279
3.262183	0.999944	0.000032
3.270052	0.999996	0.000359
3.276297	0.999746	0.000110
3.285872	0.999495	0.000212
3.293828	1.000189	0.000495
3.300659	1.000017	0.000165
3.308360	0.999842	0.000845
3.315061	0.999907	0.000459
3.323702	0.999536	0.000090
3.331623	0.999530	0.000499
3.337071	0.999641	0.000338
3.345991	0.999459	0.000406
3.352473	0.999516	0.000715
3.357429	0.999067	0.000098
3.367222	0.999483	0.000014
3.374629	0.999949	0.000308
3.381240	0.998861	0.000355
3.389818	0.999216	0.000146
3.396056	0.999108	0.000269
3.402994	0.998951	0.000093
3.411736	0.998933	0.000079
3.418232	0.999534	0.000354
3.427042	0.999141	0.000084
3.434610	0.998565	0.000019
3.440390	0.999218	0.000452
3.449764	0.998448	0.000127
3.457010	0.999245	0.000358
3.463866	0.998463	0.000230
3.473148	0.998521	0.000173
3.479525	0.998612	0.000107
3.488407	0.998517	0.000130
3.496707	0.998630	0.000639
3.503789	0.998949	0.000314
3.513508	0.998829	0.000140
3.520606	0.998433	0.000272
3.528186	0.998587	0.000160
3.536898	0.999051	0.000190
3.543232	0.998503	0.000180
3.550659	0.998741	0.000389
3.558939	0.998923	0.000234
3.564769	0.998885	0.000230
3.573385	0.998521	0.000018
3.580456	0.998793	0.000268
3.586532	0.998638	0.000104
3.595078	0.998394	0.000005
3.601891	0.998793	0.000250
3.607864	0.998599	0.000112
3.617013	0.998770	0.000036
3.624033	0.998501	0.000439
3.631082	0.998718	0.000036
3.640493	0.998576	0.000210
3.646797	0.998742	0.000294
3.654373	0.997847	0.000475
3.662520	0.998932	0.000122
3.668232	0.998276	0.000009
3.676576	0.998327	0.000156
3.685033	0.998481	0.000319
3.691158	0.998406	0.000035
3.700621	0.998044	0.000836
3.707969	0.998549	0.000299
3.715494	0.998521	0.000490
3.724994	0.998099	0.000894
3.732070	0.998226	0.000301
3.740908	0.998129	0.000107
3.748045	0.998103	0.000057
3.755883	0.998455	0.000415
3.765477	0.998402	0.000233
3.772309	0.998877	0.000031
3.781133	0.998224	0.000265
3.789973	0.998337	0.000090
3.795457	0.998420	0.000143
3.804910	0.998622	0.000037
3.811748	0.998085	0.000077
3.818185	0.998396	0.000391
3.828013	0.998275	0.000521
3.834521	0.998604	0.000212
3.842339	0.998581	0.000656
3.850030	0.998310	0.000549
3.856036	0.998719	0.000051
3.864072	0.998233	0.000672
3.872616	0.999024	0.000056
3.879482	0.998617	0.000226
3.889838	0.998777	0.000021
3.895762	0.998552	0.000211
3.902090	0.998948	0.000227
3.911055	0.998880	0.000611
3.917637	0.999071	0.000358
3.925907	0.998733	0.000411
3.934646	0.999589	0.000010
3.943044	0.999602	0.000049
3.953588	0.999756	0.000251
3.959297	0.999709	0.000053
3.966873	0.999893	0.000256
3.975814	1.000173	0.000093
3.981767	1.000572	0.000275
3.990055	1.000280	0.000289
3.997350	1.000918	0.000072
4.004399	1.000746	0.000277
4.014838	1.000650	0.000172
4.020762	1.001737	0.000034
4.027090	1.001521	0.000010
4.035658	1.001605	0.000021
4.042135	1.001925	0.000042
4.050907	1.001948	0.000039
4.059844	1.002660	0.000110
4.065880	1.002726	0.000084
4.075433	1.002660	0.000150
4.082175	1.003003	0.000431
4.087907	1.003390	0.000287
4.097493	1.003206	0.000146
4.104605	1.003596	0.000540
4.111334	1.003885	0.000615
4.119851	1.003441	0.000427
4.126181	1.004193	0.000317
4.134912	1.004565	0.000216
4.143676	1.004573	0.000041
4.149955	1.005096	0.000220
4.160658	1.004504	0.000010
4.167025	1.005430	0.000297
4.175590	1.005227	0.000083
4.184154	1.005097	0.000153
4.190682	1.005665	0.000138
4.199972	1.005368	0.000381
4.207159	1.005737	0.000138
4.212907	1.006191	0.000360
4.222761	1.005871	0.000240
4.229102	1.006052	0.000082
4.235738	1.006133	0.000303
4.244647	1.005616	0.000210
4.250560	1.006114	0.000037
4.259039	1.005847	0.000010
4.267755	1.005368	0.000129
4.274230	1.006140	0.000106
4.283501	1.004875	0.000042
4.290489	1.005469	0.000103
4.296555	1.005410	0.000366
4.307163	1.004490	0.000094
4.313457	1.005107	0.000322
4.321023	1.004507	0.000465
