97
0.017327	0.999491	0.000169
0.058977	0.999156	0.000204
0.100637	0.999689	0.000078
0.142327	0.999539	0.000111
0.183977	0.999667	0.000097
0.225637	0.999563	0.000007
0.265638	0.999594	0.000007
0.301430	0.999357	0.000010
0.336036	0.998966	0.000696
0.373536	0.999788	0.000079
0.409368	0.999468	0.000064
0.452737	0.999610	0.000139
0.496467	0.999648	0.000134
0.538137	0.999496	0.000070
0.582309	0.999622	0.000051
0.625637	0.999361	0.000088
0.667266	0.999713	0.000344
0.703118	1.000050	0.000054
0.738940	1.000200	0.000085
0.776852	0.999889	0.000034
0.812673	0.999770	0.000018
0.848938	0.999503	0.000095
0.884770	0.999505	0.000120
0.918924	0.999435	0.000072
0.953118	0.999502	0.000127
0.988930	0.999568	0.000089
1.023104	1.003122	0.000070
1.057278	0.999872	0.000019
1.093090	1.000038	0.000007
1.127274	1.000396	0.000164
1.161438	1.000389	0.000065
1.197270	1.001027	0.000158
1.231424	1.001122	0.000238
1.265618	1.001676	0.000053
1.301430	1.001960	0.000196
1.335604	1.001881	0.000046
1.369778	1.002285	0.000034
1.405590	1.002269	0.000019
1.439774	1.002108	0.000086
1.473938	1.002154	0.000346
1.511438	1.002462	0.000059
1.547682	1.002311	0.000245
1.581866	1.002207	0.000000
1.616844	1.001768	0.000055
1.651852	1.001176	0.000145
1.686026	1.001140	0.000037
1.721014	1.000851	0.000026
1.756022	1.000938	0.000027
1.790186	1.000813	0.000043
1.825184	1.000677	0.000246
1.860182	1.000349	0.000009
1.894366	1.000205	0.000073
1.929344	1.000100	0.000388
1.964352	1.000183	0.000130
1.998526	0.999891	0.000135
2.033514	0.999976	0.000024
2.068522	0.999951	0.000139
2.102686	1.000017	0.000189
2.137684	1.000127	0.000070
2.172672	0.999907	0.000145
2.206866	0.999739	0.000025
2.241824	0.999777	0.000082
2.276018	1.000353	0.000038
2.305590	1.000002	0.000013
2.338518	0.999911	0.000230
2.368090	1.000205	0.000048
2.401018	0.999754	0.000196
2.432258	0.999843	0.000258
2.463940	1.000220	0.000276
2.494758	1.000037	0.000073
2.529354	0.999979	0.000073
2.558504	1.000407	0.000081
2.588940	0.999957	0.000099
2.619758	1.000049	0.000014
2.654354	0.999829	0.000147
2.687664	0.999901	0.000055
2.724772	1.000096	0.000029
2.760182	0.999802	0.000021
2.794758	0.999994	0.000140
2.828952	0.999933	0.000026
2.864332	0.999854	0.000129
2.898948	0.999446	0.000217
2.933102	0.999695	0.000081
2.968512	0.999687	0.000064
3.003108	0.999834	0.000149
3.037272	1.000007	0.000018
3.072692	0.999685	0.000016
3.107268	1.000047	0.000259
3.141452	0.999906	0.000103
3.176842	0.999986	0.000036
3.211448	0.999898	0.000083
3.245612	0.999875	0.000072
3.283925	0.999643	0.000100
3.329775	0.999761	0.000037
3.371425	0.999707	0.000076
3.413095	0.999843	0.000055
3.454765	0.999637	0.000167
3.513105	0.999491	0.000169
3.554755	0.999156	0.000204
3.596415	0.999689	0.000078
3.638105	0.999539	0.000111
3.679755	0.999667	0.000097
3.721415	0.999563	0.000007
3.761417	0.999594	0.000007
3.797208	0.999357	0.000010
3.831815	0.998966	0.000696
3.869315	0.999788	0.000079
3.905147	0.999468	0.000064
3.948515	0.999610	0.000139
3.992245	0.999648	0.000134
4.033915	0.999496	0.000070
4.078088	0.999622	0.000051
4.121415	0.999361	0.000088
4.163045	0.999713	0.000344
4.198897	1.000050	0.000054
4.234719	1.000200	0.000085
4.272630	0.999889	0.000034
4.308452	0.999770	0.000018
4.344717	0.999503	0.000095
4.380548	0.999505	0.000120
4.414703	0.999435	0.000072
4.448897	0.999502	0.000127
4.484708	0.999568	0.000089
4.518883	1.003122	0.000070
4.553057	0.999872	0.000019
4.588868	1.000038	0.000007
4.623053	1.000396	0.000164
4.657217	1.000389	0.000065
4.693048	1.001027	0.000158
4.727203	1.001122	0.000238
4.761397	1.001676	0.000053
4.797208	1.001960	0.000196
4.831383	1.001881	0.000046
4.865557	1.002285	0.000034
4.901368	1.002269	0.000019
4.935553	1.002108	0.000086
4.969717	1.002154	0.000346
5.007217	1.002462	0.000059
5.043460	1.002311	0.000245
5.077645	1.002207	0.000000
5.112623	1.001768	0.000055
5.147630	1.001176	0.000145
5.181805	1.001140	0.000037
5.216793	1.000851	0.000026
5.251800	1.000938	0.000027
5.285965	1.000813	0.000043
5.320963	1.000677	0.000246
5.355960	1.000349	0.000009
5.390145	1.000205	0.000073
5.425123	1.000100	0.000388
5.460130	1.000183	0.000130
5.494305	0.999891	0.000135
5.529293	0.999976	0.000024
5.564300	0.999951	0.000139
5.598465	1.000017	0.000189
5.633463	1.000127	0.000070
5.668450	0.999907	0.000145
5.702645	0.999739	0.000025
5.737603	0.999777	0.000082
5.771796	1.000353	0.000038
5.801369	1.000002	0.000013
5.834296	0.999911	0.000230
5.863869	1.000205	0.000048
5.896796	0.999754	0.000196
5.928037	0.999843	0.000258
5.959718	1.000220	0.000276
5.990537	1.000037	0.000073
6.025133	0.999979	0.000073
6.054283	1.000407	0.000081
6.084718	0.999957	0.000099
6.115537	1.000049	0.000014
6.150133	0.999829	0.000147
6.183443	0.999901	0.000055
6.220551	1.000096	0.000029
6.255960	0.999802	0.000021
6.290537	0.999994	0.000140
6.324731	0.999933	0.000026
6.360110	0.999854	0.000129
6.394727	0.999446	0.000217
6.428881	0.999695	0.000081
6.464290	0.999687	0.000064
6.498887	0.999834	0.000149
6.533051	1.000007	0.000018
6.568470	0.999685	0.000016
6.603047	1.000047	0.000259
6.637231	0.999906	0.000103
6.672620	0.999986	0.000036
6.707227	0.999898	0.000083
6.741391	0.999875	0.000072
6.779704	0.999643	0.000100
6.825554	0.999761	0.000037
6.867204	0.999707	0.000076
6.908874	0.999843	0.000055
6.950544	0.999637	0.000167
