422
0.012912	0.997196	0.001127
0.039188	0.996738	0.001062
0.064349	0.995120	0.000722
0.091268	0.996107	0.000234
0.117601	0.997234	0.000284
0.142829	0.996031	0.001034
0.172757	0.996435	0.000221
0.202663	0.997760	0.001426
0.229639	0.997305	0.000389
0.256538	1.000014	0.000395
0.277933	0.999870	0.000390
0.300106	1.000180	0.000228
0.321673	1.000719	0.000819
0.342513	1.000240	0.001057
0.363353	1.000493	0.000255
0.384173	1.000792	0.000379
0.406040	1.001763	0.000546
0.427933	1.001149	0.000287
0.448753	1.001176	0.000088
0.469603	1.001521	0.000390
0.490433	1.001651	0.000473
0.511243	1.001716	0.000760
0.532103	1.001711	0.000136
0.552933	1.001683	0.000120
0.573743	1.002432	0.000480
0.594603	1.002002	0.000108
0.615433	1.002633	0.000171
0.636243	1.002433	0.000030
0.657103	1.002882	0.000194
0.677933	1.003071	0.000199
0.699905	1.003794	0.000130
0.722025	1.004136	0.000323
0.749001	1.003355	0.000272
0.774453	1.003135	0.000300
0.798254	1.003025	0.000322
0.819563	1.001810	0.001440
0.840433	1.002240	0.000512
0.861263	1.002963	0.000131
0.882063	1.002881	0.000129
0.902933	1.003339	0.001018
0.923763	1.003035	0.000384
0.946295	1.003441	0.000157
0.969260	1.001832	0.001187
0.992493	1.002223	0.001037
1.013323	1.002477	0.000784
1.034183	1.002152	0.000875
1.054474	1.001277	0.001150
1.074905	1.001522	0.000598
1.096683	1.001573	0.001312
1.117493	1.001872	0.000971
1.138323	1.001224	0.001133
1.161206	1.001022	0.000256
1.182596	1.001518	0.000431
1.204993	1.002012	0.000085
1.227580	0.999956	0.000440
1.249910	1.001046	0.000189
1.275273	0.999603	0.000157
1.298640	0.999875	0.000172
1.322680	1.000504	0.000222
1.343856	1.000848	0.001152
1.360321	1.002790	0.000674
1.376804	1.001199	0.000008
1.396431	1.001574	0.000261
1.413992	1.002008	0.000700
1.430808	1.001619	0.000157
1.446783	1.001137	0.000209
1.463216	1.002842	0.000194
1.482032	1.000875	0.000168
1.498153	1.001854	0.000297
1.514792	1.001960	0.000937
1.532847	1.002265	0.000397
1.550726	1.001155	0.001385
1.568641	1.000712	0.000244
1.585896	1.000334	0.000834
1.602987	1.002042	0.000778
1.619870	1.000142	0.000375
1.634454	1.000258	0.002067
1.648817	1.001506	0.000125
1.663111	1.001461	0.000800
1.677629	1.001807	0.000661
1.692442	1.001091	0.000421
1.705414	1.001101	0.000029
1.718484	1.001225	0.000408
1.731457	1.001185	0.001119
1.744522	1.002089	0.000277
1.757499	1.002253	0.000366
1.771431	1.001897	0.001094
1.784947	1.002795	0.001256
1.797825	1.000857	0.000476
1.810964	1.001077	0.000052
1.823873	1.001576	0.000517
1.836997	1.000594	0.000274
1.850263	1.001851	0.000855
1.864324	1.001172	0.001083
1.877629	1.001974	0.000500
1.892904	1.001083	0.000295
1.905974	1.001259	0.000456
1.919429	1.001624	0.000371
1.933241	1.000973	0.000505
1.946908	1.001224	0.001292
1.961613	1.001850	0.000189
1.975217	1.000764	0.001253
1.991302	1.000787	0.000262
2.005877	1.000958	0.000555
2.020694	1.000752	0.000555
2.036109	0.999945	0.000323
2.052412	1.000074	0.001172
2.069419	1.000658	0.000806
2.084019	1.000630	0.000885
2.098807	1.000032	0.000122
2.114107	1.000249	0.000819
2.128802	1.000216	0.000755
2.142914	1.000663	0.000907
2.155964	1.000420	0.000425
2.169419	1.000815	0.000188
2.183547	1.000403	0.000986
2.198817	0.999815	0.000419
2.212007	1.000858	0.000806
2.224891	1.000033	0.001051
2.238059	1.000335	0.000316
2.252267	1.000345	0.000560
2.266006	1.001075	0.000522
2.279709	1.001011	0.000418
2.294289	1.001414	0.000528
2.309056	1.000055	0.001373
2.322644	0.999271	0.001127
2.335617	1.001387	0.000409
2.349326	1.000419	0.001819
2.364097	1.000702	0.000698
2.377267	1.000724	0.001039
2.390881	1.000217	0.001089
2.405228	1.000363	0.000719
2.418947	1.000927	0.001184
2.432656	1.000857	0.001060
2.446379	1.000185	0.000916
2.459273	0.999468	0.000666
2.473454	1.000519	0.001654
2.487132	1.001723	0.000509
2.501758	1.000397	0.000991
2.515352	1.000060	0.000303
2.528319	0.999613	0.001107
2.541514	1.000954	0.001283
2.555757	1.000712	0.001708
2.569466	1.000929	0.000794
2.583184	1.001137	0.001748
2.597417	1.001981	0.002373
2.610834	1.001312	0.001338
2.626587	1.001286	0.001309
2.642894	1.000979	0.000566
2.658424	1.000328	0.000172
2.675363	1.001823	0.000350
2.691686	1.000907	0.001393
2.706784	1.000796	0.000431
2.721017	1.000848	0.000496
2.734736	1.000172	0.000707
2.749487	0.999991	0.000133
2.762707	1.000358	0.000046
2.775762	0.999731	0.000514
2.789192	1.000692	0.000369
2.804704	0.999435	0.000265
2.818645	1.000989	0.000236
2.831784	1.000794	0.000551
2.845488	1.000545	0.000819
2.860295	1.000437	0.000001
2.873454	1.000119	0.000324
2.886373	0.999797	0.000235
2.899487	1.000426	0.000762
2.912381	1.001638	0.000003
2.925519	0.999469	0.001580
2.938423	0.999207	0.000315
2.951587	1.000272	0.000953
2.964465	1.000864	0.000119
2.977614	0.999877	0.000023
2.990513	0.999846	0.000261
3.003647	1.000025	0.001097
3.017376	1.000684	0.001738
3.030954	1.000847	0.000019
3.043917	1.000380	0.000887
3.057002	1.000506	0.000191
3.069979	1.000597	0.000194
3.083034	1.000517	0.000276
3.096017	1.001127	0.000241
3.109082	1.000429	0.000630
3.122064	1.000388	0.001444
3.135778	1.000716	0.000857
3.149477	1.000773	0.000968
3.162687	1.001159	0.001235
3.176784	1.001528	0.000458
3.189767	1.000373	0.001577
3.203713	1.000781	0.001312
3.217189	1.001006	0.000921
3.230073	1.000628	0.000679
3.243247	1.001969	0.000088
3.256135	1.001077	0.000566
3.269274	1.000532	0.001157
3.282988	1.000719	0.001036
3.296582	1.001359	0.000642
3.309564	1.000688	0.000881
3.322624	1.001263	0.000136
3.335587	1.000581	0.001137
3.350706	1.000113	0.000114
3.364284	1.001081	0.000592
3.377247	1.000532	0.000373
3.390332	1.000855	0.001023
3.403299	1.000930	0.000832
3.417008	1.000759	0.000260
3.431909	1.000403	0.000094
3.446349	1.000984	0.000251
3.459554	1.000513	0.000593
3.473662	1.000622	0.000528
3.486629	1.001247	0.000057
3.499704	1.000112	0.000260
3.512677	1.000747	0.000992
3.526452	1.001245	0.001276
3.540628	0.999864	0.000911
3.554347	1.000779	0.001101
3.567517	1.000765	0.001034
3.581774	1.000254	0.000335
3.595488	1.000917	0.000274
3.609082	1.001484	0.000305
3.622044	1.000144	0.001211
3.635114	1.000337	0.000256
3.648077	1.001245	0.000251
3.661162	1.001083	0.000419
3.675348	0.999556	0.000186
3.688403	1.000793	0.000355
3.702594	1.000802	0.000299
3.715799	1.000649	0.000317
3.728854	0.999733	0.000121
3.741837	1.000423	0.001139
3.754902	1.000527	0.000101
3.768378	0.999979	0.000436
3.782988	1.000339	0.000462
3.796572	1.000377	0.000456
3.809544	0.999919	0.000559
3.823248	1.000585	0.000325
3.836967	1.000741	0.000189
3.851214	1.000605	0.000308
3.864274	1.000488	0.001048
3.878762	1.001101	0.000038
3.894374	1.001561	0.000091
3.908989	1.000359	0.001022
3.922765	1.000474	0.001381
3.935934	1.000596	0.000751
3.949119	1.000310	0.000019
3.963242	1.000437	0.000447
3.976214	0.999721	0.000816
3.989264	0.999813	0.000826
4.002227	1.000079	0.001189
4.015322	0.999926	0.000690
4.028299	1.000007	0.000119
4.041344	1.000402	0.001273
4.054327	1.000163	0.000063
4.067402	1.000672	0.000661
4.080374	0.999841	0.000034
4.093454	0.999998	0.000500
4.107787	0.999289	0.000368
4.120691	0.999552	0.000602
4.133839	0.999897	0.000134
4.146733	0.999420	0.000574
4.159887	0.999679	0.000433
4.172765	1.000003	0.000033
4.185924	0.999266	0.000945
4.200177	0.999723	0.000920
4.213337	0.999511	0.000628
4.227594	0.999315	0.000769
4.240493	0.999392	0.000654
4.253617	0.999643	0.000429
4.266541	0.999145	0.001591
4.280405	1.000126	0.000790
4.294379	0.999620	0.000101
4.309534	0.998335	0.000458
4.323248	0.999185	0.001133
4.336957	0.998933	0.000905
4.351204	0.999049	0.000312
4.365437	0.998542	0.000537
4.379146	0.998474	0.000409
4.392874	0.998530	0.000759
4.407107	0.998704	0.000421
4.420287	0.998640	0.000584
4.433191	0.998794	0.000615
4.447387	0.998741	0.000312
4.461039	0.998951	0.000157
4.476204	0.998845	0.000739
4.490437	0.999604	0.000756
4.504260	0.997732	0.000709
4.519244	0.999105	0.000307
4.534488	0.999254	0.000272
4.549068	0.999005	0.000170
4.563393	1.000166	0.000674
4.578524	0.999234	0.000405
4.595884	0.998985	0.000748
4.611780	0.999146	0.000785
4.626718	0.999225	0.000255
4.642746	0.999223	0.000170
4.657439	0.999851	0.001319
4.672709	0.999929	0.000876
4.687600	1.000002	0.000776
4.702273	1.000751	0.000322
4.717299	1.000315	0.000274
4.733026	1.001223	0.000639
4.748414	1.001554	0.001678
4.763222	1.000576	0.001784
4.777207	1.001770	0.000983
4.791334	1.003154	0.000281
4.804789	1.005282	0.001870
4.819898	1.006067	0.000628
4.836029	1.007909	0.001473
4.849851	1.009328	0.003827
4.862989	1.011744	0.002400
4.875873	1.015432	0.000470
4.889037	1.019226	0.005762
4.902207	1.027065	0.011973
4.916334	1.034129	0.014581
4.930541	1.019078	0.009367
4.948046	1.000212	0.000588
4.967361	1.000132	0.000309
4.985411	1.000489	0.000266
5.003502	1.000341	0.000020
5.021521	1.000600	0.000268
5.037718	1.000555	0.000108
5.053860	1.001069	0.001057
5.069830	1.000491	0.000211
5.088191	1.000097	0.000259
5.107122	1.000426	0.000308
5.124337	1.000836	0.000600
5.141142	1.000087	0.000569
5.159606	0.999830	0.000424
5.177206	1.000244	0.000157
5.197573	1.000583	0.000305
5.216681	0.999946	0.001025
5.234031	1.001006	0.001052
5.252413	1.001753	0.000231
5.269648	1.001419	0.001669
5.286972	1.001115	0.000341
5.305240	1.002885	0.001370
5.324462	1.002667	0.000801
5.342346	1.003197	0.000880
5.359928	1.003694	0.000451
5.377413	1.002983	0.000758
5.394648	1.002161	0.001105
5.411972	1.001020	0.000885
5.429368	0.998277	0.002270
5.446516	0.995192	0.002218
5.464088	0.989323	0.001840
5.481583	0.986350	0.001898
5.498818	0.980207	0.000422
5.516142	0.977424	0.000889
5.533538	0.975955	0.002229
5.550666	0.976109	0.001961
5.568258	0.976436	0.001236
5.586272	0.980358	0.000497
5.605324	0.983902	0.000653
5.624130	0.991848	0.004684
5.643051	0.996010	0.002342
5.661952	1.009718	0.000992
5.681070	1.022078	0.008239
5.699991	1.025331	0.001672
5.718856	1.053243	0.014295
5.741687	1.003674	0.001158
5.768041	1.003679	0.001211
5.793767	1.003701	0.000524
5.820121	1.004899	0.000063
5.847237	1.004235	0.000298
5.877117	1.002476	0.001239
5.903441	1.004217	0.001302
5.929187	1.004393	0.000957
5.955541	1.004728	0.001752
5.981267	1.002972	0.000361
6.007621	1.003708	0.000334
6.033337	1.003448	0.000429
6.059701	1.003588	0.000733
6.085427	1.002669	0.000476
6.111781	1.003250	0.000269
6.137507	1.002608	0.000151
6.164250	1.002893	0.000804
6.192341	1.003040	0.000648
6.218701	1.002820	0.000840
6.249281	1.002686	0.000246
6.277685	1.001896	0.000328
6.304187	1.001993	0.000148
6.335371	1.002688	0.000331
6.361781	1.002038	0.000977
6.387497	1.003022	0.000466
6.413907	1.003351	0.000367
6.442331	1.003138	0.000631
6.468405	1.002890	0.000356
6.494421	1.002544	0.000492
6.520480	1.003550	0.000737
6.546501	1.002546	0.000932
6.570101	1.019318	0.007056
6.590070	1.011974	0.002315
6.610572	1.009877	0.001429
6.629831	1.006060	0.000648
6.648742	1.007189	0.002765
6.667814	1.005799	0.000239
6.686952	1.004444	0.001966
6.707430	1.003242	0.001792
6.726361	1.000848	0.000120
6.747030	1.000233	0.001962
6.766102	0.999783	0.000878
6.786952	0.997953	0.000464
6.806040	0.995828	0.000528
6.824961	0.995707	0.001359
6.843846	0.994940	0.000559
6.862642	0.994433	0.000502
6.883774	0.993577	0.000246
6.905304	0.992430	0.000921
6.927166	0.987380	0.000222
6.950267	0.978028	0.000179
6.974707	0.956414	0.012771
6.997789	0.906420	0.015324
7.022014	0.865313	0.003477
7.044536	0.860864	0.003060
7.071507	0.873413	0.017190
7.093846	0.876698	0.006274
7.113670	0.917769	0.000727
7.135381	0.952892	0.009831
7.158301	0.987122	0.006155
7.179765	0.990851	0.000987
7.202212	0.994997	0.001728
7.229338	0.995499	0.001146
7.268001	0.997196	0.001127
7.294276	0.996738	0.001062
7.319437	0.995120	0.000722
7.346356	0.996107	0.000234
7.372690	0.997234	0.000284
7.397917	0.996031	0.001034
7.427846	0.996435	0.000221
7.457752	0.997760	0.001426
7.484727	0.997305	0.000389
7.511626	1.000014	0.000395
7.533021	0.999870	0.000390
7.555195	1.000180	0.000228
7.576761	1.000719	0.000819
7.597601	1.000240	0.001057
7.618441	1.000493	0.000255
7.639261	1.000792	0.000379
7.661129	1.001763	0.000546
7.683021	1.001149	0.000287
7.703841	1.001176	0.000088
7.724691	1.001521	0.000390
7.745521	1.001651	0.000473
7.766331	1.001716	0.000760
7.787191	1.001711	0.000136
7.808021	1.001683	0.000120
7.828831	1.002432	0.000480
7.849691	1.002002	0.000108
7.870521	1.002633	0.000171
7.891331	1.002433	0.000030
7.912191	1.002882	0.000194
7.933021	1.003071	0.000199
7.954994	1.003794	0.000130
7.977114	1.004136	0.000323
8.004090	1.003355	0.000272
8.029541	1.003135	0.000300
8.053343	1.003025	0.000322
8.074651	1.001810	0.001440
8.095521	1.002240	0.000512
8.116351	1.002963	0.000131
8.137151	1.002881	0.000129
8.158021	1.003339	0.001018
8.178851	1.003035	0.000384
8.201384	1.003441	0.000157
8.224349	1.001832	0.001187
8.247581	1.002223	0.001037
8.268411	1.002477	0.000784
8.289271	1.002152	0.000875
8.309563	1.001277	0.001150
8.329994	1.001522	0.000598
8.351771	1.001573	0.001312
8.372581	1.001872	0.000971
8.393411	1.001224	0.001133
8.416295	1.001022	0.000256
8.437685	1.001518	0.000431
8.460081	1.002012	0.000085
8.482669	0.999956	0.000440
8.504998	1.001046	0.000189
8.530362	0.999603	0.000157
8.553729	0.999875	0.000172
8.577769	1.000504	0.000222
8.598945	1.000848	0.001152
8.615409	1.002790	0.000674
8.631893	1.001199	0.000008
8.651519	1.001574	0.000261
8.669081	1.002008	0.000700
8.685897	1.001619	0.000157
8.701872	1.001137	0.000209
8.718304	1.002842	0.000194
8.737121	1.000875	0.000168
8.753242	1.001854	0.000297
8.769881	1.001960	0.000937
8.787935	1.002265	0.000397
8.805814	1.001155	0.001385
8.823729	1.000712	0.000244
8.840985	1.000334	0.000834
8.858075	1.002042	0.000778
8.874958	1.000142	0.000375
8.889543	1.000258	0.002067
8.903905	1.001506	0.000125
8.918199	1.001461	0.000800
8.932718	1.001807	0.000661
8.947531	1.001091	0.000421
8.960503	1.001101	0.000029
8.973573	1.001225	0.000408
8.986545	1.001185	0.001119
8.999611	1.002089	0.000277
9.012588	1.002253	0.000366
9.026519	1.001897	0.001094
9.040035	1.002795	0.001256
9.052914	1.000857	0.000476
9.066053	1.001077	0.000052
9.078962	1.001576	0.000517
9.092085	1.000594	0.000274
9.105352	1.001851	0.000855
9.119413	1.001172	0.001083
9.132718	1.001974	0.000500
9.147993	1.001083	0.000295
9.161063	1.001259	0.000456
9.174518	1.001624	0.000371
9.188329	1.000973	0.000505
9.201997	1.001224	0.001292
9.216701	1.001850	0.000189
9.230305	1.000764	0.001253
9.246390	1.000787	0.000262
9.260966	1.000958	0.000555
9.275783	1.000752	0.000555
9.291198	0.999945	0.000323
9.307500	1.000074	0.001172
9.324508	1.000658	0.000806
9.339108	1.000630	0.000885
9.353895	1.000032	0.000122
9.369195	1.000249	0.000819
9.383890	1.000216	0.000755
9.398003	1.000663	0.000907
9.411053	1.000420	0.000425
9.424508	1.000815	0.000188
9.438635	1.000403	0.000986
9.453905	0.999815	0.000419
9.467095	1.000858	0.000806
9.479979	1.000033	0.001051
9.493148	1.000335	0.000316
9.507355	1.000345	0.000560
9.521094	1.001075	0.000522
9.534798	1.001011	0.000418
9.549378	1.001414	0.000528
9.564144	1.000055	0.001373
9.577733	0.999271	0.001127
9.590705	1.001387	0.000409
9.604414	1.000419	0.001819
9.619185	1.000702	0.000698
9.632355	1.000724	0.001039
9.645969	1.000217	0.001089
9.660317	1.000363	0.000719
9.674035	1.000927	0.001184
9.687744	1.000857	0.001060
9.701468	1.000185	0.000916
9.714362	0.999468	0.000666
9.728543	1.000519	0.001654
9.742220	1.001723	0.000509
9.756847	1.000397	0.000991
9.770441	1.000060	0.000303
9.783408	0.999613	0.001107
9.796603	1.000954	0.001283
9.810845	1.000712	0.001708
9.824554	1.000929	0.000794
9.838273	1.001137	0.001748
9.852505	1.001981	0.002373
9.865923	1.001312	0.001338
9.881675	1.001286	0.001309
9.897983	1.000979	0.000566
9.913513	1.000328	0.000172
9.930452	1.001823	0.000350
9.946774	1.000907	0.001393
9.961873	1.000796	0.000431
9.976105	1.000848	0.000496
9.989824	1.000172	0.000707
10.004575	0.999991	0.000133
10.017795	1.000358	0.000046
10.030851	0.999731	0.000514
10.044280	1.000692	0.000369
10.059793	0.999435	0.000265
10.073734	1.000989	0.000236
10.086873	1.000794	0.000551
10.100577	1.000545	0.000819
10.115384	1.000437	0.000001
10.128543	1.000119	0.000324
10.141462	0.999797	0.000235
10.154575	1.000426	0.000762
10.167469	1.001638	0.000003
10.180608	0.999469	0.001580
10.193512	0.999207	0.000315
10.206675	1.000272	0.000953
10.219554	1.000864	0.000119
10.232703	0.999877	0.000023
10.245602	0.999846	0.000261
10.258735	1.000025	0.001097
10.272464	1.000684	0.001738
10.286043	1.000847	0.000019
10.299005	1.000380	0.000887
10.312091	1.000506	0.000191
10.325068	1.000597	0.000194
10.338123	1.000517	0.000276
10.351105	1.001127	0.000241
10.364171	1.000429	0.000630
10.377153	1.000388	0.001444
10.390867	1.000716	0.000857
10.404565	1.000773	0.000968
10.417775	1.001159	0.001235
10.431873	1.001528	0.000458
10.444855	1.000373	0.001577
10.458802	1.000781	0.001312
10.472278	1.001006	0.000921
10.485162	1.000628	0.000679
10.498335	1.001969	0.000088
10.511224	1.001077	0.000566
10.524363	1.000532	0.001157
10.538077	1.000719	0.001036
10.551671	1.001359	0.000642
10.564653	1.000688	0.000881
10.577713	1.001263	0.000136
10.590675	1.000581	0.001137
10.605794	1.000113	0.000114
10.619373	1.001081	0.000592
10.632335	1.000532	0.000373
10.645421	1.000855	0.001023
10.658388	1.000930	0.000832
10.672097	1.000759	0.000260
10.686998	1.000403	0.000094
10.701438	1.000984	0.000251
10.714643	1.000513	0.000593
10.728751	1.000622	0.000528
10.741718	1.001247	0.000057
10.754793	1.000112	0.000260
10.767765	1.000747	0.000992
10.781541	1.001245	0.001276
10.795717	0.999864	0.000911
10.809435	1.000779	0.001101
10.822605	1.000765	0.001034
10.836863	1.000254	0.000335
10.850577	1.000917	0.000274
10.864171	1.001484	0.000305
10.877133	1.000144	0.001211
10.890203	1.000337	0.000256
10.903165	1.001245	0.000251
10.916251	1.001083	0.000419
10.930437	0.999556	0.000186
10.943492	1.000793	0.000355
10.957683	1.000802	0.000299
10.970888	1.000649	0.000317
10.983943	0.999733	0.000121
10.996925	1.000423	0.001139
11.009991	1.000527	0.000101
11.023467	0.999979	0.000436
11.038077	1.000339	0.000462
11.051661	1.000377	0.000456
11.064633	0.999919	0.000559
11.078337	1.000585	0.000325
11.092055	1.000741	0.000189
11.106303	1.000605	0.000308
11.119363	1.000488	0.001048
11.133850	1.001101	0.000038
11.149463	1.001561	0.000091
11.164078	1.000359	0.001022
11.177854	1.000474	0.001381
11.191023	1.000596	0.000751
11.204208	1.000310	0.000019
11.218331	1.000437	0.000447
11.231303	0.999721	0.000816
11.244353	0.999813	0.000826
11.257315	1.000079	0.001189
11.270411	0.999926	0.000690
11.283388	1.000007	0.000119
11.296433	1.000402	0.001273
11.309415	1.000163	0.000063
11.322491	1.000672	0.000661
11.335463	0.999841	0.000034
11.348543	0.999998	0.000500
11.362875	0.999289	0.000368
11.375779	0.999552	0.000602
11.388928	0.999897	0.000134
11.401822	0.999420	0.000574
11.414975	0.999679	0.000433
11.427854	1.000003	0.000033
11.441013	0.999266	0.000945
11.455265	0.999723	0.000920
11.468425	0.999511	0.000628
11.482683	0.999315	0.000769
11.495582	0.999392	0.000654
11.508705	0.999643	0.000429
11.521629	0.999145	0.001591
11.535494	1.000126	0.000790
11.549468	0.999620	0.000101
11.564623	0.998335	0.000458
11.578337	0.999185	0.001133
11.592045	0.998933	0.000905
11.606293	0.999049	0.000312
11.620525	0.998542	0.000537
11.634234	0.998474	0.000409
11.647963	0.998530	0.000759
11.662195	0.998704	0.000421
11.675375	0.998640	0.000584
11.688279	0.998794	0.000615
11.702475	0.998741	0.000312
11.716128	0.998951	0.000157
11.731293	0.998845	0.000739
11.745525	0.999604	0.000756
11.759349	0.997732	0.000709
11.774333	0.999105	0.000307
11.789577	0.999254	0.000272
11.804157	0.999005	0.000170
11.818482	1.000166	0.000674
11.833613	0.999234	0.000405
11.850973	0.998985	0.000748
11.866869	0.999146	0.000785
11.881807	0.999225	0.000255
11.897835	0.999223	0.000170
11.912528	0.999851	0.001319
11.927798	0.999929	0.000876
11.942689	1.000002	0.000776
11.957362	1.000751	0.000322
11.972388	1.000315	0.000274
11.988115	1.001223	0.000639
12.003503	1.001554	0.001678
12.018311	1.000576	0.001784
12.032295	1.001770	0.000983
12.046423	1.003154	0.000281
12.059878	1.005282	0.001870
12.074987	1.006067	0.000628
12.091118	1.007909	0.001473
12.104939	1.009328	0.003827
12.118078	1.011744	0.002400
12.130962	1.015432	0.000470
12.144125	1.019226	0.005762
12.157295	1.027065	0.011973
12.171423	1.034129	0.014581
12.185630	1.019078	0.009367
12.203135	1.000212	0.000588
12.222450	1.000132	0.000309
12.240500	1.000489	0.000266
12.258591	1.000341	0.000020
12.276610	1.000600	0.000268
12.292807	1.000555	0.000108
12.308948	1.001069	0.001057
12.324918	1.000491	0.000211
12.343280	1.000097	0.000259
12.362211	1.000426	0.000308
12.379426	1.000836	0.000600
12.396231	1.000087	0.000569
12.414695	0.999830	0.000424
12.432295	1.000244	0.000157
12.452662	1.000583	0.000305
12.471770	0.999946	0.001025
12.489120	1.001006	0.001052
12.507502	1.001753	0.000231
12.524737	1.001419	0.001669
12.542061	1.001115	0.000341
12.560328	1.002885	0.001370
12.579551	1.002667	0.000801
12.597434	1.003197	0.000880
12.615017	1.003694	0.000451
12.632502	1.002983	0.000758
12.649737	1.002161	0.001105
12.667061	1.001020	0.000885
12.684457	0.998277	0.002270
12.701604	0.995192	0.002218
12.719177	0.989323	0.001840
12.736672	0.986350	0.001898
12.753907	0.980207	0.000422
12.771231	0.977424	0.000889
12.788627	0.975955	0.002229
12.805754	0.976109	0.001961
12.823347	0.976436	0.001236
12.841361	0.980358	0.000497
12.860412	0.983902	0.000653
12.879219	0.991848	0.004684
12.898140	0.996010	0.002342
12.917041	1.009718	0.000992
12.936159	1.022078	0.008239
12.955080	1.025331	0.001672
12.973945	1.053243	0.014295
12.996776	1.003674	0.001158
13.023130	1.003679	0.001211
13.048856	1.003701	0.000524
13.075210	1.004899	0.000063
13.102326	1.004235	0.000298
13.132206	1.002476	0.001239
13.158530	1.004217	0.001302
13.184276	1.004393	0.000957
13.210630	1.004728	0.001752
13.236356	1.002972	0.000361
13.262710	1.003708	0.000334
13.288426	1.003448	0.000429
13.314790	1.003588	0.000733
13.340516	1.002669	0.000476
13.366870	1.003250	0.000269
13.392596	1.002608	0.000151
13.419338	1.002893	0.000804
13.447430	1.003040	0.000648
13.473790	1.002820	0.000840
13.504370	1.002686	0.000246
13.532774	1.001896	0.000328
13.559276	1.001993	0.000148
13.590460	1.002688	0.000331
13.616870	1.002038	0.000977
13.642586	1.003022	0.000466
13.668996	1.003351	0.000367
13.697420	1.003138	0.000631
13.723494	1.002890	0.000356
13.749510	1.002544	0.000492
13.775568	1.003550	0.000737
13.801590	1.002546	0.000932
13.825190	1.019318	0.007056
13.845159	1.011974	0.002315
13.865661	1.009877	0.001429
13.884920	1.006060	0.000648
13.903831	1.007189	0.002765
13.922902	1.005799	0.000239
13.942041	1.004444	0.001966
13.962519	1.003242	0.001792
13.981450	1.000848	0.000120
14.002119	1.000233	0.001962
14.021191	0.999783	0.000878
14.042041	0.997953	0.000464
14.061129	0.995828	0.000528
14.080050	0.995707	0.001359
14.098935	0.994940	0.000559
14.117731	0.994433	0.000502
14.138862	0.993577	0.000246
14.160392	0.992430	0.000921
14.182255	0.987380	0.000222
14.205356	0.978028	0.000179
14.229796	0.956414	0.012771
14.252877	0.906420	0.015324
14.277103	0.865313	0.003477
14.299625	0.860864	0.003060
14.326595	0.873413	0.017190
14.348935	0.876698	0.006274
14.368759	0.917769	0.000727
14.390470	0.952892	0.009831
14.413390	0.987122	0.006155
14.434854	0.990851	0.000987
14.457301	0.994997	0.001728
14.484427	0.995499	0.001146
