217
0.015455	0.999717	0.000194
0.044538	0.999358	0.000410
0.069814	0.999292	0.000228
0.099871	0.999764	0.000396
0.120987	0.999523	0.000644
0.145081	1.000498	0.000054
0.178418	1.000270	0.000579
0.209740	1.000228	0.000078
0.234937	0.999980	0.000229
0.266165	1.000154	0.000285
0.299539	1.000119	0.000177
0.324408	1.000244	0.000257
0.345900	1.000008	0.000591
0.368731	1.001234	0.000328
0.395081	1.001849	0.000744
0.421087	1.003039	0.000029
0.447397	1.004736	0.000771
0.468733	1.006663	0.000365
0.487570	1.006853	0.000531
0.513002	1.008004	0.000061
0.534840	1.008347	0.000277
0.555501	1.008626	0.000096
0.577209	1.007911	0.000010
0.600603	1.007322	0.000587
0.621520	1.006339	0.000333
0.643723	1.005226	0.000058
0.667380	1.003344	0.000467
0.697260	1.001130	0.000249
0.723523	0.999405	0.000691
0.749330	0.997856	0.000279
0.772803	0.980318	0.012786
0.793733	0.918528	0.023254
0.814543	0.853495	0.015707
0.837375	0.835860	0.005570
0.862759	0.899639	0.024832
0.885995	0.972343	0.015836
0.911033	0.997016	0.000202
0.935569	0.997496	0.000122
0.960295	0.998269	0.000326
0.987769	0.999799	0.000774
1.012453	1.000646	0.000021
1.033323	1.001400	0.000789
1.054783	1.001959	0.000410
1.077043	1.002664	0.000989
1.100080	1.002037	0.000286
1.124430	1.001820	0.000079
1.147173	1.001088	0.000465
1.170182	1.000815	0.000407
1.192006	1.000582	0.000248
1.217915	1.000057	0.000488
1.242293	1.000314	0.000134
1.265815	0.999903	0.000013
1.289020	1.000988	0.000259
1.310393	1.000913	0.000209
1.332780	1.000939	0.000136
1.354153	1.001444	0.000025
1.374973	1.001085	0.000602
1.395813	1.001782	0.000127
1.416653	1.000865	0.000382
1.439473	1.001307	0.000649
1.460403	1.000722	0.000496
1.481233	1.000587	0.000261
1.502063	1.000004	0.000335
1.522903	1.000096	0.000170
1.545823	1.000008	0.000074
1.566643	0.999879	0.000193
1.587483	1.000339	0.000205
1.608323	1.000330	0.000371
1.629240	1.000731	0.000000
1.652073	1.000701	0.000012
1.671632	1.000965	0.000197
1.691653	1.000652	0.000234
1.712483	1.000430	0.000421
1.732149	1.000294	0.000452
1.750979	0.999723	0.000065
1.770192	0.999239	0.000041
1.789022	0.999211	0.000318
1.807869	0.998871	0.000284
1.828168	0.998482	0.000665
1.845823	0.999109	0.000063
1.862856	0.998925	0.000984
1.880602	0.999124	0.000172
1.898740	1.000128	0.000278
1.917649	1.000275	0.000479
1.936222	0.999794	0.000035
1.953709	0.999923	0.000619
1.972459	0.999502	0.000619
1.989749	0.999591	0.000320
2.008589	0.998625	0.000152
2.027812	0.998967	0.000030
2.045369	0.998090	0.000250
2.063479	0.998651	0.000301
2.082979	0.998588	0.000228
2.102882	0.998517	0.000049
2.119916	0.998482	0.000872
2.138222	0.999375	0.000542
2.158333	0.999897	0.000310
2.177329	0.999396	0.001094
2.196206	0.999451	0.000980
2.213952	1.000078	0.000073
2.230976	0.999529	0.000299
2.249983	0.999614	0.000029
2.268842	0.999714	0.000702
2.288123	1.000222	0.000038
2.308323	0.999506	0.000027
2.328266	0.999238	0.000450
2.347459	0.999467	0.000011
2.364749	0.999115	0.000417
2.383599	0.999337	0.000076
2.401452	0.999132	0.000212
2.418486	0.999565	0.000358
2.436842	0.999986	0.000020
2.455712	0.999964	0.000124
2.474096	0.999920	0.000140
2.491653	1.000277	0.000127
2.510599	1.000303	0.000518
2.529449	1.000677	0.000062
2.547272	0.999990	0.000075
2.565479	1.000428	0.000138
2.583609	1.000583	0.000196
2.602279	0.999929	0.000015
2.624263	0.999842	0.000491
2.643212	0.999505	0.000247
2.663312	0.999260	0.000443
2.682790	0.999650	0.000211
2.701719	0.999274	0.000232
2.720833	0.999724	0.000154
2.737866	0.999582	0.000287
2.755602	0.999929	0.000041
2.775722	0.999643	0.000377
2.795379	1.000598	0.000015
2.812759	1.000365	0.000030
2.830179	1.000476	0.000506
2.847549	1.000434	0.000418
2.866653	1.000311	0.000285
2.887503	1.000015	0.000026
2.904546	0.999594	0.000013
2.923543	0.999536	0.000430
2.943102	0.999913	0.000196
2.961240	0.999697	0.000731
2.979429	0.999898	0.000062
2.996829	0.999995	0.000133
3.014129	0.999984	0.000161
3.031429	1.000302	0.000062
3.048909	1.000148	0.000282
3.068112	0.999969	0.000551
3.085156	1.000449	0.000630
3.102902	0.999924	0.000347
3.119936	1.000131	0.000650
3.137503	0.999665	0.000524
3.155710	0.999782	0.000440
3.175358	1.000177	0.000346
3.194669	1.000411	0.000649
3.212059	1.000344	0.000675
3.229439	1.000958	0.000079
3.247402	1.000890	0.000025
3.267392	1.001067	0.000048
3.286596	1.000715	0.000259
3.304183	1.000311	0.000662
3.322656	1.000489	0.000815
3.340589	1.000211	0.000162
3.361142	0.999675	0.000274
3.380632	0.999464	0.000158
3.397656	0.999421	0.000795
3.416752	0.999442	0.000449
3.435631	0.999552	0.000041
3.453709	0.999999	0.000383
3.474559	1.000225	0.000055
3.493309	1.000454	0.000133
3.512139	1.000504	0.000211
3.529546	1.000883	0.000157
3.547282	1.000439	0.000278
3.564336	1.001336	0.000057
3.582082	1.000719	0.000148
3.600909	1.000919	0.000156
3.618309	0.999928	0.000066
3.635609	1.000115	0.000262
3.653009	0.999822	0.000608
3.671819	0.999696	0.000587
3.691239	0.999872	0.000640
3.708875	0.999619	0.000297
3.728069	0.999162	0.000678
3.746869	0.999562	0.000388
3.764948	0.999037	0.000079
3.784802	0.999781	0.000098
3.804193	0.999437	0.000061
3.826374	1.000223	0.000102
3.847469	0.999995	0.000009
3.866693	1.000154	0.000098
3.886250	0.999981	0.000552
3.906795	1.000594	0.000391
3.928749	0.999447	0.000040
3.949659	0.999222	0.000166
3.976669	0.999411	0.000455
4.003109	0.998883	0.000209
4.023306	0.999001	0.000710
4.044136	0.999338	0.000201
4.062986	0.999817	0.000240
4.083519	0.999640	0.000312
4.104636	1.000719	0.000458
4.125209	0.999994	0.000490
4.144779	1.000975	0.000341
4.167766	1.000975	0.000024
4.189257	1.000455	0.000384
4.211449	1.000580	0.000265
4.231636	0.999505	0.000381
4.253286	0.999240	0.000171
4.278906	0.998310	0.000022
4.301196	0.999417	0.000501
4.323575	0.999491	0.000284
4.349292	0.999742	0.000560
4.372046	1.000296	0.000140
4.395469	1.000698	0.000103
4.421926	1.000768	0.000327
4.445389	1.000680	0.000461
4.470124	0.999388	0.000564
4.494313	0.999851	0.000202
4.522753	0.999717	0.000194
4.551836	0.999358	0.000410
4.577112	0.999292	0.000228
4.607169	0.999764	0.000396
4.628286	0.999523	0.000644
4.652379	1.000498	0.000054
4.685716	1.000270	0.000579
4.717038	1.000228	0.000078
4.742235	0.999980	0.000229
4.773463	1.000154	0.000285
4.806837	1.000119	0.000177
4.831706	1.000244	0.000257
4.853198	1.000008	0.000591
4.876029	1.001234	0.000328
4.902379	1.001849	0.000744
4.928385	1.003039	0.000029
4.954695	1.004736	0.000771
4.976031	1.006663	0.000365
4.994868	1.006853	0.000531
5.020300	1.008004	0.000061
5.042138	1.008347	0.000277
5.062799	1.008626	0.000096
5.084508	1.007911	0.000010
5.107901	1.007322	0.000587
5.128819	1.006339	0.000333
5.151021	1.005226	0.000058
5.174679	1.003344	0.000467
5.204558	1.001130	0.000249
5.230821	0.999405	0.000691
5.256628	0.997856	0.000279
5.280101	0.980318	0.012786
5.301031	0.918528	0.023254
5.321841	0.853495	0.015707
5.344673	0.835860	0.005570
5.370057	0.899639	0.024832
5.393293	0.972343	0.015836
5.418331	0.997016	0.000202
5.442868	0.997496	0.000122
5.467593	0.998269	0.000326
5.495067	0.999799	0.000774
5.519751	1.000646	0.000021
5.540621	1.001400	0.000789
5.562081	1.001959	0.000410
5.584341	1.002664	0.000989
5.607378	1.002037	0.000286
5.631728	1.001820	0.000079
5.654471	1.001088	0.000465
5.677480	1.000815	0.000407
5.699304	1.000582	0.000248
5.725213	1.000057	0.000488
5.749591	1.000314	0.000134
5.773113	0.999903	0.000013
5.796318	1.000988	0.000259
5.817691	1.000913	0.000209
5.840078	1.000939	0.000136
5.861451	1.001444	0.000025
5.882271	1.001085	0.000602
5.903111	1.001782	0.000127
5.923951	1.000865	0.000382
5.946771	1.001307	0.000649
5.967701	1.000722	0.000496
5.988531	1.000587	0.000261
6.009361	1.000004	0.000335
6.030201	1.000096	0.000170
6.053121	1.000008	0.000074
6.073941	0.999879	0.000193
6.094781	1.000339	0.000205
6.115621	1.000330	0.000371
6.136538	1.000731	0.000000
6.159371	1.000701	0.000012
6.178930	1.000965	0.000197
6.198951	1.000652	0.000234
6.219781	1.000430	0.000421
6.239447	1.000294	0.000452
6.258277	0.999723	0.000065
6.277490	0.999239	0.000041
6.296320	0.999211	0.000318
6.315167	0.998871	0.000284
6.335466	0.998482	0.000665
6.353121	0.999109	0.000063
6.370154	0.998925	0.000984
6.387900	0.999124	0.000172
6.406038	1.000128	0.000278
6.424947	1.000275	0.000479
6.443520	0.999794	0.000035
6.461007	0.999923	0.000619
6.479757	0.999502	0.000619
6.497048	0.999591	0.000320
6.515887	0.998625	0.000152
6.535110	0.998967	0.000030
6.552667	0.998090	0.000250
6.570777	0.998651	0.000301
6.590277	0.998588	0.000228
6.610180	0.998517	0.000049
6.627214	0.998482	0.000872
6.645520	0.999375	0.000542
6.665631	0.999897	0.000310
6.684627	0.999396	0.001094
6.703504	0.999451	0.000980
6.721250	1.000078	0.000073
6.738274	0.999529	0.000299
6.757281	0.999614	0.000029
6.776140	0.999714	0.000702
6.795421	1.000222	0.000038
6.815621	0.999506	0.000027
6.835564	0.999238	0.000450
6.854757	0.999467	0.000011
6.872048	0.999115	0.000417
6.890897	0.999337	0.000076
6.908750	0.999132	0.000212
6.925784	0.999565	0.000358
6.944140	0.999986	0.000020
6.963010	0.999964	0.000124
6.981394	0.999920	0.000140
6.998951	1.000277	0.000127
7.017898	1.000303	0.000518
7.036747	1.000677	0.000062
7.054570	0.999990	0.000075
7.072777	1.000428	0.000138
7.090907	1.000583	0.000196
7.109578	0.999929	0.000015
7.131561	0.999842	0.000491
7.150510	0.999505	0.000247
7.170610	0.999260	0.000443
7.190088	0.999650	0.000211
7.209017	0.999274	0.000232
7.228131	0.999724	0.000154
7.245164	0.999582	0.000287
7.262900	0.999929	0.000041
7.283020	0.999643	0.000377
7.302677	1.000598	0.000015
7.320057	1.000365	0.000030
7.337477	1.000476	0.000506
7.354847	1.000434	0.000418
7.373951	1.000311	0.000285
7.394801	1.000015	0.000026
7.411844	0.999594	0.000013
7.430841	0.999536	0.000430
7.450400	0.999913	0.000196
7.468538	0.999697	0.000731
7.486727	0.999898	0.000062
7.504127	0.999995	0.000133
7.521427	0.999984	0.000161
7.538728	1.000302	0.000062
7.556207	1.000148	0.000282
7.575410	0.999969	0.000551
7.592454	1.000449	0.000630
7.610200	0.999924	0.000347
7.627234	1.000131	0.000650
7.644801	0.999665	0.000524
7.663008	0.999782	0.000440
7.682656	1.000177	0.000346
7.701967	1.000411	0.000649
7.719357	1.000344	0.000675
7.736737	1.000958	0.000079
7.754700	1.000890	0.000025
7.774690	1.001067	0.000048
7.793894	1.000715	0.000259
7.811481	1.000311	0.000662
7.829954	1.000489	0.000815
7.847887	1.000211	0.000162
7.868440	0.999675	0.000274
7.887930	0.999464	0.000158
7.904954	0.999421	0.000795
7.924050	0.999442	0.000449
7.942930	0.999552	0.000041
7.961007	0.999999	0.000383
7.981857	1.000225	0.000055
8.000607	1.000454	0.000133
8.019437	1.000504	0.000211
8.036844	1.000883	0.000157
8.054580	1.000439	0.000278
8.071634	1.001336	0.000057
8.089380	1.000719	0.000148
8.108207	1.000919	0.000156
8.125607	0.999928	0.000066
8.142908	1.000115	0.000262
8.160307	0.999822	0.000608
8.179117	0.999696	0.000587
8.198537	0.999872	0.000640
8.216173	0.999619	0.000297
8.235367	0.999162	0.000678
8.254167	0.999562	0.000388
8.272246	0.999037	0.000079
8.292100	0.999781	0.000098
8.311491	0.999437	0.000061
8.333672	1.000223	0.000102
8.354767	0.999995	0.000009
8.373991	1.000154	0.000098
8.393548	0.999981	0.000552
8.414093	1.000594	0.000391
8.436047	0.999447	0.000040
8.456957	0.999222	0.000166
8.483967	0.999411	0.000455
8.510407	0.998883	0.000209
8.530604	0.999001	0.000710
8.551434	0.999338	0.000201
8.570284	0.999817	0.000240
8.590818	0.999640	0.000312
8.611934	1.000719	0.000458
8.632508	0.999994	0.000490
8.652077	1.000975	0.000341
8.675064	1.000975	0.000024
8.696555	1.000455	0.000384
8.718747	1.000580	0.000265
8.738934	0.999505	0.000381
8.760584	0.999240	0.000171
8.786204	0.998310	0.000022
8.808494	0.999417	0.000501
8.830873	0.999491	0.000284
8.856590	0.999742	0.000560
8.879344	1.000296	0.000140
8.902767	1.000698	0.000103
8.929224	1.000768	0.000327
8.952687	1.000680	0.000461
8.977422	0.999388	0.000564
9.001611	0.999851	0.000202
