883
0.001164	0.999987	0.000351
0.007173	0.999883	0.000657
0.014863	1.000835	0.000501
0.020261	1.000615	0.000443
0.024541	1.000912	0.000338
0.032829	1.000372	0.000298
0.039784	1.001120	0.000804
0.043635	1.000839	0.000072
0.050286	1.000445	0.000525
0.058666	1.000629	0.000109
0.063090	1.000450	0.000159
0.068283	1.000401	0.001131
0.075926	1.000677	0.000296
0.082711	1.000338	0.000242
0.086971	1.001241	0.000346
0.094089	1.000574	0.000166
0.102135	1.000997	0.000754
0.105786	0.995712	0.003800
0.111396	1.000877	0.000540
0.120506	1.000822	0.000167
0.126183	0.995667	0.001590
0.131506	1.001258	0.000469
0.139149	1.001317	0.000336
0.144947	1.000748	0.000656
0.148623	0.997319	0.005548
0.155169	1.001503	0.000037
0.162112	1.001045	0.000701
0.166429	0.997204	0.002932
0.170341	1.001040	0.000005
0.177402	1.001153	0.000006
0.184352	1.001273	0.000073
0.187801	0.997021	0.001283
0.191992	1.000344	0.000434
0.199509	1.001430	0.000375
0.206223	1.000518	0.000376
0.209543	0.997656	0.000595
0.214889	1.000732	0.000294
0.222509	1.001081	0.000407
0.228334	1.001259	0.000918
0.232395	0.998084	0.002939
0.240592	1.000879	0.000370
0.247542	1.001671	0.000189
0.250851	0.999054	0.000015
0.255833	1.000482	0.000505
0.262822	1.000810	0.000699
0.269028	1.000795	0.000360
0.272043	0.999484	0.000993
0.277313	1.000682	0.000187
0.284332	0.999803	0.000072
0.290185	1.000020	0.000280
0.293266	0.999615	0.000549
0.298936	1.000444	0.000057
0.306619	0.999077	0.000536
0.311888	1.000911	0.000638
0.315353	1.000759	0.000948
0.321926	1.000343	0.000395
0.329492	0.999663	0.000066
0.333323	1.000094	0.000341
0.337400	1.000398	0.000140
0.344129	1.000935	0.000037
0.352178	1.000420	0.000379
0.355383	0.999950	0.000152
0.360032	1.000255	0.000045
0.366992	0.999860	0.000062
0.373482	1.000240	0.000142
0.376606	1.000250	0.000128
0.382219	0.999942	0.000556
0.389212	0.999802	0.000144
0.394633	0.999336	0.001036
0.397851	0.999472	0.001023
0.404479	1.000449	0.000255
0.411422	0.999655	0.000427
0.416078	1.000850	0.000422
0.419519	1.000197	0.000194
0.426756	0.999976	0.000125
0.435042	0.999843	0.000739
0.437989	1.000347	0.000126
0.441992	0.999366	0.000171
0.449523	1.000427	0.000150
0.456210	1.000364	0.000069
0.459470	0.997014	0.006509
0.463499	0.998617	0.005409
0.469762	1.001373	0.000636
0.476934	1.001238	0.000198
0.481025	0.999329	0.000875
0.485653	1.001025	0.001234
0.491969	1.000723	0.001481
0.498482	1.000472	0.000261
0.501582	0.999901	0.000506
0.507236	0.999689	0.000558
0.514942	0.999935	0.000744
0.520506	1.001746	0.000740
0.523929	0.999046	0.000315
0.530076	0.999404	0.000088
0.537069	0.999428	0.000276
0.541650	1.000107	0.000266
0.545604	1.000170	0.001112
0.552296	1.000277	0.000420
0.559246	0.999295	0.000141
0.563004	0.999812	0.002037
0.567576	1.000199	0.002533
0.575156	1.000047	0.001372
0.581686	1.000784	0.000334
0.585208	1.000046	0.000297
0.590496	0.999422	0.000693
0.597416	1.000212	0.000547
0.603538	1.000324	0.000116
0.606886	1.000143	0.000097
0.613406	1.000064	0.000183
0.620356	0.999261	0.000391
0.624676	1.000383	0.000317
0.628109	1.000413	0.000167
0.634246	1.000145	0.000226
0.641259	0.999368	0.000372
0.645850	1.000352	0.000051
0.649784	1.000239	0.000392
0.656456	1.000322	0.000352
0.663406	1.000432	0.000257
0.666881	1.000606	0.000004
0.670604	1.000638	0.000722
0.677376	1.000501	0.000081
0.685204	1.000086	0.000266
0.688328	0.999947	0.001539
0.692576	0.999481	0.001799
0.699526	1.000085	0.001837
0.706137	1.000927	0.000273
0.709138	0.999895	0.001094
0.713416	1.000375	0.002287
0.720966	1.000364	0.000997
0.727308	0.999792	0.000523
0.730337	0.999553	0.001273
0.734926	1.000228	0.001354
0.741886	1.000718	0.001133
0.748128	1.001144	0.000456
0.751177	0.999724	0.001140
0.755786	1.000415	0.001289
0.763369	1.001266	0.000541
0.769309	1.000885	0.000199
0.772366	0.999736	0.000421
0.777296	1.000632	0.000715
0.784236	0.999768	0.001531
0.790383	1.000473	0.000053
0.793565	1.000595	0.000325
0.799543	0.999991	0.001037
0.807839	1.000155	0.000357
0.812176	1.000138	0.000230
0.815609	0.999734	0.000229
0.821756	0.999999	0.000218
0.828696	0.999730	0.000094
0.833006	1.000096	0.000454
0.836429	0.999710	0.000253
0.842576	0.999964	0.000449
0.849589	0.999580	0.000328
0.854200	1.000198	0.000181
0.858183	1.000279	0.000210
0.866093	0.999494	0.000709
0.872787	1.000123	0.000444
0.876177	0.999581	0.001285
0.882079	0.999747	0.000105
0.889096	1.000644	0.000670
0.894630	0.999873	0.000300
0.897745	0.999772	0.000173
0.902996	1.000217	0.000640
0.910626	0.999968	0.000468
0.915791	1.000028	0.000441
0.918944	0.999878	0.000165
0.924496	1.000715	0.000170
0.931476	1.000243	0.000161
0.936601	1.000472	0.000514
0.939774	1.000457	0.000000
0.945413	0.999387	0.000188
0.952996	0.999818	0.001363
0.957728	1.000007	0.000657
0.961076	1.000248	0.000251
0.967629	1.000210	0.000338
0.975527	1.000479	0.000161
0.980297	0.999698	0.001094
0.985503	1.000284	0.000231
0.993196	0.999820	0.000192
0.999027	1.000338	0.000131
1.002686	1.000345	0.000493
1.009319	1.000293	0.000038
1.016899	0.999750	0.000179
1.021077	1.000273	0.000190
1.025226	1.000123	0.000163
1.032156	1.000422	0.000587
1.039116	0.999637	0.000239
1.042424	1.000397	0.000106
1.046736	0.999738	0.000204
1.054316	1.000080	0.000573
1.060628	1.000259	0.000068
1.063999	1.000486	0.000129
1.068986	1.000379	0.000338
1.075906	1.000061	0.000635
1.082040	1.000378	0.000126
1.086003	1.000841	0.000089
1.091926	1.000019	0.000104
1.099526	0.999213	0.000205
1.103866	1.000146	0.000015
1.108180	1.000376	0.000114
1.116093	0.999736	0.000198
1.122787	1.000361	0.000507
1.126443	1.000096	0.000988
1.131556	0.999963	0.000013
1.139096	1.000102	0.000482
1.144673	0.999838	0.000092
1.148929	1.000764	0.000362
1.155129	0.999938	0.000453
1.163413	1.000503	0.000230
1.167167	0.999736	0.000094
1.171736	0.999972	0.000155
1.178686	1.000507	0.000129
1.185287	1.000743	0.000417
1.189684	1.000434	0.000272
1.195376	0.999585	0.000343
1.202296	1.000363	0.000668
1.207500	1.000628	0.000079
1.211941	1.000481	0.000147
1.219129	1.000617	0.000302
1.226616	0.999851	0.000144
1.230217	0.999877	0.000069
1.234926	1.000008	0.000762
1.241886	1.000297	0.000257
1.248422	1.000050	0.000008
1.252234	0.999920	0.000131
1.257876	1.000547	0.000644
1.264796	1.000489	0.000508
1.269944	1.000038	0.000394
1.273939	1.000328	0.000069
1.280076	0.999489	0.000535
1.287026	1.000501	0.000432
1.291366	1.000297	0.000097
1.295610	1.000661	0.000064
1.302296	1.000349	0.000621
1.309246	1.000450	0.000324
1.312997	1.000358	0.000085
1.318216	1.000126	0.000746
1.325216	1.000416	0.000250
1.331468	1.000422	0.000403
1.335621	1.000005	0.000077
1.341886	1.000104	0.000162
1.348826	1.000395	0.000559
1.353621	1.000337	0.000318
1.358180	1.000740	0.000178
1.365506	1.000145	0.000748
1.372436	1.000247	0.000426
1.376047	1.000108	0.000282
1.380786	1.000274	0.000166
1.387716	1.000362	0.000110
1.394302	1.000222	0.000320
1.398513	1.000687	0.000110
1.404386	1.001034	0.000630
1.411326	1.000465	0.000720
1.416075	1.000289	0.000054
1.420175	1.000790	0.000255
1.426616	1.001009	0.000046
1.433546	0.999580	0.000172
1.437467	0.999882	0.000011
1.442586	0.999878	0.000359
1.449526	1.000592	0.000115
1.456127	1.000678	0.000635
1.459783	1.000277	0.000078
1.464806	1.000292	0.000026
1.471746	1.000553	0.000698
1.477629	1.000717	0.000148
1.481817	1.000232	0.000279
1.487716	0.999660	0.000152
1.494666	1.000144	0.000587
1.499395	0.999914	0.000032
1.503525	1.000442	0.000174
1.509946	1.000002	0.000157
1.516886	0.999871	0.000015
1.520797	1.000103	0.000571
1.525236	0.999758	0.000025
1.532156	1.000495	0.000369
1.539106	0.999398	0.000690
1.542717	1.000037	0.000040
1.547436	1.000069	0.000327
1.554396	1.000317	0.000305
1.560628	1.000270	0.000310
1.564328	1.000021	0.000126
1.569686	0.999266	0.000260
1.576596	0.999523	0.000382
1.582173	0.999979	0.000224
1.586439	0.999731	0.000074
1.592576	1.000213	0.000072
1.599526	0.999153	0.000314
1.603856	0.999967	0.000129
1.608110	0.999801	0.000030
1.614806	0.999301	0.000184
1.621746	1.000054	0.000177
1.625799	1.000462	0.000163
1.631376	0.999265	0.000880
1.638406	1.000431	0.000193
1.644309	1.000238	0.000050
1.648513	0.999673	0.000381
1.654449	1.000024	0.000280
1.662109	1.000726	0.000275
1.666627	0.999918	0.000332
1.671573	1.000332	0.000443
1.679953	1.001591	0.000454
1.686266	1.000342	0.000573
1.690163	1.001437	0.000833
1.696066	1.001964	0.001862
1.702996	1.001350	0.000940
1.707735	0.999743	0.000204
1.711865	1.001592	0.000164
1.718266	1.001810	0.001137
1.725246	1.001738	0.000452
1.729127	1.000128	0.000126
1.734073	1.002977	0.001438
1.741206	1.002720	0.001300
1.747787	1.002312	0.002408
1.751433	1.003674	0.006051
1.756486	1.003590	0.006074
1.763406	1.003687	0.006662
1.769309	0.999810	0.000022
1.773157	0.999864	0.000145
1.779472	1.000152	0.000016
1.787136	1.001078	0.000204
1.791627	0.999789	0.000296
1.796689	1.000446	0.000199
1.805049	0.999631	0.000461
1.811290	0.999597	0.000342
1.815250	1.000137	0.000193
1.822556	1.000501	0.000365
1.830460	0.999982	0.000241
1.834806	0.999872	0.000071
1.840543	0.999713	0.000316
1.848209	0.999461	0.000203
1.853575	0.999659	0.000474
1.857788	0.999304	0.000238
1.864922	0.999585	0.000144
1.872750	0.999774	0.000375
1.876446	0.999966	0.000099
1.882223	1.000141	0.000515
1.889879	0.999501	0.000515
1.895295	0.999638	0.000454
1.899917	1.000046	0.000069
1.907799	1.000210	0.000105
1.914999	0.999829	0.000052
1.918987	1.000182	0.000225
1.925986	0.999559	0.000175
1.934818	0.999084	0.000048
1.939375	0.999566	0.000353
1.946109	0.999954	0.000056
1.954482	1.000059	0.000004
1.959387	1.000333	0.000695
1.966176	0.999973	0.000258
1.974606	0.999833	0.000492
1.979654	0.999871	0.000014
1.985509	0.999091	0.000655
1.994669	1.000037	0.000166
1.999930	0.999490	0.000238
2.005600	0.999780	0.000591
2.014049	0.999444	0.000705
2.019877	1.004575	0.005914
2.023999	1.002133	0.001707
2.030809	1.000160	0.000077
2.038483	0.998803	0.000485
2.042717	0.999926	0.000107
2.048093	0.998636	0.000988
2.055776	0.998992	0.001139
2.061547	0.999684	0.000064
2.065702	1.000172	0.000541
2.074369	0.999664	0.000142
2.081742	1.000196	0.000695
2.085644	1.000503	0.000334
2.091903	0.999166	0.000638
2.099566	0.999053	0.000195
2.104110	0.999621	0.000101
2.109143	0.999599	0.000000
2.116816	0.999377	0.000438
2.123412	0.999275	0.000204
2.127284	0.999686	0.000069
2.133583	0.999139	0.000216
2.141226	0.999299	0.000056
2.145770	0.999680	0.000154
2.150823	0.999399	0.000815
2.158536	0.999625	0.000468
2.165403	0.999667	0.000138
2.169393	0.999424	0.000111
2.175956	0.998743	0.000207
2.183599	0.999246	0.000031
2.187974	0.999453	0.000318
2.193883	0.999389	0.000240
2.201599	0.999672	0.000286
2.207692	0.999651	0.000151
2.211924	0.999984	0.000199
2.219013	0.999597	0.000060
2.226864	0.999181	0.000143
2.230636	0.999047	0.000584
2.236363	0.998830	0.000128
2.244733	0.999435	0.000026
2.249930	0.999555	0.000149
2.254983	0.999452	0.000499
2.262636	0.998574	0.000307
2.269242	0.999114	0.000157
2.273144	0.999404	0.000268
2.279403	0.998517	0.000038
2.287066	0.999330	0.000112
2.292222	0.999517	0.000616
2.298793	0.998436	0.000063
2.306516	0.998772	0.000313
2.312146	0.999265	0.000079
2.316510	0.999636	0.000060
2.324423	0.999288	0.000363
2.331378	0.998572	0.000376
2.335225	0.998742	0.000602
2.341199	0.999341	0.000006
2.348853	0.998950	0.000574
2.354165	0.999900	0.000575
2.359866	0.998695	0.000679
2.368863	0.998582	0.000256
2.374352	0.999286	0.000186
2.378574	0.999301	0.000167
2.385693	0.998772	0.000018
2.393514	0.998790	0.000187
2.397306	0.999027	0.000385
2.402986	0.999455	0.000334
2.410639	0.999143	0.000451
2.416055	0.999198	0.000291
2.420670	0.998662	0.000019
2.428613	0.998751	0.000321
2.435558	0.998715	0.000202
2.439365	0.999534	0.000114
2.445406	0.999181	0.000376
2.453736	0.999067	0.000342
2.458606	0.999280	0.000043
2.464036	0.998851	0.000218
2.472426	0.998449	0.000295
2.478532	0.998886	0.000506
2.482734	0.998483	0.000474
2.489883	0.997858	0.000158
2.497694	0.998966	0.000349
2.501446	0.999477	0.000281
2.507156	0.998708	0.000057
2.514809	0.999002	0.000144
2.520549	0.998913	0.000013
2.526453	0.998537	0.000177
2.534903	0.998375	0.000204
2.540727	0.999229	0.000113
2.544809	0.998583	0.000544
2.551679	0.999002	0.000136
2.559303	0.998636	0.000415
2.563537	0.999522	0.000010
2.568943	0.998690	0.000604
2.577309	0.998719	0.000566
2.582765	0.999826	0.000476
2.587360	0.998751	0.000007
2.595243	0.999291	0.000456
2.602228	0.998380	0.000659
2.606072	0.961928	0.032230
2.612039	0.998597	0.000211
2.619693	0.998473	0.000407
2.624642	0.965747	0.026874
2.629710	0.999139	0.000531
2.637646	0.998761	0.000115
2.644540	0.998948	0.000539
2.648157	0.968881	0.031535
2.654403	0.998702	0.000719
2.662066	0.999281	0.000082
2.666587	0.972149	0.014686
2.670670	0.998645	0.000382
2.678613	0.999587	0.000588
2.685558	0.998965	0.000029
2.688996	0.975802	0.015581
2.694656	0.999351	0.000891
2.702309	0.998642	0.000448
2.707675	0.978902	0.019986
2.711499	0.999236	0.000435
2.718299	0.998192	0.000296
2.725983	0.998775	0.000560
2.729898	0.981841	0.005330
2.734866	0.998866	0.000400
2.743213	0.999556	0.000126
2.749328	0.984202	0.012052
2.753584	0.998476	0.000134
2.760693	0.998586	0.000058
2.768795	0.999304	0.000134
2.772346	0.987175	0.007438
2.777976	0.999300	0.000841
2.785579	1.002018	0.003681
2.790714	0.990150	0.010276
2.794712	1.001722	0.000926
2.800879	1.001482	0.001096
2.807809	1.001196	0.000883
2.812417	0.999111	0.000144
2.818206	0.999313	0.000413
2.825169	1.001232	0.001886
2.831448	1.001086	0.001737
2.835205	0.995550	0.005673
2.840429	1.000573	0.001680
2.847473	0.999340	0.001196
2.853512	0.996030	0.002777
2.857236	0.999818	0.000223
2.864173	0.999508	0.000905
2.872621	0.999969	0.000030
2.876446	0.997899	0.001383
2.882096	0.999322	0.000706
2.889069	0.999188	0.000300
2.894874	0.998529	0.001063
2.898500	0.998485	0.000441
2.904319	0.999347	0.000007
2.911279	0.999229	0.000169
2.916025	0.998776	0.000491
2.919722	0.998817	0.000754
2.925879	0.999046	0.000361
2.932809	0.998963	0.000437
2.937126	0.999265	0.000389
2.940985	0.998476	0.000388
2.947399	0.998401	0.000262
2.954349	0.998076	0.000289
2.958247	0.999306	0.000727
2.962247	0.998854	0.000167
2.969003	0.999567	0.000130
2.976569	0.997849	0.001543
2.979908	0.999488	0.000027
2.984189	0.998209	0.001369
2.991789	0.998668	0.000857
2.998081	0.998083	0.001636
3.001473	0.998661	0.001272
3.006419	0.997826	0.001765
3.013379	0.998206	0.001034
3.019503	0.999701	0.000521
3.023097	0.998454	0.000641
3.028639	0.998478	0.001162
3.035579	0.998008	0.001790
3.040724	0.999333	0.000005
3.044320	0.998650	0.001055
3.050179	0.998297	0.000650
3.057779	0.997898	0.001223
3.062162	1.000492	0.000003
3.066417	0.998822	0.000300
3.073089	0.998033	0.001197
3.080116	0.998388	0.000388
3.084081	0.999892	0.000500
3.089059	0.998587	0.001217
3.095989	0.998733	0.000605
3.102261	0.998969	0.001366
3.105643	0.998996	0.001568
3.110589	0.999178	0.001518
3.118216	0.998791	0.001087
3.123733	1.000414	0.000420
3.127247	0.998385	0.001838
3.132819	0.998762	0.001611
3.139783	0.998551	0.001832
3.145221	0.999877	0.000042
3.149325	0.999465	0.000543
3.155709	0.999145	0.000776
3.162743	0.999071	0.000431
3.167207	1.000221	0.000895
3.171689	0.999673	0.001144
3.178659	0.999349	0.001479
3.185240	0.999265	0.001696
3.188590	1.000855	0.000907
3.193229	0.998960	0.000641
3.200843	0.998221	0.000784
3.206772	1.000436	0.000154
3.210634	0.999177	0.000603
3.216839	0.999719	0.001392
3.223779	0.999633	0.001415
3.228585	1.000898	0.000366
3.232635	0.999307	0.001128
3.239079	0.999487	0.000777
3.246053	1.000320	0.000271
3.250464	1.000891	0.000062
3.255049	1.000342	0.000472
3.261989	0.999937	0.001784
3.268594	0.999898	0.001047
3.272313	1.000388	0.001084
3.277259	0.999606	0.000586
3.284189	1.000411	0.001198
3.290132	1.000727	0.000440
3.293931	0.999899	0.000895
3.300179	1.000192	0.001162
3.307119	1.000939	0.000849
3.311835	1.001431	0.000373
3.315572	1.000355	0.000955
3.321699	1.000734	0.000015
3.328659	1.000350	0.001119
3.333012	1.001571	0.000525
3.337244	1.001453	0.000446
3.343909	1.000792	0.000096
3.350879	1.001038	0.000594
3.355006	1.002229	0.000230
3.361180	0.999735	0.000386
3.368229	1.001311	0.000302
3.373776	1.001555	0.000087
3.377660	1.000904	0.000735
3.383559	1.001678	0.000291
3.391159	1.001438	0.000608
3.395703	1.001314	0.000046
3.399744	1.001614	0.000110
3.406449	1.001525	0.000521
3.414069	1.001929	0.000149
3.417408	1.002475	0.000947
3.421689	1.001877	0.000987
3.428659	1.002135	0.000649
3.435240	1.001854	0.000829
3.438590	1.002411	0.000693
3.443229	1.002226	0.001114
3.450189	1.001671	0.001496
3.456411	1.001787	0.000396
3.459793	1.001921	0.000618
3.464759	1.001770	0.001367
3.471689	1.002052	0.000567
3.477605	1.002191	0.000275
3.481431	1.002046	0.000073
3.487679	1.002148	0.000935
3.494619	1.002297	0.001108
3.499445	1.002788	0.000604
3.503927	1.002774	0.000291
3.511896	1.002281	0.001033
3.518580	1.002127	0.000246
3.522293	1.001861	0.000592
3.527936	1.001758	0.000087
3.534889	1.002533	0.000242
3.540443	1.003494	0.000700
3.544330	1.001804	0.000143
3.550216	1.003258	0.000634
3.557809	1.002964	0.000682
3.562176	1.002914	0.000032
3.566427	1.002303	0.000001
3.573089	1.003119	0.000009
3.580049	1.003012	0.000165
3.584146	1.002289	0.000084
3.589069	1.002246	0.000323
3.595999	1.002519	0.000110
3.602275	1.002874	0.000017
3.606408	1.002448	0.000129
3.611979	1.002704	0.001012
3.618929	1.002632	0.001365
3.624077	1.002451	0.000301
3.628505	1.002998	0.000046
3.634889	1.002631	0.000208
3.641859	1.002172	0.000002
3.646092	1.002079	0.000229
3.651569	1.002570	0.000164
3.658499	1.003028	0.000872
3.664775	1.002457	0.000066
3.669706	1.001739	0.000052
3.675879	1.002075	0.001082
3.682809	1.002228	0.000746
3.687475	1.002448	0.000228
3.693216	1.002696	0.000419
3.700189	1.003652	0.000371
3.706464	1.002329	0.000441
3.710973	1.002295	0.000241
3.716849	1.002721	0.000370
3.723779	1.003214	0.000608
3.728842	1.002454	0.001363
3.733499	1.001870	0.000371
3.740469	1.002972	0.000099
3.747389	1.002783	0.000056
3.751413	1.001727	0.000580
3.756429	1.002779	0.000009
3.764016	1.002525	0.000299
3.769857	1.002489	0.000984
3.774318	1.002427	0.000464
3.781446	1.002405	0.000193
3.789287	1.002155	0.000491
3.793931	1.001471	0.000588
3.800866	1.002037	0.000283
3.808513	1.001713	0.000148
3.813913	1.000871	0.000526
3.820233	1.001719	0.000249
3.827933	1.001791	0.000538
3.833338	1.001400	0.000499
3.839623	1.001990	0.000127
3.847326	1.001280	0.000569
3.853217	1.000783	0.000899
3.858365	1.000970	0.000520
3.866740	1.001138	0.000192
3.873352	1.000926	0.000673
3.877653	1.001089	0.000595
3.884186	1.001424	0.000457
3.891953	1.001376	0.000316
3.897642	0.999342	0.000616
3.903609	1.000769	0.000462
3.911253	1.000487	0.000230
3.916349	0.999868	0.000555
3.921576	1.000659	0.000154
3.929240	1.000418	0.000999
3.935852	1.000057	0.000363
3.940167	0.999653	0.000060
3.947403	1.000348	0.000628
3.955056	1.000471	0.000276
3.959723	0.999625	0.000239
3.966096	1.000137	0.000608
3.973803	1.000249	0.000297
3.979419	1.000058	0.000621
3.984800	1.000430	0.000244
3.992453	0.999249	0.000604
3.998700	0.999190	0.000121
4.003079	0.999608	0.000250
4.010589	0.999878	0.000820
4.018815	0.999356	0.000106
4.023437	0.999173	0.000219
4.030026	0.999964	0.000400
4.037693	0.999442	0.000130
4.042529	0.999158	0.000081
4.048726	0.999053	0.000762
4.056379	0.999110	0.000511
4.061858	0.998914	0.000500
4.067027	0.998762	0.000050
4.075723	0.998992	0.000078
4.082030	0.998639	0.000172
4.086389	0.998710	0.000305
4.093243	0.998788	0.000072
4.100896	0.999007	0.000246
4.105603	0.998711	0.000311
4.111963	0.998766	0.000346
4.120383	0.998333	0.000046
4.125826	0.998938	0.000448
4.132769	0.999301	0.000945
4.141213	0.998486	0.000195
4.146636	0.998429	0.000855
4.152883	0.998238	0.000159
4.160539	0.999072	0.000427
4.166038	0.998835	0.000602
4.170614	0.998109	0.000058
4.179143	0.998133	0.000140
4.185852	0.998284	0.000125
4.190220	0.998227	0.000695
4.198656	0.998162	0.000070
4.206365	0.998475	0.000197
4.210973	0.998747	0.000285
4.217669	0.998418	0.000115
4.226787	0.998628	0.000447
4.231012	0.998880	0.000055
4.236939	0.998875	0.000066
4.244603	0.998473	0.000276
4.249669	0.998869	0.000111
4.254916	0.998496	0.000521
4.262570	0.997991	0.000152
4.269182	0.998512	0.000189
4.273473	0.997833	0.000534
4.280026	0.997906	0.000084
4.287693	0.999129	0.000147
4.292506	0.998514	0.000129
4.298013	0.998019	0.000563
4.305676	0.998300	0.000090
4.311537	0.998935	0.000069
4.316440	0.998398	0.000048
4.324346	0.997714	0.000837
4.331622	0.998714	0.000164
4.335973	0.998689	0.000155
4.342526	0.998784	0.000159
4.350273	0.998626	0.000254
4.355995	0.998631	0.000624
4.362653	0.998628	0.000073
4.370306	0.998097	0.000553
4.375249	0.998470	0.000003
4.380630	0.997861	0.000391
4.388293	0.998780	0.000084
4.394586	0.998119	0.000635
4.399408	0.998465	0.000092
4.407686	0.998538	0.000732
4.414665	0.999007	0.000407
4.418918	0.999093	0.000330
4.425153	0.999114	0.000579
4.432806	0.998821	0.000101
4.437749	0.998997	0.000475
4.443130	0.998427	0.000609
4.450793	0.999168	0.000420
4.457357	1.000300	0.000539
4.461828	0.998655	0.000139
4.469553	0.998411	0.000409
4.477165	0.999204	0.000286
4.481418	0.999133	0.000028
4.487689	0.998614	0.000342
4.496089	0.998486	0.000057
4.501413	0.998825	0.000436
4.507793	0.998457	0.000291
4.516253	0.999026	0.000346
4.522270	0.999439	0.000089
4.528619	0.999634	0.000787
4.536253	0.998769	0.000198
4.541349	0.999020	0.000159
4.546586	0.998926	0.000389
4.554260	0.999084	0.000481
4.561153	0.999177	0.000175
4.565579	0.999077	0.000109
4.572403	0.999422	0.000410
4.580257	0.999354	0.000329
4.585142	0.999451	0.000366
4.591823	0.999324	0.000361
4.599466	0.999415	0.000127
4.604429	0.999136	0.000472
4.610453	0.999349	0.000208
4.618219	0.999172	0.000485
4.624358	0.999454	0.000281
4.629564	0.999939	0.000749
4.637570	0.999921	0.000005
4.644506	0.999612	0.000188
4.648889	1.000018	0.000091
4.655743	0.999137	0.000313
4.663396	0.999277	0.000412
4.668103	0.999765	0.000149
4.673726	0.999334	0.000119
4.681409	1.000082	0.001212
4.686858	0.999890	0.000246
4.691444	0.999705	0.000194
4.700663	1.000015	0.000157
4.707030	0.999496	0.000306
4.711389	0.999520	0.000004
4.718243	1.000322	0.000288
4.725896	1.000029	0.000196
4.730211	1.019439	0.013011
4.735513	0.999995	0.000356
4.743196	0.999719	0.000332
4.749242	1.015650	0.011782
4.753508	0.999845	0.000284
4.761246	0.999809	0.000531
4.769109	1.013382	0.019608
4.773058	1.000153	0.000342
4.779323	1.000379	0.000273
4.786966	1.000582	0.000268
4.791583	1.010969	0.003174
4.797240	1.000198	0.000052
4.804983	1.000179	0.000070
4.811170	1.009306	0.010772
4.815153	1.000746	0.000565
4.821696	1.000400	0.000316
4.829363	1.000222	0.000006
4.833777	1.007781	0.001445
4.838970	0.999940	0.000533
4.847223	1.000780	0.000798
4.853488	1.006125	0.004220
4.857668	1.000329	0.000122
4.865413	1.000212	0.000328
4.873312	1.004787	0.007802
4.877238	0.999999	0.000371
4.883519	0.999799	0.000193
4.891863	1.000018	0.000150
4.896277	1.004094	0.000586
4.901470	1.000356	0.001105
4.909113	1.000945	0.000374
4.915350	1.003008	0.002950
4.919313	1.000490	0.000279
4.925866	1.000857	0.000244
4.933543	1.000651	0.000386
4.937967	1.001925	0.000399
4.943140	1.000099	0.000064
4.950793	1.000339	0.000185
4.957357	1.000311	0.000163
4.961828	1.000867	0.000116
4.968946	1.000470	0.000009
4.976787	0.999682	0.000433
4.980606	1.000999	0.000094
4.986226	1.000290	0.000332
4.993909	0.999804	0.000272
4.999298	0.999854	0.000405
5.003588	1.000199	0.000208
5.011866	1.000300	0.000492
5.019096	1.000466	0.000690
5.023058	1.000396	0.000195
5.029333	1.000083	0.000405
5.036966	1.000218	0.000318
5.041583	1.000183	0.000365
5.046586	1.000346	0.000287
5.054260	1.000933	0.000643
5.060852	1.000967	0.000357
5.065153	1.004510	0.005323
5.071706	0.999723	0.000473
5.079363	1.000766	0.000042
5.084136	1.000587	0.000057
5.090393	1.001322	0.000469
5.098063	1.000940	0.000139
5.103789	1.000122	0.000305
5.108717	1.000326	0.000167
5.116750	1.000338	0.001485
5.123647	1.000676	0.001004
5.127653	1.000328	0.000151
5.134206	1.000498	0.000197
5.141943	1.000845	0.000147
5.146841	0.999547	0.000616
5.152193	1.000688	0.000256
5.159873	1.000725	0.000069
5.166289	1.000256	0.000075
5.171240	1.000439	0.000916
5.179250	1.000595	0.000366
5.188531	0.999987	0.000351
5.194540	0.999883	0.000657
5.202229	1.000835	0.000501
5.207628	1.000615	0.000443
5.211908	1.000912	0.000338
5.220196	1.000372	0.000298
5.227151	1.001120	0.000804
5.231002	1.000839	0.000072
5.237653	1.000445	0.000525
5.246033	1.000629	0.000109
5.250457	1.000450	0.000159
5.255650	1.000401	0.001131
5.263293	1.000677	0.000296
5.270078	1.000338	0.000242
5.274338	1.001241	0.000346
5.281456	1.000574	0.000166
5.289502	1.000997	0.000754
5.293153	0.995712	0.003800
5.298763	1.000877	0.000540
5.307873	1.000822	0.000167
5.313550	0.995667	0.001590
5.318873	1.001258	0.000469
5.326516	1.001317	0.000336
5.332314	1.000748	0.000656
5.335990	0.997319	0.005548
5.342536	1.001503	0.000037
5.349479	1.001045	0.000701
5.353796	0.997204	0.002932
5.357708	1.001040	0.000005
5.364769	1.001153	0.000006
5.371719	1.001273	0.000073
5.375168	0.997021	0.001283
5.379359	1.000344	0.000434
5.386876	1.001430	0.000375
5.393590	1.000518	0.000376
5.396910	0.997656	0.000595
5.402256	1.000732	0.000294
5.409876	1.001081	0.000407
5.415701	1.001259	0.000918
5.419762	0.998084	0.002939
5.427959	1.000879	0.000370
5.434909	1.001671	0.000189
5.438218	0.999054	0.000015
5.443199	1.000482	0.000505
5.450189	1.000810	0.000699
5.456395	1.000795	0.000360
5.459410	0.999484	0.000993
5.464680	1.000682	0.000187
5.471699	0.999803	0.000072
5.477552	1.000020	0.000280
5.480633	0.999615	0.000549
5.486303	1.000444	0.000057
5.493986	0.999077	0.000536
5.499255	1.000911	0.000638
5.502720	1.000759	0.000948
5.509293	1.000343	0.000395
5.516859	0.999663	0.000066
5.520690	1.000094	0.000341
5.524767	1.000398	0.000140
5.531496	1.000935	0.000037
5.539545	1.000420	0.000379
5.542750	0.999950	0.000152
5.547399	1.000255	0.000045
5.554359	0.999860	0.000062
5.560849	1.000240	0.000142
5.563973	1.000250	0.000128
5.569586	0.999942	0.000556
5.576579	0.999802	0.000144
5.582000	0.999336	0.001036
5.585218	0.999472	0.001023
5.591846	1.000449	0.000255
5.598789	0.999655	0.000427
5.603445	1.000850	0.000422
5.606886	1.000197	0.000194
5.614123	0.999976	0.000125
5.622409	0.999843	0.000739
5.625356	1.000347	0.000126
5.629359	0.999366	0.000171
5.636890	1.000427	0.000150
5.643577	1.000364	0.000069
5.646837	0.997014	0.006509
5.650866	0.998617	0.005409
5.657129	1.001373	0.000636
5.664301	1.001238	0.000198
5.668392	0.999329	0.000875
5.673019	1.001025	0.001234
5.679336	1.000723	0.001481
5.685849	1.000472	0.000261
5.688949	0.999901	0.000506
5.694603	0.999689	0.000558
5.702309	0.999935	0.000744
5.707873	1.001746	0.000740
5.711296	0.999046	0.000315
5.717443	0.999404	0.000088
5.724436	0.999428	0.000276
5.729017	1.000107	0.000266
5.732971	1.000170	0.001112
5.739663	1.000277	0.000420
5.746613	0.999295	0.000141
5.750371	0.999812	0.002037
5.754943	1.000199	0.002533
5.762523	1.000047	0.001372
5.769053	1.000784	0.000334
5.772575	1.000046	0.000297
5.777863	0.999422	0.000693
5.784783	1.000212	0.000547
5.790905	1.000324	0.000116
5.794253	1.000143	0.000097
5.800773	1.000064	0.000183
5.807723	0.999261	0.000391
5.812043	1.000383	0.000317
5.815476	1.000413	0.000167
5.821613	1.000145	0.000226
5.828626	0.999368	0.000372
5.833217	1.000352	0.000051
5.837151	1.000239	0.000392
5.843823	1.000322	0.000352
5.850773	1.000432	0.000257
5.854248	1.000606	0.000004
5.857971	1.000638	0.000722
5.864743	1.000501	0.000081
5.872571	1.000086	0.000266
5.875695	0.999947	0.001539
5.879943	0.999481	0.001799
5.886893	1.000085	0.001837
5.893504	1.000927	0.000273
5.896505	0.999895	0.001094
5.900783	1.000375	0.002287
5.908333	1.000364	0.000997
5.914675	0.999792	0.000523
5.917704	0.999553	0.001273
5.922293	1.000228	0.001354
5.929253	1.000718	0.001133
5.935495	1.001144	0.000456
5.938544	0.999724	0.001140
5.943153	1.000415	0.001289
5.950736	1.001266	0.000541
5.956676	1.000885	0.000199
5.959733	0.999736	0.000421
5.964663	1.000632	0.000715
5.971603	0.999768	0.001531
5.977750	1.000473	0.000053
5.980932	1.000595	0.000325
5.986909	0.999991	0.001037
5.995206	1.000155	0.000357
5.999543	1.000138	0.000230
6.002976	0.999734	0.000229
6.009123	0.999999	0.000218
6.016063	0.999730	0.000094
6.020373	1.000096	0.000454
6.023796	0.999710	0.000253
6.029943	0.999964	0.000449
6.036956	0.999580	0.000328
6.041567	1.000198	0.000181
6.045550	1.000279	0.000210
6.053460	0.999494	0.000709
6.060154	1.000123	0.000444
6.063544	0.999581	0.001285
6.069446	0.999747	0.000105
6.076463	1.000644	0.000670
6.081997	0.999873	0.000300
6.085112	0.999772	0.000173
6.090363	1.000217	0.000640
6.097993	0.999968	0.000468
6.103157	1.000028	0.000441
6.106311	0.999878	0.000165
6.111863	1.000715	0.000170
6.118843	1.000243	0.000161
6.123967	1.000472	0.000514
6.127141	1.000457	0.000000
6.132779	0.999387	0.000188
6.140363	0.999818	0.001363
6.145095	1.000007	0.000657
6.148443	1.000248	0.000251
6.154996	1.000210	0.000338
6.162894	1.000479	0.000161
6.167664	0.999698	0.001094
6.172870	1.000284	0.000231
6.180563	0.999820	0.000192
6.186394	1.000338	0.000131
6.190053	1.000345	0.000493
6.196686	1.000293	0.000038
6.204266	0.999750	0.000179
6.208444	1.000273	0.000190
6.212593	1.000123	0.000163
6.219523	1.000422	0.000587
6.226483	0.999637	0.000239
6.229791	1.000397	0.000106
6.234103	0.999738	0.000204
6.241683	1.000080	0.000573
6.247995	1.000259	0.000068
6.251366	1.000486	0.000129
6.256353	1.000379	0.000338
6.263273	1.000061	0.000635
6.269407	1.000378	0.000126
6.273370	1.000841	0.000089
6.279293	1.000019	0.000104
6.286893	0.999213	0.000205
6.291233	1.000146	0.000015
6.295547	1.000376	0.000114
6.303460	0.999736	0.000198
6.310154	1.000361	0.000507
6.313810	1.000096	0.000988
6.318923	0.999963	0.000013
6.326463	1.000102	0.000482
6.332040	0.999838	0.000092
6.336296	1.000764	0.000362
6.342496	0.999938	0.000453
6.350780	1.000503	0.000230
6.354534	0.999736	0.000094
6.359103	0.999972	0.000155
6.366053	1.000507	0.000129
6.372654	1.000743	0.000417
6.377051	1.000434	0.000272
6.382743	0.999585	0.000343
6.389663	1.000363	0.000668
6.394867	1.000628	0.000079
6.399308	1.000481	0.000147
6.406496	1.000617	0.000302
6.413983	0.999851	0.000144
6.417584	0.999877	0.000069
6.422293	1.000008	0.000762
6.429253	1.000297	0.000257
6.435789	1.000050	0.000008
6.439601	0.999920	0.000131
6.445243	1.000547	0.000644
6.452163	1.000489	0.000508
6.457311	1.000038	0.000394
6.461306	1.000328	0.000069
6.467443	0.999489	0.000535
6.474393	1.000501	0.000432
6.478733	1.000297	0.000097
6.482977	1.000661	0.000064
6.489663	1.000349	0.000621
6.496613	1.000450	0.000324
6.500364	1.000358	0.000085
6.505583	1.000126	0.000746
6.512583	1.000416	0.000250
6.518835	1.000422	0.000403
6.522988	1.000005	0.000077
6.529253	1.000104	0.000162
6.536193	1.000395	0.000559
6.540988	1.000337	0.000318
6.545547	1.000740	0.000178
6.552873	1.000145	0.000748
6.559803	1.000247	0.000426
6.563414	1.000108	0.000282
6.568153	1.000274	0.000166
6.575083	1.000362	0.000110
6.581669	1.000222	0.000320
6.585880	1.000687	0.000110
6.591753	1.001034	0.000630
6.598693	1.000465	0.000720
6.603442	1.000289	0.000054
6.607542	1.000790	0.000255
6.613983	1.001009	0.000046
6.620913	0.999580	0.000172
6.624834	0.999882	0.000011
6.629953	0.999878	0.000359
6.636893	1.000592	0.000115
6.643494	1.000678	0.000635
6.647150	1.000277	0.000078
6.652173	1.000292	0.000026
6.659113	1.000553	0.000698
6.664996	1.000717	0.000148
6.669184	1.000232	0.000279
6.675083	0.999660	0.000152
6.682033	1.000144	0.000587
6.686762	0.999914	0.000032
6.690892	1.000442	0.000174
6.697313	1.000002	0.000157
6.704253	0.999871	0.000015
6.708164	1.000103	0.000571
6.712603	0.999758	0.000025
6.719523	1.000495	0.000369
6.726473	0.999398	0.000690
6.730084	1.000037	0.000040
6.734803	1.000069	0.000327
6.741763	1.000317	0.000305
6.747995	1.000270	0.000310
6.751695	1.000021	0.000126
6.757053	0.999266	0.000260
6.763963	0.999523	0.000382
6.769540	0.999979	0.000224
6.773806	0.999731	0.000074
6.779943	1.000213	0.000072
6.786893	0.999153	0.000314
6.791223	0.999967	0.000129
6.795477	0.999801	0.000030
6.802173	0.999301	0.000184
6.809113	1.000054	0.000177
6.813166	1.000462	0.000163
6.818743	0.999265	0.000880
6.825773	1.000431	0.000193
6.831676	1.000238	0.000050
6.835880	0.999673	0.000381
6.841816	1.000024	0.000280
6.849476	1.000726	0.000275
6.853994	0.999918	0.000332
6.858940	1.000332	0.000443
6.867320	1.001591	0.000454
6.873633	1.000342	0.000573
6.877530	1.001437	0.000833
6.883433	1.001964	0.001862
6.890363	1.001350	0.000940
6.895102	0.999743	0.000204
6.899232	1.001592	0.000164
6.905633	1.001810	0.001137
6.912613	1.001738	0.000452
6.916494	1.000128	0.000126
6.921440	1.002977	0.001438
6.928573	1.002720	0.001300
6.935154	1.002312	0.002408
6.938800	1.003674	0.006051
6.943853	1.003590	0.006074
6.950773	1.003687	0.006662
6.956676	0.999810	0.000022
6.960524	0.999864	0.000145
6.966839	1.000152	0.000016
6.974503	1.001078	0.000204
6.978994	0.999789	0.000296
6.984056	1.000446	0.000199
6.992416	0.999631	0.000461
6.998657	0.999597	0.000342
7.002617	1.000137	0.000193
7.009923	1.000501	0.000365
7.017827	0.999982	0.000241
7.022173	0.999872	0.000071
7.027909	0.999713	0.000316
7.035576	0.999461	0.000203
7.040942	0.999659	0.000474
7.045155	0.999304	0.000238
7.052289	0.999585	0.000144
7.060117	0.999774	0.000375
7.063813	0.999966	0.000099
7.069589	1.000141	0.000515
7.077246	0.999501	0.000515
7.082662	0.999638	0.000454
7.087284	1.000046	0.000069
7.095166	1.000210	0.000105
7.102366	0.999829	0.000052
7.106354	1.000182	0.000225
7.113353	0.999559	0.000175
7.122185	0.999084	0.000048
7.126742	0.999566	0.000353
7.133476	0.999954	0.000056
7.141849	1.000059	0.000004
7.146754	1.000333	0.000695
7.153543	0.999973	0.000258
7.161973	0.999833	0.000492
7.167021	0.999871	0.000014
7.172876	0.999091	0.000655
7.182036	1.000037	0.000166
7.187297	0.999490	0.000238
7.192967	0.999780	0.000591
7.201416	0.999444	0.000705
7.207244	1.004575	0.005914
7.211366	1.002133	0.001707
7.218176	1.000160	0.000077
7.225849	0.998803	0.000485
7.230084	0.999926	0.000107
7.235460	0.998636	0.000988
7.243143	0.998992	0.001139
7.248914	0.999684	0.000064
7.253069	1.000172	0.000541
7.261736	0.999664	0.000142
7.269109	1.000196	0.000695
7.273011	1.000503	0.000334
7.279270	0.999166	0.000638
7.286933	0.999053	0.000195
7.291477	0.999621	0.000101
7.296510	0.999599	0.000000
7.304183	0.999377	0.000438
7.310779	0.999275	0.000204
7.314651	0.999686	0.000069
7.320950	0.999139	0.000216
7.328593	0.999299	0.000056
7.333137	0.999680	0.000154
7.338190	0.999399	0.000815
7.345903	0.999625	0.000468
7.352770	0.999667	0.000138
7.356760	0.999424	0.000111
7.363323	0.998743	0.000207
7.370966	0.999246	0.000031
7.375341	0.999453	0.000318
7.381250	0.999389	0.000240
7.388966	0.999672	0.000286
7.395058	0.999651	0.000151
7.399291	0.999984	0.000199
7.406379	0.999597	0.000060
7.414231	0.999181	0.000143
7.418003	0.999047	0.000584
7.423730	0.998830	0.000128
7.432099	0.999435	0.000026
7.437297	0.999555	0.000149
7.442350	0.999452	0.000499
7.450003	0.998574	0.000307
7.456609	0.999114	0.000157
7.460511	0.999404	0.000268
7.466770	0.998517	0.000038
7.474433	0.999330	0.000112
7.479589	0.999517	0.000616
7.486160	0.998436	0.000063
7.493883	0.998772	0.000313
7.499513	0.999265	0.000079
7.503877	0.999636	0.000060
7.511790	0.999288	0.000363
7.518745	0.998572	0.000376
7.522592	0.998742	0.000602
7.528566	0.999341	0.000006
7.536220	0.998950	0.000574
7.541532	0.999900	0.000575
7.547233	0.998695	0.000679
7.556230	0.998582	0.000256
7.561718	0.999286	0.000186
7.565941	0.999301	0.000167
7.573059	0.998772	0.000018
7.580881	0.998790	0.000187
7.584673	0.999027	0.000385
7.590353	0.999455	0.000334
7.598006	0.999143	0.000451
7.603422	0.999198	0.000291
7.608037	0.998662	0.000019
7.615980	0.998751	0.000321
7.622925	0.998715	0.000202
7.626732	0.999534	0.000114
7.632773	0.999181	0.000376
7.641103	0.999067	0.000342
7.645973	0.999280	0.000043
7.651403	0.998851	0.000218
7.659793	0.998449	0.000295
7.665898	0.998886	0.000506
7.670101	0.998483	0.000474
7.677249	0.997858	0.000158
7.685061	0.998966	0.000349
7.688813	0.999477	0.000281
7.694523	0.998708	0.000057
7.702176	0.999002	0.000144
7.707916	0.998913	0.000013
7.713820	0.998537	0.000177
7.722270	0.998375	0.000204
7.728094	0.999229	0.000113
7.732176	0.998583	0.000544
7.739046	0.999002	0.000136
7.746669	0.998636	0.000415
7.750904	0.999522	0.000010
7.756310	0.998690	0.000604
7.764676	0.998719	0.000566
7.770132	0.999826	0.000476
7.774727	0.998751	0.000007
7.782610	0.999291	0.000456
7.789595	0.998380	0.000659
7.793439	0.961928	0.032230
7.799406	0.998597	0.000211
7.807060	0.998473	0.000407
7.812009	0.965747	0.026874
7.817077	0.999139	0.000531
7.825013	0.998761	0.000115
7.831907	0.998948	0.000539
7.835524	0.968881	0.031535
7.841770	0.998702	0.000719
7.849433	0.999281	0.000082
7.853954	0.972149	0.014686
7.858037	0.998645	0.000382
7.865980	0.999587	0.000588
7.872925	0.998965	0.000029
7.876363	0.975802	0.015581
7.882023	0.999351	0.000891
7.889676	0.998642	0.000448
7.895042	0.978902	0.019986
7.898866	0.999236	0.000435
7.905666	0.998192	0.000296
7.913349	0.998775	0.000560
7.917265	0.981841	0.005330
7.922233	0.998866	0.000400
7.930580	0.999556	0.000126
7.936695	0.984202	0.012052
7.940951	0.998476	0.000134
7.948059	0.998586	0.000058
7.956162	0.999304	0.000134
7.959713	0.987175	0.007438
7.965343	0.999300	0.000841
7.972946	1.002018	0.003681
7.978081	0.990150	0.010276
7.982079	1.001722	0.000926
7.988246	1.001482	0.001096
7.995176	1.001196	0.000883
7.999784	0.999111	0.000144
8.005573	0.999313	0.000413
8.012536	1.001232	0.001886
8.018815	1.001086	0.001737
8.022572	0.995550	0.005673
8.027796	1.000573	0.001680
8.034840	0.999340	0.001196
8.040879	0.996030	0.002777
8.044603	0.999818	0.000223
8.051539	0.999508	0.000905
8.059987	0.999969	0.000030
8.063813	0.997899	0.001383
8.069463	0.999322	0.000706
8.076436	0.999188	0.000300
8.082241	0.998529	0.001063
8.085867	0.998485	0.000441
8.091686	0.999347	0.000007
8.098646	0.999229	0.000169
8.103392	0.998776	0.000491
8.107089	0.998817	0.000754
8.113246	0.999046	0.000361
8.120176	0.998963	0.000437
8.124493	0.999265	0.000389
8.128352	0.998476	0.000388
8.134766	0.998401	0.000262
8.141716	0.998076	0.000289
8.145614	0.999306	0.000727
8.149614	0.998854	0.000167
8.156369	0.999567	0.000130
8.163936	0.997849	0.001543
8.167275	0.999488	0.000027
8.171556	0.998209	0.001369
8.179156	0.998668	0.000857
8.185448	0.998083	0.001636
8.188840	0.998661	0.001272
8.193786	0.997826	0.001765
8.200746	0.998206	0.001034
8.206870	0.999701	0.000521
8.210464	0.998454	0.000641
8.216006	0.998478	0.001162
8.222946	0.998008	0.001790
8.228091	0.999333	0.000005
8.231687	0.998650	0.001055
8.237546	0.998297	0.000650
8.245146	0.997898	0.001223
8.249529	1.000492	0.000003
8.253784	0.998822	0.000300
8.260456	0.998033	0.001197
8.267483	0.998388	0.000388
8.271448	0.999892	0.000500
8.276426	0.998587	0.001217
8.283356	0.998733	0.000605
8.289628	0.998969	0.001366
8.293010	0.998996	0.001568
8.297956	0.999178	0.001518
8.305583	0.998791	0.001087
8.311100	1.000414	0.000420
8.314614	0.998385	0.001838
8.320186	0.998762	0.001611
8.327150	0.998551	0.001832
8.332588	0.999877	0.000042
8.336692	0.999465	0.000543
8.343076	0.999145	0.000776
8.350110	0.999071	0.000431
8.354574	1.000221	0.000895
8.359056	0.999673	0.001144
8.366026	0.999349	0.001479
8.372607	0.999265	0.001696
8.375957	1.000855	0.000907
8.380596	0.998960	0.000641
8.388210	0.998221	0.000784
8.394139	1.000436	0.000154
8.398001	0.999177	0.000603
8.404206	0.999719	0.001392
8.411146	0.999633	0.001415
8.415952	1.000898	0.000366
8.420002	0.999307	0.001128
8.426446	0.999487	0.000777
8.433420	1.000320	0.000271
8.437831	1.000891	0.000062
8.442416	1.000342	0.000472
8.449356	0.999937	0.001784
8.455961	0.999898	0.001047
8.459680	1.000388	0.001084
8.464626	0.999606	0.000586
8.471556	1.000411	0.001198
8.477499	1.000727	0.000440
8.481298	0.999899	0.000895
8.487546	1.000192	0.001162
8.494486	1.000939	0.000849
8.499202	1.001431	0.000373
8.502939	1.000355	0.000955
8.509066	1.000734	0.000015
8.516026	1.000350	0.001119
8.520379	1.001571	0.000525
8.524611	1.001453	0.000446
8.531276	1.000792	0.000096
8.538246	1.001038	0.000594
8.542373	1.002229	0.000230
8.548547	0.999735	0.000386
8.555596	1.001311	0.000302
8.561143	1.001555	0.000087
8.565027	1.000904	0.000735
8.570926	1.001678	0.000291
8.578526	1.001438	0.000608
8.583070	1.001314	0.000046
8.587111	1.001614	0.000110
8.593816	1.001525	0.000521
8.601436	1.001929	0.000149
8.604775	1.002475	0.000947
8.609056	1.001877	0.000987
8.616026	1.002135	0.000649
8.622607	1.001854	0.000829
8.625957	1.002411	0.000693
8.630596	1.002226	0.001114
8.637556	1.001671	0.001496
8.643778	1.001787	0.000396
8.647160	1.001921	0.000618
8.652126	1.001770	0.001367
8.659056	1.002052	0.000567
8.664972	1.002191	0.000275
8.668798	1.002046	0.000073
8.675046	1.002148	0.000935
8.681986	1.002297	0.001108
8.686812	1.002788	0.000604
8.691294	1.002774	0.000291
8.699263	1.002281	0.001033
8.705947	1.002127	0.000246
8.709660	1.001861	0.000592
8.715303	1.001758	0.000087
8.722256	1.002533	0.000242
8.727810	1.003494	0.000700
8.731697	1.001804	0.000143
8.737583	1.003258	0.000634
8.745176	1.002964	0.000682
8.749543	1.002914	0.000032
8.753794	1.002303	0.000001
8.760456	1.003119	0.000009
8.767416	1.003012	0.000165
8.771513	1.002289	0.000084
8.776436	1.002246	0.000323
8.783366	1.002519	0.000110
8.789642	1.002874	0.000017
8.793775	1.002448	0.000129
8.799346	1.002704	0.001012
8.806296	1.002632	0.001365
8.811444	1.002451	0.000301
8.815872	1.002998	0.000046
8.822256	1.002631	0.000208
8.829226	1.002172	0.000002
8.833459	1.002079	0.000229
8.838936	1.002570	0.000164
8.845866	1.003028	0.000872
8.852142	1.002457	0.000066
8.857073	1.001739	0.000052
8.863246	1.002075	0.001082
8.870176	1.002228	0.000746
8.874842	1.002448	0.000228
8.880583	1.002696	0.000419
8.887556	1.003652	0.000371
8.893831	1.002329	0.000441
8.898340	1.002295	0.000241
8.904216	1.002721	0.000370
8.911146	1.003214	0.000608
8.916209	1.002454	0.001363
8.920866	1.001870	0.000371
8.927836	1.002972	0.000099
8.934756	1.002783	0.000056
8.938780	1.001727	0.000580
8.943796	1.002779	0.000009
8.951383	1.002525	0.000299
8.957224	1.002489	0.000984
8.961685	1.002427	0.000464
8.968813	1.002405	0.000193
8.976654	1.002155	0.000491
8.981298	1.001471	0.000588
8.988233	1.002037	0.000283
8.995880	1.001713	0.000148
9.001280	1.000871	0.000526
9.007600	1.001719	0.000249
9.015300	1.001791	0.000538
9.020705	1.001400	0.000499
9.026990	1.001990	0.000127
9.034693	1.001280	0.000569
9.040584	1.000783	0.000899
9.045732	1.000970	0.000520
9.054107	1.001138	0.000192
9.060719	1.000926	0.000673
9.065020	1.001089	0.000595
9.071553	1.001424	0.000457
9.079319	1.001376	0.000316
9.085009	0.999342	0.000616
9.090976	1.000769	0.000462
9.098620	1.000487	0.000230
9.103716	0.999868	0.000555
9.108943	1.000659	0.000154
9.116607	1.000418	0.000999
9.123219	1.000057	0.000363
9.127534	0.999653	0.000060
9.134770	1.000348	0.000628
9.142423	1.000471	0.000276
9.147090	0.999625	0.000239
9.153463	1.000137	0.000608
9.161170	1.000249	0.000297
9.166786	1.000058	0.000621
9.172167	1.000430	0.000244
9.179820	0.999249	0.000604
9.186067	0.999190	0.000121
9.190446	0.999608	0.000250
9.197956	0.999878	0.000820
9.206182	0.999356	0.000106
9.210804	0.999173	0.000219
9.217393	0.999964	0.000400
9.225060	0.999442	0.000130
9.229896	0.999158	0.000081
9.236093	0.999053	0.000762
9.243746	0.999110	0.000511
9.249225	0.998914	0.000500
9.254394	0.998762	0.000050
9.263090	0.998992	0.000078
9.269397	0.998639	0.000172
9.273756	0.998710	0.000305
9.280610	0.998788	0.000072
9.288263	0.999007	0.000246
9.292970	0.998711	0.000311
9.299330	0.998766	0.000346
9.307750	0.998333	0.000046
9.313193	0.998938	0.000448
9.320136	0.999301	0.000945
9.328580	0.998486	0.000195
9.334003	0.998429	0.000855
9.340250	0.998238	0.000159
9.347906	0.999072	0.000427
9.353405	0.998835	0.000602
9.357981	0.998109	0.000058
9.366510	0.998133	0.000140
9.373219	0.998284	0.000125
9.377587	0.998227	0.000695
9.386023	0.998162	0.000070
9.393732	0.998475	0.000197
9.398340	0.998747	0.000285
9.405036	0.998418	0.000115
9.414154	0.998628	0.000447
9.418379	0.998880	0.000055
9.424306	0.998875	0.000066
9.431970	0.998473	0.000276
9.437036	0.998869	0.000111
9.442283	0.998496	0.000521
9.449937	0.997991	0.000152
9.456549	0.998512	0.000189
9.460840	0.997833	0.000534
9.467393	0.997906	0.000084
9.475060	0.999129	0.000147
9.479873	0.998514	0.000129
9.485380	0.998019	0.000563
9.493043	0.998300	0.000090
9.498904	0.998935	0.000069
9.503807	0.998398	0.000048
9.511713	0.997714	0.000837
9.518989	0.998714	0.000164
9.523340	0.998689	0.000155
9.529893	0.998784	0.000159
9.537639	0.998626	0.000254
9.543362	0.998631	0.000624
9.550020	0.998628	0.000073
9.557673	0.998097	0.000553
9.562616	0.998470	0.000003
9.567997	0.997861	0.000391
9.575660	0.998780	0.000084
9.581953	0.998119	0.000635
9.586775	0.998465	0.000092
9.595053	0.998538	0.000732
9.602032	0.999007	0.000407
9.606285	0.999093	0.000330
9.612520	0.999114	0.000579
9.620173	0.998821	0.000101
9.625116	0.998997	0.000475
9.630497	0.998427	0.000609
9.638160	0.999168	0.000420
9.644724	1.000300	0.000539
9.649195	0.998655	0.000139
9.656920	0.998411	0.000409
9.664532	0.999204	0.000286
9.668785	0.999133	0.000028
9.675056	0.998614	0.000342
9.683456	0.998486	0.000057
9.688780	0.998825	0.000436
9.695160	0.998457	0.000291
9.703619	0.999026	0.000346
9.709636	0.999439	0.000089
9.715986	0.999634	0.000787
9.723620	0.998769	0.000198
9.728716	0.999020	0.000159
9.733953	0.998926	0.000389
9.741627	0.999084	0.000481
9.748520	0.999177	0.000175
9.752946	0.999077	0.000109
9.759770	0.999422	0.000410
9.767624	0.999354	0.000329
9.772509	0.999451	0.000366
9.779190	0.999324	0.000361
9.786833	0.999415	0.000127
9.791796	0.999136	0.000472
9.797820	0.999349	0.000208
9.805586	0.999172	0.000485
9.811725	0.999454	0.000281
9.816931	0.999939	0.000749
9.824937	0.999921	0.000005
9.831873	0.999612	0.000188
9.836256	1.000018	0.000091
9.843110	0.999137	0.000313
9.850763	0.999277	0.000412
9.855470	0.999765	0.000149
9.861093	0.999334	0.000119
9.868776	1.000082	0.001212
9.874225	0.999890	0.000246
9.878811	0.999705	0.000194
9.888030	1.000015	0.000157
9.894397	0.999496	0.000306
9.898756	0.999520	0.000004
9.905610	1.000322	0.000288
9.913263	1.000029	0.000196
9.917578	1.019439	0.013011
9.922880	0.999995	0.000356
9.930563	0.999719	0.000332
9.936609	1.015650	0.011782
9.940875	0.999845	0.000284
9.948613	0.999809	0.000531
9.956476	1.013382	0.019608
9.960425	1.000153	0.000342
9.966690	1.000379	0.000273
9.974333	1.000582	0.000268
9.978950	1.010969	0.003174
9.984607	1.000198	0.000052
9.992350	1.000179	0.000070
9.998537	1.009306	0.010772
10.002520	1.000746	0.000565
10.009063	1.000400	0.000316
10.016730	1.000222	0.000006
10.021144	1.007781	0.001445
10.026337	0.999940	0.000533
10.034590	1.000780	0.000798
10.040855	1.006125	0.004220
10.045035	1.000329	0.000122
10.052780	1.000212	0.000328
10.060679	1.004787	0.007802
10.064605	0.999999	0.000371
10.070886	0.999799	0.000193
10.079230	1.000018	0.000150
10.083644	1.004094	0.000586
10.088837	1.000356	0.001105
10.096480	1.000945	0.000374
10.102717	1.003008	0.002950
10.106680	1.000490	0.000279
10.113233	1.000857	0.000244
10.120910	1.000651	0.000386
10.125334	1.001925	0.000399
10.130507	1.000099	0.000064
10.138160	1.000339	0.000185
10.144724	1.000311	0.000163
10.149195	1.000867	0.000116
10.156313	1.000470	0.000009
10.164154	0.999682	0.000433
10.167973	1.000999	0.000094
10.173593	1.000290	0.000332
10.181276	0.999804	0.000272
10.186665	0.999854	0.000405
10.190955	1.000199	0.000208
10.199233	1.000300	0.000492
10.206463	1.000466	0.000690
10.210425	1.000396	0.000195
10.216700	1.000083	0.000405
10.224333	1.000218	0.000318
10.228950	1.000183	0.000365
10.233953	1.000346	0.000287
10.241627	1.000933	0.000643
10.248219	1.000967	0.000357
10.252520	1.004510	0.005323
10.259073	0.999723	0.000473
10.266730	1.000766	0.000042
10.271503	1.000587	0.000057
10.277760	1.001322	0.000469
10.285430	1.000940	0.000139
10.291156	1.000122	0.000305
10.296084	1.000326	0.000167
10.304117	1.000338	0.001485
10.311014	1.000676	0.001004
10.315020	1.000328	0.000151
10.321573	1.000498	0.000197
10.329309	1.000845	0.000147
10.334208	0.999547	0.000616
10.339560	1.000688	0.000256
10.347240	1.000725	0.000069
10.353656	1.000256	0.000075
10.358607	1.000439	0.000916
10.366617	1.000595	0.000366
