416
0.007218	1.000498	0.000319
0.020813	1.000285	0.000557
0.034815	1.000109	0.000084
0.048898	1.000445	0.000165
0.062483	1.000332	0.000382
0.077469	0.999727	0.000265
0.091938	0.999927	0.000032
0.106933	1.000238	0.000190
0.120925	0.999765	0.000248
0.135669	0.999941	0.000365
0.150205	1.000435	0.000551
0.163946	1.000723	0.000383
0.177865	1.000077	0.000217
0.191875	1.000165	0.000492
0.205596	0.999902	0.000090
0.219738	0.999497	0.000119
0.235008	0.999643	0.000656
0.248593	0.999917	0.000416
0.263691	1.000296	0.000588
0.276700	0.999459	0.000098
0.290905	0.999480	0.000045
0.304265	0.999645	0.000086
0.317386	1.000018	0.000395
0.333080	0.999768	0.000599
0.347315	1.000340	0.000409
0.360190	0.999356	0.000083
0.374316	0.999845	0.000296
0.388550	0.992616	0.009711
0.401295	0.994287	0.004206
0.413540	1.000186	0.000246
0.425838	0.994570	0.001509
0.439302	0.999982	0.000133
0.451538	0.995744	0.006374
0.463795	0.996926	0.002723
0.476040	1.000025	0.000204
0.490196	0.997281	0.002151
0.503090	0.997436	0.003616
0.515286	0.999426	0.000157
0.528608	0.997688	0.000235
0.541006	1.000038	0.000293
0.553232	0.997771	0.002547
0.565286	0.998525	0.003230
0.576465	1.000230	0.000307
0.587019	0.998320	0.002647
0.597315	1.000312	0.000308
0.608761	0.999005	0.001424
0.619251	1.000791	0.000031
0.629673	0.998780	0.001641
0.640061	1.000457	0.000176
0.652928	1.000109	0.000316
0.664076	1.000503	0.000542
0.675693	1.000134	0.000176
0.688072	0.999862	0.000150
0.701556	1.000492	0.000254
0.713023	1.000551	0.000264
0.725046	1.000847	0.000551
0.736958	1.000733	0.000232
0.747396	1.000178	0.000216
0.757768	1.000964	0.000333
0.769322	0.999779	0.000864
0.780645	1.000124	0.000051
0.791219	1.000380	0.000279
0.802266	0.999825	0.000635
0.812950	0.999552	0.000453
0.824829	1.000574	0.000022
0.837415	1.000544	0.000569
0.849448	1.000542	0.000535
0.859998	1.000485	0.000199
0.871272	0.999684	0.000448
0.881812	1.000554	0.000119
0.892082	1.000731	0.000073
0.902662	1.000553	0.000209
0.913845	1.000471	0.000120
0.924448	1.000544	0.000002
0.935494	1.000457	0.000661
0.948709	1.000564	0.000088
0.960383	0.999555	0.000116
0.971282	1.000340	0.000505
0.982270	0.999848	0.000342
0.993135	1.000224	0.000027
1.004379	0.999390	0.000262
1.015061	0.999956	0.000626
1.025523	1.000087	0.000524
1.036205	1.000632	0.000702
1.045947	1.000318	0.000238
1.055320	1.000415	0.000241
1.065913	1.000433	0.000100
1.075533	1.000254	0.000698
1.086347	1.000127	0.000063
1.095765	1.000676	0.000319
1.105503	0.999466	0.000139
1.114756	1.000363	0.000145
1.123969	1.000178	0.000593
1.132950	0.999948	0.000247
1.141897	1.000450	0.000439
1.151170	1.000251	0.000717
1.161184	1.001219	0.000285
1.170947	1.000498	0.000366
1.180635	1.000135	0.000661
1.190700	1.000731	0.000274
1.199935	1.000089	0.000870
1.209064	1.001124	0.000717
1.218520	1.000322	0.000175
1.229186	0.999981	0.000455
1.241054	1.000165	0.000013
1.251211	1.000157	0.000741
1.260596	1.000493	0.000072
1.271371	1.000209	0.000506
1.280919	1.000649	0.000064
1.290639	0.999681	0.000166
1.299620	1.000852	0.000771
1.309379	0.999895	0.000553
1.319466	1.000091	0.000040
1.329397	1.000113	0.000052
1.339076	0.999362	0.000003
1.349070	1.000295	0.000286
1.358447	0.999999	0.000309
1.368163	0.999443	0.000112
1.377510	0.999858	0.000751
1.386542	0.999944	0.000219
1.396371	1.000035	0.000168
1.406580	1.000484	0.000656
1.417414	1.000635	0.000121
1.426353	1.000279	0.000997
1.437212	0.999698	0.000017
1.447183	1.000323	0.000305
1.456743	1.000078	0.000068
1.467120	0.999236	0.000688
1.476444	0.999253	0.000184
1.486266	0.999315	0.000011
1.495369	0.999675	0.000576
1.506203	1.000190	0.000581
1.515720	0.999758	0.000166
1.525107	0.999581	0.000033
1.534805	0.999455	0.000083
1.544494	1.000081	0.000382
1.555505	0.999609	0.000060
1.565010	0.999529	0.000255
1.574042	0.999307	0.000601
1.583171	0.999781	0.000333
1.592506	0.999088	0.000166
1.602144	0.999209	0.000546
1.612068	0.999202	0.000564
1.621087	0.998874	0.000203
1.631203	0.999678	0.000202
1.641024	0.998918	0.000483
1.651140	0.998678	0.000076
1.660972	0.999725	0.000019
1.670499	0.999535	0.000353
1.680036	1.000035	0.000301
1.689107	0.998403	0.000173
1.698096	0.998305	0.000730
1.707279	0.999344	0.000705
1.716473	0.999164	0.000104
1.726879	0.999015	0.000614
1.736266	0.999074	0.000428
1.745257	0.999716	0.000345
1.755219	0.999578	0.000084
1.764259	1.000066	0.000223
1.773673	0.999269	0.000515
1.783782	0.999475	0.000473
1.793287	0.998715	0.000184
1.802256	0.998934	0.000017
1.811469	0.999168	0.000277
1.820643	0.999876	0.000294
1.831284	0.999418	0.000700
1.840436	0.999492	0.000034
1.850006	0.999480	0.000220
1.860769	0.999018	0.000634
1.870957	0.999556	0.000178
1.881213	0.999057	0.000304
1.890132	0.999279	0.000242
1.899243	0.999085	0.000477
1.908265	0.998855	0.000122
1.917404	0.999130	0.000122
1.926584	0.999400	0.000558
1.936469	0.999378	0.000744
1.945450	0.998693	0.000444
1.956599	0.998426	0.000009
1.966290	0.999494	0.000780
1.975440	0.998839	0.000642
1.985870	0.999261	0.000093
1.996059	0.998468	0.000124
2.005219	0.999334	0.000551
2.014239	0.999051	0.000400
2.023350	0.999650	0.000517
2.032372	0.999423	0.000368
2.041733	0.998798	0.000398
2.052256	0.999043	0.000056
2.062313	0.999507	0.000382
2.071280	0.999329	0.000242
2.080542	0.998867	0.000399
2.090436	0.999163	0.000267
2.099364	0.998821	0.000153
2.108447	0.998982	0.000093
2.117536	0.999383	0.000037
2.126617	0.999229	0.000097
2.135740	0.999546	0.000185
2.147254	0.999486	0.000371
2.156416	0.999201	0.000077
2.166290	0.999563	0.000047
2.175856	0.999176	0.000242
2.185474	0.999323	0.000036
2.195846	0.999322	0.000005
2.205300	0.999264	0.000247
2.215142	0.998060	0.000982
2.224364	0.998719	0.000327
2.233447	0.999588	0.000566
2.242536	0.998784	0.000241
2.252023	0.999049	0.000102
2.262618	0.998612	0.000038
2.272447	0.998025	0.000342
2.281416	0.999008	0.000338
2.290629	0.997536	0.001343
2.300562	0.998753	0.000025
2.310566	0.998888	0.000216
2.320450	0.998583	0.000446
2.330961	0.999772	0.000199
2.342902	0.998165	0.000690
2.354166	0.998143	0.000096
2.363853	0.998881	0.001227
2.372964	0.998552	0.000090
2.382950	0.999113	0.000095
2.392993	0.999144	0.000362
2.402936	0.998842	0.000119
2.411897	0.999196	0.000143
2.421889	0.998764	0.000151
2.430919	0.999435	0.000708
2.440913	0.999570	0.000122
2.449915	0.998738	0.000217
2.459064	0.998630	0.000270
2.468013	0.998880	0.000559
2.477124	0.999524	0.000190
2.486938	0.999147	0.000749
2.496126	0.999777	0.000374
2.506792	0.999450	0.000228
2.517955	0.999342	0.000321
2.527936	0.999548	0.000605
2.536854	0.998747	0.000623
2.546140	0.999338	0.000055
2.555919	0.999993	0.000160
2.565791	0.999233	0.000388
2.575310	1.000069	0.000013
2.584937	0.998216	0.000798
2.593916	0.999635	0.000409
2.603119	1.000474	0.000195
2.612120	0.999861	0.000215
2.621077	0.999297	0.000209
2.630604	1.000371	0.000125
2.640314	1.000360	0.000261
2.651956	0.999154	0.000248
2.662727	1.000581	0.000001
2.672670	1.000745	0.000161
2.681802	0.999804	0.000618
2.691666	1.000246	0.000174
2.701445	1.000468	0.000069
2.711298	1.000782	0.000124
2.721686	1.000471	0.001014
2.731467	1.000829	0.000123
2.741006	1.000645	0.000369
2.752287	1.000865	0.000002
2.761522	1.000927	0.000086
2.771057	1.000687	0.000243
2.780513	1.001694	0.000029
2.789624	1.000770	0.000217
2.799610	1.001244	0.000237
2.808577	1.001278	0.000110
2.818500	1.001144	0.000325
2.828046	1.001670	0.000424
2.838539	1.001343	0.000496
2.848308	1.002041	0.000657
2.858731	1.002571	0.000211
2.869991	1.002468	0.000312
2.880199	1.001964	0.000389
2.890304	1.001494	0.000931
2.901039	1.002653	0.000048
2.910402	1.002915	0.000196
2.920083	1.002757	0.000388
2.929244	1.002662	0.000233
2.939097	1.002928	0.000136
2.948896	1.002922	0.000372
2.959054	1.002984	0.000395
2.968003	1.003379	0.000372
2.979002	1.003621	0.000125
2.988843	1.003408	0.000090
2.998784	1.003650	0.000244
3.008770	1.004199	0.000463
3.019036	1.003956	0.000097
3.029055	1.003456	0.000473
3.039369	1.004801	0.000233
3.049519	1.003615	0.000396
3.059103	1.004508	0.000052
3.068703	1.004333	0.000809
3.078109	1.004841	0.000002
3.088539	1.004030	0.000240
3.098094	1.004847	0.000266
3.109369	1.004521	0.000797
3.118742	1.003873	0.000769
3.128403	1.004436	0.000132
3.137554	1.003824	0.000365
3.147447	1.004338	0.000137
3.156396	1.003588	0.000006
3.166694	1.003623	0.000554
3.176777	1.003956	0.000098
3.188214	1.003394	0.000758
3.197173	1.003440	0.000844
3.207723	1.003291	0.000563
3.217993	1.003378	0.000618
3.228370	1.002283	0.000027
3.237930	1.002385	0.000365
3.250531	1.002440	0.000255
3.264441	1.002317	0.000222
3.275604	1.001532	0.000844
3.287733	1.001550	0.000064
3.300561	1.001359	0.000634
3.311946	1.001402	0.000311
3.322467	1.001113	0.000002
3.334620	1.001292	0.000070
3.346676	1.000724	0.000056
3.359399	1.000432	0.000093
3.372231	0.999910	0.000314
3.383934	0.999240	0.000546
3.395884	0.999972	0.000364
3.408861	0.999739	0.000291
3.421980	0.999779	0.000423
3.433486	0.999525	0.000268
3.444456	0.999361	0.000028
3.456396	0.999296	0.000829
3.468297	0.999509	0.000413
3.480198	0.998686	0.000237
3.492333	0.996883	0.001012
3.506357	0.993621	0.000332
3.518437	0.988545	0.000945
3.530990	0.985725	0.002060
3.544137	0.979816	0.000268
3.555036	0.978596	0.002870
3.566270	0.977706	0.000613
3.579316	0.977057	0.000532
3.590478	0.977546	0.001006
3.603220	0.977693	0.001597
3.615464	0.980913	0.001621
3.628770	0.984730	0.000658
3.639571	0.989154	0.001778
3.650604	0.991828	0.001360
3.661540	0.996635	0.001030
3.674518	0.998331	0.000199
3.686154	1.001545	0.001938
3.701637	0.999132	0.000152
3.715874	0.999217	0.000327
3.729681	0.999647	0.000422
3.743268	0.999957	0.000327
3.756781	0.999655	0.000851
3.772520	1.000143	0.000304
3.786236	0.999427	0.000720
3.799224	0.999809	0.000071
3.815073	0.999229	0.000050
3.830937	0.999674	0.000079
3.844677	0.999822	0.000087
3.858133	1.000253	0.000029
3.872173	1.000534	0.000112
3.885020	0.999375	0.000847
3.900160	0.999746	0.000063
3.915304	1.000422	0.000380
3.928027	0.999088	0.000446
3.941453	1.000029	0.000211
3.954296	1.000413	0.000647
3.968287	1.000259	0.000064
3.983374	1.000986	0.000787
3.998542	0.999947	0.000007
4.013794	1.000616	0.000147
4.028007	1.000444	0.000092
4.046472	1.000348	0.000400
4.062867	1.000999	0.000551
4.081183	1.000136	0.000230
4.097408	1.000771	0.000045
4.112270	1.000029	0.000437
4.126820	1.001216	0.000461
4.140406	1.000156	0.000245
4.154600	0.999888	0.000411
4.169880	1.000213	0.000195
4.183770	1.000974	0.000684
4.198857	1.000161	0.000160
4.212930	0.999521	0.000561
4.227702	1.000352	0.000042
4.243046	0.999576	0.000222
4.257187	1.000166	0.000061
4.271197	1.000576	0.000419
4.284908	0.999521	0.000137
4.298857	1.000708	0.000225
4.313123	1.000043	0.000389
4.327906	1.001078	0.000130
4.343094	1.000033	0.000624
4.358760	1.000427	0.000171
4.374204	0.999641	0.000178
4.390406	1.000582	0.000581
4.404397	1.000771	0.000189
4.419421	1.000439	0.000819
4.433466	0.999640	0.000086
4.447457	0.999831	0.000267
4.461540	1.000611	0.000053
4.477601	1.000273	0.000109
4.494436	1.000017	0.000484
4.509267	0.999646	0.000723
4.524344	1.001370	0.000386
4.539006	1.000270	0.000148
4.554440	0.999493	0.000493
4.570763	1.000682	0.000192
4.585150	1.000374	0.000303
4.598736	1.001259	0.000130
4.612737	1.000074	0.000352
4.626810	1.000908	0.000628
4.641096	1.000846	0.000100
4.656477	0.999652	0.000487
4.673393	0.999812	0.000303
4.689208	1.000262	0.000294
4.704986	1.000135	0.000036
4.732360	1.000498	0.000319
4.745956	1.000285	0.000557
4.759957	1.000109	0.000084
4.774040	1.000445	0.000165
4.787626	1.000332	0.000382
4.802611	0.999727	0.000265
4.817080	0.999927	0.000032
4.832076	1.000238	0.000190
4.846067	0.999765	0.000248
4.860811	0.999941	0.000365
4.875347	1.000435	0.000551
4.889088	1.000723	0.000383
4.903007	1.000077	0.000217
4.917017	1.000165	0.000492
4.930738	0.999902	0.000090
4.944880	0.999497	0.000119
4.960150	0.999643	0.000656
4.973736	0.999917	0.000416
4.988833	1.000296	0.000588
5.001843	0.999459	0.000098
5.016047	0.999480	0.000045
5.029407	0.999645	0.000086
5.042528	1.000018	0.000395
5.058222	0.999768	0.000599
5.072457	1.000340	0.000409
5.085332	0.999356	0.000083
5.099458	0.999845	0.000296
5.113693	0.992616	0.009711
5.126437	0.994287	0.004206
5.138683	1.000186	0.000246
5.150980	0.994570	0.001509
5.164444	0.999982	0.000133
5.176680	0.995744	0.006374
5.188937	0.996926	0.002723
5.201183	1.000025	0.000204
5.215338	0.997281	0.002151
5.228233	0.997436	0.003616
5.240428	0.999426	0.000157
5.253750	0.997688	0.000235
5.266148	1.000038	0.000293
5.278374	0.997771	0.002547
5.290428	0.998525	0.003230
5.301607	1.000230	0.000307
5.312161	0.998320	0.002647
5.322457	1.000312	0.000308
5.333904	0.999005	0.001424
5.344393	1.000791	0.000031
5.354815	0.998780	0.001641
5.365203	1.000457	0.000176
5.378070	1.000109	0.000316
5.389218	1.000503	0.000542
5.400836	1.000134	0.000176
5.413214	0.999862	0.000150
5.426699	1.000492	0.000254
5.438165	1.000551	0.000264
5.450188	1.000847	0.000551
5.462100	1.000733	0.000232
5.472538	1.000178	0.000216
5.482910	1.000964	0.000333
5.494464	0.999779	0.000864
5.505787	1.000124	0.000051
5.516361	1.000380	0.000279
5.527409	0.999825	0.000635
5.538092	0.999552	0.000453
5.549971	1.000574	0.000022
5.562557	1.000544	0.000569
5.574590	1.000542	0.000535
5.585140	1.000485	0.000199
5.596414	0.999684	0.000448
5.606954	1.000554	0.000119
5.617224	1.000731	0.000073
5.627804	1.000553	0.000209
5.638987	1.000471	0.000120
5.649590	1.000544	0.000002
5.660637	1.000457	0.000661
5.673851	1.000564	0.000088
5.685526	0.999555	0.000116
5.696424	1.000340	0.000505
5.707413	0.999848	0.000342
5.718277	1.000224	0.000027
5.729521	0.999390	0.000262
5.740203	0.999956	0.000626
5.750665	1.000087	0.000524
5.761347	1.000632	0.000702
5.771089	1.000318	0.000238
5.780462	1.000415	0.000241
5.791055	1.000433	0.000100
5.800675	1.000254	0.000698
5.811489	1.000127	0.000063
5.820907	1.000676	0.000319
5.830645	0.999466	0.000139
5.839898	1.000363	0.000145
5.849111	1.000178	0.000593
5.858093	0.999948	0.000247
5.867039	1.000450	0.000439
5.876312	1.000251	0.000717
5.886327	1.001219	0.000285
5.896089	1.000498	0.000366
5.905777	1.000135	0.000661
5.915842	1.000731	0.000274
5.925077	1.000089	0.000870
5.934207	1.001124	0.000717
5.943662	1.000322	0.000175
5.954328	0.999981	0.000455
5.966197	1.000165	0.000013
5.976354	1.000157	0.000741
5.985738	1.000493	0.000072
5.996514	1.000209	0.000506
6.006061	1.000649	0.000064
6.015781	0.999681	0.000166
6.024763	1.000852	0.000771
6.034521	0.999895	0.000553
6.044608	1.000091	0.000040
6.054539	1.000113	0.000052
6.064218	0.999362	0.000003
6.074212	1.000295	0.000286
6.083589	0.999999	0.000309
6.093306	0.999443	0.000112
6.102652	0.999858	0.000751
6.111684	0.999944	0.000219
6.121514	1.000035	0.000168
6.131723	1.000484	0.000656
6.142557	1.000635	0.000121
6.151495	1.000279	0.000997
6.162354	0.999698	0.000017
6.172325	1.000323	0.000305
6.181885	1.000078	0.000068
6.192262	0.999236	0.000688
6.201587	0.999253	0.000184
6.211408	0.999315	0.000011
6.220511	0.999675	0.000576
6.231345	1.000190	0.000581
6.240862	0.999758	0.000166
6.250249	0.999581	0.000033
6.259947	0.999455	0.000083
6.269636	1.000081	0.000382
6.280647	0.999609	0.000060
6.290152	0.999529	0.000255
6.299184	0.999307	0.000601
6.308314	0.999781	0.000333
6.317648	0.999088	0.000166
6.327287	0.999209	0.000546
6.337210	0.999202	0.000564
6.346229	0.998874	0.000203
6.356345	0.999678	0.000202
6.366167	0.998918	0.000483
6.376282	0.998678	0.000076
6.386114	0.999725	0.000019
6.395641	0.999535	0.000353
6.405178	1.000035	0.000301
6.414249	0.998403	0.000173
6.423238	0.998305	0.000730
6.432421	0.999344	0.000705
6.441615	0.999164	0.000104
6.452021	0.999015	0.000614
6.461408	0.999074	0.000428
6.470399	0.999716	0.000345
6.480361	0.999578	0.000084
6.489401	1.000066	0.000223
6.498815	0.999269	0.000515
6.508924	0.999475	0.000473
6.518429	0.998715	0.000184
6.527398	0.998934	0.000017
6.536611	0.999168	0.000277
6.545785	0.999876	0.000294
6.556427	0.999418	0.000700
6.565578	0.999492	0.000034
6.575148	0.999480	0.000220
6.585911	0.999018	0.000634
6.596099	0.999556	0.000178
6.606355	0.999057	0.000304
6.615274	0.999279	0.000242
6.624385	0.999085	0.000477
6.633407	0.998855	0.000122
6.642547	0.999130	0.000122
6.651727	0.999400	0.000558
6.661611	0.999378	0.000744
6.670593	0.998693	0.000444
6.681741	0.998426	0.000009
6.691433	0.999494	0.000780
6.700582	0.998839	0.000642
6.711012	0.999261	0.000093
6.721201	0.998468	0.000124
6.730361	0.999334	0.000551
6.739381	0.999051	0.000400
6.748492	0.999650	0.000517
6.757514	0.999423	0.000368
6.766875	0.998798	0.000398
6.777398	0.999043	0.000056
6.787455	0.999507	0.000382
6.796422	0.999329	0.000242
6.805684	0.998867	0.000399
6.815578	0.999163	0.000267
6.824507	0.998821	0.000153
6.833589	0.998982	0.000093
6.842678	0.999383	0.000037
6.851759	0.999229	0.000097
6.860883	0.999546	0.000185
6.872396	0.999486	0.000371
6.881558	0.999201	0.000077
6.891432	0.999563	0.000047
6.900998	0.999176	0.000242
6.910617	0.999323	0.000036
6.920988	0.999322	0.000005
6.930442	0.999264	0.000247
6.940284	0.998060	0.000982
6.949507	0.998719	0.000327
6.958589	0.999588	0.000566
6.967678	0.998784	0.000241
6.977165	0.999049	0.000102
6.987760	0.998612	0.000038
6.997589	0.998025	0.000342
7.006558	0.999008	0.000338
7.015771	0.997536	0.001343
7.025704	0.998753	0.000025
7.035708	0.998888	0.000216
7.045593	0.998583	0.000446
7.056104	0.999772	0.000199
7.068044	0.998165	0.000690
7.079308	0.998143	0.000096
7.088995	0.998881	0.001227
7.098107	0.998552	0.000090
7.108093	0.999113	0.000095
7.118135	0.999144	0.000362
7.128078	0.998842	0.000119
7.137039	0.999196	0.000143
7.147031	0.998764	0.000151
7.156061	0.999435	0.000708
7.166055	0.999570	0.000122
7.175057	0.998738	0.000217
7.184207	0.998630	0.000270
7.193155	0.998880	0.000559
7.202267	0.999524	0.000190
7.212080	0.999147	0.000749
7.221268	0.999777	0.000374
7.231934	0.999450	0.000228
7.243097	0.999342	0.000321
7.253078	0.999548	0.000605
7.261997	0.998747	0.000623
7.271282	0.999338	0.000055
7.281061	0.999993	0.000160
7.290934	0.999233	0.000388
7.300453	1.000069	0.000013
7.310079	0.998216	0.000798
7.319058	0.999635	0.000409
7.328261	1.000474	0.000195
7.337263	0.999861	0.000215
7.346219	0.999297	0.000209
7.355747	1.000371	0.000125
7.365457	1.000360	0.000261
7.377098	0.999154	0.000248
7.387869	1.000581	0.000001
7.397812	1.000745	0.000161
7.406944	0.999804	0.000618
7.416808	1.000246	0.000174
7.426587	1.000468	0.000069
7.436441	1.000782	0.000124
7.446828	1.000471	0.001014
7.456609	1.000829	0.000123
7.466148	1.000645	0.000369
7.477429	1.000865	0.000002
7.486664	1.000927	0.000086
7.496199	1.000687	0.000243
7.505655	1.001694	0.000029
7.514767	1.000770	0.000217
7.524753	1.001244	0.000237
7.533719	1.001278	0.000110
7.543642	1.001144	0.000325
7.553188	1.001670	0.000424
7.563681	1.001343	0.000496
7.573450	1.002041	0.000657
7.583874	1.002571	0.000211
7.595134	1.002468	0.000312
7.605341	1.001964	0.000389
7.615447	1.001494	0.000931
7.626181	1.002653	0.000048
7.635544	1.002915	0.000196
7.645225	1.002757	0.000388
7.654387	1.002662	0.000233
7.664239	1.002928	0.000136
7.674038	1.002922	0.000372
7.684197	1.002984	0.000395
7.693145	1.003379	0.000372
7.704144	1.003621	0.000125
7.713985	1.003408	0.000090
7.723927	1.003650	0.000244
7.733912	1.004199	0.000463
7.744178	1.003956	0.000097
7.754197	1.003456	0.000473
7.764511	1.004801	0.000233
7.774661	1.003615	0.000396
7.784245	1.004508	0.000052
7.793845	1.004333	0.000809
7.803251	1.004841	0.000002
7.813681	1.004030	0.000240
7.823237	1.004847	0.000266
7.834511	1.004521	0.000797
7.843884	1.003873	0.000769
7.853545	1.004436	0.000132
7.862697	1.003824	0.000365
7.872589	1.004338	0.000137
7.881538	1.003588	0.000006
7.891837	1.003623	0.000554
7.901919	1.003956	0.000098
7.913357	1.003394	0.000758
7.922315	1.003440	0.000844
7.932866	1.003291	0.000563
7.943135	1.003378	0.000618
7.953512	1.002283	0.000027
7.963072	1.002385	0.000365
7.975674	1.002440	0.000255
7.989584	1.002317	0.000222
8.000746	1.001532	0.000844
8.012875	1.001550	0.000064
8.025704	1.001359	0.000634
8.037088	1.001402	0.000311
8.047609	1.001113	0.000002
8.059762	1.001292	0.000070
8.071818	1.000724	0.000056
8.084541	1.000432	0.000093
8.097374	0.999910	0.000314
8.109076	0.999240	0.000546
8.121026	0.999972	0.000364
8.134004	0.999739	0.000291
8.147122	0.999779	0.000423
8.158628	0.999525	0.000268
8.169598	0.999361	0.000028
8.181538	0.999296	0.000829
8.193439	0.999509	0.000413
8.205340	0.998686	0.000237
8.217475	0.996883	0.001012
8.231499	0.993621	0.000332
8.243579	0.988545	0.000945
8.256132	0.985725	0.002060
8.269279	0.979816	0.000268
8.280178	0.978596	0.002870
8.291412	0.977706	0.000613
8.304458	0.977057	0.000532
8.315621	0.977546	0.001006
8.328362	0.977693	0.001597
8.340606	0.980913	0.001621
8.353912	0.984730	0.000658
8.364714	0.989154	0.001778
8.375746	0.991828	0.001360
8.386682	0.996635	0.001030
8.399661	0.998331	0.000199
8.411296	1.001545	0.001938
8.426779	0.999132	0.000152
8.441016	0.999217	0.000327
8.454824	0.999647	0.000422
8.468411	0.999957	0.000327
8.481924	0.999655	0.000851
8.497662	1.000143	0.000304
8.511378	0.999427	0.000720
8.524366	0.999809	0.000071
8.540215	0.999229	0.000050
8.556079	0.999674	0.000079
8.569819	0.999822	0.000087
8.583275	1.000253	0.000029
8.597315	1.000534	0.000112
8.610162	0.999375	0.000847
8.625302	0.999746	0.000063
8.640446	1.000422	0.000380
8.653169	0.999088	0.000446
8.666595	1.000029	0.000211
8.679438	1.000413	0.000647
8.693429	1.000259	0.000064
8.708516	1.000986	0.000787
8.723685	0.999947	0.000007
8.738936	1.000616	0.000147
8.753149	1.000444	0.000092
8.771615	1.000348	0.000400
8.788009	1.000999	0.000551
8.806325	1.000136	0.000230
8.822551	1.000771	0.000045
8.837412	1.000029	0.000437
8.851962	1.001216	0.000461
8.865548	1.000156	0.000245
8.879742	0.999888	0.000411
8.895022	1.000213	0.000195
8.908912	1.000974	0.000684
8.923999	1.000161	0.000160
8.938072	0.999521	0.000561
8.952845	1.000352	0.000042
8.968188	0.999576	0.000222
8.982329	1.000166	0.000061
8.996339	1.000576	0.000419
9.010051	0.999521	0.000137
9.023999	1.000708	0.000225
9.038265	1.000043	0.000389
9.053048	1.001078	0.000130
9.068237	1.000033	0.000624
9.083902	1.000427	0.000171
9.099346	0.999641	0.000178
9.115548	1.000582	0.000581
9.129539	1.000771	0.000189
9.144564	1.000439	0.000819
9.158608	0.999640	0.000086
9.172599	0.999831	0.000267
9.186682	1.000611	0.000053
9.202744	1.000273	0.000109
9.219578	1.000017	0.000484
9.234409	0.999646	0.000723
9.249486	1.001370	0.000386
9.264148	1.000270	0.000148
9.279582	0.999493	0.000493
9.295905	1.000682	0.000192
9.310292	1.000374	0.000303
9.323878	1.001259	0.000130
9.337879	1.000074	0.000352
9.351952	1.000908	0.000628
9.366238	1.000846	0.000100
9.381619	0.999652	0.000487
9.398535	0.999812	0.000303
9.414350	1.000262	0.000294
9.430128	1.000135	0.000036
