324
0.009798	1.000346	0.000328
0.043206	0.999851	0.000027
0.076725	1.000188	0.000044
0.113948	1.000342	0.000105
0.147396	0.999911	0.000016
0.180875	1.000192	0.000206
0.220515	0.999991	0.000071
0.265948	0.999959	0.000008
0.303617	0.999895	0.000015
0.338947	0.999958	0.000035
0.376437	0.999824	0.000067
0.409985	0.999942	0.000054
0.449308	0.999918	0.000120
0.484896	1.000147	0.000557
0.524496	1.000230	0.000432
0.561926	1.000099	0.000463
0.597485	1.000039	0.000197
0.636858	1.000171	0.000100
0.674476	0.999764	0.000144
0.709767	0.999385	0.000259
0.745405	0.999153	0.000238
0.782797	0.998906	0.000071
0.818048	0.998879	0.000283
0.851496	0.998831	0.000015
0.887075	0.998941	0.000033
0.926339	0.999387	0.000149
0.961887	0.999232	0.000337
0.997336	0.999637	0.000007
1.032797	0.999917	0.000030
1.068058	1.000319	0.000085
1.101506	1.000270	0.000191
1.136967	1.000026	0.000085
1.172218	1.000151	0.000153
1.203656	1.000281	0.000196
1.236590	1.000664	0.000161
1.268127	1.000245	0.000064
1.303696	1.000045	0.000178
1.345138	0.999888	0.000087
1.380459	1.000043	0.000413
1.413957	0.999955	0.000017
1.451616	0.999700	0.000149
1.490859	0.999879	0.000092
1.526279	0.999844	0.000192
1.559797	0.999961	0.000022
1.597297	0.999948	0.000081
1.636868	0.999965	0.000052
1.672248	1.000628	0.000026
1.711986	1.000556	0.000005
1.755459	1.000689	0.000004
1.793097	1.000607	0.000055
1.832737	1.000399	0.000128
1.874347	1.000235	0.000353
1.916037	1.000315	0.000110
1.957677	0.999995	0.000025
1.995306	1.000139	0.000221
2.032698	0.999814	0.000075
2.067969	1.000304	0.000115
2.101447	1.000148	0.000016
2.141037	1.000317	0.000115
2.184767	1.000013	0.000161
2.230498	1.000096	0.000059
2.276377	1.000106	0.000024
2.326189	0.999800	0.000285
2.372257	1.000051	0.000266
2.415938	1.000015	0.000224
2.455577	1.000093	0.000272
2.494940	0.999910	0.000284
2.532598	0.999682	0.000110
2.567890	0.999588	0.000288
2.603448	0.999974	0.000015
2.639026	0.999573	0.000282
2.678280	0.999774	0.000098
2.721901	0.999694	0.000072
2.774288	0.999468	0.000075
2.832381	0.999217	0.000001
2.878408	0.999146	0.000148
2.928101	0.999403	0.000240
2.976180	0.999412	0.000110
3.024041	0.999660	0.000243
3.067988	0.999677	0.000229
3.125952	0.999570	0.000040
3.186214	0.999706	0.000197
3.246733	1.000667	0.000293
3.309065	0.998160	0.001290
3.367435	0.999063	0.000758
3.425825	0.998678	0.000255
3.480044	0.998773	0.000299
3.532104	0.998389	0.000346
3.586294	0.996344	0.002082
3.642445	0.986832	0.002215
3.700735	0.980721	0.000197
3.761245	0.984180	0.003235
3.831985	0.996842	0.002755
3.892445	0.999460	0.000064
3.946655	0.999432	0.000091
4.007065	0.999055	0.000006
4.069485	0.999016	0.000097
4.125884	0.998937	0.000100
4.177964	0.998885	0.000256
4.230113	1.000817	0.001121
4.284382	0.998816	0.000281
4.328172	0.999480	0.000362
4.369832	1.000047	0.000026
4.411482	0.999888	0.000187
4.453241	1.000561	0.000157
4.492960	0.999994	0.000030
4.536690	1.000195	0.000134
4.578380	1.000397	0.000044
4.615900	1.000889	0.000189
4.657530	1.001576	0.000702
4.703330	1.002447	0.000494
4.740870	1.002924	0.000285
4.780450	1.003487	0.000050
4.821942	1.003931	0.000103
4.861531	1.003974	0.000042
4.899368	1.003590	0.000292
4.947120	1.003219	0.000027
4.988503	1.002783	0.000056
5.034729	1.001850	0.000016
5.080252	1.001367	0.000278
5.118049	1.000269	0.000216
5.159451	1.001008	0.000091
5.199180	0.991400	0.003484
5.240761	0.969366	0.007208
5.284729	0.951708	0.000260
5.323992	0.956110	0.002872
5.361531	0.972494	0.005426
5.397040	0.992641	0.003248
5.432470	0.999943	0.000387
5.476191	1.000190	0.000162
5.520089	1.000285	0.000044
5.565731	1.000314	0.000298
5.609808	1.000320	0.000075
5.655331	1.000289	0.000177
5.699239	1.000028	0.000155
5.744980	0.999939	0.000390
5.786601	0.999902	0.000355
5.828370	0.999903	0.000113
5.865850	0.999981	0.000386
5.901141	0.999982	0.000578
5.936809	0.999818	0.000378
5.980351	0.999697	0.000101
6.015939	0.999911	0.000351
6.057639	0.999913	0.000205
6.095010	0.999520	0.000389
6.132649	0.999986	0.000277
6.171981	0.999864	0.000324
6.209521	1.000029	0.000136
6.249031	1.000097	0.000135
6.290701	1.000008	0.000249
6.328340	1.000082	0.000520
6.367950	0.999884	0.000174
6.405262	1.000040	0.000049
6.443088	0.999828	0.000295
6.488612	1.000086	0.000044
6.532371	1.000186	0.000002
6.574210	0.999883	0.000050
6.615692	0.999789	0.000188
6.651161	0.999662	0.000319
6.684630	0.999922	0.000300
6.726111	0.999461	0.000128
6.765929	1.000005	0.000105
6.805519	0.999873	0.000025
6.842782	0.999885	0.000054
6.876260	1.000270	0.000045
6.913810	1.000076	0.000030
6.949190	1.000164	0.000059
6.984491	1.000246	0.000074
7.022031	0.999649	0.000030
7.055569	0.999685	0.000202
7.095020	0.999708	0.000005
7.134442	0.999723	0.000047
7.171981	0.999681	0.000090
7.207460	0.999311	0.000234
7.243069	0.999243	0.000064
7.280380	0.999282	0.000034
7.321942	0.999028	0.000009
7.355390	0.998475	0.002099
7.392930	0.999897	0.000147
7.428360	1.000016	0.000036
7.465741	1.000229	0.000153
7.501220	1.000402	0.000338
7.536740	1.000444	0.000033
7.580470	1.000364	0.000007
7.615900	1.000290	0.000240
7.655282	1.000344	0.000116
7.690850	0.999998	0.000063
7.728310	1.000043	0.000126
7.763899	0.999766	0.000056
7.803271	0.999853	0.000014
7.842782	0.999599	0.000106
7.876220	0.999536	0.000494
7.909739	0.999714	0.000091
7.946942	0.999566	0.000247
7.982441	0.999854	0.000389
8.017970	1.000128	0.000177
8.053360	1.000307	0.000332
8.088661	1.000106	0.000310
8.122130	1.000602	0.000352
8.157530	1.000258	0.000319
8.192821	1.000383	0.000164
8.226310	1.000431	0.000306
8.261690	1.000121	0.000319
8.296991	1.000109	0.000576
8.330519	0.999568	0.000436
8.372189	1.000016	0.000522
8.409739	0.999695	0.000275
8.449368	0.999701	0.000074
8.491038	0.999505	0.000067
8.530440	0.999768	0.000032
8.567821	0.999909	0.000191
8.601310	1.000007	0.000345
8.636690	1.000464	0.000155
8.674210	1.000035	0.000150
8.711740	1.000772	0.000251
8.747130	1.000496	0.000186
8.782530	1.000617	0.000204
8.820149	1.000467	0.000173
8.859491	1.000757	0.000561
8.892970	1.000508	0.000099
8.928360	1.000506	0.000265
8.963790	1.000586	0.000677
9.001369	1.000321	0.000655
9.043000	1.000041	0.000022
9.082649	1.000431	0.000052
9.122150	1.000273	0.000004
9.157649	1.000200	0.000021
9.199368	1.000036	0.000145
9.238622	1.000006	0.000163
9.274230	1.000076	0.000166
9.309689	1.000090	0.000203
9.347219	0.999999	0.000052
9.386700	0.999879	0.000064
9.421991	0.999997	0.000099
9.455470	0.999937	0.000391
9.490860	0.999613	0.000062
9.530727	0.999320	0.000015
9.571962	1.000213	0.000183
9.605380	1.000039	0.000810
9.640979	0.999451	0.000453
9.678360	0.999414	0.000241
9.715979	0.999270	0.000464
9.755331	0.999240	0.000132
9.790880	0.999355	0.000201
9.826399	0.999483	0.000027
9.863622	0.999302	0.000203
9.897050	0.999797	0.000286
9.936690	0.999191	0.000179
9.978380	0.999565	0.000042
10.017891	0.999386	0.000163
10.057500	1.000111	0.000289
10.095020	0.999822	0.000200
10.130331	1.000270	0.000127
10.163790	1.000121	0.000358
10.203429	1.000062	0.000195
10.240860	1.000185	0.000035
10.276161	1.000142	0.000182
10.315771	1.000010	0.000114
10.353380	0.999845	0.000378
10.388899	0.999683	0.000003
10.426122	0.999463	0.000074
10.459550	0.999653	0.000136
10.493069	0.999875	0.000094
10.530282	0.999926	0.000039
10.563770	1.000222	0.000114
10.601290	1.000287	0.000093
10.636700	1.000232	0.000066
10.671991	1.000553	0.000314
10.705470	1.000511	0.000079
10.740860	1.000588	0.000021
10.776161	1.000454	0.000326
10.809640	1.000297	0.000319
10.845020	1.000478	0.000015
10.880331	1.000002	0.000065
10.913800	0.999977	0.000116
10.949279	0.999920	0.000230
10.990771	0.999256	0.000186
11.026161	0.999580	0.000480
11.063899	0.999472	0.000443
11.109521	0.999774	0.000178
11.147050	0.999742	0.000427
11.186601	1.000065	0.000109
11.222219	0.999979	0.000057
11.265711	1.000198	0.000185
11.303360	1.000275	0.000039
11.338681	1.000168	0.000165
11.378300	1.000086	0.000028
11.413800	1.000019	0.000255
11.453261	0.999958	0.000547
11.490860	1.000027	0.000011
11.526151	0.999869	0.000036
11.559630	0.999641	0.000102
11.595020	0.999810	0.000209
11.634669	0.999247	0.000059
11.672001	0.999323	0.000044
11.705450	0.999663	0.000024
11.740860	1.000024	0.000045
11.776151	1.000206	0.000116
11.813720	1.000198	0.000111
11.847229	1.000414	0.000132
11.884452	1.000315	0.000036
11.920020	1.000433	0.000040
11.959550	1.000166	0.000128
11.999170	1.000198	0.000043
12.034729	1.000494	0.000102
12.071952	1.000238	0.000026
12.109620	1.000014	0.000173
12.151161	1.000074	0.000045
12.184630	1.000211	0.000059
12.220030	1.000120	0.000133
12.255321	1.000261	0.000044
12.290820	1.000190	0.000210
12.326379	1.000242	0.000091
12.363622	1.000251	0.000020
12.399061	1.000165	0.000373
12.438671	1.000524	0.000057
12.472219	1.000545	0.000005
12.509511	1.000350	0.000184
12.547001	1.000533	0.000214
12.580450	0.999690	0.000133
12.615860	1.000352	0.000087
12.651161	1.000266	0.000520
12.688671	1.000486	0.000233
12.722219	1.000053	0.000058
12.780302	1.000346	0.000328
12.813710	0.999851	0.000027
12.847229	1.000188	0.000044
12.884452	1.000342	0.000105
12.917900	0.999911	0.000016
12.951379	1.000192	0.000206
12.991018	0.999991	0.000071
13.036452	0.999959	0.000008
13.074121	0.999895	0.000015
13.109451	0.999958	0.000035
13.146941	0.999824	0.000067
13.180489	0.999942	0.000054
13.219812	0.999918	0.000120
13.255400	1.000147	0.000557
13.295000	1.000230	0.000432
13.332430	1.000099	0.000463
13.367989	1.000039	0.000197
13.407361	1.000171	0.000100
13.444980	0.999764	0.000144
13.480271	0.999385	0.000259
13.515909	0.999153	0.000238
13.553301	0.998906	0.000071
13.588552	0.998879	0.000283
13.622000	0.998831	0.000015
13.657579	0.998941	0.000033
13.696843	0.999387	0.000149
13.732391	0.999232	0.000337
13.767840	0.999637	0.000007
13.803301	0.999917	0.000030
13.838562	1.000319	0.000085
13.872010	1.000270	0.000191
13.907471	1.000026	0.000085
13.942722	1.000151	0.000153
13.974160	1.000281	0.000196
14.007094	1.000664	0.000161
14.038631	1.000245	0.000064
14.074200	1.000045	0.000178
14.115642	0.999888	0.000087
14.150963	1.000043	0.000413
14.184461	0.999955	0.000017
14.222120	0.999700	0.000149
14.261363	0.999879	0.000092
14.296783	0.999844	0.000192
14.330301	0.999961	0.000022
14.367801	0.999948	0.000081
14.407371	0.999965	0.000052
14.442751	1.000628	0.000026
14.482490	1.000556	0.000005
14.525963	1.000689	0.000004
14.563601	1.000607	0.000055
14.603241	1.000399	0.000128
14.644851	1.000235	0.000353
14.686541	1.000315	0.000110
14.728181	0.999995	0.000025
14.765810	1.000139	0.000221
14.803201	0.999814	0.000075
14.838473	1.000304	0.000115
14.871951	1.000148	0.000016
14.911541	1.000317	0.000115
14.955271	1.000013	0.000161
15.001002	1.000096	0.000059
15.046881	1.000106	0.000024
15.096693	0.999800	0.000285
15.142761	1.000051	0.000266
15.186441	1.000015	0.000224
15.226081	1.000093	0.000272
15.265444	0.999910	0.000284
15.303102	0.999682	0.000110
15.338393	0.999588	0.000288
15.373951	0.999974	0.000015
15.409530	0.999573	0.000282
15.448784	0.999774	0.000098
15.492405	0.999694	0.000072
15.544791	0.999468	0.000075
15.602885	0.999217	0.000001
15.648912	0.999146	0.000148
15.698605	0.999403	0.000240
15.746683	0.999412	0.000110
15.794545	0.999660	0.000243
15.838492	0.999677	0.000229
15.896456	0.999570	0.000040
15.956718	0.999706	0.000197
16.017237	1.000667	0.000293
16.079569	0.998160	0.001290
16.137939	0.999063	0.000758
16.196328	0.998678	0.000255
16.250548	0.998773	0.000299
16.302608	0.998389	0.000346
16.356798	0.996344	0.002082
16.412949	0.986832	0.002215
16.471239	0.980721	0.000197
16.531748	0.984180	0.003235
16.602489	0.996842	0.002755
16.662949	0.999460	0.000064
16.717158	0.999432	0.000091
16.777568	0.999055	0.000006
16.839989	0.999016	0.000097
16.896388	0.998937	0.000100
16.948468	0.998885	0.000256
17.000617	1.000817	0.001121
17.054886	0.998816	0.000281
17.098676	0.999480	0.000362
17.140336	1.000047	0.000026
17.181986	0.999888	0.000187
17.223745	1.000561	0.000157
17.263464	0.999994	0.000030
17.307194	1.000195	0.000134
17.348884	1.000397	0.000044
17.386403	1.000889	0.000189
17.428034	1.001576	0.000702
17.473834	1.002447	0.000494
17.511374	1.002924	0.000285
17.550954	1.003487	0.000050
17.592446	1.003931	0.000103
17.632035	1.003974	0.000042
17.669872	1.003590	0.000292
17.717624	1.003219	0.000027
17.759007	1.002783	0.000056
17.805233	1.001850	0.000016
17.850756	1.001367	0.000278
17.888553	1.000269	0.000216
17.929955	1.001008	0.000091
17.969684	0.991400	0.003484
18.011265	0.969366	0.007208
18.055233	0.951708	0.000260
18.094496	0.956110	0.002872
18.132035	0.972494	0.005426
18.167544	0.992641	0.003248
18.202974	0.999943	0.000387
18.246695	1.000190	0.000162
18.290593	1.000285	0.000044
18.336235	1.000314	0.000298
18.380312	1.000320	0.000075
18.425835	1.000289	0.000177
18.469743	1.000028	0.000155
18.515484	0.999939	0.000390
18.557105	0.999902	0.000355
18.598874	0.999903	0.000113
18.636354	0.999981	0.000386
18.671645	0.999982	0.000578
18.707313	0.999818	0.000378
18.750855	0.999697	0.000101
18.786443	0.999911	0.000351
18.828143	0.999913	0.000205
18.865514	0.999520	0.000389
18.903153	0.999986	0.000277
18.942485	0.999864	0.000324
18.980025	1.000029	0.000136
19.019535	1.000097	0.000135
19.061205	1.000008	0.000249
19.098844	1.000082	0.000520
19.138454	0.999884	0.000174
19.175766	1.000040	0.000049
19.213592	0.999828	0.000295
19.259116	1.000086	0.000044
19.302875	1.000186	0.000002
19.344714	0.999883	0.000050
19.386196	0.999789	0.000188
19.421665	0.999662	0.000319
19.455133	0.999922	0.000300
19.496615	0.999461	0.000128
19.536433	1.000005	0.000105
19.576023	0.999873	0.000025
19.613286	0.999885	0.000054
19.646764	1.000270	0.000045
19.684313	1.000076	0.000030
19.719694	1.000164	0.000059
19.754995	1.000246	0.000074
19.792535	0.999649	0.000030
19.826073	0.999685	0.000202
19.865524	0.999708	0.000005
19.904946	0.999723	0.000047
19.942485	0.999681	0.000090
19.977964	0.999311	0.000234
20.013573	0.999243	0.000064
20.050884	0.999282	0.000034
20.092446	0.999028	0.000009
20.125894	0.998475	0.002099
20.163434	0.999897	0.000147
20.198864	1.000016	0.000036
20.236245	1.000229	0.000153
20.271724	1.000402	0.000338
20.307243	1.000444	0.000033
20.350973	1.000364	0.000007
20.386403	1.000290	0.000240
20.425786	1.000344	0.000116
20.461354	0.999998	0.000063
20.498814	1.000043	0.000126
20.534403	0.999766	0.000056
20.573775	0.999853	0.000014
20.613286	0.999599	0.000106
20.646724	0.999536	0.000494
20.680243	0.999714	0.000091
20.717446	0.999566	0.000247
20.752945	0.999854	0.000389
20.788473	1.000128	0.000177
20.823864	1.000307	0.000332
20.859165	1.000106	0.000310
20.892633	1.000602	0.000352
20.928034	1.000258	0.000319
20.963325	1.000383	0.000164
20.996813	1.000431	0.000306
21.032194	1.000121	0.000319
21.067495	1.000109	0.000576
21.101023	0.999568	0.000436
21.142693	1.000016	0.000522
21.180243	0.999695	0.000275
21.219872	0.999701	0.000074
21.261542	0.999505	0.000067
21.300944	0.999768	0.000032
21.338325	0.999909	0.000191
21.371813	1.000007	0.000345
21.407194	1.000464	0.000155
21.444714	1.000035	0.000150
21.482243	1.000772	0.000251
21.517633	1.000496	0.000186
21.553034	1.000617	0.000204
21.590653	1.000467	0.000173
21.629995	1.000757	0.000561
21.663473	1.000508	0.000099
21.698864	1.000506	0.000265
21.734294	1.000586	0.000677
21.771873	1.000321	0.000655
21.813503	1.000041	0.000022
21.853153	1.000431	0.000052
21.892653	1.000273	0.000004
21.928153	1.000200	0.000021
21.969872	1.000036	0.000145
22.009126	1.000006	0.000163
22.044733	1.000076	0.000166
22.080193	1.000090	0.000203
22.117723	0.999999	0.000052
22.157204	0.999879	0.000064
22.192495	0.999997	0.000099
22.225973	0.999937	0.000391
22.261364	0.999613	0.000062
22.301231	0.999320	0.000015
22.342466	1.000213	0.000183
22.375884	1.000039	0.000810
22.411483	0.999451	0.000453
22.448864	0.999414	0.000241
22.486483	0.999270	0.000464
22.525835	0.999240	0.000132
22.561383	0.999355	0.000201
22.596903	0.999483	0.000027
22.634126	0.999302	0.000203
22.667554	0.999797	0.000286
22.707194	0.999191	0.000179
22.748883	0.999565	0.000042
22.788395	0.999386	0.000163
22.828004	1.000111	0.000289
22.865524	0.999822	0.000200
22.900835	1.000270	0.000127
22.934293	1.000121	0.000358
22.973933	1.000062	0.000195
23.011364	1.000185	0.000035
23.046665	1.000142	0.000182
23.086275	1.000010	0.000114
23.123883	0.999845	0.000378
23.159403	0.999683	0.000003
23.196626	0.999463	0.000074
23.230054	0.999653	0.000136
23.263573	0.999875	0.000094
23.300786	0.999926	0.000039
23.334274	1.000222	0.000114
23.371793	1.000287	0.000093
23.407204	1.000232	0.000066
23.442495	1.000553	0.000314
23.475973	1.000511	0.000079
23.511364	1.000588	0.000021
23.546665	1.000454	0.000326
23.580143	1.000297	0.000319
23.615524	1.000478	0.000015
23.650835	1.000002	0.000065
23.684303	0.999977	0.000116
23.719783	0.999920	0.000230
23.761275	0.999256	0.000186
23.796665	0.999580	0.000480
23.834403	0.999472	0.000443
23.880025	0.999774	0.000178
23.917554	0.999742	0.000427
23.957105	1.000065	0.000109
23.992723	0.999979	0.000057
24.036215	1.000198	0.000185
24.073864	1.000275	0.000039
24.109185	1.000168	0.000165
24.148804	1.000086	0.000028
24.184303	1.000019	0.000255
24.223765	0.999958	0.000547
24.261364	1.000027	0.000011
24.296655	0.999869	0.000036
24.330133	0.999641	0.000102
24.365524	0.999810	0.000209
24.405173	0.999247	0.000059
24.442505	0.999323	0.000044
24.475953	0.999663	0.000024
24.511364	1.000024	0.000045
24.546655	1.000206	0.000116
24.584224	1.000198	0.000111
24.617733	1.000414	0.000132
24.654956	1.000315	0.000036
24.690524	1.000433	0.000040
24.730054	1.000166	0.000128
24.769674	1.000198	0.000043
24.805233	1.000494	0.000102
24.842456	1.000238	0.000026
24.880123	1.000014	0.000173
24.921665	1.000074	0.000045
24.955133	1.000211	0.000059
24.990534	1.000120	0.000133
25.025825	1.000261	0.000044
25.061324	1.000190	0.000210
25.096883	1.000242	0.000091
25.134126	1.000251	0.000020
25.169565	1.000165	0.000373
25.209175	1.000524	0.000057
25.242723	1.000545	0.000005
25.280015	1.000350	0.000184
25.317505	1.000533	0.000214
25.350953	0.999690	0.000133
25.386364	1.000352	0.000087
25.421665	1.000266	0.000520
25.459175	1.000486	0.000233
25.492723	1.000053	0.000058
