424
0.004144	0.986000	0.003794
0.011232	0.988250	0.000871
0.018218	0.983352	0.003114
0.025720	0.982874	0.005116
0.032164	0.974304	0.008500
0.038721	0.976876	0.001092
0.045860	0.972909	0.001359
0.052360	0.961435	0.000697
0.059842	0.967950	0.002079
0.067712	0.953698	0.011925
0.074422	0.962677	0.001153
0.081234	0.962583	0.012300
0.088869	0.945141	0.006591
0.095252	0.957760	0.007221
0.101921	0.956792	0.003868
0.109050	0.957024	0.006590
0.115504	0.942299	0.005186
0.122459	0.951722	0.002289
0.129890	0.950708	0.004533
0.136344	0.940211	0.002540
0.143581	0.951662	0.002297
0.150720	0.951889	0.002416
0.157261	0.951173	0.007879
0.164421	0.954713	0.002466
0.171550	0.959708	0.005073
0.178004	0.951824	0.004354
0.184561	0.963798	0.006077
0.191690	0.964901	0.000059
0.198691	0.963294	0.007788
0.205508	0.972881	0.003836
0.213220	0.973294	0.000854
0.219664	0.974307	0.005609
0.226231	0.976175	0.005230
0.233360	0.978792	0.003451
0.239860	0.981747	0.004169
0.246468	0.981969	0.003521
0.253500	0.985636	0.001142
0.260051	0.985612	0.000276
0.266522	0.989731	0.000806
0.273079	0.991435	0.002934
0.279481	0.993576	0.000396
0.286620	0.994709	0.001475
0.294456	0.998167	0.000235
0.301302	0.999006	0.000518
0.308192	0.997892	0.000118
0.314759	1.001126	0.000356
0.321151	1.000650	0.000876
0.327692	0.999476	0.003549
0.334910	0.999692	0.000360
0.341981	1.003793	0.001832
0.348532	1.000517	0.002113
0.355238	1.001844	0.001617
0.361570	1.000944	0.000513
0.367962	1.005551	0.001611
0.375858	1.003976	0.000770
0.382481	1.002440	0.000118
0.390192	1.001634	0.000476
0.396908	1.002008	0.000549
0.403230	1.005539	0.002005
0.409642	1.001869	0.002816
0.416399	1.002866	0.004514
0.423820	1.004501	0.000131
0.431422	1.002528	0.001304
0.438598	1.002671	0.000212
0.444920	1.002337	0.000867
0.451572	1.001810	0.002601
0.459408	1.004433	0.000326
0.466726	1.000100	0.004350
0.474590	1.003651	0.000511
0.481469	1.002600	0.000628
0.488721	1.002003	0.000302
0.495692	1.004698	0.000341
0.503406	1.003113	0.000873
0.511881	1.005123	0.000476
0.519669	1.001853	0.000691
0.526369	1.002656	0.000735
0.532752	1.004087	0.000611
0.540979	1.001671	0.001934
0.548880	1.006151	0.001436
0.556581	1.004640	0.002856
0.565121	1.004473	0.002907
0.572955	1.005315	0.002113
0.580979	1.002855	0.000802
0.588220	1.005067	0.001022
0.595073	1.004809	0.001763
0.602519	1.004850	0.001487
0.610332	1.005338	0.001441
0.617799	1.004941	0.000642
0.624995	0.985554	0.019852
0.632399	0.986724	0.027788
0.638480	0.993170	0.013223
0.645338	1.001039	0.003259
0.652601	1.010609	0.003545
0.659959	1.011174	0.002956
0.667637	1.008473	0.001797
0.674116	1.005714	0.004406
0.680641	0.986953	0.008463
0.687786	0.987915	0.003715
0.693228	0.995307	0.009576
0.699070	1.005721	0.000766
0.706178	1.002654	0.002780
0.712106	1.009623	0.007541
0.717978	1.008056	0.003196
0.724411	1.008129	0.004151
0.730519	1.006182	0.001709
0.735941	1.001695	0.001105
0.741828	1.001539	0.001070
0.748068	1.002320	0.001714
0.753776	1.003567	0.000916
0.759678	1.001373	0.003150
0.766041	1.004869	0.005172
0.772281	1.005669	0.000766
0.778618	1.000869	0.003156
0.784811	1.001317	0.001961
0.791960	1.001805	0.002285
0.797950	1.001594	0.000354
0.803837	1.000891	0.002283
0.810496	1.000270	0.002282
0.816276	1.000860	0.002625
0.821979	0.997103	0.004800
0.827851	1.000804	0.001891
0.834178	1.001738	0.000710
0.839569	1.001134	0.001427
0.844951	1.000643	0.001344
0.851666	0.999517	0.003352
0.857625	1.000319	0.002798
0.863122	1.001707	0.000089
0.868759	1.003067	0.000153
0.875127	1.000562	0.002221
0.881132	1.001636	0.001768
0.887090	1.001795	0.001148
0.893898	1.001230	0.002241
0.899315	1.000980	0.001970
0.905279	0.999327	0.001304
0.911093	1.003197	0.001962
0.916926	0.999691	0.002935
0.922388	1.000511	0.003262
0.928183	0.999842	0.000075
0.934376	0.999594	0.000551
0.939957	0.998345	0.003888
0.945389	0.999865	0.003062
0.951481	0.999433	0.003042
0.957731	1.000580	0.002633
0.963476	1.000220	0.003881
0.968898	0.998936	0.000085
0.974820	0.996430	0.002135
0.980519	0.998162	0.000150
0.986410	1.000227	0.002668
0.992436	0.997073	0.005318
0.999187	0.994622	0.000549
1.004997	0.995063	0.001156
1.010598	0.995478	0.000044
1.016470	0.998510	0.000153
1.022209	0.988981	0.004693
1.027749	0.987175	0.002843
1.034202	0.999332	0.003332
1.040265	0.987666	0.008759
1.045697	0.987963	0.003191
1.051149	0.988304	0.001120
1.056913	0.997288	0.003729
1.062786	0.978150	0.010149
1.068228	0.980088	0.017235
1.073609	0.972902	0.007348
1.079598	0.980615	0.021296
1.085251	0.975579	0.006397
1.090627	0.971284	0.007247
1.096299	0.971585	0.014328
1.102765	0.965531	0.007851
1.108411	0.971270	0.004017
1.114636	0.947635	0.007189
1.121299	0.980812	0.000979
1.127457	0.955982	0.010575
1.133390	0.956834	0.014656
1.140126	0.953087	0.004136
1.146698	0.957507	0.016396
1.152069	0.937250	0.001344
1.158007	0.947947	0.001997
1.164176	0.950543	0.008065
1.169578	0.950082	0.011637
1.175413	0.950112	0.001132
1.181622	0.946093	0.012822
1.188567	0.952296	0.009046
1.194480	0.951635	0.009000
1.201057	0.945883	0.000480
1.207517	0.957249	0.001151
1.212949	0.957868	0.003946
1.218336	0.952110	0.006430
1.224201	0.950290	0.008088
1.230018	0.961319	0.001146
1.235399	0.957447	0.008419
1.241128	0.961467	0.009144
1.247787	0.967058	0.008214
1.253704	0.967671	0.005745
1.259607	0.972017	0.006091
1.265851	0.966182	0.004414
1.271698	0.972859	0.001957
1.277069	0.978089	0.002849
1.282588	0.980202	0.000935
1.289186	0.980841	0.007275
1.294578	0.985793	0.004068
1.300622	0.985041	0.002717
1.306259	0.989096	0.002544
1.312529	0.989740	0.000116
1.318228	0.991242	0.001687
1.324013	0.990705	0.000392
1.330216	0.994512	0.000890
1.336477	0.993488	0.001232
1.342737	0.994343	0.001477
1.348629	0.996531	0.001444
1.355177	0.998111	0.002117
1.360941	0.998285	0.001180
1.366337	1.001257	0.001033
1.372506	1.001314	0.001115
1.377958	0.999195	0.000956
1.383390	1.000716	0.002685
1.388971	0.999813	0.000476
1.395170	0.999793	0.001349
1.401358	1.000226	0.001734
1.406980	0.997657	0.000246
1.413556	1.000289	0.002251
1.419087	0.997114	0.002973
1.424499	0.999529	0.000191
1.430032	0.999093	0.001855
1.436115	0.999206	0.001345
1.441567	0.999372	0.000159
1.446979	0.998980	0.001518
1.452743	1.001415	0.001516
1.458616	1.001345	0.001060
1.464058	0.999468	0.003868
1.469930	0.999661	0.001310
1.476174	1.001661	0.004372
1.482169	0.998266	0.001536
1.488122	1.000528	0.001245
1.494413	0.999799	0.000390
1.500367	0.998458	0.004708
1.506249	0.998329	0.000609
1.511631	0.997642	0.001003
1.517716	0.999199	0.001931
1.523277	0.999198	0.000269
1.528659	1.000156	0.000384
1.534212	0.997872	0.001718
1.540275	0.999765	0.000457
1.545707	0.999165	0.001227
1.551149	0.998988	0.000260
1.557368	0.999017	0.002746
1.563808	0.997672	0.001589
1.569367	1.000354	0.000546
1.576067	1.001447	0.000980
1.582588	0.996870	0.004867
1.588895	0.997920	0.000499
1.594439	0.997786	0.002101
1.600801	0.997223	0.002398
1.606597	0.996631	0.000802
1.612059	0.997790	0.002733
1.618560	0.995873	0.003644
1.624749	1.000079	0.000857
1.630156	0.999593	0.001891
1.635598	0.996891	0.001181
1.641838	0.996734	0.000887
1.647868	0.994340	0.005156
1.654210	0.997593	0.005274
1.659642	1.000647	0.001652
1.665275	0.998919	0.003458
1.670707	0.999015	0.002221
1.676149	0.996353	0.003284
1.681581	0.999850	0.007133
1.687249	1.001464	0.001858
1.692656	0.995503	0.003928
1.698098	0.997884	0.000001
1.703500	0.998166	0.002921
1.709198	0.998200	0.001357
1.714983	0.999646	0.000688
1.720957	1.001566	0.000963
1.727728	0.997000	0.000207
1.733769	0.994663	0.000878
1.739196	0.992333	0.003564
1.744643	0.990644	0.013957
1.750286	0.997849	0.000944
1.755728	0.989425	0.011226
1.761344	0.998023	0.001091
1.767175	1.011439	0.001224
1.772976	1.000834	0.001261
1.779282	1.000446	0.003179
1.785179	1.002924	0.002343
1.791409	1.000884	0.001349
1.797306	1.000119	0.002879
1.803132	1.001187	0.001259
1.808835	1.015326	0.001034
1.814896	0.997344	0.002689
1.820579	0.999080	0.001649
1.827575	0.999614	0.001866
1.834219	1.000511	0.003792
1.840101	1.001850	0.001744
1.845957	1.007489	0.002591
1.852038	1.007863	0.006365
1.857926	1.002131	0.002087
1.863868	1.003870	0.004088
1.869751	0.999484	0.001468
1.875899	0.991436	0.003976
1.881908	0.986868	0.001846
1.888189	0.989080	0.006164
1.894459	1.001900	0.000279
1.900986	1.001883	0.001584
1.907849	1.004059	0.001062
1.914737	1.001232	0.000146
1.921826	1.001920	0.001158
1.928188	1.002273	0.000266
1.934884	1.004031	0.000793
1.942395	1.000215	0.000960
1.949018	1.001907	0.000018
1.955764	1.002817	0.000753
1.962796	1.001077	0.000367
1.969577	1.000206	0.000701
1.977095	1.003194	0.000635
1.983626	1.001194	0.001190
1.990080	1.001885	0.002205
1.996626	1.004762	0.004083
2.003163	1.002253	0.000666
2.009607	1.001655	0.002088
2.016158	1.004476	0.003333
2.023013	1.002220	0.000532
2.029747	1.000601	0.001242
2.036298	1.000956	0.002182
2.042978	1.001896	0.000755
2.049274	1.003978	0.001977
2.056091	1.004483	0.001754
2.063384	1.004227	0.000566
2.070104	1.003102	0.000999
2.076946	1.004755	0.001470
2.085215	1.003489	0.002570
2.091834	1.003383	0.000199
2.099298	1.001482	0.000199
2.106685	1.001761	0.000242
2.113097	1.001084	0.000522
2.119955	1.003927	0.000794
2.126936	1.003156	0.000327
2.133785	1.000427	0.001021
2.140458	1.005450	0.001800
2.147138	1.001446	0.000012
2.153424	1.001966	0.000412
2.159908	1.002433	0.000128
2.166685	1.000453	0.000192
2.173119	1.001702	0.000502
2.179425	1.002601	0.000820
2.186125	1.001228	0.000604
2.192676	1.001228	0.001215
2.199018	1.001050	0.000916
2.205877	1.003064	0.001951
2.212796	1.002133	0.001580
2.219240	1.001821	0.000401
2.225806	1.003541	0.000871
2.232293	1.003515	0.000122
2.238797	0.999025	0.000929
2.245308	1.002804	0.000065
2.252366	1.003831	0.000123
2.258917	1.002785	0.001010
2.265458	1.002765	0.000510
2.272148	1.002625	0.000244
2.278424	1.002977	0.001950
2.285367	1.003734	0.000861
2.292324	1.002575	0.000097
2.299065	1.000841	0.002066
2.305738	1.003966	0.000342
2.312525	1.002614	0.001957
2.318969	1.002079	0.000024
2.325387	1.004816	0.003136
2.333145	1.000841	0.000231
2.339835	1.001886	0.000104
2.347485	1.003151	0.000703
2.354824	1.002374	0.001973
2.361206	1.000720	0.001435
2.367697	1.001658	0.001460
2.375025	1.002973	0.000554
2.381469	1.003277	0.001638
2.387765	1.001998	0.000887
2.394786	0.999076	0.000879
2.401635	1.001455	0.000434
2.407967	1.000736	0.000038
2.414747	0.998922	0.000665
2.422316	1.000744	0.000218
2.428807	1.001258	0.000980
2.435435	0.999100	0.001217
2.442737	0.999575	0.000119
2.449637	1.000942	0.000693
2.456265	1.000003	0.000137
2.462806	0.998557	0.001487
2.469240	1.001897	0.001889
2.475806	1.000375	0.002126
2.482553	0.998713	0.001325
2.489518	0.999193	0.002285
2.497235	1.000594	0.000195
2.503776	1.002900	0.002547
2.510317	1.002347	0.001204
2.517338	1.003332	0.001951
2.523973	1.001592	0.002862
2.530947	1.004389	0.002597
2.537647	1.000911	0.003148
2.544195	1.000996	0.000114
2.550597	1.002354	0.001387
2.557128	1.001858	0.000824
2.563808	1.000632	0.000522
2.570104	1.001108	0.002025
2.576578	0.999827	0.000042
2.583504	1.000841	0.000282
2.590376	1.001402	0.000240
2.596749	1.001545	0.000306
2.603485	1.000686	0.000082
2.609985	1.000521	0.000657
2.616307	1.000038	0.000730
2.622935	0.999339	0.001910
2.629466	1.001341	0.000236
2.635910	1.000057	0.001527
2.642466	0.997706	0.000051
2.648973	0.996893	0.001477
2.655457	0.997908	0.001450
2.662616	0.998048	0.000743
2.669195	0.995449	0.001389
2.676215	0.995956	0.000852
2.683977	0.999480	0.001772
2.690643	0.992568	0.003080
2.697326	0.998773	0.001590
2.705034	0.987452	0.007546
2.712116	0.991319	0.000010
2.718846	0.992288	0.002291
2.728438	0.986000	0.003794
2.735526	0.988250	0.000871
2.742513	0.983352	0.003114
2.750015	0.982874	0.005116
2.756459	0.974304	0.008500
2.763015	0.976876	0.001092
2.770155	0.972909	0.001359
2.776655	0.961435	0.000697
2.784136	0.967950	0.002079
2.792007	0.953698	0.011925
2.798716	0.962677	0.001153
2.805528	0.962583	0.012300
2.813164	0.945141	0.006591
2.819546	0.957760	0.007221
2.826215	0.956792	0.003868
2.833345	0.957024	0.006590
2.839799	0.942299	0.005186
2.846754	0.951722	0.002289
2.854185	0.950708	0.004533
2.860639	0.940211	0.002540
2.867875	0.951662	0.002297
2.875015	0.951889	0.002416
2.881556	0.951173	0.007879
2.888715	0.954713	0.002466
2.895845	0.959708	0.005073
2.902299	0.951824	0.004354
2.908855	0.963798	0.006077
2.915985	0.964901	0.000059
2.922986	0.963294	0.007788
2.929803	0.972881	0.003836
2.937515	0.973294	0.000854
2.943959	0.974307	0.005609
2.950525	0.976175	0.005230
2.957655	0.978792	0.003451
2.964155	0.981747	0.004169
2.970763	0.981969	0.003521
2.977795	0.985636	0.001142
2.984346	0.985612	0.000276
2.990816	0.989731	0.000806
2.997374	0.991435	0.002934
3.003776	0.993576	0.000396
3.010914	0.994709	0.001475
3.018751	0.998167	0.000235
3.025597	0.999006	0.000518
3.032486	0.997892	0.000118
3.039054	1.001126	0.000356
3.045446	1.000650	0.000876
3.051987	0.999476	0.003549
3.059205	0.999692	0.000360
3.066276	1.003793	0.001832
3.072827	1.000517	0.002113
3.079533	1.001844	0.001617
3.085865	1.000944	0.000513
3.092257	1.005551	0.001611
3.100153	1.003976	0.000770
3.106775	1.002440	0.000118
3.114487	1.001634	0.000476
3.121203	1.002008	0.000549
3.127525	1.005539	0.002005
3.133937	1.001869	0.002816
3.140694	1.002866	0.004514
3.148115	1.004501	0.000131
3.155717	1.002528	0.001304
3.162893	1.002671	0.000212
3.169215	1.002337	0.000867
3.175867	1.001810	0.002601
3.183703	1.004433	0.000326
3.191021	1.000100	0.004350
3.198885	1.003651	0.000511
3.205764	1.002600	0.000628
3.213015	1.002003	0.000302
3.219986	1.004698	0.000341
3.227701	1.003113	0.000873
3.236176	1.005123	0.000476
3.243964	1.001853	0.000691
3.250664	1.002656	0.000735
3.257046	1.004087	0.000611
3.265274	1.001671	0.001934
3.273175	1.006151	0.001436
3.280876	1.004640	0.002856
3.289415	1.004473	0.002907
3.297249	1.005315	0.002113
3.305274	1.002855	0.000802
3.312515	1.005067	0.001022
3.319368	1.004809	0.001763
3.326814	1.004850	0.001487
3.334627	1.005338	0.001441
3.342094	1.004941	0.000642
3.349290	0.985554	0.019852
3.356694	0.986724	0.027788
3.362775	0.993170	0.013223
3.369633	1.001039	0.003259
3.376895	1.010609	0.003545
3.384254	1.011174	0.002956
3.391932	1.008473	0.001797
3.398411	1.005714	0.004406
3.404935	0.986953	0.008463
3.412081	0.987915	0.003715
3.417523	0.995307	0.009576
3.423365	1.005721	0.000766
3.430473	1.002654	0.002780
3.436401	1.009623	0.007541
3.442273	1.008056	0.003196
3.448705	1.008129	0.004151
3.454814	1.006182	0.001709
3.460235	1.001695	0.001105
3.466123	1.001539	0.001070
3.472363	1.002320	0.001714
3.478071	1.003567	0.000916
3.483973	1.001373	0.003150
3.490335	1.004869	0.005172
3.496576	1.005669	0.000766
3.502913	1.000869	0.003156
3.509105	1.001317	0.001961
3.516255	1.001805	0.002285
3.522245	1.001594	0.000354
3.528132	1.000891	0.002283
3.534791	1.000270	0.002282
3.540571	1.000860	0.002625
3.546274	0.997103	0.004800
3.552145	1.000804	0.001891
3.558473	1.001738	0.000710
3.563864	1.001134	0.001427
3.569245	1.000643	0.001344
3.575961	0.999517	0.003352
3.581920	1.000319	0.002798
3.587417	1.001707	0.000089
3.593054	1.003067	0.000153
3.599422	1.000562	0.002221
3.605426	1.001636	0.001768
3.611385	1.001795	0.001148
3.618193	1.001230	0.002241
3.623610	1.000980	0.001970
3.629574	0.999327	0.001304
3.635387	1.003197	0.001962
3.641221	0.999691	0.002935
3.646683	1.000511	0.003262
3.652477	0.999842	0.000075
3.658671	0.999594	0.000551
3.664252	0.998345	0.003888
3.669684	0.999865	0.003062
3.675775	0.999433	0.003042
3.682025	1.000580	0.002633
3.687771	1.000220	0.003881
3.693193	0.998936	0.000085
3.699114	0.996430	0.002135
3.704814	0.998162	0.000150
3.710705	1.000227	0.002668
3.716731	0.997073	0.005318
3.723482	0.994622	0.000549
3.729292	0.995063	0.001156
3.734893	0.995478	0.000044
3.740764	0.998510	0.000153
3.746504	0.988981	0.004693
3.752044	0.987175	0.002843
3.758497	0.999332	0.003332
3.764560	0.987666	0.008759
3.769992	0.987963	0.003191
3.775444	0.988304	0.001120
3.781207	0.997288	0.003729
3.787081	0.978150	0.010149
3.792523	0.980088	0.017235
3.797904	0.972902	0.007348
3.803893	0.980615	0.021296
3.809545	0.975579	0.006397
3.814922	0.971284	0.007247
3.820594	0.971585	0.014328
3.827060	0.965531	0.007851
3.832705	0.971270	0.004017
3.838931	0.947635	0.007189
3.845593	0.980812	0.000979
3.851752	0.955982	0.010575
3.857685	0.956834	0.014656
3.864421	0.953087	0.004136
3.870993	0.957507	0.016396
3.876364	0.937250	0.001344
3.882302	0.947947	0.001997
3.888471	0.950543	0.008065
3.893873	0.950082	0.011637
3.899707	0.950112	0.001132
3.905916	0.946093	0.012822
3.912862	0.952296	0.009046
3.918775	0.951635	0.009000
3.925352	0.945883	0.000480
3.931812	0.957249	0.001151
3.937244	0.957868	0.003946
3.942631	0.952110	0.006430
3.948496	0.950290	0.008088
3.954313	0.961319	0.001146
3.959694	0.957447	0.008419
3.965423	0.961467	0.009144
3.972082	0.967058	0.008214
3.977999	0.967671	0.005745
3.983902	0.972017	0.006091
3.990146	0.966182	0.004414
3.995993	0.972859	0.001957
4.001364	0.978089	0.002849
4.006883	0.980202	0.000935
4.013481	0.980841	0.007275
4.018873	0.985793	0.004068
4.024917	0.985041	0.002717
4.030554	0.989096	0.002544
4.036824	0.989740	0.000116
4.042523	0.991242	0.001687
4.048307	0.990705	0.000392
4.054511	0.994512	0.000890
4.060772	0.993488	0.001232
4.067032	0.994343	0.001477
4.072924	0.996531	0.001444
4.079472	0.998111	0.002117
4.085235	0.998285	0.001180
4.090632	1.001257	0.001033
4.096801	1.001314	0.001115
4.102253	0.999195	0.000956
4.107685	1.000716	0.002685
4.113265	0.999813	0.000476
4.119465	0.999793	0.001349
4.125653	1.000226	0.001734
4.131275	0.997657	0.000246
4.137851	1.000289	0.002251
4.143382	0.997114	0.002973
4.148794	0.999529	0.000191
4.154327	0.999093	0.001855
4.160410	0.999206	0.001345
4.165862	0.999372	0.000159
4.171274	0.998980	0.001518
4.177037	1.001415	0.001516
4.182911	1.001345	0.001060
4.188353	0.999468	0.003868
4.194225	0.999661	0.001310
4.200469	1.001661	0.004372
4.206464	0.998266	0.001536
4.212417	1.000528	0.001245
4.218707	0.999799	0.000390
4.224662	0.998458	0.004708
4.230544	0.998329	0.000609
4.235925	0.997642	0.001003
4.242011	0.999199	0.001931
4.247572	0.999198	0.000269
4.252954	1.000156	0.000384
4.258507	0.997872	0.001718
4.264570	0.999765	0.000457
4.270002	0.999165	0.001227
4.275444	0.998988	0.000260
4.281663	0.999017	0.002746
4.288103	0.997672	0.001589
4.293662	1.000354	0.000546
4.300362	1.001447	0.000980
4.306883	0.996870	0.004867
4.313190	0.997920	0.000499
4.318734	0.997786	0.002101
4.325095	0.997223	0.002398
4.330892	0.996631	0.000802
4.336354	0.997790	0.002733
4.342854	0.995873	0.003644
4.349044	1.000079	0.000857
4.354451	0.999593	0.001891
4.359893	0.996891	0.001181
4.366133	0.996734	0.000887
4.372163	0.994340	0.005156
4.378505	0.997593	0.005274
4.383937	1.000647	0.001652
4.389570	0.998919	0.003458
4.395002	0.999015	0.002221
4.400444	0.996353	0.003284
4.405876	0.999850	0.007133
4.411544	1.001464	0.001858
4.416951	0.995503	0.003928
4.422393	0.997884	0.000001
4.427795	0.998166	0.002921
4.433493	0.998200	0.001357
4.439277	0.999646	0.000688
4.445252	1.001566	0.000963
4.452023	0.997000	0.000207
4.458064	0.994663	0.000878
4.463491	0.992333	0.003564
4.468938	0.990644	0.013957
4.474581	0.997849	0.000944
4.480023	0.989425	0.011226
4.485639	0.998023	0.001091
4.491470	1.011439	0.001224
4.497271	1.000834	0.001261
4.503576	1.000446	0.003179
4.509474	1.002924	0.002343
4.515704	1.000884	0.001349
4.521601	1.000119	0.002879
4.527427	1.001187	0.001259
4.533130	1.015326	0.001034
4.539191	0.997344	0.002689
4.544874	0.999080	0.001649
4.551870	0.999614	0.001866
4.558514	1.000511	0.003792
4.564395	1.001850	0.001744
4.570252	1.007489	0.002591
4.576333	1.007863	0.006365
4.582221	1.002131	0.002087
4.588163	1.003870	0.004088
4.594046	0.999484	0.001468
4.600194	0.991436	0.003976
4.606203	0.986868	0.001846
4.612484	0.989080	0.006164
4.618754	1.001900	0.000279
4.625281	1.001883	0.001584
4.632144	1.004059	0.001062
4.639032	1.001232	0.000146
4.646121	1.001920	0.001158
4.652483	1.002273	0.000266
4.659179	1.004031	0.000793
4.666690	1.000215	0.000960
4.673313	1.001907	0.000018
4.680059	1.002817	0.000753
4.687091	1.001077	0.000367
4.693872	1.000206	0.000701
4.701390	1.003194	0.000635
4.707921	1.001194	0.001190
4.714375	1.001885	0.002205
4.720921	1.004762	0.004083
4.727458	1.002253	0.000666
4.733902	1.001655	0.002088
4.740453	1.004476	0.003333
4.747308	1.002220	0.000532
4.754042	1.000601	0.001242
4.760593	1.000956	0.002182
4.767273	1.001896	0.000755
4.773569	1.003978	0.001977
4.780385	1.004483	0.001754
4.787679	1.004227	0.000566
4.794399	1.003102	0.000999
4.801241	1.004755	0.001470
4.809510	1.003489	0.002570
4.816129	1.003383	0.000199
4.823593	1.001482	0.000199
4.830980	1.001761	0.000242
4.837392	1.001084	0.000522
4.844250	1.003927	0.000794
4.851231	1.003156	0.000327
4.858080	1.000427	0.001021
4.864753	1.005450	0.001800
4.871433	1.001446	0.000012
4.877719	1.001966	0.000412
4.884203	1.002433	0.000128
4.890980	1.000453	0.000192
4.897414	1.001702	0.000502
4.903720	1.002601	0.000820
4.910420	1.001228	0.000604
4.916971	1.001228	0.001215
4.923313	1.001050	0.000916
4.930172	1.003064	0.001951
4.937091	1.002133	0.001580
4.943535	1.001821	0.000401
4.950101	1.003541	0.000871
4.956588	1.003515	0.000122
4.963092	0.999025	0.000929
4.969603	1.002804	0.000065
4.976661	1.003831	0.000123
4.983212	1.002785	0.001010
4.989753	1.002765	0.000510
4.996443	1.002625	0.000244
5.002719	1.002977	0.001950
5.009662	1.003734	0.000861
5.016619	1.002575	0.000097
5.023360	1.000841	0.002066
5.030033	1.003966	0.000342
5.036820	1.002614	0.001957
5.043264	1.002079	0.000024
5.049682	1.004816	0.003136
5.057440	1.000841	0.000231
5.064130	1.001886	0.000104
5.071780	1.003151	0.000703
5.079119	1.002374	0.001973
5.085501	1.000720	0.001435
5.091992	1.001658	0.001460
5.099320	1.002973	0.000554
5.105764	1.003277	0.001638
5.112060	1.001998	0.000887
5.119081	0.999076	0.000879
5.125930	1.001455	0.000434
5.132262	1.000736	0.000038
5.139042	0.998922	0.000665
5.146611	1.000744	0.000218
5.153102	1.001258	0.000980
5.159730	0.999100	0.001217
5.167032	0.999575	0.000119
5.173932	1.000942	0.000693
5.180560	1.000003	0.000137
5.187101	0.998557	0.001487
5.193535	1.001897	0.001889
5.200101	1.000375	0.002126
5.206848	0.998713	0.001325
5.213813	0.999193	0.002285
5.221530	1.000594	0.000195
5.228071	1.002900	0.002547
5.234612	1.002347	0.001204
5.241633	1.003332	0.001951
5.248268	1.001592	0.002862
5.255242	1.004389	0.002597
5.261942	1.000911	0.003148
5.268490	1.000996	0.000114
5.274892	1.002354	0.001387
5.281423	1.001858	0.000824
5.288103	1.000632	0.000522
5.294399	1.001108	0.002025
5.300873	0.999827	0.000042
5.307799	1.000841	0.000282
5.314671	1.001402	0.000240
5.321044	1.001545	0.000306
5.327780	1.000686	0.000082
5.334280	1.000521	0.000657
5.340602	1.000038	0.000730
5.347230	0.999339	0.001910
5.353761	1.001341	0.000236
5.360205	1.000057	0.001527
5.366761	0.997706	0.000051
5.373268	0.996893	0.001477
5.379752	0.997908	0.001450
5.386911	0.998048	0.000743
5.393490	0.995449	0.001389
5.400510	0.995956	0.000852
5.408272	0.999480	0.001772
5.414938	0.992568	0.003080
5.421621	0.998773	0.001590
5.429329	0.987452	0.007546
5.436411	0.991319	0.000010
5.443141	0.992288	0.002291
