180
0.011469	0.999783	0.003143
0.032309	1.000512	0.001727
0.053791	1.000260	0.001569
0.078512	1.001247	0.002645
0.104866	1.001783	0.000201
0.127507	1.004334	0.001328
0.150247	1.002678	0.001023
0.173959	1.004687	0.002630
0.194799	1.003645	0.003980
0.215649	1.003430	0.002499
0.236459	1.002760	0.003573
0.257289	1.001933	0.002587
0.276352	1.000472	0.002479
0.296540	1.000390	0.000384
0.316091	0.999903	0.001051
0.335175	0.999898	0.002095
0.354268	1.000252	0.002160
0.373137	0.999350	0.000837
0.393848	0.999106	0.000171
0.413220	0.999259	0.001134
0.433921	0.997731	0.001392
0.452790	0.997447	0.000856
0.471709	0.997904	0.000514
0.490629	0.997578	0.000791
0.509403	0.999388	0.003253
0.529407	1.000299	0.003108
0.549113	1.000966	0.002308
0.567828	1.000656	0.001026
0.585165	1.002102	0.001065
0.603666	1.002193	0.001390
0.622535	1.003017	0.001949
0.641638	1.002733	0.003833
0.660538	1.003868	0.003031
0.680875	1.004164	0.001207
0.701695	1.002546	0.000154
0.721107	1.003346	0.000917
0.740027	1.004735	0.002388
0.758911	1.002856	0.003790
0.777840	1.002587	0.003405
0.796749	1.002306	0.000593
0.815653	1.001047	0.000855
0.834563	1.000790	0.002778
0.853666	1.000081	0.003366
0.872535	0.999633	0.000123
0.891638	0.998062	0.002022
0.910538	0.997625	0.001609
0.929761	0.995789	0.001366
0.950247	0.996876	0.001408
0.969207	0.995613	0.001830
0.988091	0.996095	0.002128
1.007149	0.997371	0.001993
1.027840	0.995813	0.004112
1.046749	0.996649	0.002812
1.065653	0.999359	0.001961
1.085996	0.997111	0.001576
1.107473	0.999523	0.000938
1.130383	0.999839	0.000091
1.151223	1.000860	0.000123
1.172053	1.000766	0.001529
1.192883	1.002083	0.000947
1.213723	1.003569	0.001908
1.234553	1.002554	0.000296
1.256338	1.003968	0.001482
1.279432	1.002324	0.000656
1.303636	0.996385	0.002919
1.328432	0.956490	0.015163
1.354407	0.893918	0.018161
1.378596	0.821353	0.022910
1.404412	0.735728	0.027221
1.430253	0.665643	0.021770
1.455189	0.664870	0.000868
1.479407	0.706538	0.024618
1.502820	0.776443	0.036854
1.525894	0.842059	0.031015
1.549003	0.910376	0.018656
1.572206	0.963966	0.009836
1.595938	0.995095	0.003841
1.618718	0.998456	0.000018
1.639518	0.999498	0.000579
1.660358	1.000580	0.000935
1.685045	1.001123	0.000157
1.709169	1.003909	0.000521
1.734906	1.004338	0.002924
1.756198	1.004268	0.002364
1.778143	1.005223	0.002568
1.801869	1.003514	0.002872
1.824466	1.005344	0.001633
1.846580	1.003134	0.001005
1.870595	1.004988	0.000177
1.894341	1.004879	0.000164
1.923531	1.005396	0.000408
1.947206	1.006041	0.000423
1.973491	1.006174	0.000978
1.996441	1.007250	0.002833
2.019171	1.005641	0.002174
2.038091	1.005162	0.003390
2.060378	1.004492	0.002934
2.081188	1.002961	0.002850
2.102028	1.001713	0.002632
2.123038	0.998301	0.000865
2.146057	0.999320	0.000627
2.168708	0.996706	0.002430
2.191445	0.996270	0.001757
2.213224	0.994909	0.000421
2.235388	0.966319	0.016461
2.257164	0.865229	0.040696
2.279108	0.728157	0.045197
2.301600	0.585674	0.039635
2.322858	0.589157	0.007193
2.343688	0.722547	0.025367
2.365996	0.863047	0.030328
2.387438	0.967801	0.014634
2.408278	0.999387	0.002470
2.429128	0.998823	0.001309
2.451695	0.998210	0.001015
2.472868	0.998059	0.001821
2.495425	0.998142	0.000922
2.518400	0.996610	0.001381
2.539528	0.997319	0.001248
2.560378	0.996070	0.001584
2.581188	0.996846	0.002186
2.602038	0.995839	0.003087
2.622878	0.996277	0.001619
2.643688	0.997472	0.002156
2.664538	0.996690	0.001028
2.685368	0.998063	0.000614
2.706348	0.997221	0.000386
2.729108	0.998773	0.001136
2.749948	0.999364	0.000876
2.770778	1.000267	0.000292
2.791608	1.001186	0.001149
2.812448	1.001276	0.001144
2.833278	1.002814	0.002373
2.854118	1.001992	0.002168
2.874948	1.004032	0.004279
2.895778	1.003613	0.002446
2.917853	1.002538	0.003069
2.940793	1.003700	0.002001
2.962438	1.002868	0.000737
2.985189	1.001838	0.000897
3.006208	1.002354	0.001093
3.027028	0.999573	0.000860
3.047545	1.005923	0.006518
3.070788	0.997975	0.003752
3.091136	1.000948	0.000546
3.110045	0.999015	0.002224
3.128989	0.999369	0.004231
3.148172	0.998086	0.002244
3.166982	0.998853	0.000046
3.184244	1.000781	0.000502
3.201600	0.999717	0.001175
3.218878	0.999509	0.003468
3.236483	1.001246	0.002184
3.253830	0.999189	0.002549
3.273172	0.998749	0.002120
3.291982	1.003454	0.002590
3.309244	1.002825	0.004089
3.328969	1.005167	0.003517
3.349466	1.006075	0.002817
3.371251	1.006725	0.004485
3.390374	1.006133	0.002605
3.409264	1.007239	0.001028
3.428133	1.008196	0.003886
3.447376	1.005302	0.003419
3.467913	1.004317	0.004808
3.487438	1.002285	0.002157
3.509547	1.002443	0.001630
3.532826	1.002135	0.000061
3.556188	1.001102	0.002012
3.577018	0.999055	0.000033
3.597868	0.998560	0.001139
3.618688	0.997277	0.000175
3.640439	0.998270	0.000594
3.663733	0.997162	0.000818
3.688852	0.998007	0.001458
3.714345	0.996995	0.000270
3.737911	0.997683	0.002955
3.760045	1.002694	0.000643
3.780885	1.000039	0.003056
3.801705	0.999847	0.001187
3.828795	0.999783	0.003143
3.849635	1.000512	0.001727
3.871117	1.000260	0.001569
3.895838	1.001247	0.002645
3.922192	1.001783	0.000201
3.944833	1.004334	0.001328
3.967574	1.002678	0.001023
3.991285	1.004687	0.002630
4.012125	1.003645	0.003980
4.032975	1.003430	0.002499
4.053785	1.002760	0.003573
4.074615	1.001933	0.002587
4.093678	1.000472	0.002479
4.113866	1.000390	0.000384
4.133418	0.999903	0.001051
4.152501	0.999898	0.002095
4.171594	1.000252	0.002160
4.190464	0.999350	0.000837
4.211174	0.999106	0.000171
4.230546	0.999259	0.001134
4.251247	0.997731	0.001392
4.270116	0.997447	0.000856
4.289036	0.997904	0.000514
4.307955	0.997578	0.000791
4.326730	0.999388	0.003253
4.346734	1.000299	0.003108
4.366439	1.000966	0.002308
4.385155	1.000656	0.001026
4.402491	1.002102	0.001065
4.420992	1.002193	0.001390
4.439862	1.003017	0.001949
4.458965	1.002733	0.003833
4.477864	1.003868	0.003031
4.498202	1.004164	0.001207
4.519022	1.002546	0.000154
4.538434	1.003346	0.000917
4.557353	1.004735	0.002388
4.576237	1.002856	0.003790
4.595166	1.002587	0.003405
4.614076	1.002306	0.000593
4.632980	1.001047	0.000855
4.651889	1.000790	0.002778
4.670992	1.000081	0.003366
4.689862	0.999633	0.000123
4.708965	0.998062	0.002022
4.727864	0.997625	0.001609
4.747087	0.995789	0.001366
4.767574	0.996876	0.001408
4.786533	0.995613	0.001830
4.805417	0.996095	0.002128
4.824476	0.997371	0.001993
4.845166	0.995813	0.004112
4.864076	0.996649	0.002812
4.882980	0.999359	0.001961
4.903323	0.997111	0.001576
4.924799	0.999523	0.000938
4.947709	0.999839	0.000091
4.968549	1.000860	0.000123
4.989379	1.000766	0.001529
5.010209	1.002083	0.000947
5.031049	1.003569	0.001908
5.051879	1.002554	0.000296
5.073664	1.003968	0.001482
5.096758	1.002324	0.000656
5.120962	0.996385	0.002919
5.145758	0.956490	0.015163
5.171734	0.893918	0.018161
5.195922	0.821353	0.022910
5.221738	0.735728	0.027221
5.247580	0.665643	0.021770
5.272515	0.664870	0.000868
5.296734	0.706538	0.024618
5.320146	0.776443	0.036854
5.343220	0.842059	0.031015
5.366330	0.910376	0.018656
5.389533	0.963966	0.009836
5.413264	0.995095	0.003841
5.436045	0.998456	0.000018
5.456845	0.999498	0.000579
5.477685	1.000580	0.000935
5.502372	1.001123	0.000157
5.526496	1.003909	0.000521
5.552232	1.004338	0.002924
5.573525	1.004268	0.002364
5.595470	1.005223	0.002568
5.619196	1.003514	0.002872
5.641792	1.005344	0.001633
5.663906	1.003134	0.001005
5.687921	1.004988	0.000177
5.711667	1.004879	0.000164
5.740857	1.005396	0.000408
5.764533	1.006041	0.000423
5.790817	1.006174	0.000978
5.813767	1.007250	0.002833
5.836498	1.005641	0.002174
5.855417	1.005162	0.003390
5.877705	1.004492	0.002934
5.898515	1.002961	0.002850
5.919355	1.001713	0.002632
5.940364	0.998301	0.000865
5.963384	0.999320	0.000627
5.986035	0.996706	0.002430
6.008771	0.996270	0.001757
6.030551	0.994909	0.000421
6.052715	0.966319	0.016461
6.074490	0.865229	0.040696
6.096435	0.728157	0.045197
6.118927	0.585674	0.039635
6.140185	0.589157	0.007193
6.161015	0.722547	0.025367
6.183323	0.863047	0.030328
6.204765	0.967801	0.014634
6.225605	0.999387	0.002470
6.246455	0.998823	0.001309
6.269022	0.998210	0.001015
6.290195	0.998059	0.001821
6.312752	0.998142	0.000922
6.335726	0.996610	0.001381
6.356855	0.997319	0.001248
6.377705	0.996070	0.001584
6.398515	0.996846	0.002186
6.419365	0.995839	0.003087
6.440205	0.996277	0.001619
6.461015	0.997472	0.002156
6.481865	0.996690	0.001028
6.502695	0.998063	0.000614
6.523674	0.997221	0.000386
6.546435	0.998773	0.001136
6.567275	0.999364	0.000876
6.588105	1.000267	0.000292
6.608935	1.001186	0.001149
6.629775	1.001276	0.001144
6.650605	1.002814	0.002373
6.671445	1.001992	0.002168
6.692275	1.004032	0.004279
6.713105	1.003613	0.002446
6.735179	1.002538	0.003069
6.758119	1.003700	0.002001
6.779765	1.002868	0.000737
6.802516	1.001838	0.000897
6.823535	1.002354	0.001093
6.844355	0.999573	0.000860
6.864872	1.005923	0.006518
6.888115	0.997975	0.003752
6.908462	1.000948	0.000546
6.927372	0.999015	0.002224
6.946316	0.999369	0.004231
6.965498	0.998086	0.002244
6.984308	0.998853	0.000046
7.001570	1.000781	0.000502
7.018927	0.999717	0.001175
7.036204	0.999509	0.003468
7.053810	1.001246	0.002184
7.071156	0.999189	0.002549
7.090498	0.998749	0.002120
7.109308	1.003454	0.002590
7.126570	1.002825	0.004089
7.146296	1.005167	0.003517
7.166792	1.006075	0.002817
7.188578	1.006725	0.004485
7.207701	1.006133	0.002605
7.226590	1.007239	0.001028
7.245460	1.008196	0.003886
7.264702	1.005302	0.003419
7.285239	1.004317	0.004808
7.304765	1.002285	0.002157
7.326873	1.002443	0.001630
7.350152	1.002135	0.000061
7.373515	1.001102	0.002012
7.394345	0.999055	0.000033
7.415195	0.998560	0.001139
7.436015	0.997277	0.000175
7.457766	0.998270	0.000594
7.481059	0.997162	0.000818
7.506178	0.998007	0.001458
7.531671	0.996995	0.000270
7.555238	0.997683	0.002955
7.577372	1.002694	0.000643
7.598212	1.000039	0.003056
7.619032	0.999847	0.001187
