189
0.010064	1.001471	0.000643
0.025996	1.000455	0.000227
0.042559	1.000043	0.000537
0.059584	0.999626	0.000021
0.075546	0.999195	0.000015
0.090057	0.999330	0.000074
0.105327	0.999002	0.000102
0.123523	0.998274	0.000362
0.140969	0.998655	0.000653
0.155874	0.998668	0.000484
0.171269	0.997611	0.000807
0.186856	0.997151	0.000725
0.204082	0.998169	0.000179
0.219841	0.997590	0.000900
0.236281	0.998904	0.000227
0.251732	0.997882	0.000588
0.267561	1.000203	0.000977
0.283846	1.001801	0.003683
0.297467	0.998833	0.000410
0.313734	0.999238	0.000043
0.330511	0.998670	0.000369
0.346528	0.999508	0.000048
0.361051	0.999934	0.000409
0.376791	0.999849	0.000252
0.396510	1.000081	0.000172
0.413515	1.000042	0.000299
0.428324	0.999813	0.000153
0.441475	0.999913	0.000793
0.457188	1.000779	0.000062
0.471528	1.000220	0.000412
0.487479	1.000539	0.000463
0.504676	1.000981	0.000216
0.521893	1.001244	0.000451
0.539664	1.001248	0.000088
0.554868	1.000683	0.000857
0.572104	1.001026	0.000182
0.591458	1.001441	0.000716
0.606257	1.000555	0.000099
0.621883	1.000646	0.000344
0.638381	1.000859	0.000598
0.654532	1.000693	0.000444
0.671356	1.001223	0.000519
0.686932	1.001177	0.000003
0.702731	1.000936	0.000372
0.720924	1.000597	0.000179
0.737862	1.000217	0.000143
0.753707	1.001052	0.000232
0.771520	1.000856	0.000003
0.788170	1.001396	0.000289
0.802539	1.000921	0.000042
0.819353	1.001587	0.000287
0.835131	1.001333	0.000187
0.850670	1.001341	0.000652
0.866545	1.001153	0.000781
0.879992	1.001417	0.000123
0.894976	1.001905	0.000506
0.911013	1.001680	0.000216
0.927847	1.001346	0.000480
0.947181	1.001207	0.000022
0.962758	1.000501	0.000883
0.978478	1.001055	0.000204
0.992924	1.000844	0.000180
1.008023	1.000662	0.000338
1.023637	1.000958	0.000357
1.039532	1.000911	0.000484
1.055424	1.000870	0.000196
1.069008	1.000803	0.000854
1.084440	1.000806	0.000717
1.100670	1.000582	0.000034
1.115039	1.000181	0.000799
1.129686	1.000191	0.000472
1.146520	1.000643	0.000269
1.163448	1.000431	0.000221
1.177539	1.000085	0.000134
1.192618	1.000270	0.000100
1.209047	1.000645	0.000134
1.225833	1.000152	0.000181
1.243088	1.000310	0.000183
1.260322	1.000157	0.000146
1.274442	1.000353	0.000029
1.288995	1.000666	0.000215
1.305414	1.000590	0.000920
1.319927	0.999729	0.000016
1.335705	1.000372	0.000224
1.351063	1.000499	0.000202
1.368528	1.000359	0.000218
1.384527	1.003879	0.004141
1.400526	1.000223	0.000413
1.417214	1.001923	0.002848
1.432303	1.000448	0.000295
1.448302	0.999856	0.000402
1.463841	1.000813	0.000450
1.477365	0.999568	0.000124
1.493096	1.000058	0.000089
1.510342	0.999722	0.000421
1.524989	0.999802	0.000364
1.539865	1.000290	0.000374
1.557034	0.999997	0.000622
1.572564	1.000140	0.000223
1.585984	0.999964	0.000382
1.601379	0.999730	0.000649
1.618702	1.000012	0.000497
1.634413	0.999327	0.000083
1.648647	0.999968	0.000012
1.662594	0.999636	0.000142
1.677435	0.999757	0.000182
1.693941	1.000083	0.000320
1.710650	0.999776	0.000070
1.727683	0.999444	0.000054
1.743806	0.999659	0.000200
1.760370	0.999335	0.000253
1.776073	0.998886	0.000143
1.790144	0.998912	0.000211
1.807609	0.998701	0.000032
1.825355	0.998338	0.000263
1.840154	0.998216	0.000039
1.854264	0.998692	0.000062
1.869803	0.998586	0.000132
1.886224	0.998436	0.000306
1.902654	0.997719	0.000233
1.916764	0.998566	0.000273
1.932303	0.997161	0.000617
1.947564	0.997956	0.000034
1.964972	0.998140	0.000442
1.982476	0.997859	0.000094
1.999269	0.998522	0.000722
2.016401	0.998840	0.000062
2.033675	0.997838	0.000903
2.048484	0.998043	0.000595
2.064559	0.997834	0.000506
2.080981	0.997684	0.000284
2.097822	0.997378	0.000358
2.113573	0.996824	0.000225
2.129149	0.997183	0.000930
2.146021	0.997659	0.000212
2.163026	0.996695	0.000073
2.179888	0.996783	0.000476
2.198466	0.996077	0.000263
2.213573	0.996348	0.000914
2.228459	0.995884	0.000320
2.244813	0.995995	0.000557
2.260812	0.995995	0.000071
2.278173	0.996026	0.000185
2.293461	0.996129	0.000120
2.308424	0.995990	0.000686
2.326985	0.996265	0.000301
2.343394	0.996140	0.000303
2.358876	0.996843	0.000448
2.373732	0.997023	0.000428
2.390941	0.997367	0.000111
2.407849	0.996780	0.000120
2.423494	0.996639	0.000299
2.437748	0.997670	0.000011
2.454448	0.997952	0.000952
2.473436	0.998218	0.000177
2.491572	0.998463	0.000199
2.508827	0.999507	0.000513
2.525996	1.000113	0.000388
2.543289	1.001070	0.000261
2.560705	1.001742	0.000687
2.578670	1.001871	0.000355
2.598024	1.002069	0.000305
2.614502	1.002255	0.000853
2.630002	1.004279	0.000099
2.645713	1.003937	0.000062
2.661789	1.005417	0.000534
2.677002	1.005329	0.000618
2.691533	1.006201	0.000259
2.707130	1.006490	0.000140
2.723024	1.007532	0.000128
2.737997	1.007213	0.000647
2.754418	1.007749	0.000287
2.771998	1.008408	0.000295
2.788600	1.008095	0.000242
2.805089	1.008662	0.000211
2.822353	1.008104	0.000151
2.840422	1.007973	0.000032
2.859144	1.007802	0.000037
2.875131	1.007130	0.000147
2.891421	1.007114	0.000274
2.907542	1.006408	0.000390
2.922783	1.006012	0.000387
2.944833	1.005301	0.000263
2.964070	1.005140	0.000923
2.981085	1.004070	0.000094
2.996404	1.003500	0.000065
3.013007	1.003154	0.000245
3.028190	1.002289	0.000453
3.042502	1.001773	0.000050
3.069880	1.001471	0.000643
3.085812	1.000455	0.000227
3.102375	1.000043	0.000537
3.119401	0.999626	0.000021
3.135362	0.999195	0.000015
3.149873	0.999330	0.000074
3.165144	0.999002	0.000102
3.183339	0.998274	0.000362
3.200785	0.998655	0.000653
3.215690	0.998668	0.000484
3.231085	0.997611	0.000807
3.246672	0.997151	0.000725
3.263899	0.998169	0.000179
3.279657	0.997590	0.000900
3.296098	0.998904	0.000227
3.311548	0.997882	0.000588
3.327378	1.000203	0.000977
3.343662	1.001801	0.003683
3.357283	0.998833	0.000410
3.373550	0.999238	0.000043
3.390327	0.998670	0.000369
3.406344	0.999508	0.000048
3.420867	0.999934	0.000409
3.436607	0.999849	0.000252
3.456326	1.000081	0.000172
3.473331	1.000042	0.000299
3.488141	0.999813	0.000153
3.501292	0.999913	0.000793
3.517004	1.000779	0.000062
3.531344	1.000220	0.000412
3.547295	1.000539	0.000463
3.564492	1.000981	0.000216
3.581709	1.001244	0.000451
3.599480	1.001248	0.000088
3.614684	1.000683	0.000857
3.631920	1.001026	0.000182
3.651274	1.001441	0.000716
3.666073	1.000555	0.000099
3.681699	1.000646	0.000344
3.698198	1.000859	0.000598
3.714348	1.000693	0.000444
3.731172	1.001223	0.000519
3.746749	1.001177	0.000003
3.762547	1.000936	0.000372
3.780740	1.000597	0.000179
3.797678	1.000217	0.000143
3.813523	1.001052	0.000232
3.831336	1.000856	0.000003
3.847986	1.001396	0.000289
3.862355	1.000921	0.000042
3.879169	1.001587	0.000287
3.894947	1.001333	0.000187
3.910486	1.001341	0.000652
3.926361	1.001153	0.000781
3.939808	1.001417	0.000123
3.954793	1.001905	0.000506
3.970829	1.001680	0.000216
3.987663	1.001346	0.000480
4.006997	1.001207	0.000022
4.022574	1.000501	0.000883
4.038294	1.001055	0.000204
4.052741	1.000844	0.000180
4.067839	1.000662	0.000338
4.083453	1.000958	0.000357
4.099348	1.000911	0.000484
4.115241	1.000870	0.000196
4.128824	1.000803	0.000854
4.144257	1.000806	0.000717
4.160486	1.000582	0.000034
4.174855	1.000181	0.000799
4.189502	1.000191	0.000472
4.206336	1.000643	0.000269
4.223264	1.000431	0.000221
4.237355	1.000085	0.000134
4.252434	1.000270	0.000100
4.268863	1.000645	0.000134
4.285650	1.000152	0.000181
4.302904	1.000310	0.000183
4.320139	1.000157	0.000146
4.334259	1.000353	0.000029
4.348811	1.000666	0.000215
4.365231	1.000590	0.000920
4.379744	0.999729	0.000016
4.395521	1.000372	0.000224
4.410879	1.000499	0.000202
4.428344	1.000359	0.000218
4.444344	1.003879	0.004141
4.460342	1.000223	0.000413
4.477030	1.001923	0.002848
4.492119	1.000448	0.000295
4.508118	0.999856	0.000402
4.523657	1.000813	0.000450
4.537181	0.999568	0.000124
4.552912	1.000058	0.000089
4.570159	0.999722	0.000421
4.584805	0.999802	0.000364
4.599681	1.000290	0.000374
4.616851	0.999997	0.000622
4.632380	1.000140	0.000223
4.645800	0.999964	0.000382
4.661195	0.999730	0.000649
4.678518	1.000012	0.000497
4.694229	0.999327	0.000083
4.708463	0.999968	0.000012
4.722410	0.999636	0.000142
4.737251	0.999757	0.000182
4.753757	1.000083	0.000320
4.770466	0.999776	0.000070
4.787499	0.999444	0.000054
4.803622	0.999659	0.000200
4.820186	0.999335	0.000253
4.835889	0.998886	0.000143
4.849960	0.998912	0.000211
4.867425	0.998701	0.000032
4.885171	0.998338	0.000263
4.899970	0.998216	0.000039
4.914080	0.998692	0.000062
4.929619	0.998586	0.000132
4.946041	0.998436	0.000306
4.962470	0.997719	0.000233
4.976580	0.998566	0.000273
4.992119	0.997161	0.000617
5.007380	0.997956	0.000034
5.024788	0.998140	0.000442
5.042293	0.997859	0.000094
5.059085	0.998522	0.000722
5.076217	0.998840	0.000062
5.093491	0.997838	0.000903
5.108300	0.998043	0.000595
5.124375	0.997834	0.000506
5.140797	0.997684	0.000284
5.157639	0.997378	0.000358
5.173389	0.996824	0.000225
5.188965	0.997183	0.000930
5.205837	0.997659	0.000212
5.222842	0.996695	0.000073
5.239704	0.996783	0.000476
5.258282	0.996077	0.000263
5.273389	0.996348	0.000914
5.288275	0.995884	0.000320
5.304629	0.995995	0.000557
5.320628	0.995995	0.000071
5.337989	0.996026	0.000185
5.353277	0.996129	0.000120
5.368240	0.995990	0.000686
5.386801	0.996265	0.000301
5.403210	0.996140	0.000303
5.418692	0.996843	0.000448
5.433548	0.997023	0.000428
5.450757	0.997367	0.000111
5.467666	0.996780	0.000120
5.483310	0.996639	0.000299
5.497564	0.997670	0.000011
5.514264	0.997952	0.000952
5.533252	0.998218	0.000177
5.551389	0.998463	0.000199
5.568643	0.999507	0.000513
5.585812	1.000113	0.000388
5.603106	1.001070	0.000261
5.620521	1.001742	0.000687
5.638486	1.001871	0.000355
5.657840	1.002069	0.000305
5.674319	1.002255	0.000853
5.689818	1.004279	0.000099
5.705529	1.003937	0.000062
5.721605	1.005417	0.000534
5.736819	1.005329	0.000618
5.751349	1.006201	0.000259
5.766946	1.006490	0.000140
5.782840	1.007532	0.000128
5.797813	1.007213	0.000647
5.814234	1.007749	0.000287
5.831814	1.008408	0.000295
5.848417	1.008095	0.000242
5.864905	1.008662	0.000211
5.882170	1.008104	0.000151
5.900238	1.007973	0.000032
5.918961	1.007802	0.000037
5.934948	1.007130	0.000147
5.951237	1.007114	0.000274
5.967358	1.006408	0.000390
5.982599	1.006012	0.000387
6.004649	1.005301	0.000263
6.023886	1.005140	0.000923
6.040902	1.004070	0.000094
6.056220	1.003500	0.000065
6.072823	1.003154	0.000245
6.088007	1.002289	0.000453
6.102318	1.001773	0.000050
