194
0.014521	0.999749	0.000150
0.049772	0.999908	0.000088
0.077021	0.999639	0.000091
0.110196	0.999737	0.000091
0.137425	0.999992	0.000069
0.166418	0.999398	0.000200
0.193512	0.999598	0.000354
0.220673	0.999586	0.000244
0.245669	0.999154	0.000157
0.270707	1.000292	0.000199
0.299849	1.000153	0.000406
0.324931	1.000892	0.000201
0.347845	1.000041	0.000329
0.370759	1.000304	0.000191
0.393689	1.000177	0.000068
0.418603	1.000096	0.000202
0.441537	1.000008	0.000130
0.464499	0.999827	0.000297
0.487417	0.999692	0.000029
0.510345	1.000056	0.000108
0.533261	0.999844	0.000315
0.556247	0.999977	0.000013
0.583279	1.000252	0.000068
0.610269	1.000443	0.000142
0.633233	1.000526	0.000357
0.654093	1.000404	0.000170
0.674913	1.000441	0.000100
0.695733	1.000219	0.000440
0.716593	1.000674	0.000450
0.739497	1.000184	0.000322
0.762407	1.000353	0.000222
0.785339	0.999583	0.000027
0.806227	0.999994	0.000416
0.829081	0.999710	0.000184
0.849985	0.999732	0.000347
0.874913	0.999534	0.000104
0.895753	0.999801	0.000006
0.918673	0.999790	0.000324
0.939493	0.999717	0.000262
0.962371	0.999567	0.000496
0.983253	0.999981	0.000071
1.004073	0.999853	0.000193
1.022871	0.999491	0.000145
1.043687	0.999513	0.000275
1.062441	0.999702	0.000495
1.083221	0.999241	0.000094
1.104045	0.999227	0.000170
1.122787	0.999183	0.000043
1.141531	0.999368	0.000427
1.160429	0.998931	0.000092
1.183207	0.998943	0.000130
1.201947	0.999358	0.000380
1.220727	0.999414	0.000258
1.241543	0.999408	0.000323
1.262363	0.999423	0.000150
1.281137	0.999509	0.000514
1.299891	0.999580	0.000027
1.318625	0.999680	0.000165
1.339499	0.999614	0.000039
1.362387	0.999982	0.000117
1.381125	0.999606	0.000052
1.401965	0.999362	0.000051
1.420753	0.999424	0.000202
1.439507	0.999453	0.000051
1.458281	0.999331	0.000055
1.479061	0.999392	0.000001
1.499865	0.999669	0.000026
1.518667	0.999668	0.000171
1.539463	0.999610	0.000033
1.558211	0.999667	0.000318
1.577031	0.999739	0.000109
1.597799	0.999630	0.000067
1.616553	0.999656	0.000121
1.637361	1.000074	0.000115
1.656141	1.000016	0.000113
1.677027	0.999818	0.000051
1.697787	0.999874	0.000157
1.716561	0.999957	0.000082
1.735325	0.999908	0.000079
1.754083	0.999889	0.000108
1.772847	0.999765	0.000074
1.791631	0.999715	0.000047
1.812371	0.999420	0.000221
1.831139	0.999377	0.000001
1.851977	0.999667	0.000075
1.872867	0.999845	0.000097
1.893619	0.999816	0.000019
1.912393	1.000029	0.000159
1.933217	1.000047	0.000091
1.954055	1.000108	0.000017
1.974881	1.000081	0.000018
1.993631	0.999981	0.000066
2.012373	0.999981	0.000023
2.031137	0.999821	0.000143
2.051967	0.999944	0.000102
2.072779	0.999615	0.000120
2.091561	0.999580	0.000154
2.112387	0.999534	0.000184
2.131135	0.999466	0.000306
2.149923	0.999589	0.000052
2.168697	0.999659	0.000038
2.187441	0.999559	0.000095
2.208199	0.999799	0.000123
2.226963	0.999832	0.000039
2.245701	0.999642	0.000079
2.264457	0.999653	0.000243
2.285299	0.999982	0.000166
2.304043	0.999849	0.000126
2.322787	0.999864	0.000014
2.341561	0.999736	0.000018
2.360325	0.999611	0.000009
2.379073	0.999670	0.000057
2.397847	0.999578	0.000084
2.416621	0.999594	0.000006
2.437361	0.999477	0.000011
2.456119	0.999844	0.000129
2.474871	0.999754	0.000020
2.493621	0.999865	0.000220
2.512373	1.000055	0.000142
2.531127	1.000367	0.000031
2.549891	1.000460	0.000059
2.568635	1.000529	0.000182
2.587413	1.000788	0.000003
2.606197	1.000826	0.000149
2.624941	1.000919	0.000203
2.645699	1.001256	0.000074
2.664453	1.001390	0.000048
2.683191	1.001414	0.000098
2.701957	1.001718	0.000051
2.722789	1.001762	0.000174
2.741533	1.001839	0.000187
2.760287	1.002396	0.000092
2.779061	1.002525	0.000138
2.797815	1.002717	0.000119
2.816573	1.003147	0.000007
2.835367	1.003247	0.000340
2.854111	1.003780	0.000183
2.874851	1.003925	0.000036
2.893631	1.004220	0.000129
2.912369	1.004038	0.000005
2.931111	1.003661	0.000003
2.949873	1.003708	0.000108
2.968637	1.003198	0.000120
2.989433	1.002730	0.000113
3.006135	1.002014	0.000247
3.022881	1.000921	0.000431
3.041567	1.000924	0.000237
3.060238	0.999797	0.000473
3.076923	0.999299	0.000196
3.095675	0.998485	0.000189
3.112377	0.998484	0.000115
3.129073	0.997936	0.000201
3.147825	0.998131	0.000009
3.166621	0.997984	0.000147
3.187351	0.997970	0.000148
3.206131	0.999023	0.000042
3.231115	0.999282	0.000180
3.251959	0.999739	0.000087
3.274875	0.999865	0.000005
3.295705	1.000367	0.000019
3.316525	1.000708	0.000152
3.337375	1.000703	0.000174
3.358205	1.000910	0.000045
3.379025	1.000691	0.000016
3.399875	1.000774	0.000192
3.422741	1.000479	0.000088
3.443647	1.000879	0.000005
3.466535	1.001274	0.000416
3.489451	1.000988	0.000191
3.512459	1.001350	0.000089
3.541567	1.001058	0.000010
3.570701	1.001243	0.000166
3.595791	1.000910	0.000226
3.620805	1.000997	0.000072
3.649843	1.000601	0.000134
3.674927	1.000493	0.000089
3.704133	1.000130	0.000047
3.733183	1.000100	0.000072
3.758257	1.000029	0.000024
3.783299	0.999902	0.000170
3.816523	1.000148	0.000066
3.841587	1.000143	0.000015
3.866633	1.000113	0.000115
3.893681	1.000253	0.000025
3.927005	1.000366	0.000100
3.956181	1.000073	0.000059
3.989495	1.000114	0.000004
4.018681	0.999680	0.000001
4.049917	0.999536	0.000115
4.077085	0.999647	0.000123
4.110267	0.999692	0.000111
4.137495	0.999735	0.000089
4.168621	0.999763	0.000123
4.197893	1.000098	0.000021
4.243761	0.999749	0.000150
4.279013	0.999908	0.000088
4.306261	0.999639	0.000091
4.339437	0.999737	0.000091
4.366665	0.999992	0.000069
4.395659	0.999398	0.000200
4.422753	0.999598	0.000354
4.449913	0.999586	0.000244
4.474909	0.999154	0.000157
4.499947	1.000292	0.000199
4.529089	1.000153	0.000406
4.554171	1.000892	0.000201
4.577085	1.000041	0.000329
4.599999	1.000304	0.000191
4.622929	1.000177	0.000068
4.647843	1.000096	0.000202
4.670777	1.000008	0.000130
4.693739	0.999827	0.000297
4.716657	0.999692	0.000029
4.739585	1.000056	0.000108
4.762501	0.999844	0.000315
4.785487	0.999977	0.000013
4.812519	1.000252	0.000068
4.839509	1.000443	0.000142
4.862473	1.000526	0.000357
4.883333	1.000404	0.000170
4.904153	1.000441	0.000100
4.924973	1.000219	0.000440
4.945833	1.000674	0.000450
4.968737	1.000184	0.000322
4.991647	1.000353	0.000222
5.014579	0.999583	0.000027
5.035467	0.999994	0.000416
5.058321	0.999710	0.000184
5.079225	0.999732	0.000347
5.104153	0.999534	0.000104
5.124993	0.999801	0.000006
5.147913	0.999790	0.000324
5.168733	0.999717	0.000262
5.191611	0.999567	0.000496
5.212493	0.999981	0.000071
5.233313	0.999853	0.000193
5.252111	0.999491	0.000145
5.272927	0.999513	0.000275
5.291681	0.999702	0.000495
5.312461	0.999241	0.000094
5.333285	0.999227	0.000170
5.352027	0.999183	0.000043
5.370771	0.999368	0.000427
5.389669	0.998931	0.000092
5.412447	0.998943	0.000130
5.431187	0.999358	0.000380
5.449967	0.999414	0.000258
5.470783	0.999408	0.000323
5.491603	0.999423	0.000150
5.510377	0.999509	0.000514
5.529131	0.999580	0.000027
5.547865	0.999680	0.000165
5.568739	0.999614	0.000039
5.591627	0.999982	0.000117
5.610365	0.999606	0.000052
5.631205	0.999362	0.000051
5.649993	0.999424	0.000202
5.668747	0.999453	0.000051
5.687521	0.999331	0.000055
5.708301	0.999392	0.000001
5.729105	0.999669	0.000026
5.747907	0.999668	0.000171
5.768703	0.999610	0.000033
5.787451	0.999667	0.000318
5.806271	0.999739	0.000109
5.827039	0.999630	0.000067
5.845793	0.999656	0.000121
5.866601	1.000074	0.000115
5.885381	1.000016	0.000113
5.906267	0.999818	0.000051
5.927027	0.999874	0.000157
5.945801	0.999957	0.000082
5.964565	0.999908	0.000079
5.983323	0.999889	0.000108
6.002087	0.999765	0.000074
6.020871	0.999715	0.000047
6.041611	0.999420	0.000221
6.060379	0.999377	0.000001
6.081217	0.999667	0.000075
6.102107	0.999845	0.000097
6.122859	0.999816	0.000019
6.141633	1.000029	0.000159
6.162457	1.000047	0.000091
6.183295	1.000108	0.000017
6.204121	1.000081	0.000018
6.222871	0.999981	0.000066
6.241613	0.999981	0.000023
6.260377	0.999821	0.000143
6.281207	0.999944	0.000102
6.302019	0.999615	0.000120
6.320801	0.999580	0.000154
6.341627	0.999534	0.000184
6.360375	0.999466	0.000306
6.379163	0.999589	0.000052
6.397937	0.999659	0.000038
6.416681	0.999559	0.000095
6.437439	0.999799	0.000123
6.456203	0.999832	0.000039
6.474941	0.999642	0.000079
6.493697	0.999653	0.000243
6.514539	0.999982	0.000166
6.533283	0.999849	0.000126
6.552027	0.999864	0.000014
6.570801	0.999736	0.000018
6.589565	0.999611	0.000009
6.608313	0.999670	0.000057
6.627087	0.999578	0.000084
6.645861	0.999594	0.000006
6.666601	0.999477	0.000011
6.685359	0.999844	0.000129
6.704111	0.999754	0.000020
6.722861	0.999865	0.000220
6.741613	1.000055	0.000142
6.760367	1.000367	0.000031
6.779131	1.000460	0.000059
6.797875	1.000529	0.000182
6.816653	1.000788	0.000003
6.835437	1.000826	0.000149
6.854181	1.000919	0.000203
6.874939	1.001256	0.000074
6.893693	1.001390	0.000048
6.912431	1.001414	0.000098
6.931197	1.001718	0.000051
6.952029	1.001762	0.000174
6.970773	1.001839	0.000187
6.989527	1.002396	0.000092
7.008301	1.002525	0.000138
7.027055	1.002717	0.000119
7.045813	1.003147	0.000007
7.064607	1.003247	0.000340
7.083351	1.003780	0.000183
7.104091	1.003925	0.000036
7.122871	1.004220	0.000129
7.141609	1.004038	0.000005
7.160351	1.003661	0.000003
7.179113	1.003708	0.000108
7.197877	1.003198	0.000120
7.218673	1.002730	0.000113
7.235375	1.002014	0.000247
7.252121	1.000921	0.000431
7.270807	1.000924	0.000237
7.289479	0.999797	0.000473
7.306163	0.999299	0.000196
7.324915	0.998485	0.000189
7.341617	0.998484	0.000115
7.358313	0.997936	0.000201
7.377065	0.998131	0.000009
7.395861	0.997984	0.000147
7.416591	0.997970	0.000148
7.435371	0.999023	0.000042
7.460355	0.999282	0.000180
7.481199	0.999739	0.000087
7.504115	0.999865	0.000005
7.524945	1.000367	0.000019
7.545765	1.000708	0.000152
7.566615	1.000703	0.000174
7.587445	1.000910	0.000045
7.608265	1.000691	0.000016
7.629115	1.000774	0.000192
7.651981	1.000479	0.000088
7.672887	1.000879	0.000005
7.695775	1.001274	0.000416
7.718691	1.000988	0.000191
7.741699	1.001350	0.000089
7.770807	1.001058	0.000010
7.799941	1.001243	0.000166
7.825031	1.000910	0.000226
7.850045	1.000997	0.000072
7.879083	1.000601	0.000134
7.904167	1.000493	0.000089
7.933373	1.000130	0.000047
7.962423	1.000100	0.000072
7.987497	1.000029	0.000024
8.012539	0.999902	0.000170
8.045763	1.000148	0.000066
8.070827	1.000143	0.000015
8.095873	1.000113	0.000115
8.122921	1.000253	0.000025
8.156245	1.000366	0.000100
8.185421	1.000073	0.000059
8.218735	1.000114	0.000004
8.247921	0.999680	0.000001
8.279157	0.999536	0.000115
8.306325	0.999647	0.000123
8.339507	0.999692	0.000111
8.366735	0.999735	0.000089
8.397861	0.999763	0.000123
8.427133	1.000098	0.000021
