107
0.022304	0.868426	0.025845
0.063031	0.828968	0.010888
0.101046	0.820563	0.004655
0.139548	0.861774	0.018002
0.177125	0.913380	0.018159
0.216122	0.970620	0.012137
0.256791	0.996541	0.002485
0.293785	0.998178	0.000068
0.332286	0.998850	0.000104
0.367268	0.997551	0.000081
0.399530	0.999044	0.000610
0.439673	0.999232	0.000999
0.478632	1.001132	0.000220
0.515168	1.000532	0.000493
0.549587	1.001379	0.000035
0.583938	1.002091	0.000051
0.618327	1.002511	0.000199
0.653777	1.003743	0.000530
0.684930	1.003312	0.000037
0.720427	1.001941	0.000769
0.755790	0.996136	0.008350
0.792774	0.993597	0.001155
0.828241	0.984007	0.011719
0.865256	0.994421	0.004661
0.897450	1.003519	0.000285
0.928757	1.004100	0.000355
0.962535	1.003854	0.000689
0.992831	1.004556	0.000118
1.029768	1.001555	0.000973
1.067764	1.003090	0.002142
1.108433	0.998552	0.001475
1.144901	1.003152	0.000229
1.188614	1.002991	0.000875
1.225588	1.002277	0.000372
1.267238	1.002415	0.001548
1.306353	1.001686	0.000418
1.341753	0.997754	0.000818
1.376114	0.999738	0.000006
1.413088	1.000156	0.001108
1.449587	0.989883	0.003853
1.487087	0.992575	0.000811
1.528154	0.988507	0.005593
1.563681	0.980256	0.003786
1.604108	0.985705	0.003918
1.647983	0.998985	0.004029
1.684950	1.000375	0.000336
1.720903	0.998419	0.003709
1.766247	0.974387	0.016889
1.806848	0.927040	0.021038
1.841820	0.887283	0.011371
1.885998	0.840955	0.003618
1.929185	0.843264	0.009090
1.972410	0.883837	0.017155
2.010007	0.926934	0.017032
2.046428	0.971974	0.006497
2.090664	0.998109	0.001707
2.131188	1.000595	0.000352
2.177766	1.000525	0.000411
2.215586	0.999630	0.000362
2.260425	1.000168	0.000633
2.298508	1.000512	0.000633
2.339663	1.002102	0.000340
2.386406	1.002264	0.000334
2.425170	1.001141	0.000231
2.463068	1.001012	0.000832
2.503680	1.000081	0.000312
2.537495	1.000616	0.000109
2.569854	1.000531	0.000445
2.608335	1.001131	0.000565
2.642268	0.996832	0.003347
2.677668	1.000537	0.000205
2.710425	0.999916	0.000410
2.745427	1.000525	0.000666
2.779738	1.000116	0.000184
2.815353	1.000659	0.000689
2.860095	1.000631	0.000049
2.900083	1.001660	0.000359
2.944436	1.001558	0.000199
2.986096	1.000013	0.000272
3.028757	1.000848	0.000143
3.069446	1.000903	0.000272
3.112690	1.000487	0.000366
3.158530	0.999309	0.000583
3.208355	0.998153	0.000058
3.252843	0.996836	0.000350
3.292268	0.997432	0.000486
3.339177	0.998259	0.001370
3.389120	0.999693	0.000260
3.438186	1.000933	0.000329
3.479768	0.999792	0.000339
3.521438	0.999784	0.000503
3.566840	0.999914	0.000441
3.604758	0.997220	0.001844
3.645427	0.997476	0.001457
3.685075	0.997168	0.001721
3.722001	0.998166	0.000416
3.759501	0.998783	0.000822
3.796428	0.999957	0.000006
3.837670	1.000549	0.000486
3.873586	1.000282	0.000196
3.913098	1.000607	0.000631
3.956926	0.999928	0.000148
3.997420	0.999712	0.000126
4.036649	0.999755	0.000029
4.071991	0.999685	0.001222
4.106410	0.992456	0.006433
4.146553	0.960872	0.017170
4.204748	0.868426	0.025845
4.245475	0.828968	0.010888
4.283490	0.820563	0.004655
4.321991	0.861774	0.018002
4.359569	0.913380	0.018159
4.398566	0.970620	0.012137
4.439235	0.996541	0.002485
4.476229	0.998178	0.000068
4.514730	0.998850	0.000104
4.549712	0.997551	0.000081
4.581973	0.999044	0.000610
4.622117	0.999232	0.000999
4.661076	1.001132	0.000220
4.697612	1.000532	0.000493
4.732031	1.001379	0.000035
4.766382	1.002091	0.000051
4.800771	1.002511	0.000199
4.836221	1.003743	0.000530
4.867373	1.003312	0.000037
4.902871	1.001941	0.000769
4.938233	0.996136	0.008350
4.975218	0.993597	0.001155
5.010685	0.984007	0.011719
5.047700	0.994421	0.004661
5.079893	1.003519	0.000285
5.111201	1.004100	0.000355
5.144979	1.003854	0.000689
5.175275	1.004556	0.000118
5.212212	1.001555	0.000973
5.250208	1.003090	0.002142
5.290877	0.998552	0.001475
5.327345	1.003152	0.000229
5.371058	1.002991	0.000875
5.408032	1.002277	0.000372
5.449682	1.002415	0.001548
5.488797	1.001686	0.000418
5.524197	0.997754	0.000818
5.558558	0.999738	0.000006
5.595532	1.000156	0.001108
5.632031	0.989883	0.003853
5.669531	0.992575	0.000811
5.710598	0.988507	0.005593
5.746125	0.980256	0.003786
5.786551	0.985705	0.003918
5.830427	0.998985	0.004029
5.867393	1.000375	0.000336
5.903347	0.998419	0.003709
5.948691	0.974387	0.016889
5.989292	0.927040	0.021038
6.024264	0.887283	0.011371
6.068442	0.840955	0.003618
6.111629	0.843264	0.009090
6.154853	0.883837	0.017155
6.192451	0.926934	0.017032
6.228872	0.971974	0.006497
6.273108	0.998109	0.001707
6.313631	1.000595	0.000352
6.360210	1.000525	0.000411
6.398030	0.999630	0.000362
6.442869	1.000168	0.000633
6.480952	1.000512	0.000633
6.522107	1.002102	0.000340
6.568850	1.002264	0.000334
6.607614	1.001141	0.000231
6.645512	1.001012	0.000832
6.686123	1.000081	0.000312
6.719939	1.000616	0.000109
6.752298	1.000531	0.000445
6.790779	1.001131	0.000565
6.824712	0.996832	0.003347
6.860112	1.000537	0.000205
6.892869	0.999916	0.000410
6.927871	1.000525	0.000666
6.962182	1.000116	0.000184
6.997797	1.000659	0.000689
7.042539	1.000631	0.000049
7.082527	1.001660	0.000359
7.126880	1.001558	0.000199
7.168540	1.000013	0.000272
7.211201	1.000848	0.000143
7.251890	1.000903	0.000272
7.295134	1.000487	0.000366
7.340974	0.999309	0.000583
7.390799	0.998153	0.000058
7.435287	0.996836	0.000350
7.474712	0.997432	0.000486
7.521621	0.998259	0.001370
7.571563	0.999693	0.000260
7.620630	1.000933	0.000329
7.662212	0.999792	0.000339
7.703882	0.999784	0.000503
7.749284	0.999914	0.000441
7.787202	0.997220	0.001844
7.827871	0.997476	0.001457
7.867519	0.997168	0.001721
7.904445	0.998166	0.000416
7.941945	0.998783	0.000822
7.978872	0.999957	0.000006
8.020114	1.000549	0.000486
8.056030	1.000282	0.000196
8.095542	1.000607	0.000631
8.139370	0.999928	0.000148
8.179863	0.999712	0.000126
8.219093	0.999755	0.000029
8.254435	0.999685	0.001222
8.288854	0.992456	0.006433
8.328997	0.960872	0.017170
