193
0.007512	0.997957	0.000529
0.021286	0.999777	0.000428
0.037718	1.000547	0.000188
0.052391	0.998854	0.000140
0.065212	0.999113	0.000076
0.080039	1.001071	0.000049
0.095221	1.000392	0.000319
0.106818	1.000121	0.000218
0.119538	1.000785	0.000744
0.132005	1.001568	0.000525
0.146212	1.001020	0.000099
0.160060	1.001444	0.001269
0.173118	1.001258	0.000593
0.185988	1.001528	0.000347
0.200311	1.001322	0.000460
0.212387	1.001592	0.000204
0.224804	1.002989	0.000231
0.238565	1.001628	0.000902
0.250145	1.002435	0.000621
0.263060	1.001734	0.000059
0.273809	1.002027	0.001250
0.286621	1.004445	0.001554
0.299658	1.002782	0.000424
0.310978	1.004214	0.000948
0.323582	1.001709	0.000319
0.336704	1.003153	0.000236
0.349731	1.002738	0.001160
0.361672	1.002750	0.000013
0.374150	0.998421	0.000496
0.389465	0.994686	0.011772
0.404480	1.003093	0.000441
0.417624	1.003345	0.000638
0.433734	1.002494	0.000360
0.446979	1.002439	0.000328
0.458475	1.002573	0.000165
0.471380	1.004436	0.000090
0.483217	1.001957	0.000032
0.496398	1.003623	0.000502
0.511247	1.003201	0.000087
0.526035	1.003717	0.000885
0.539403	1.002735	0.000677
0.554564	1.004591	0.000518
0.570138	1.004211	0.000596
0.583888	1.003920	0.001019
0.600982	1.004274	0.000688
0.616206	1.005283	0.001101
0.633051	1.003521	0.000322
0.648717	1.004367	0.000783
0.663482	1.003514	0.001793
0.679315	1.004956	0.000154
0.695064	1.003519	0.001962
0.708556	1.000930	0.000213
0.723717	0.997350	0.007352
0.738068	1.003306	0.000268
0.751084	0.994429	0.001922
0.764623	1.000720	0.000341
0.778899	0.993421	0.010675
0.792754	0.994861	0.001885
0.806696	0.993444	0.008125
0.822588	0.997968	0.000320
0.836298	0.993903	0.002153
0.852400	0.993098	0.001189
0.868212	0.994922	0.002025
0.884692	0.992812	0.003988
0.898126	0.992452	0.001481
0.915404	0.991496	0.000059
0.931283	0.992501	0.000156
0.944182	0.989597	0.000589
0.958721	0.987305	0.000144
0.973356	0.980499	0.001998
0.987582	0.982111	0.000659
1.002316	0.981108	0.000609
1.018076	0.984934	0.000222
1.032905	0.990664	0.001891
1.049885	0.991419	0.001987
1.064764	0.993295	0.001172
1.080989	0.994729	0.000320
1.095614	0.995680	0.000440
1.109302	0.995193	0.001688
1.122246	0.995520	0.000353
1.136237	0.997285	0.000213
1.154074	0.998608	0.002360
1.169960	0.999183	0.001273
1.183650	0.999932	0.000122
1.198324	1.002592	0.000172
1.212530	1.001817	0.002654
1.228174	1.002745	0.000007
1.246976	1.003287	0.001410
1.263216	1.006932	0.000965
1.276532	1.006915	0.002207
1.292880	1.006942	0.000998
1.312239	1.007634	0.000327
1.331540	1.009327	0.000441
1.350062	1.009075	0.000520
1.364497	1.011223	0.000803
1.380755	1.009439	0.000275
1.396968	1.010760	0.000243
1.411962	1.010016	0.000531
1.429903	1.011270	0.000616
1.447578	1.008498	0.001002
1.461620	1.008726	0.000732
1.476406	1.008695	0.001380
1.493689	1.008260	0.000939
1.511031	1.006996	0.001143
1.528983	1.005109	0.001930
1.541658	1.006976	0.000081
1.555299	1.005547	0.000718
1.571388	1.004515	0.000268
1.586694	1.004915	0.000777
1.601406	1.003836	0.000010
1.616322	1.002140	0.000744
1.632502	1.001265	0.000842
1.647517	1.000956	0.000415
1.664329	1.001246	0.000523
1.677732	0.999590	0.000134
1.689632	0.999780	0.000297
1.704470	0.999108	0.000167
1.716805	0.997743	0.000163
1.731042	0.998909	0.000755
1.745653	0.998015	0.001045
1.762046	0.998705	0.000297
1.781157	0.998084	0.000115
1.796563	0.997901	0.000092
1.810181	0.998764	0.000226
1.823975	0.997650	0.000468
1.839964	0.997566	0.000498
1.854428	0.999334	0.000120
1.870457	0.998280	0.001313
1.887211	0.998360	0.000396
1.902898	0.998253	0.000502
1.918499	0.997736	0.000303
1.932915	0.997696	0.000936
1.948220	0.996735	0.000596
1.966389	0.997639	0.000155
1.981259	0.998304	0.000916
1.996252	0.997702	0.000256
2.012624	0.996445	0.001229
2.030279	0.997383	0.000691
2.045975	0.997885	0.000284
2.061662	0.997119	0.000076
2.078899	0.997812	0.000785
2.093388	0.996944	0.000435
2.107730	0.997822	0.000067
2.123342	0.997824	0.000347
2.136798	0.998716	0.000021
2.151757	0.997503	0.002376
2.164351	0.998569	0.000447
2.177235	0.998905	0.000214
2.192082	0.998858	0.000079
2.206662	0.999344	0.000306
2.220075	0.998053	0.000855
2.232169	0.999842	0.000242
2.244256	0.999194	0.000074
2.258349	0.999970	0.000937
2.271232	0.998374	0.000377
2.286339	0.999517	0.000850
2.299917	0.999614	0.000336
2.313399	0.999388	0.000490
2.326490	0.998920	0.000224
2.340241	0.998841	0.000220
2.353434	0.999260	0.000572
2.368160	0.997983	0.000034
2.382418	0.999490	0.000834
2.396242	0.998307	0.000681
2.412446	0.999212	0.000065
2.427225	0.996212	0.001594
2.439092	0.998309	0.000628
2.451655	0.998452	0.000077
2.465408	0.997919	0.000627
2.478599	0.997576	0.000176
2.495156	0.997057	0.000107
2.509582	0.998959	0.001126
2.523312	0.997973	0.000636
2.535916	0.998324	0.000325
2.549420	0.996612	0.000270
2.561929	0.999494	0.000398
2.575394	0.998908	0.000992
2.587738	0.998496	0.000054
2.599687	0.998814	0.000916
2.613990	0.999192	0.000042
2.627006	0.999722	0.000355
2.641347	0.998071	0.000541
2.655237	1.000204	0.000521
2.670024	0.999694	0.000501
2.683514	1.000276	0.001047
2.698426	0.998779	0.000262
2.712293	1.000108	0.001199
2.724936	1.000006	0.000037
2.738577	0.999236	0.001084
2.751396	0.999053	0.000477
2.764403	0.998664	0.000709
2.779169	1.000042	0.000168
2.792818	0.999329	0.000809
2.817527	0.997957	0.000529
2.831302	0.999777	0.000428
2.847733	1.000547	0.000188
2.862407	0.998854	0.000140
2.875228	0.999113	0.000076
2.890055	1.001071	0.000049
2.905237	1.000392	0.000319
2.916834	1.000121	0.000218
2.929554	1.000785	0.000744
2.942020	1.001568	0.000525
2.956228	1.001020	0.000099
2.970075	1.001444	0.001269
2.983133	1.001258	0.000593
2.996004	1.001528	0.000347
3.010327	1.001322	0.000460
3.022402	1.001592	0.000204
3.034820	1.002989	0.000231
3.048581	1.001628	0.000902
3.060161	1.002435	0.000621
3.073075	1.001734	0.000059
3.083825	1.002027	0.001250
3.096637	1.004445	0.001554
3.109674	1.002782	0.000424
3.120994	1.004214	0.000948
3.133598	1.001709	0.000319
3.146719	1.003153	0.000236
3.159746	1.002738	0.001160
3.171687	1.002750	0.000013
3.184166	0.998421	0.000496
3.199481	0.994686	0.011772
3.214496	1.003093	0.000441
3.227640	1.003345	0.000638
3.243749	1.002494	0.000360
3.256995	1.002439	0.000328
3.268491	1.002573	0.000165
3.281395	1.004436	0.000090
3.293232	1.001957	0.000032
3.306414	1.003623	0.000502
3.321262	1.003201	0.000087
3.336051	1.003717	0.000885
3.349419	1.002735	0.000677
3.364579	1.004591	0.000518
3.380153	1.004211	0.000596
3.393904	1.003920	0.001019
3.410997	1.004274	0.000688
3.426222	1.005283	0.001101
3.443066	1.003521	0.000322
3.458732	1.004367	0.000783
3.473497	1.003514	0.001793
3.489331	1.004956	0.000154
3.505079	1.003519	0.001962
3.518572	1.000930	0.000213
3.533732	0.997350	0.007352
3.548084	1.003306	0.000268
3.561100	0.994429	0.001922
3.574638	1.000720	0.000341
3.588915	0.993421	0.010675
3.602770	0.994861	0.001885
3.616712	0.993444	0.008125
3.632604	0.997968	0.000320
3.646313	0.993903	0.002153
3.662416	0.993098	0.001189
3.678228	0.994922	0.002025
3.694708	0.992812	0.003988
3.708142	0.992452	0.001481
3.725420	0.991496	0.000059
3.741298	0.992501	0.000156
3.754198	0.989597	0.000589
3.768736	0.987305	0.000144
3.783372	0.980499	0.001998
3.797597	0.982111	0.000659
3.812332	0.981108	0.000609
3.828092	0.984934	0.000222
3.842920	0.990664	0.001891
3.859901	0.991419	0.001987
3.874779	0.993295	0.001172
3.891005	0.994729	0.000320
3.905630	0.995680	0.000440
3.919317	0.995193	0.001688
3.932262	0.995520	0.000353
3.946252	0.997285	0.000213
3.964090	0.998608	0.002360
3.979976	0.999183	0.001273
3.993666	0.999932	0.000122
4.008339	1.002592	0.000172
4.022546	1.001817	0.002654
4.038190	1.002745	0.000007
4.056992	1.003287	0.001410
4.073232	1.006932	0.000965
4.086548	1.006915	0.002207
4.102896	1.006942	0.000998
4.122255	1.007634	0.000327
4.141556	1.009327	0.000441
4.160077	1.009075	0.000520
4.174512	1.011223	0.000803
4.190770	1.009439	0.000275
4.206983	1.010760	0.000243
4.221978	1.010016	0.000531
4.239919	1.011270	0.000616
4.257594	1.008498	0.001002
4.271636	1.008726	0.000732
4.286422	1.008695	0.001380
4.303705	1.008260	0.000939
4.321046	1.006996	0.001143
4.338999	1.005109	0.001930
4.351673	1.006976	0.000081
4.365315	1.005547	0.000718
4.381404	1.004515	0.000268
4.396709	1.004915	0.000777
4.411422	1.003836	0.000010
4.426338	1.002140	0.000744
4.442517	1.001265	0.000842
4.457532	1.000956	0.000415
4.474345	1.001246	0.000523
4.487748	0.999590	0.000134
4.499647	0.999780	0.000297
4.514486	0.999108	0.000167
4.526821	0.997743	0.000163
4.541057	0.998909	0.000755
4.555669	0.998015	0.001045
4.572062	0.998705	0.000297
4.591172	0.998084	0.000115
4.606579	0.997901	0.000092
4.620196	0.998764	0.000226
4.633991	0.997650	0.000468
4.649979	0.997566	0.000498
4.664443	0.999334	0.000120
4.680472	0.998280	0.001313
4.697226	0.998360	0.000396
4.712914	0.998253	0.000502
4.728515	0.997736	0.000303
4.742930	0.997696	0.000936
4.758236	0.996735	0.000596
4.776405	0.997639	0.000155
4.791275	0.998304	0.000916
4.806268	0.997702	0.000256
4.822639	0.996445	0.001229
4.840295	0.997383	0.000691
4.855991	0.997885	0.000284
4.871677	0.997119	0.000076
4.888915	0.997812	0.000785
4.903404	0.996944	0.000435
4.917745	0.997822	0.000067
4.933358	0.997824	0.000347
4.946813	0.998716	0.000021
4.961773	0.997503	0.002376
4.974366	0.998569	0.000447
4.987251	0.998905	0.000214
5.002098	0.998858	0.000079
5.016678	0.999344	0.000306
5.030091	0.998053	0.000855
5.042185	0.999842	0.000242
5.054272	0.999194	0.000074
5.068365	0.999970	0.000937
5.081248	0.998374	0.000377
5.096355	0.999517	0.000850
5.109932	0.999614	0.000336
5.123415	0.999388	0.000490
5.136505	0.998920	0.000224
5.150256	0.998841	0.000220
5.163449	0.999260	0.000572
5.178175	0.997983	0.000034
5.192433	0.999490	0.000834
5.206258	0.998307	0.000681
5.222461	0.999212	0.000065
5.237241	0.996212	0.001594
5.249108	0.998309	0.000628
5.261670	0.998452	0.000077
5.275424	0.997919	0.000627
5.288614	0.997576	0.000176
5.305172	0.997057	0.000107
5.319597	0.998959	0.001126
5.333328	0.997973	0.000636
5.345932	0.998324	0.000325
5.359435	0.996612	0.000270
5.371944	0.999494	0.000398
5.385409	0.998908	0.000992
5.397753	0.998496	0.000054
5.409703	0.998814	0.000916
5.424005	0.999192	0.000042
5.437021	0.999722	0.000355
5.451363	0.998071	0.000541
5.465252	1.000204	0.000521
5.480039	0.999694	0.000501
5.493529	1.000276	0.001047
5.508442	0.998779	0.000262
5.522309	1.000108	0.001199
5.534951	1.000006	0.000037
5.548592	0.999236	0.001084
5.561412	0.999053	0.000477
5.574419	0.998664	0.000709
5.589185	1.000042	0.000168
5.602833	0.999329	0.000809
