     967
       1517.3913      0.98935765      0.98878658       128.00000
       1517.4121      0.99445683      0.99361914       128.00000
       1517.4330      0.99887007      0.99710333       128.00000
       1517.4538       1.0005167      0.99893010       0.0000000
       1517.4747       1.0016111       1.0003772       128.00000
       1517.4955       1.0019603       1.0006645       128.00000
       1517.5163       1.0020827       1.0009876       0.0000000
       1517.5372       1.0017385       1.0008630       0.0000000
       1517.5580       1.0012399       1.0005695       0.0000000
       1517.5788       1.0013746       1.0006493       128.00000
       1517.5997       1.0020220       1.0006492       128.00000
       1517.6205       1.0015912       1.0008157       0.0000000
       1517.6413       1.0028595       1.0007240       128.00000
       1517.6622       1.0018535       1.0008054       0.0000000
       1517.6830       1.0013955       1.0007788       0.0000000
       1517.7038       1.0013552       1.0007077       0.0000000
       1517.7247       1.0013840       1.0008917       0.0000000
       1517.7455       1.0011636       1.0006597       0.0000000
       1517.7663       1.0014390       1.0009403       0.0000000
       1517.7872       1.0010203       1.0008327       0.0000000
       1517.8080       1.0026201       1.0008993       0.0000000
       1517.8288       1.0006956       1.0005473       0.0000000
       1517.8497       1.0010546       1.0009426       0.0000000
       1517.8705       1.0011740       1.0009966       0.0000000
       1517.8913       1.0010636       1.0009669       0.0000000
       1517.9122       1.0009619       1.0007622       0.0000000
       1517.9330       1.0006620       1.0008396       0.0000000
       1517.9538       1.0006971       1.0007379       128.00000
       1517.9747       1.0037453       1.0010865       128.00000
       1517.9955       1.0009173       1.0009377       0.0000000
       1518.0163       1.0007541       1.0008155       0.0000000
       1518.0372       1.0011659       1.0008609       0.0000000
       1518.0580       1.0012227       1.0010301       0.0000000
       1518.0788       1.0004224       1.0003303       0.0000000
       1518.0997       1.0009317       1.0007130       0.0000000
       1518.1205       1.0009100       1.0007317       0.0000000
       1518.1413       1.0008621       1.0005974       0.0000000
       1518.1622       1.0006857       1.0006361       0.0000000
       1518.1830       1.0007371       1.0005574       0.0000000
       1518.2038       1.0004212       1.0003448       0.0000000
       1518.2247       1.0006765       1.0005828       0.0000000
       1518.2455       1.0002184       1.0003221       0.0000000
       1518.2663      0.99983168       1.0002813       128.00000
       1518.2872       1.0007203       1.0003039       0.0000000
       1518.3080      0.99997538      0.99998504       128.00000
       1518.3288      0.99982148      0.99993521       0.0000000
       1518.3497      0.99967206      0.99995321       0.0000000
       1518.3705       1.0001242       1.0000412       0.0000000
       1518.3913      0.99989992      0.99993026       0.0000000
       1518.4122      0.99990875      0.99968076       128.00000
       1518.4330      0.99974436      0.99950677       0.0000000
       1518.4538       1.0004562       1.0000273       128.00000
       1518.4747      0.99996889      0.99989313       0.0000000
       1518.4955       1.0003339      0.99997342       0.0000000
       1518.5163       1.0000852      0.99970806       0.0000000
       1518.5372       1.0000818      0.99982095       0.0000000
       1518.5580       1.0003294      0.99991667       0.0000000
       1518.5788       1.0003754      0.99990100       0.0000000
       1518.5997       1.0000831      0.99964422       0.0000000
       1518.6205       1.0005685       1.0000563       0.0000000
       1518.6413       1.0002248      0.99986440       0.0000000
       1518.6622       1.0002906      0.99980319       0.0000000
       1518.6830      0.99999630      0.99967057       0.0000000
       1518.7038       1.0004364      0.99994147       0.0000000
       1518.7247      0.99971569      0.99947441       0.0000000
       1518.7455       1.0001401      0.99983317       0.0000000
       1518.7663       1.0002044      0.99991095       0.0000000
       1518.7872      0.99992836      0.99962962       0.0000000
       1518.8080       1.0006288      0.99968231       0.0000000
       1518.8288      0.99969339      0.99988937       0.0000000
       1518.8497       1.0001684      0.99984568       0.0000000
       1518.8705       1.0012765       1.0002016       0.0000000
       1518.8913       1.0000288      0.99963903       0.0000000
       1518.9122       1.0001227       1.0000033       0.0000000
       1518.9330       1.0004245       1.0002707       0.0000000
       1518.9538       1.0000460      0.99999630       0.0000000
       1518.9747       1.0006186       1.0002646       0.0000000
       1518.9955       1.0000030       1.0000647       0.0000000
       1519.0163       1.0005766       1.0003189       0.0000000
       1519.0372       1.0003915       1.0003016       0.0000000
       1519.0580       1.0003349       1.0001994       0.0000000
       1519.0788       1.0006460       1.0003346       0.0000000
       1519.0997       1.0006555       1.0003185       0.0000000
       1519.1205       1.0009253       1.0004566       0.0000000
       1519.1413       1.0007044       1.0002857       0.0000000
       1519.1622       1.0007095       1.0003335       0.0000000
       1519.1830       1.0004624       1.0001936       0.0000000
       1519.2038       1.0006862       1.0002404       0.0000000
       1519.2247       1.0002989       1.0002156       0.0000000
       1519.2455       1.0006875       1.0003459       0.0000000
       1519.2663       1.0769928       1.0003234       128.00000
       1519.2872       1.0004900       1.0002495       0.0000000
       1519.3080       1.0003631       1.0001810       0.0000000
       1519.3288      0.99995464      0.99991959       0.0000000
       1519.3497       1.0001178      0.99985933       0.0000000
       1519.3705       1.0002801       1.0000606       0.0000000
       1519.3913       1.0481112      0.99986708       128.00000
       1519.4122      0.99991935      0.99989206       0.0000000
       1519.4330      0.99959898      0.99989998       0.0000000
       1519.4538       1.0000948      0.99975592       0.0000000
       1519.4747      0.99989110      0.99955708       0.0000000
       1519.4955       1.0001780      0.99982440       0.0000000
       1519.5163      0.99995077      0.99960226       0.0000000
       1519.5372      0.99997550      0.99958801       0.0000000
       1519.5580      0.99935699      0.99918205       0.0000000
       1519.5788      0.99961507      0.99938369       0.0000000
       1519.5997      0.99975729      0.99945897       0.0000000
       1519.6205      0.99934494      0.99919760       0.0000000
       1519.6414      0.99955177      0.99938315       0.0000000
       1519.6622      0.99970835      0.99941164       0.0000000
       1519.6830      0.99947232      0.99925649       0.0000000
       1519.7039      0.99964559      0.99934632       0.0000000
       1519.7247      0.99942106      0.99943405       0.0000000
       1519.7455      0.99975425      0.99945503       0.0000000
       1519.7664      0.99962020      0.99955511       0.0000000
       1519.7872      0.99956912      0.99973983       0.0000000
       1519.8080       1.0000182      0.99989468       0.0000000
       1519.8289      0.99995011      0.99972564       0.0000000
       1519.8497       1.0003865       1.0000000       0.0000000
       1519.8705      0.99985731      0.99983263       0.0000000
       1519.8914       1.0000453      0.99987590       0.0000000
       1519.9122       1.0001899       1.0000316       0.0000000
       1519.9330       1.0003815       1.0000942       128.00000
       1519.9539       1.0001574       1.0001786       0.0000000
       1519.9747       1.0003014       1.0000061       0.0000000
       1519.9955       1.0004504       1.0001863       0.0000000
       1520.0164       1.0004133       1.0001740       0.0000000
       1520.0372       1.0006522       1.0002460       0.0000000
       1520.0580       1.0007104       1.0002661       0.0000000
       1520.0789       1.0003484       1.0003405       0.0000000
       1520.0997       1.0007502       1.0003078       0.0000000
       1520.1205       1.0006754       1.0002109       0.0000000
       1520.1414       1.0005985       1.0002774       0.0000000
       1520.1622       1.0005212       1.0001868       0.0000000
       1520.1830       1.0006193       1.0001836       0.0000000
       1520.2039       1.0003186      0.99988049       0.0000000
       1520.2247       1.0002010      0.99985397       0.0000000
       1520.2455       1.0002499      0.99998838       0.0000000
       1520.2664       1.0001897      0.99983090       0.0000000
       1520.2872      0.99999052      0.99979222       0.0000000
       1520.3080       1.0001459      0.99976832       0.0000000
       1520.3289      0.99996132      0.99964255       0.0000000
       1520.3497      0.99988246      0.99958354       0.0000000
       1520.3705      0.99989617      0.99960750       0.0000000
       1520.3914      0.99981236      0.99961704       0.0000000
       1520.4122       1.0000536      0.99959749       0.0000000
       1520.4330      0.99997026      0.99964553       0.0000000
       1520.4539       1.0000252      0.99955851       0.0000000
       1520.4747      0.99982876      0.99980557       0.0000000
       1520.4955       1.0000582      0.99975592       0.0000000
       1520.5164      0.89365417      0.89281929       128.00000
       1520.5372      0.99944288      0.99937207       0.0000000
       1520.5580      0.99954611      0.99930429       0.0000000
       1520.5789      0.99947602      0.99921310       0.0000000
       1520.5997      0.99973202      0.99936897       0.0000000
       1520.6205       1.0000085      0.99974746       0.0000000
       1520.6414      0.99978006      0.99969870       0.0000000
       1520.6622       1.0000912      0.99972039       0.0000000
       1520.6830      0.99956000      0.99940753       0.0000000
       1520.7039      0.99958384      0.99936122       0.0000000
       1520.7247      0.99996597      0.99964964       0.0000000
       1520.7455      0.99994594      0.99960792       0.0000000
       1520.7664       1.0001706      0.99981111       0.0000000
       1520.7872       1.0001992      0.99997103       0.0000000
       1520.8080       1.0002964      0.99991959       0.0000000
       1520.8289       1.0003730       1.0000268       0.0000000
       1520.8497       1.0000908      0.99988717       0.0000000
       1520.8705       1.0002067      0.99993408       0.0000000
       1520.8914       1.0005829       1.0002222       0.0000000
       1520.9122       1.0000931      0.99995357       0.0000000
       1520.9330       1.0002989       1.0000620       0.0000000
       1520.9539      0.99992520      0.99977070       0.0000000
       1520.9747       1.0001162       1.0000104       0.0000000
       1520.9955      0.99989241      0.99966311       0.0000000
       1521.0164       1.0000378      0.99993533       0.0000000
       1521.0372       1.0007913      0.99990600       0.0000000
       1521.0580      0.99986237       1.0000896       0.0000000
       1521.0789      0.99985415      0.99986035       0.0000000
       1521.0997      0.99997169      0.99997640       0.0000000
       1521.1205      0.99986798      0.99986774       0.0000000
       1521.1414      0.99983680      0.99983126       0.0000000
       1521.1622       1.0000228      0.99994397       0.0000000
       1521.1830      0.99992990      0.99984187       0.0000000
       1521.2039       1.0002849       1.0001537       0.0000000
       1521.2247      0.99987823      0.99986923       0.0000000
       1521.2455      0.99971128      0.99983329       0.0000000
       1521.2664      0.99978608      0.99990237       0.0000000
       1521.2872      0.99988353      0.99979317       0.0000000
       1521.3080      0.99995029      0.99991328       0.0000000
       1521.3289      0.99993604      0.99979061       0.0000000
       1521.3497       1.0000032      0.99979353       0.0000000
       1521.3705      0.99982417      0.99982566       0.0000000
       1521.3914      0.99985945      0.99976075       0.0000000
       1521.4122      0.99955374      0.99975914       0.0000000
       1521.4330      0.99955112      0.99965733       0.0000000
       1521.4539      0.99956882      0.99953359       0.0000000
       1521.4747      0.99941874      0.99945289       0.0000000
       1521.4955      0.99938673      0.99934077       0.0000000
       1521.5164      0.99960643      0.99944365       0.0000000
       1521.5372      0.99956131      0.99944621       0.0000000
       1521.5580      0.99902809      0.99925023       0.0000000
       1521.5789      0.99957204      0.99961758       0.0000000
       1521.5997      0.99946028      0.99943590       0.0000000
       1521.6205      0.99918962      0.99922681       0.0000000
       1521.6414      0.99926311      0.99929714       0.0000000
       1521.6622      0.99904972      0.99939960       0.0000000
       1521.6830      0.99954295      0.99966902       0.0000000
       1521.7039      0.99956137      0.99952465       0.0000000
       1521.7247      0.99977344      0.99976194       0.0000000
       1521.7455      0.99966472      0.99981892       0.0000000
       1521.7664      0.99938995      0.99955511       0.0000000
       1521.7872      0.99965262      0.99961495       0.0000000
       1521.8080      0.99954194      0.99958515       0.0000000
       1521.8289      0.99978739      0.99982852       0.0000000
       1521.8497      0.99916947      0.99981493       128.00000
       1521.8705      0.99982828      0.99996608       0.0000000
       1521.8914      0.99969780      0.99989676       0.0000000
       1521.9122       1.0000193      0.99994355       0.0000000
       1521.9330      0.99971056      0.99992359       0.0000000
       1521.9539       1.0000867      0.99997783       0.0000000
       1521.9747       1.0000093       1.0001191       0.0000000
       1521.9955      0.99984705      0.99995083       0.0000000
       1522.0164       1.0002074       1.0000335       0.0000000
       1522.0372       1.0000322       1.0001745       0.0000000
       1522.0580      0.99984884       1.0000949       0.0000000
       1522.0789       1.0001293       1.0002117       0.0000000
       1522.0997      0.99994540       1.0000877       0.0000000
       1522.1205      0.99976718      0.99980414       0.0000000
       1522.1414      0.99974954       1.0000447       0.0000000
       1522.1622      0.99959046      0.99979836       0.0000000
       1522.1830      0.99992281       1.0001229       0.0000000
       1522.2039      0.99983400      0.99993342       0.0000000
       1522.2247      0.99966788      0.99991190       0.0000000
       1522.2455       1.0001775       1.0000937       0.0000000
       1522.2664       1.0002800       1.0001730       0.0000000
       1522.2872      0.99980313       1.0001369       0.0000000
       1522.3080      0.99963826      0.99979603       0.0000000
       1522.3289      0.99990296      0.99993819       0.0000000
       1522.3497      0.99964970      0.99994153       0.0000000
       1522.3705      0.99940830      0.99983770       0.0000000
       1522.3914      0.99939555      0.99982846       0.0000000
       1522.4122      0.99952900      0.99985981       0.0000000
       1522.4330      0.99947268      0.99970126       0.0000000
       1522.4539      0.99938142      0.99981165       0.0000000
       1522.4747      0.99934781      0.99991566       0.0000000
       1522.4956      0.99935073      0.99970329       0.0000000
       1522.5164       1.0001267      0.99992496       0.0000000
       1522.5372      0.99936122      0.99971461       0.0000000
       1522.5581      0.99935389      0.99960667       0.0000000
       1522.5789      0.99941623      0.99976933       0.0000000
       1522.5997      0.99945360      0.99967116       0.0000000
       1522.6206      0.99968404      0.99986386       0.0000000
       1522.6414      0.99907029      0.99943459       0.0000000
       1522.6622      0.99958760      0.99980134       0.0000000
       1522.6831      0.99964666      0.99982649       0.0000000
       1522.7039      0.99921614      0.99967915       0.0000000
       1522.7247      0.99910289      0.99946755       0.0000000
       1522.7456      0.99962479      0.99985361       0.0000000
       1522.7664      0.99949408      0.99970025       128.00000
       1522.7872      0.99966997      0.99999273       0.0000000
       1522.8081      0.99939507      0.99959666       0.0000000
       1522.8289      0.99925148      0.99964565       0.0000000
       1522.8497      0.99950540      0.99981695       0.0000000
       1522.8706      0.99940091      0.99979025       0.0000000
       1522.8914      0.99933815      0.99971795       0.0000000
       1522.9122      0.99958873      0.99976707       0.0000000
       1522.9331      0.99967551      0.99987984       0.0000000
       1522.9539      0.99968809      0.99994349       0.0000000
       1522.9747      0.99946618      0.99973625       0.0000000
       1522.9956      0.99972749       1.0001539       0.0000000
       1523.0164      0.99967903       1.0000471       0.0000000
       1523.0372      0.99978465       1.0000997       0.0000000
       1523.0581      0.99974436       1.0000066       0.0000000
       1523.0789      0.99994320       1.0000094       0.0000000
       1523.0997      0.99959522       1.0000592       0.0000000
       1523.1206      0.99989313       1.0001684       0.0000000
       1523.1414      0.99984872       1.0001019       0.0000000
       1523.1622      0.99972761       1.0000211       0.0000000
       1523.1831      0.99978435       1.0000834       0.0000000
       1523.2039       1.0000063       1.0001622       0.0000000
       1523.2247      0.99959528       1.0001202       0.0000000
       1523.2456       1.0000101       1.0001181       0.0000000
       1523.2664      0.99947017      0.99996436       0.0000000
       1523.2872      0.99947184      0.99996424       0.0000000
       1523.3081      0.99974453       1.0000685       0.0000000
       1523.3289      0.99971485      0.99992794       0.0000000
       1523.3497       1.0002031       1.0000150       0.0000000
       1523.3706      0.99939543      0.99988973       0.0000000
       1523.3914      0.99939072      0.99989170       0.0000000
       1523.4122      0.99917740      0.99974710       0.0000000
       1523.4331      0.99956375       1.0000489       0.0000000
       1523.4539      0.99936074      0.99982220       0.0000000
       1523.4747      0.99956626      0.99998713       0.0000000
       1523.4956      0.99923545      0.99982411       0.0000000
       1523.5164      0.99945724      0.99987841       0.0000000
       1523.5372      0.99973989      0.99996710       0.0000000
       1523.5581      0.99986321       1.0000862       0.0000000
       1523.5789       1.0001303       1.0004033       0.0000000
       1523.5997       1.0001732       1.0005107       0.0000000
       1523.6206       1.0001465       1.0002931       0.0000000
       1523.6414      0.90133429      0.90167737       128.00000
       1523.6622      0.99949557       1.0001366       0.0000000
       1523.6831       1.0001558       1.0004802       0.0000000
       1523.7039      0.99976456       1.0002660       0.0000000
       1523.7247      0.99985480       1.0004569       0.0000000
       1523.7456       1.0001003       1.0004551       0.0000000
       1523.7664      0.99983919       1.0002363       0.0000000
       1523.7872       1.0001893       1.0005583       0.0000000
       1523.8081       1.0000439       1.0004678       0.0000000
       1523.8289       1.0004102       1.0007179       0.0000000
       1523.8497       1.0002832       1.0005955       0.0000000
       1523.8706       1.0007032       1.0010803       0.0000000
       1523.8914       1.0006754       1.0009911       0.0000000
       1523.9122       1.0002846       1.0008737       0.0000000
       1523.9331       1.0004711       1.0009649       0.0000000
       1523.9539       1.0008032       1.0011879       0.0000000
       1523.9747       1.0012597       1.0016197       0.0000000
       1523.9956       1.0014901       1.0019792       0.0000000
       1524.0164       1.0011126       1.0016561       0.0000000
       1524.0372       1.0016176       1.0018479       0.0000000
       1524.0581       1.0016098       1.0020791       0.0000000
       1524.0789       1.0020056       1.0024630       0.0000000
       1524.0997       1.0022218       1.0025599       0.0000000
       1524.1206       1.0023381       1.0028116       0.0000000
       1524.1414       1.0027702       1.0028633       0.0000000
       1524.1622       1.0026195       1.0030241       0.0000000
       1524.1831       1.0027695       1.0033245       0.0000000
       1524.2039       1.0032926       1.0036459       0.0000000
       1524.2247       1.0033185       1.0037155       0.0000000
       1524.2456       1.0031695       1.0038024       0.0000000
       1524.2664       1.0038055       1.0042887       0.0000000
       1524.2872       1.0037198       1.0041155       0.0000000
       1524.3081       1.0034844       1.0040259       0.0000000
       1524.3289       1.0035970       1.0041746       0.0000000
       1524.3497       1.0037013       1.0040183       0.0000000
       1524.3706       1.0037130       1.0041773       0.0000000
       1524.3914       1.0037812       1.0042485       0.0000000
       1524.4122       1.0034533       1.0039077       0.0000000
       1524.4331       1.0036608       1.0039599       0.0000000
       1524.4539       1.0031756       1.0037533       0.0000000
       1524.4747       1.0029474       1.0034919       0.0000000
       1524.4956       1.0029050       1.0032709       0.0000000
       1524.5164       1.0026398       1.0031894       0.0000000
       1524.5372       1.0026529       1.0029609       0.0000000
       1524.5581       1.0020363       1.0025095       0.0000000
       1524.5789       1.0022559       1.0025538       0.0000000
       1524.5997       1.0017571       1.0021962       0.0000000
       1524.6206       1.0017155       1.0021355       0.0000000
       1524.6414       1.0016278       1.0018486       0.0000000
       1524.6622       1.0014335       1.0017618       0.0000000
       1524.6831       1.0010368       1.0012832       0.0000000
       1524.7039       1.0009209       1.0013427       0.0000000
       1524.7247       1.0007967       1.0011766       0.0000000
       1524.7456       1.0004671       1.0008270       0.0000000
       1524.7664       1.0000441       1.0005128       0.0000000
       1524.7872       1.0001600       1.0006334       0.0000000
       1524.8081       1.0002584       1.0005240       0.0000000
       1524.8289       1.0002463       1.0005735       0.0000000
       1524.8497      0.99997514       1.0002934       0.0000000
       1524.8706      0.99966764       1.0003098       0.0000000
       1524.8914      0.99954700       1.0000194       0.0000000
       1524.9122      0.99975252       1.0001057       0.0000000
       1524.9331      0.99985331       1.0001636       0.0000000
       1524.9539      0.99983704       1.0002309       0.0000000
       1524.9747      0.99992931       1.0001281       0.0000000
       1524.9956       1.0000888       1.0002517       0.0000000
       1525.0164       1.0049789      0.99993676       128.00000
       1525.0372      0.99980402      0.99989027       0.0000000
       1525.0581       1.0000000       1.0001985       0.0000000
       1525.0789      0.99973434       1.0000961       0.0000000
       1525.0997      0.99975586      0.99993938       0.0000000
       1525.1206       1.0005921       1.0001950       0.0000000
       1525.1414      0.99974954       1.0000353       0.0000000
       1525.1622      0.99974817      0.99995726       0.0000000
       1525.1831      0.99976152       1.0000077       0.0000000
       1525.2039      0.99998456       1.0001808       0.0000000
       1525.2247      0.99988133       1.0000876       0.0000000
       1525.2456      0.99973136       1.0001105       0.0000000
       1525.2664      0.99986696       1.0001645       0.0000000
       1525.2872       1.0004796       1.0001057       128.00000
       1525.3081      0.99990499       1.0001787       0.0000000
       1525.3289      0.99966401       1.0000889       0.0000000
       1525.3497      0.99960071      0.99996918       0.0000000
       1525.3706      0.99960130      0.99999911       0.0000000
       1525.3914      0.99961662      0.99993926       0.0000000
       1525.4122       1.0003639       1.0002185       0.0000000
       1525.4331      0.99946511      0.99991417       0.0000000
       1525.4539      0.99968672       1.0001317       0.0000000
       1525.4747      0.99984771       1.0002912       128.00000
       1525.4956       1.0001187       1.0005292       0.0000000
       1525.5164       1.0000031       1.0002550       0.0000000
       1525.5372      0.99992073       1.0003582       0.0000000
       1525.5581      0.99967635      0.99998468       0.0000000
       1525.5789      0.99977893       1.0002288       0.0000000
       1525.5997      0.99982584       1.0002346       0.0000000
       1525.6206       1.0000005       1.0002375       0.0000000
       1525.6414       1.0002040       1.0003335       0.0000000
       1525.6622       1.0001351       1.0004517       0.0000000
       1525.6831       1.0000992       1.0003325       0.0000000
       1525.7039      0.99997813       1.0002500       0.0000000
       1525.7247       1.0000126       1.0002654       0.0000000
       1525.7456       1.0000108       1.0003166       0.0000000
       1525.7664      0.99962997       1.0001688       0.0000000
       1525.7872      0.99954605       1.0001698       0.0000000
       1525.8081      0.99943441      0.99997872       0.0000000
       1525.8289      0.99961394       1.0002353       0.0000000
       1525.8497      0.99981964       1.0001709       0.0000000
       1525.8706      0.99972242       1.0000839       0.0000000
       1525.8914      0.99955738       1.0001286       0.0000000
       1525.9122      0.99929482      0.99965966       0.0000000
       1525.9331       1.0482752       1.0001208       128.00000
       1525.9539      0.99961120      0.99998260       0.0000000
       1525.9747      0.99928558      0.99962777       0.0000000
       1525.9956      0.99923408      0.99962544       0.0000000
       1526.0164      0.99903667      0.99964148       128.00000
       1526.0372      0.99918735      0.99948674       0.0000000
       1526.0581      0.99889565      0.99942809       0.0000000
       1526.0789      0.99913090      0.99963218       0.0000000
       1526.0997      0.99907303      0.99959499       0.0000000
       1526.1206      0.99929893      0.99965870       0.0000000
       1526.1414      0.99961007      0.99956119       0.0000000
       1526.1622      0.99907249      0.99953347       0.0000000
       1526.1831      0.99900264      0.99942136       0.0000000
       1526.2039      0.99909407      0.99949604       0.0000000
       1526.2247      0.99919862      0.99961209       0.0000000
       1526.2456      0.99918699      0.99958932       0.0000000
       1526.2664      0.99912447      0.99964607       0.0000000
       1526.2872      0.99952346      0.99980551       0.0000000
       1526.3081      0.99938720      0.99960434       0.0000000
       1526.3289      0.99962664      0.99990201       0.0000000
       1526.3497      0.99940526      0.99984086       0.0000000
       1526.3706      0.99930644      0.99980855       0.0000000
       1526.3914      0.99954188      0.99977946       0.0000000
       1526.4122       1.0000391       1.0002396       0.0000000
       1526.4331      0.99977654      0.99998331       0.0000000
       1526.4539      0.99981987      0.99989927       0.0000000
       1526.4747      0.99985695       1.0002712       0.0000000
       1526.4956       1.0000798       1.0002935       0.0000000
       1526.5164       1.0005760       1.0002544       0.0000000
       1526.5372       1.0002334       1.0002782       0.0000000
       1526.5581       1.0001267       1.0003304       0.0000000
       1526.5789       1.0003996       1.0004048       0.0000000
       1526.5997       1.0001340       1.0002508       0.0000000
       1526.6206       1.0002135       1.0003792       0.0000000
       1526.6414       1.0013837       1.0000743       0.0000000
       1526.6622       1.0004441       1.0004568       0.0000000
       1526.6831       1.0002372       1.0001984       0.0000000
       1526.7039       1.0000842       1.0002655       0.0000000
       1526.7247       1.0002019       1.0001971       0.0000000
       1526.7456      0.99996114       1.0001847       0.0000000
       1526.7664      0.89284796      0.89225948       128.00000
       1526.7872      0.99981230       1.0001125       0.0000000
       1526.8081       1.0002087      0.99991846       0.0000000
       1526.8289      0.99999183      0.99995291       0.0000000
       1526.8497      0.99973994      0.99987966       0.0000000
       1526.8706      0.99931693      0.99967158       0.0000000
       1526.8914      0.99974990      0.99981201       0.0000000
       1526.9122       1.0002480       1.0001951       0.0000000
       1526.9331       1.0003489       1.0002906       0.0000000
       1526.9539      0.99995518       1.0000097       0.0000000
       1526.9747       1.0002995       1.0002127       0.0000000
       1526.9956      0.99981880      0.99987370       0.0000000
       1527.0164      0.99979872      0.99965078       0.0000000
       1527.0372      0.99970710      0.99975437       0.0000000
       1527.0581       1.0000259      0.99999630       0.0000000
       1527.0789      0.99939167      0.99947107       0.0000000
       1527.0997      0.99952620      0.99952865       0.0000000
       1527.1206      0.99960631      0.99950206       0.0000000
       1527.1414      0.99928832      0.99942487       0.0000000
       1527.1622      0.99912512      0.99921954       0.0000000
       1527.1831      0.99894321      0.99909031       0.0000000
       1527.2039      0.99953777      0.99928641       0.0000000
       1527.2247      0.99916953      0.99906754       0.0000000
       1527.2456      0.99932826      0.99933922       0.0000000
       1527.2664      0.99961299      0.99937999       0.0000000
       1527.2872      0.99902380      0.99924439       0.0000000
       1527.3081      0.99908072      0.99914426       0.0000000
       1527.3289      0.99920768      0.99923569       0.0000000
       1527.3497      0.99967128      0.99948686       0.0000000
       1527.3706      0.99944961      0.99937797       0.0000000
       1527.3914       1.0074399      0.99928707       128.00000
       1527.4122      0.99916035      0.99944532       0.0000000
       1527.4331      0.99970478      0.99958098       0.0000000
       1527.4539      0.99999565      0.99978065       0.0000000
       1527.4747      0.99976623      0.99967003       0.0000000
       1527.4956       1.0001463       1.0000070       0.0000000
       1527.5164       1.0001193       1.0000459       0.0000000
       1527.5372       1.0003229       1.0001537       0.0000000
       1527.5581       1.0004213       1.0001847       0.0000000
       1527.5789       1.0001897       1.0003703       0.0000000
       1527.5997       1.0049590       1.0002482       128.00000
       1527.6206       1.0002332       1.0002947       0.0000000
       1527.6414       1.0002915       1.0003256       0.0000000
       1527.6622       1.0000730       1.0001519       0.0000000
       1527.6831       1.0005680       1.0004356       0.0000000
       1527.7039       1.0002720       1.0001506       0.0000000
       1527.7247       1.0007108       1.0004927       0.0000000
       1527.7456       1.0004058       1.0003909       0.0000000
       1527.7664       1.0003018       1.0002779       0.0000000
       1527.7872       1.0001343       1.0001863       0.0000000
       1527.8081      0.99991572       1.0000528       0.0000000
       1527.8289       1.0000217       1.0001532       0.0000000
       1527.8497       1.0002842       1.0002469       0.0000000
       1527.8706       1.0000461       1.0000234       0.0000000
       1527.8914       1.0000199      0.99988657       0.0000000
       1527.9122       1.0000684      0.99992985       0.0000000
       1527.9331       1.0000651      0.99993056       0.0000000
       1527.9539      0.99984813      0.99978912       0.0000000
       1527.9747      0.99974781      0.99965078       0.0000000
       1527.9956      0.99990064      0.99974573       0.0000000
       1528.0164      0.99973005      0.99957150       0.0000000
       1528.0372      0.99969620      0.99972415       0.0000000
       1528.0581      0.99956745      0.99967432       0.0000000
       1528.0789      0.99932081      0.99929768       0.0000000
       1528.0997      0.99932480      0.99931669       0.0000000
       1528.1206      0.99955016      0.99949700       0.0000000
       1528.1414       1.0002334      0.99931699       0.0000000
       1528.1622      0.99975252      0.99970216       0.0000000
       1528.1831      0.99966115      0.99950421       0.0000000
       1528.2039      0.99965048      0.99966669       0.0000000
       1528.2247       1.0002223      0.99999440       0.0000000
       1528.2456      0.99970543      0.99964517       0.0000000
       1528.2664      0.99978316      0.99987435       0.0000000
       1528.2872      0.99960399      0.99963975       0.0000000
       1528.3081       1.0000697       1.0000840       0.0000000
       1528.3289      0.99949247      0.99977314       0.0000000
       1528.3497      0.99998671      0.99991548       0.0000000
       1528.3706       1.0001208       1.0001594       0.0000000
       1528.3914      0.99984020      0.99993753       0.0000000
       1528.4122      0.99986821       1.0001531       0.0000000
       1528.4331      0.99983132      0.99999684       0.0000000
       1528.4539       1.0001014       1.0002112       0.0000000
       1528.4747       1.0002903       1.0001948       0.0000000
       1528.4956       1.0004282       1.0001371       0.0000000
       1528.5164       1.0003641       1.0001696       0.0000000
       1528.5372       1.0003980       1.0002053       0.0000000
       1528.5581       1.0002729       1.0000523       0.0000000
       1528.5789      0.99999756       1.0000970       0.0000000
       1528.5997       1.0001594       1.0000219       0.0000000
       1528.6206       1.0003163       1.0002140       0.0000000
       1528.6414       1.0000371      0.99999291       0.0000000
       1528.6622       1.0004355       1.0001376       0.0000000
       1528.6831       1.0013688       1.0002458       128.00000
       1528.7039       1.0005745       1.0002742       0.0000000
       1528.7247       1.0006487       1.0002539       0.0000000
       1528.7456       1.0001123      0.99987721       0.0000000
       1528.7664       1.0003440       1.0001299       0.0000000
       1528.7872       1.0005000       1.0001535       0.0000000
       1528.8081       1.0001962      0.99999875       0.0000000
       1528.8289       1.0004313       1.0001599       0.0000000
       1528.8497       1.0004603       1.0001392       0.0000000
       1528.8706       1.0004417      0.99992079       0.0000000
       1528.8914       1.0000056      0.99994254       0.0000000
       1528.9122       1.0006373       1.0002742       0.0000000
       1528.9331       1.0005255       1.0003501       0.0000000
       1528.9539       1.0004544       1.0002944       0.0000000
       1528.9747       1.0004476       1.0001955       0.0000000
       1528.9956       1.0002472       1.0002352       0.0000000
       1529.0164       1.0005172       1.0001423       0.0000000
       1529.0372       1.0007023       1.0001632       0.0000000
       1529.0581       1.0003903      0.99983108       0.0000000
       1530.2872   2.9410205e-17   -0.0079698414       128.00000
       1530.3081   2.9995266e-17   -0.0081283338       128.00000
       1530.3289       1.7242730      -1.6476536       128.00000
       1530.3497       1.6854130       1.1128243       128.00000
       1530.3706       1.0135694      0.94603425       128.00000
       1530.3914       1.0334109      0.96661967       128.00000
       1530.4122       1.0448366      0.97598279       128.00000
       1530.4331       1.0479932      0.97880954       128.00000
       1530.4539       1.0526650      0.98196149       128.00000
       1530.4747       1.0585065      0.98615015       128.00000
       1530.4956       1.0629028      0.98905277       128.00000
       1530.5164       1.0651207      0.99122030       128.00000
       1530.5372       1.0674907      0.99290168       128.00000
       1530.5581       1.0683733      0.99335933       128.00000
       1530.5789       1.0695810      0.99403161       128.00000
       1530.5997       1.0706232      0.99458015       128.00000
       1530.6206       1.0716603      0.99507725       128.00000
       1530.6414       1.0722309      0.99530530       128.00000
       1530.6622       1.0731765      0.99575466       128.00000
       1530.6831       1.0734618      0.99568039       128.00000
       1530.7039       1.0746636      0.99614573       128.00000
       1530.7247       1.0751581      0.99650645       128.00000
       1530.7456       1.0753525      0.99633569       128.00000
       1530.7664       1.0758841      0.99655122       128.00000
       1530.7872       1.0762510      0.99662697       128.00000
       1530.8081       1.0765187      0.99661994       128.00000
       1530.8289       1.0642602      0.98514223       128.00000
       1530.8497      0.99799758      0.92354375       128.00000
       1530.8706       1.1070802       1.0233961       128.00000
       1530.8914       1.0573872      0.97815228       128.00000
       1530.9122       1.1283520       1.0082372       128.00000
       1530.9331       1.1827078       1.0932798       128.00000
       1530.9539       1.0867889       1.0038999       128.00000
       1530.9747       1.0421505      0.95911354       128.00000
       1530.9956       1.3808247       1.1057825       128.00000
       1531.0164      -13.688514       12.919771       128.00000
       1531.0372       1.0732375      0.99130505       128.00000
       1531.0581       1.0772614      0.99417049       128.00000
       1531.0789       1.0633980      0.98097098       128.00000
       1531.0997       1.0674175      0.98407823       128.00000
       1531.1206       1.0509486      0.96898788       128.00000
       1531.1414       1.0887636      0.97938991       128.00000
       1531.1622       1.0505078      0.95924890       128.00000
       1531.1831       1.0078335      0.92476457       128.00000
       1531.2039       1.0007987      0.90217906       128.00000
       1531.2247       1.2675858      0.95006090       128.00000
       1531.2456       1.1457028      0.95664942       128.00000
       1531.2664      -1.0591278      0.96315092       128.00000
       1531.2872       1.2027309      0.97469467       128.00000
       1531.3081       1.6192801      0.96801335       128.00000
       1531.3289     -0.51844662      0.96363419       128.00000
       1531.3497       1.2706498      0.97203302       128.00000
       1531.3706       1.2229646      0.98627341       128.00000
       1531.3914       1.1047651      0.99294907       128.00000
       1531.4122       1.1032677       1.0034745       128.00000
       1531.4331       1.1186918       1.0125904       128.00000
       1531.4539       1.1095108       1.0157024       128.00000
       1531.4747       1.1101305       1.0176870       128.00000
       1531.4956       1.1182681       1.0247406       128.00000
       1531.5164       1.1412880       1.0201483       128.00000
       1531.5372       1.1187867       1.0269876       128.00000
       1531.5581       1.1254857       1.0374497       128.00000
       1531.5789       1.0913785       1.0079210       128.00000
       1531.5997       1.1589409       1.0697891       128.00000
       1531.6206       1.1067926       1.0227889       128.00000
       1531.6414       1.1023185       1.0187441       128.00000
       1531.6622       1.0973643       1.0142285       128.00000
       1531.6831       1.1003389       1.0171477       128.00000
       1531.7039       1.0970818       1.0142710       128.00000
       1531.7247       1.0953039       1.0128529       128.00000
       1535.0164      0.99360985       1.0061302       128.00000
       1535.0372      0.99461848       1.0070729       0.0000000
       1535.0580      0.99460810       1.0070640       0.0000000
       1535.0789      0.99453652       1.0066189       0.0000000
       1535.0997      0.99521887       1.0068855       0.0000000
       1535.1205      0.99458730       1.0059886       0.0000000
       1535.1414      0.99520516       1.0061656       0.0000000
       1535.1622      0.99579728       1.0060220       0.0000000
       1535.1830      0.99656546       1.0062486       0.0000000
       1535.2039      0.99722755       1.0062201       0.0000000
       1535.2247      0.99705142       1.0056844       0.0000000
       1535.2455      0.99795920       1.0060133       0.0000000
       1535.2664      0.99790525       1.0054771       0.0000000
       1535.2872      0.99848628       1.0056790       0.0000000
       1535.3080      0.99830085       1.0051037       0.0000000
       1535.3289      0.99939257       1.0056310       0.0000000
       1535.3497      0.99993891       1.0055364       0.0000000
       1535.3705      0.99987298       1.0053622       0.0000000
       1535.3914      0.99925560       1.0043944       0.0000000
       1535.4122      0.99999899       1.0047613       0.0000000
       1535.4330      0.99939239       1.0039595       0.0000000
       1535.4539      0.99991900       1.0040008       0.0000000
       1535.4747      0.99943304       1.0035677       0.0000000
       1535.4955       1.0000738       1.0037886       0.0000000
       1535.5164      0.99969566       1.0032343       0.0000000
       1535.5372       1.0000006       1.0031927       0.0000000
       1535.5580       1.0002185       1.0032799       0.0000000
       1535.5789      0.99950498       1.0025527       0.0000000
       1535.5997      0.99991089       1.0025496       0.0000000
       1535.6205       1.0002606       1.0028245       0.0000000
       1535.6414      0.99976665       1.0022476       0.0000000
       1535.6622      0.99974316       1.0020694       0.0000000
       1535.6830      0.99994290       1.0021009       0.0000000
       1535.7039       1.0000160       1.0021524       128.00000
       1535.7247       1.0002142       1.0020138       0.0000000
       1535.7455       1.0002477       1.0018716       0.0000000
       1535.7664       1.0000589       1.0016534       0.0000000
       1535.7872       1.0001411       1.0016364       0.0000000
       1535.8080      0.99992967       1.0013157       0.0000000
       1535.8289       1.0005572       1.0018057       0.0000000
       1535.8497      0.99995697       1.0013000       0.0000000
       1535.8705       1.0002154       1.0013342       0.0000000
       1535.8914       1.0000317       1.0011199       0.0000000
       1535.9122      0.99981427       1.0009162       0.0000000
       1535.9330       1.0002276       1.0012072       0.0000000
       1535.9539       1.0002875       1.0012318       0.0000000
       1535.9747       1.0005715       1.0014994       0.0000000
       1535.9955       1.0007910       1.0015930       0.0000000
       1536.0164       1.0000983       1.0010031       0.0000000
       1536.0372       1.0003128       1.0011146       0.0000000
       1536.0580       1.0001707       1.0008924       0.0000000
       1536.0789       1.0004755       1.0011626       0.0000000
       1536.0997      0.99868220      0.99963880       0.0000000
       1536.1205       1.0006281       1.0013065       0.0000000
       1536.1414       1.0006688       1.0012645       0.0000000
       1536.1622       1.0007490       1.0012419       0.0000000
       1536.1830       1.0006233       1.0012031       0.0000000
       1536.2039       1.0006764       1.0012412       0.0000000
       1536.2247       1.0002996       1.0008993       0.0000000
       1536.2455       1.0003601       1.0009289       0.0000000
       1536.2664       1.0003408       1.0009284       0.0000000
       1536.2872      0.99975920       1.0004367       0.0000000
       1536.3080      0.99998087       1.0005292       0.0000000
       1536.3288      0.99941921      0.99995738       0.0000000
       1536.3497      0.99983579       1.0003486       0.0000000
       1536.3705      0.99941599      0.99990606       0.0000000
       1536.3913       1.0001528       1.0006254       0.0000000
       1536.4122      0.99952614       1.0000604       0.0000000
       1536.4330       1.0002255       1.0005605       0.0000000
       1536.4538      0.99966663       1.0001441       0.0000000
       1536.4747      0.99999142       1.0003650       0.0000000
       1536.4955      0.99944127      0.99996865       0.0000000
       1536.5163      0.99993676       1.0003290       0.0000000
       1536.5372      0.99975288       1.0001636       0.0000000
       1536.5580      0.88101417      0.88139522       128.00000
       1536.5788       1.0002309       1.0005850       0.0000000
       1536.5997       1.0002587       1.0005816       0.0000000
       1536.6205       1.0001179       1.0004513       0.0000000
       1536.6413      0.99987495       1.0001785       0.0000000
       1536.6622       1.0001775       1.0005026       0.0000000
       1536.6830       1.0003875       1.0007175       0.0000000
       1536.7038       1.0001382       1.0004772       0.0000000
       1536.7247       1.0001122       1.0004052       0.0000000
       1536.7455       1.0000931       1.0004518       0.0000000
       1536.7663       1.0001602       1.0005254       0.0000000
       1536.7872      0.99983019       1.0001581       0.0000000
       1536.8080      0.99990493       1.0002347       0.0000000
       1536.8288       1.0000228       1.0003990       0.0000000
       1536.8497       1.0000391       1.0004296       0.0000000
       1536.8705      0.99990404       1.0002680       0.0000000
       1536.8913      0.99982274       1.0002102       0.0000000
       1536.9122       1.0000715       1.0004258       0.0000000
       1536.9330      0.99977267       1.0001595       0.0000000
       1536.9538       1.0000790       1.0004250       0.0000000
       1536.9747      0.99990141       1.0003273       0.0000000
       1536.9955      0.99969715       1.0000629       0.0000000
       1537.0163      0.99964827      0.99999905       0.0000000
       1537.0372      0.99964136       1.0001100       0.0000000
       1537.0580      0.99985188       1.0002314       0.0000000
       1537.0788       1.0001796       1.0005367       0.0000000
       1537.0997      0.99995744       1.0003203       0.0000000
       1537.1205      0.99991941       1.0003403       0.0000000
       1537.1413      0.99974352       1.0001032       0.0000000
       1537.1622       1.0000907       1.0004231       0.0000000
       1537.1830       1.0002270       1.0006245       0.0000000
       1537.2038       1.0001572       1.0005015       0.0000000
       1537.2247       1.0001904       1.0005043       0.0000000
       1537.2455       1.0001547       1.0004870       0.0000000
       1537.2663       1.0001613       1.0004888       0.0000000
       1537.2872       1.0000610       1.0004160       0.0000000
       1537.3080       1.0003940       1.0007150       0.0000000
       1537.3288      0.99997580       1.0003151       0.0000000
       1537.3497       1.0003347       1.0006856       0.0000000
       1537.3705       1.0002598       1.0006086       0.0000000
       1537.3913       1.0002416       1.0005662       0.0000000
       1537.4122       1.0002375       1.0006081       0.0000000
       1537.4330      0.99983233       1.0002211       0.0000000
       1537.4538      0.99959594       1.0001034       0.0000000
       1537.4747      0.99965316       1.0000577       0.0000000
       1537.4955      0.99954647      0.99999112       0.0000000
       1537.5163      0.99976653       1.0002112       0.0000000
       1537.5372      0.99942517      0.99987024       0.0000000
       1537.5580      0.99975866       1.0001944       0.0000000
       1537.5788       1.0001882       1.0005462       0.0000000
       1537.5997      0.99985456       1.0002886       0.0000000
       1537.6205       1.0000495       1.0004634       0.0000000
       1537.6413      0.99985516       1.0002683       0.0000000
       1537.6622      0.99987096       1.0002739       0.0000000
       1537.6830      0.99973601       1.0001887       0.0000000
       1537.7038      0.99965543       1.0000520       0.0000000
       1537.7247      0.99979275       1.0001957       0.0000000
       1537.7455      0.99989593       1.0003529       0.0000000
       1537.7663      0.99945390      0.99981964       0.0000000
       1537.7872      0.99944037      0.99979222       0.0000000
       1537.8080      0.99935508      0.99984509       0.0000000
       1537.8288      0.99947006      0.99984068       0.0000000
       1537.8497      0.99958473       1.0000539       0.0000000
       1537.8705      0.99956626      0.99994308       0.0000000
       1537.8913      0.99957561      0.99983662       0.0000000
       1537.9122      0.99943817      0.99991381       0.0000000
       1537.9330      0.99928266      0.99967480       0.0000000
       1537.9538      0.99961370       1.0000625       0.0000000
       1537.9747      0.99923247      0.99964911       0.0000000
       1537.9955      0.99931085      0.99975348       0.0000000
       1538.0163      0.99944735      0.99976170       0.0000000
       1538.0372      0.99920166      0.99964052       0.0000000
       1538.0580      0.99979192       1.0001340       0.0000000
       1538.0788      0.99925649      0.99959689       0.0000000
       1538.0997      0.99915367      0.99957877       0.0000000
       1538.1205      0.99964941       1.0000000       0.0000000
       1538.1413      0.99939513      0.99980998       0.0000000
       1538.1622      0.99934536      0.99976540       0.0000000
       1538.1830      0.99916703      0.99962747       0.0000000
       1538.2038      0.99955720      0.99997711       0.0000000
       1538.2247      0.99938500      0.99986970       0.0000000
       1538.2455      0.99973309       1.0001094       0.0000000
       1538.2663      0.99952513      0.99992865       0.0000000
       1538.2872      0.99954855      0.99994254       0.0000000
       1538.3080      0.99939758      0.99980414       0.0000000
       1538.3288      0.99925005      0.99964243       0.0000000
       1538.3497      0.99942774      0.99985462       0.0000000
       1538.3705      0.99936420      0.99982899       0.0000000
       1538.3913      0.99938369      0.99981320       0.0000000
       1538.4122      0.99982470       1.0002640       0.0000000
       1538.4330      0.99997813       1.0003067       0.0000000
       1538.4538      0.99905443      0.99953914       0.0000000
       1538.4746      0.99955893      0.99981421       0.0000000
       1538.4955      0.99921632      0.99951547       0.0000000
       1538.5163      0.99933213      0.99959946       0.0000000
       1538.5371      0.99993432      0.99954242       0.0000000
       1538.5580      0.99901718      0.99935859       0.0000000
       1538.5788      0.99887538      0.99922764       0.0000000
       1538.5996      0.99878079      0.99913740       0.0000000
       1538.6205      0.99884266      0.99922842       0.0000000
       1538.6413      0.99863851      0.99889910       0.0000000
       1538.6621      0.99896348      0.99931270       0.0000000
       1538.6830      0.99909979      0.99937767       0.0000000
       1538.7038      0.99880105      0.99910688       0.0000000
       1538.7246      0.99900055      0.99934471       0.0000000
       1538.7455      0.99892461      0.99920827       0.0000000
       1538.7663      0.99895400      0.99921918       0.0000000
       1538.7871      0.99836493      0.99868149       0.0000000
       1538.8080      0.99864060      0.99892503       0.0000000
       1538.8288      0.99913323      0.99936622       0.0000000
       1538.8496      0.99878848      0.99909133       0.0000000
       1538.8705      0.99886107      0.99913746       0.0000000
       1538.8913      0.99911964      0.99946189       0.0000000
       1538.9121      0.99904996      0.99932045       0.0000000
       1538.9330      0.99945635      0.99970686       0.0000000
       1538.9538      0.99963051      0.99986887       0.0000000
       1538.9746      0.99988872      0.99943334       0.0000000
       1538.9955      0.99940687      0.99962032       0.0000000
       1539.0163      0.99888819      0.99928641       0.0000000
       1539.0371      0.99975145      0.99987912       0.0000000
       1539.0580      0.99980921      0.99999088       0.0000000
       1539.0788       1.0002027       1.0003556       0.0000000
       1539.0996      0.99988019       1.0000539       0.0000000
       1539.1205      0.99955440      0.99980664       0.0000000
       1539.1413      0.99992937       1.0001088       0.0000000
       1539.1621       1.0001239       1.0002909       0.0000000
       1539.1830       1.0007951       1.0009061       0.0000000
       1539.2038       1.0005134       1.0006276       0.0000000
       1539.2246       1.0001053       1.0003259       0.0000000
       1539.2455       1.0006635       1.0008217       0.0000000
       1539.2663       1.0008934       1.0010221       0.0000000
       1539.2871       1.0011383       1.0012776       0.0000000
       1539.3080       1.0007218       1.0010208       0.0000000
       1539.3288       1.0016749       1.0017388       0.0000000
       1539.3496       1.0014361       1.0015420       0.0000000
       1539.3705       1.0021311       1.0022717       0.0000000
       1539.3913       1.0022111       1.0022871       0.0000000
       1539.4121       1.0027128       1.0027544       0.0000000
       1539.4330       1.0022523       1.0024608       0.0000000
       1539.4538       1.0024495       1.0026639       0.0000000
       1539.4746       1.0028918       1.0030336       0.0000000
       1539.4955       1.0032983       1.0033474       0.0000000
       1539.5163       1.0028416       1.0029252       0.0000000
       1539.5371       1.0033293       1.0033630       0.0000000
       1539.5580       1.0032004       1.0032938       0.0000000
       1539.5788       1.0031691       1.0032192       0.0000000
       1539.5996       1.0030955       1.0032014       0.0000000
       1539.6205       1.0033480       1.0034672       0.0000000
       1539.6413       1.0031217       1.0031639       128.00000
       1539.6621       1.0029505       1.0029616       128.00000
       1539.6830      0.89020813      0.89042431       128.00000
       1539.7038       1.0030044       1.0029962       0.0000000
       1539.7246       1.0027280       1.0027660       0.0000000
       1539.7455       1.0028535       1.0028340       0.0000000
       1539.7663       1.0024649       1.0024529       0.0000000
       1539.7871       1.0019281       1.0019153       0.0000000
       1539.8080       1.0020902       1.0019367       0.0000000
       1539.8288       1.0018914       1.0017757       0.0000000
       1539.8496       1.0018835       1.0017421       0.0000000
       1539.8705       1.0014794       1.0014198       0.0000000
       1539.8913       1.0013554       1.0012761       0.0000000
       1539.9121       1.0011373       1.0009607       0.0000000
       1539.9330       1.0010623       1.0009477       0.0000000
       1539.9538       1.0011444       1.0009837       0.0000000
       1539.9746       1.0005050       1.0004144       0.0000000
       1539.9955       1.0002187       1.0002283       0.0000000
       1540.0163       1.0002925       1.0002170       0.0000000
       1540.0371       1.0000749      0.99999571       0.0000000
       1540.0580       1.0000707      0.99999934       0.0000000
       1540.0788      0.99981821      0.99976641       0.0000000
       1540.0996       1.0000267      0.99991590       0.0000000
       1540.1205       1.0000753      0.99994344       0.0000000
       1540.1413      0.99992597      0.99980742       0.0000000
       1540.1621       1.0000401      0.99984545       0.0000000
       1540.1829      0.99996746      0.99980688       0.0000000
       1540.2038      0.99965549      0.99954665       0.0000000
       1540.2246       1.0002147      0.99998933       0.0000000
       1540.2454       1.0001934       1.0000122       0.0000000
       1540.2663       1.0000927      0.99989629       0.0000000
       1540.2871       1.0001687       1.0000135       0.0000000
       1540.3079       1.0001343      0.99999273       0.0000000
       1540.3288       1.0000204      0.99982637       0.0000000
       1540.3496      0.99996102      0.99975193       0.0000000
       1540.3704      0.99998283      0.99970341       0.0000000
       1540.3913      0.99994338      0.99972570       0.0000000
       1540.4121       1.0000569      0.99982297       0.0000000
       1540.4329      0.99999756      0.99978220       0.0000000
       1540.4538      0.99989116      0.99959445       0.0000000
       1540.4746       1.0000000      0.99975038       0.0000000
       1540.4954      0.99952608      0.99932265       0.0000000
       1540.5163      0.99970132      0.99946100       0.0000000
       1540.5371       1.0000691      0.99982661       0.0000000
       1540.5579      0.99991351      0.99970311       0.0000000
       1540.5788       1.0000503      0.99978143       0.0000000
       1540.5996       1.0002193      0.99994540       0.0000000
       1540.6204      0.99992478      0.99960083       0.0000000
       1540.6413       1.0002556      0.99998868       0.0000000
       1540.6621      0.99962437      0.99938834       0.0000000
       1540.6829      0.99978971      0.99951214       0.0000000
       1540.7038       1.0003290       1.0000237       0.0000000
       1540.7246       1.0000707      0.99980193       0.0000000
       1540.7454       1.0000137      0.99970031       0.0000000
       1540.7663      0.99994171      0.99970508       0.0000000
       1540.7871       1.0001514      0.99992353       0.0000000
       1540.8079      0.99996066      0.99974948       0.0000000
       1540.8288       1.0001522      0.99991113       0.0000000
       1540.8496       1.0002007      0.99986351       0.0000000
       1540.8704       1.0000664      0.99983501       0.0000000
       1540.8913      0.99986237      0.99959689       0.0000000
       1540.9121       1.0001740      0.99979413       0.0000000
       1540.9329      0.99987590      0.99963105       0.0000000
       1540.9538      0.99998707      0.99977493       0.0000000
       1540.9746       1.0002546      0.99991876       0.0000000
       1540.9954      0.99996686      0.99957675       0.0000000
       1541.0163       1.0001228      0.99976879       0.0000000
       1541.0371       1.0000144      0.99972379       0.0000000
       1541.0579      0.99967021      0.99943459       0.0000000
       1541.0788       1.0000429      0.99961090       0.0000000
       1541.0996      0.99936271      0.99904460       0.0000000
       1541.1204      0.99998134      0.99963564       0.0000000
       1541.1413      0.99951810      0.99915212       0.0000000
       1541.1621      0.99974495      0.99933147       0.0000000
       1541.1829       1.0001594      0.99932814       0.0000000
       1541.2038      0.99960947      0.99918258       0.0000000
       1541.2246      0.99897969      0.99865091       0.0000000
       1541.2454      0.99944371      0.99897540       0.0000000
       1541.2663      0.99936455      0.99888074       0.0000000
       1541.2871      0.99934661      0.99887121       0.0000000
       1541.3079      0.99912399      0.99865061       0.0000000
       1541.3288      0.99876589      0.99836016       0.0000000
       1541.3496      0.99953181      0.99899471       0.0000000
       1541.3704      0.99892151      0.99846131       0.0000000
       1541.3913      0.99835378      0.99784386       0.0000000
       1541.4121       1.0002662      0.99894679       0.0000000
       1541.4329      0.99911487      0.99854487       0.0000000
       1541.4538      0.99912953      0.99866521       0.0000000
       1541.4746      0.99893934      0.99840826       0.0000000
       1541.4954      0.99923843      0.99867642       0.0000000
       1541.5163      0.99884892      0.99829578       0.0000000
       1541.5371      0.99922937      0.99865437       0.0000000
       1541.5579      0.99881774      0.99832666       0.0000000
       1541.5788      0.99951106      0.99893552       0.0000000
       1541.5996      0.99880832      0.99827582       0.0000000
       1541.6204      0.99945486      0.99891025       0.0000000
       1541.6413      0.99924487      0.99866194       0.0000000
       1541.6621      0.99916416      0.99857235       0.0000000
       1541.6829      0.99884170      0.99831557       0.0000000
       1541.7038      0.99910295      0.99842536       0.0000000
       1541.7246      0.99934524      0.99868321       0.0000000
       1541.7454      0.99965572      0.99888790       0.0000000
       1541.7662      0.99946684      0.99872571       0.0000000
       1541.7871      0.99962598      0.99890798       0.0000000
       1541.8079      0.99892372      0.99837023       0.0000000
       1541.8287      0.99982166      0.99930406       0.0000000
       1541.8496       1.0000625      0.99937987       0.0000000
       1541.8704       1.0005342      0.99970549       0.0000000
       1541.8912       1.0002600      0.99907804       0.0000000
       1541.9121       1.0004553      0.99905205       0.0000000
       1541.9329       1.0004674      0.99918407       0.0000000
       1541.9537       1.0001611      0.99936193       0.0000000
       1541.9746       1.0002056       1.0004313       0.0000000
       1541.9954       1.0003074       1.0021486       0.0000000
