    1106
       1790.7025       1.0175946       1.0037323       0.0000000
       1790.7233       1.0174601       1.0035410       0.0000000
       1790.7441       1.0176258       1.0030975       0.0000000
       1790.7650       1.0174687       1.0035899       0.0000000
       1790.7858       1.0171338       1.0027263       0.0000000
       1790.8066       1.0176845       1.0030460       0.0000000
       1790.8275       1.0164994       1.0028831       0.0000000
       1790.8483       1.0179164       1.0024561       0.0000000
       1790.8691       1.0175865       1.0006195       0.0000000
       1790.8900       1.0178838       1.0001369       0.0000000
       1790.9108       1.0176582      0.99945819       0.0000000
       1790.9316       1.0178273       1.0015393       0.0000000
       1790.9525       1.0177364      0.99869305       0.0000000
       1790.9733       1.0188913      0.99909240       0.0000000
       1790.9941       1.0185003      0.99896210       0.0000000
       1791.0150       1.0180703      0.99867785       0.0000000
       1791.0358       1.0172622      0.99905425       128.00000
       1791.0566       1.0184053      0.99905723       0.0000000
       1791.0775       1.0174636      0.99888307       0.0000000
       1791.0983       1.0174147      0.99870586       0.0000000
       1791.3900       1.0642495      0.96813399       0.0000000
       1791.4108       1.0645618      0.96467441       0.0000000
       1791.4316       1.0620289      0.96353310       0.0000000
       1791.4525       1.0584979      0.96423823       0.0000000
       1791.4733       1.0530062      0.96508425       0.0000000
       1791.4941       1.0472865      0.96758109       0.0000000
       1791.5150       1.0429800      0.96964878       0.0000000
       1791.5358       1.0375481      0.97068167       0.0000000
       1791.5566       1.0334927      0.97282559       0.0000000
       1791.5775       1.0291216      0.97398078       0.0000000
       1791.5983       1.0249561      0.97720504       0.0000000
       1791.6191       1.0219694      0.97700989       0.0000000
       1791.6400       1.0190067      0.98005515       0.0000000
       1791.6608       1.0165634      0.97978485       0.0000000
       1791.6816       1.0140181      0.98227298       0.0000000
       1791.7025       1.0111703      0.98398453       0.0000000
       1791.7233       1.0105791      0.98473746       0.0000000
       1791.7441       1.0075110      0.98584074       0.0000000
       1791.7650       1.0061539      0.98682553       0.0000000
       1791.7858       1.0035474      0.98739535       128.00000
       1791.8066       1.0040836      0.98887444       0.0000000
       1791.8275       1.0024410      0.98917818       0.0000000
       1791.8483       1.0016931      0.98999655       0.0000000
       1791.8691       1.0009438      0.99065202       0.0000000
       1791.8900       1.0002406      0.99086607       0.0000000
       1791.9108      0.99961251      0.99174643       0.0000000
       1791.9316      0.99950242      0.99266070       0.0000000
       1791.9525      0.99911994      0.99277711       0.0000000
       1791.9733      0.99901050      0.99378526       0.0000000
       1791.9941      0.99871892      0.99400753       0.0000000
       1792.0150      0.99863285      0.99504840       0.0000000
       1792.0358      0.99904954      0.99587619       0.0000000
       1792.0566      0.99876952      0.99598801       0.0000000
       1792.0775      0.99913967      0.99711871       0.0000000
       1792.0983       1.0001519      0.99716574       0.0000000
       1792.1191      0.99986011      0.99745744       0.0000000
       1792.1400       1.0004308      0.99770731       0.0000000
       1792.1608       1.0010664      0.99977171       0.0000000
       1792.1816       1.0014973       1.0002701       0.0000000
       1792.2025       1.0005295       1.0014521       0.0000000
       1792.2233       1.0009065       1.0018848       0.0000000
       1792.2441       1.0011961       1.0032772       0.0000000
       1792.2650       1.0012850       1.0034271       128.00000
       1792.2858       1.0014703       1.0040482       128.00000
       1792.3066       1.0020499       1.0045723       0.0000000
       1792.3275       1.0038085       1.0048647       0.0000000
       1792.3483       1.0033038       1.0051003       0.0000000
       1792.3691       1.0041139       1.0056658       0.0000000
       1792.3900       1.0041507       1.0062262       0.0000000
       1792.4108       1.0037357       1.0059490       0.0000000
       1792.4316       1.0039700       1.0061350       0.0000000
       1792.4525       1.0039287       1.0057784       0.0000000
       1792.4733       1.0040540       1.0064025       128.00000
       1792.4941       1.0037904       1.0054145       0.0000000
       1792.5150       1.0038595       1.0060687       0.0000000
       1792.5358       1.0031420       1.0055311       0.0000000
       1792.5566       1.0004699       1.0050960       128.00000
       1792.5775       1.0010619       1.0047963       0.0000000
       1792.5983       1.0022012       1.0050155       0.0000000
       1792.6191       1.0018481       1.0044981       0.0000000
       1792.6400       1.0013243       1.0039276       0.0000000
       1792.6608       1.0014250       1.0035161       0.0000000
       1792.6816       1.0007777       1.0034531       0.0000000
       1792.7025       1.0003288       1.0003570       0.0000000
       1792.7233       1.0008365       1.0029399       0.0000000
       1792.7441      0.99968505       1.0019010       128.00000
       1792.7650      0.99910754       1.0014063       0.0000000
       1792.7858      0.99944299       1.0018265       0.0000000
       1792.8066      0.99858195       1.0012567       0.0000000
       1792.8275      0.99860746       1.0013255       0.0000000
       1792.8483      0.99808395       1.0008513       0.0000000
       1792.8691      0.99823022       1.0008307       0.0000000
       1792.8900      0.99777460       1.0003817       0.0000000
       1792.9108      0.99830890       1.0008796       0.0000000
       1792.9316      0.99737316       1.0007849       0.0000000
       1792.9525      0.99775034       1.0002978       0.0000000
       1792.9733      0.99744570       1.0001203       0.0000000
       1792.9941      0.99740911       1.0004597       0.0000000
       1793.0150      0.99760938       1.0004321       0.0000000
       1793.0358      0.99748564      0.99999487       0.0000000
       1793.0566      0.99790722       1.0002505       0.0000000
       1793.0775      0.99760878       1.0000336       0.0000000
       1793.0983      0.99720174      0.99981171       0.0000000
       1793.1191      0.99694484       1.0000591       0.0000000
       1793.1400      0.99699336       1.0002017       0.0000000
       1793.1608      0.99748176       1.0002744       0.0000000
       1793.1816      0.99723983      0.99987549       0.0000000
       1793.2025      0.99733996       1.0004001       0.0000000
       1793.2233      0.99800801       1.0009543       0.0000000
       1793.2441      0.99791604       1.0011183       0.0000000
       1793.2650      0.99775010       1.0006938       0.0000000
       1793.2858      0.99775082       1.0005386       0.0000000
       1793.3066      0.99798805       1.0008415       0.0000000
       1793.3275      0.99780095      0.99994433       0.0000000
       1793.3483      0.99827045       1.0015566       0.0000000
       1793.3691      0.99810433       1.0007880       128.00000
       1793.3900      0.99868941       1.0019513       0.0000000
       1793.4108      0.99822098       1.0010949       0.0000000
       1793.4316      0.99895930       1.0017467       0.0000000
       1793.4525      0.99917245       1.0015959       0.0000000
       1793.4733      0.99921703       1.0023584       0.0000000
       1793.4941      0.99906033       1.0014670       0.0000000
       1793.5150      0.99931538       1.0017333       0.0000000
       1793.5358      0.99916458       1.0019728       0.0000000
       1793.5566      0.99957514       1.0021085       0.0000000
       1793.5775      0.99950004       1.0019037       0.0000000
       1793.5983      0.99949080       1.0022600       0.0000000
       1793.6191      0.99995583       1.0025574       0.0000000
       1793.6400      0.99978304       1.0022751       0.0000000
       1793.6608       1.0001730       1.0025705       0.0000000
       1793.6816       1.0002793       1.0016488       0.0000000
       1793.7025      0.99995041       1.0023993       0.0000000
       1793.7233      0.99987566       1.0017149       0.0000000
       1793.7441       1.0000000       1.0022449       0.0000000
       1793.7650       1.0005114       1.0028948       0.0000000
       1793.7858       1.0005658       1.0029401       0.0000000
       1793.8066       1.0007244       1.0024576       0.0000000
       1793.8275       1.0007222       1.0027310       0.0000000
       1793.8483       1.0009216       1.0031695       0.0000000
       1793.8691       1.0007528       1.0030386       0.0000000
       1793.8900       1.0008624       1.0029474       0.0000000
       1793.9108       1.0008761       1.0026351       0.0000000
       1793.9316       1.0011052       1.0033327       128.00000
       1793.9525       1.0007120       1.0022465       0.0000000
       1793.9733       1.0011886       1.0028796       0.0000000
       1793.9941       1.0008334       1.0027171       0.0000000
       1794.0150      0.99926966       1.0029172       0.0000000
       1794.0358       1.0007379       1.0028772       0.0000000
       1794.0566       1.0005876       1.0034585       0.0000000
       1794.0775       1.0011315       1.0032439       128.00000
       1794.0983       1.0007712       1.0036256       128.00000
       1794.1191       1.0006651       1.0031352       0.0000000
       1794.1400       1.0001870       1.0038475       0.0000000
       1794.1608       1.0013067       1.0033916       0.0000000
       1794.1816      0.99948323       1.0036017       0.0000000
       1794.2025       1.0005916       1.0038807       128.00000
       1794.2233       1.0013936       1.0037742       128.00000
       1794.2441       1.0008699       1.0037268       0.0000000
       1794.2650       1.0019531       1.0032279       0.0000000
       1794.2858       1.0010036       1.0038209       0.0000000
       1794.3066       1.0003134       1.0032442       0.0000000
       1794.3275      0.99850214       1.0035727       128.00000
       1794.3483       1.0008911       1.0035361       0.0000000
       1794.3691      0.99873549       1.0033941       128.00000
       1794.3900       1.0007688       1.0029503       0.0000000
       1794.4108       1.0014281       1.0033268       0.0000000
       1794.4316       1.0002185       1.0029277       0.0000000
       1794.4525       1.0022399       1.0035037       0.0000000
       1794.4733       1.0007917       1.0032972       0.0000000
       1794.4941       1.0014598       1.0033362       0.0000000
       1794.5150       1.0019248       1.0034454       128.00000
       1794.5358       1.0016571       1.0029305       0.0000000
       1794.5566       1.0005374       1.0026882       128.00000
       1794.5775       1.0012891       1.0025197       0.0000000
       1794.5983       1.0023434       1.0034078       0.0000000
       1794.6191       1.0012535       1.0028440       0.0000000
       1794.6400       1.0024573       1.0035522       0.0000000
       1794.6608       1.0002769       1.0024014       0.0000000
       1794.6816       1.0022047       1.0019773       0.0000000
       1794.7025       1.0012811       1.0024034       128.00000
       1794.7233       1.0019991       1.0020919       0.0000000
       1794.7441       1.0020871       1.0025231       0.0000000
       1794.7650       1.0020390       1.0025887       0.0000000
       1794.7858       1.0017068       1.0023422       0.0000000
       1794.8066       1.0018859       1.0025498       0.0000000
       1794.8275       1.0017484       1.0019437       0.0000000
       1794.8483       1.0010203       1.0006474       128.00000
       1794.8691       1.0019877       1.0014731       0.0000000
       1794.8900       1.0010302       1.0010788       0.0000000
       1794.9108       1.0016590       1.0013185       0.0000000
       1794.9316       1.0002602       1.0000092       0.0000000
       1794.9525   5.4944029e-14      0.87572515       128.00000
       1794.9733       1.0010383       1.0015864       0.0000000
       1794.9941       1.0017483       1.0006311       0.0000000
       1795.0150       1.0009884       1.0011431       0.0000000
       1795.0358       1.0012164       1.0015297       0.0000000
       1795.0566       1.0004745       1.0013044       0.0000000
       1795.0775       1.0008314       1.0010806       0.0000000
       1795.0983       1.0004694       1.0007875       0.0000000
       1795.1191       1.0005304       1.0009195       0.0000000
       1795.1400       1.0000257       1.0003783       0.0000000
       1795.1608      0.99983937      0.99987161       0.0000000
       1795.1816       1.0004733       1.0004538       0.0000000
       1795.2025       1.0000992      0.99951142       0.0000000
       1795.2233       1.0000330      0.99970150       0.0000000
       1795.2441       1.0001775      0.99912560       0.0000000
       1795.2650      0.99910802      0.99881208       0.0000000
       1795.2858      0.99981010      0.99855220       0.0000000
       1795.3066      0.99933022      0.99887407       0.0000000
       1795.3275      0.99881858      0.99927968       0.0000000
       1795.3483      0.99881256      0.99877918       0.0000000
       1795.3691      0.99868643      0.99872750       0.0000000
       1795.3900      0.99822837      0.99856800       0.0000000
       1795.4108      0.99809581      0.99842936       0.0000000
       1795.4316      0.99807698      0.99836934       0.0000000
       1795.4525      0.99812663      0.99813157       0.0000000
       1795.4733      0.99731016      0.99786299       0.0000000
       1795.4941      0.99725550      0.99828202       0.0000000
       1795.5150      0.99726039      0.99768907       0.0000000
       1795.5358      0.99742550      0.99784821       0.0000000
       1795.5566      0.99714279      0.99714571       0.0000000
       1795.5775      0.99704123      0.99754268       0.0000000
       1795.5983      0.99706006      0.99767905       0.0000000
       1795.6191      0.99668312      0.99684477       0.0000000
       1795.6400      0.99699181      0.99706548       0.0000000
       1795.6608      0.99719721      0.99756765       0.0000000
       1795.6816      0.99690825      0.99715400       0.0000000
       1795.7025      0.99694115      0.99764764       0.0000000
       1795.7233      0.99755847      0.99771231       0.0000000
       1795.7441      0.99733436      0.99779660       0.0000000
       1795.7650      0.99791461      0.99826509       0.0000000
       1795.7858      0.99837446      0.99890542       0.0000000
       1795.8066      0.99893206      0.99919289       0.0000000
       1795.8275      0.99875957      0.99917752       0.0000000
       1795.8483      0.99964505      0.99985737       0.0000000
       1795.8691      0.99977958       1.0001885       0.0000000
       1795.8900       1.0006740       1.0014867       0.0000000
       1795.9108       1.0010453       1.0012845       0.0000000
       1795.9316       1.0009309       1.0016309       0.0000000
       1795.9525       1.0028142       1.0027887       0.0000000
       1795.9733       1.0026836       1.0031115       0.0000000
       1795.9941       1.0032786       1.0038844       0.0000000
       1796.0150       1.0031477       1.0034599       0.0000000
       1796.0358       1.0042952       1.0046775       0.0000000
       1796.0566       1.0040538       1.0043427       0.0000000
       1796.0775       1.0049199       1.0055748       0.0000000
       1796.0983       1.0049381       1.0051328       0.0000000
       1796.1191       1.0052395       1.0058134       0.0000000
       1796.1400       1.0040063       1.0058129       0.0000000
       1796.1608       1.0059676       1.0061412       0.0000000
       1796.1816       1.0055323       1.0058880       0.0000000
       1796.2025       1.0059015       1.0060419       0.0000000
       1796.2233       1.0060617       1.0063034       0.0000000
       1796.2441       1.0056293       1.0059558       0.0000000
       1796.2650       1.0058297       1.0062139       0.0000000
       1796.2858       1.0058521       1.0058841       0.0000000
       1796.3066       1.0053885       1.0056195       0.0000000
       1796.3275       1.0048779       1.0050896       0.0000000
       1796.3483       1.0044974       1.0044936       0.0000000
       1796.3691       1.0041448       1.0040359       0.0000000
       1796.3900       1.0037408       1.0039982       0.0000000
       1796.4108       1.0039227       1.0034446       0.0000000
       1796.4316       1.0030026       1.0031843       0.0000000
       1796.4525       1.0029690       1.0029263       0.0000000
       1796.4733       1.0022027       1.0023187       0.0000000
       1796.4941       1.0023359       1.0025406       0.0000000
       1796.5150       1.0013893       1.0013989       0.0000000
       1796.5358       1.0015138       1.0015326       0.0000000
       1796.5566       1.0012680       1.0013733       0.0000000
       1796.5775       1.0009804       1.0010166       0.0000000
       1796.5983       1.0007241       1.0009630       0.0000000
       1796.6191       1.0000887       1.0001730       0.0000000
       1796.6400       1.0005020       1.0002387       0.0000000
       1796.6608      0.99970078      0.99995095       0.0000000
       1796.6816       1.0000030       1.0000817       0.0000000
       1796.7025      0.99901104      0.99915957       0.0000000
       1796.7233       1.0000927      0.99984872       0.0000000
       1796.7441      0.99848968      0.99917245       128.00000
       1796.7650      0.99918824      0.99857312       0.0000000
       1796.7858      0.99922335      0.99897146       0.0000000
       1796.8066      0.99911267      0.99900317       0.0000000
       1796.8275      0.99857193      0.99858904       0.0000000
       1796.8483      0.99903244      0.99882466       0.0000000
       1796.8691      0.99885309      0.99894637       0.0000000
       1796.8900      0.99871922      0.99837983       0.0000000
       1796.9108      0.99867791      0.99879652       0.0000000
       1796.9316      0.99853235      0.99840856       0.0000000
       1796.9525      0.99891126      0.99889123       128.00000
       1796.9733      0.99834186      0.99852335       0.0000000
       1796.9941      0.99958825      0.99893057       0.0000000
       1797.0150      0.99812329      0.99850136       0.0000000
       1797.0358      0.99918395      0.99877661       0.0000000
       1797.0566      0.99954754      0.99871534       0.0000000
       1797.0775      0.99887234      0.99908251       0.0000000
       1797.0983      0.99963689      0.99900299       0.0000000
       1797.1191      0.99949729      0.99929845       0.0000000
       1797.1400      0.99986243      0.99944055       0.0000000
       1797.1608      0.99996692      0.99945319       0.0000000
       1797.1816      0.99972743      0.99930179       0.0000000
       1797.2025      0.99769461      0.99911362       0.0000000
       1797.2233      0.99921858      0.99974501       0.0000000
       1797.2441       1.0003772      0.99976099       0.0000000
       1797.2650       1.0004311      0.99955148       0.0000000
       1797.2858       1.0008703       1.0006043       0.0000000
       1797.3066       1.0000477      0.99967188       0.0000000
       1797.3275       1.0007591       1.0001284       0.0000000
       1797.3483       1.0008217       1.0004063       0.0000000
       1797.3691       1.0012757       1.0008241       0.0000000
       1797.3900       1.0006623      0.99937952       0.0000000
       1797.4108       1.0009763       1.0004989       0.0000000
       1797.4316       1.0006762      0.99972564       0.0000000
       1797.4525       1.0007019       1.0008254       0.0000000
       1797.4733      0.99943328      0.99990755       0.0000000
       1797.4941       1.0000933       1.0006977       0.0000000
       1797.5150       1.0011755       1.0010085       0.0000000
       1797.5358       1.0001055       1.0003631       0.0000000
       1797.5566       1.0012659       1.0006640       0.0000000
       1797.5775      0.99992830       1.0007583       0.0000000
       1797.5983       1.0014492       1.0010622       0.0000000
       1797.6191       1.0009675       1.0005226       128.00000
       1797.6400       1.0001336       1.0005472       0.0000000
       1797.6608       1.0010968       1.0007918       128.00000
       1797.6816       1.0000991       1.0001928       0.0000000
       1797.7025       1.0004454       1.0003753       128.00000
       1797.7233       1.0004112       1.0000314       0.0000000
       1797.7441       1.0020148       1.0009354       0.0000000
       1797.7650       1.0004147       1.0002353       0.0000000
       1797.7858       1.0014572       1.0010157       0.0000000
       1797.8066       1.0013936       1.0014362       128.00000
       1797.8275       1.0012462       1.0009024       0.0000000
       1797.8483       1.0014609       1.0010047       0.0000000
       1797.8691       1.0010916       1.0007321       0.0000000
       1797.8900       1.0016309       1.0011141       128.00000
       1797.9108       1.0015786       1.0015700       0.0000000
       1797.9316       1.0009527       1.0008931       128.00000
       1797.9525       1.0019034       1.0013660       0.0000000
       1797.9733       1.0016617       1.0011722       0.0000000
       1797.9941       1.0017989       1.0009369       0.0000000
       1798.0150       1.0016780       1.0016984       0.0000000
       1798.0358       1.0006784       1.0007757       0.0000000
       1798.0566       1.0008816       1.0012095       0.0000000
       1798.0775       1.0017854       1.0009342       128.00000
       1798.0983      0.99970973       1.0010817       128.00000
       1798.1191       1.0008700       1.0005814       0.0000000
       1798.1400       1.0023013       1.0008579       0.0000000
       1798.1608      0.99379414       1.0007104       128.00000
       1798.1816       1.0007879       1.0013891       0.0000000
       1798.2025       1.0004077       1.0008790       0.0000000
       1798.2233       1.0008851       1.0007147       128.00000
       1798.2441       1.0009965       1.0004499       0.0000000
       1798.2650       1.0012434       1.0010796       0.0000000
       1798.2858       1.0012397       1.0012197       0.0000000
       1798.3066       1.0015222       1.0014694       128.00000
       1798.3275       1.0012519       1.0012800       0.0000000
       1798.3483       1.0010720       1.0006323       128.00000
       1798.3691       1.0023545       1.0012940       128.00000
       1798.3900       1.0014799       1.0009426       128.00000
       1798.4108       1.0021638       1.0005813       0.0000000
       1798.4316       1.0015795       1.0007945       128.00000
       1798.4525       1.0008873       1.0008903       0.0000000
       1798.4733      0.99997848       1.0005401       0.0000000
       1798.4941       1.0012382       1.0004340       0.0000000
       1798.5150       1.0011533       1.0010086       128.00000
       1798.5358      0.99995822       1.0003792       0.0000000
       1798.5566       1.0007813       1.0000894       0.0000000
       1798.5775       1.0022229       1.0006050       0.0000000
       1798.5983       1.0010151       1.0000000       0.0000000
       1798.6191       1.0002760      0.99947882       0.0000000
       1798.6400       1.0015293      0.99960357       0.0000000
       1798.6608       1.0007169      0.99990040       0.0000000
       1798.6816       1.0009296      0.99948776       128.00000
       1798.7025       1.0000681      0.99948430       0.0000000
       1798.7233      0.99951625      0.99962276       128.00000
       1798.7441       1.0001223      0.99932748       0.0000000
       1798.7650      0.99973184      0.99912280       0.0000000
       1798.7858       1.0004495      0.99870116       0.0000000
       1798.8066      0.99939799      0.99867153       128.00000
       1798.8275       1.0006514      0.99854255       0.0000000
       1798.8483      0.99835765      0.99846905       0.0000000
       1798.8691      0.99968934      0.99776918       0.0000000
       1798.8900      0.99848288      0.99781692       0.0000000
       1798.9108      0.99943960      0.99749351       0.0000000
       1798.9316      0.99942005      0.99660701       0.0000000
       1798.9525      0.99842137      0.99767011       0.0000000
       1798.9733      0.99885809      0.99598640       0.0000000
       1798.9941      0.99771476      0.99614984       0.0000000
       1799.0150      0.99904329      0.99681854       0.0000000
       1799.0358      0.99862510      0.99527055       0.0000000
       1799.0566      0.99794620      0.99607384       0.0000000
       1799.0775      0.99866408      0.99669570       0.0000000
       1799.0983      0.99778575      0.99541003       0.0000000
       1799.1191      0.99832332      0.99502861       0.0000000
       1799.1400      0.99699849      0.99470907       0.0000000
       1799.1608      0.99792629      0.99504787       128.00000
       1799.1816      0.99780470      0.99411947       0.0000000
       1799.2025   5.3865173e-14      0.85852987       128.00000
       1799.2233      0.99734366      0.99657226       0.0000000
       1799.2441      0.99768054      0.99622130       0.0000000
       1799.2650      0.99699223      0.99560642       0.0000000
       1799.2858      0.99695611      0.99584633       0.0000000
       1799.3066      0.99700308      0.99542522       0.0000000
       1799.3275      0.99685490      0.99473691       0.0000000
       1799.3483      0.99690610      0.99513578       0.0000000
       1799.3691      0.99642706      0.99497032       0.0000000
       1799.3900      0.99701571      0.99537414       0.0000000
       1799.4108      0.99617791      0.99503767       0.0000000
       1799.4316      0.99623406      0.99484909       0.0000000
       1799.4525      0.99633926      0.99545074       0.0000000
       1799.4733      0.99624586      0.99542677       0.0000000
       1799.4941      0.99676508      0.99587762       0.0000000
       1799.5150      0.99656540      0.99563038       0.0000000
       1799.5358      0.99728334      0.99595588       0.0000000
       1799.5566      0.99709803      0.99602383       0.0000000
       1799.5775      0.99770033      0.99680156       0.0000000
       1799.5983      0.99804533      0.99721682       0.0000000
       1799.6191      0.99839449      0.99714082       0.0000000
       1799.6400      0.99889201      0.99804211       0.0000000
       1799.6608      0.99905849      0.99823868       0.0000000
       1799.6816      0.99984843      0.99919987       0.0000000
       1799.7025      0.99984962      0.99924165       0.0000000
       1799.7233       1.0006932       1.0003859       0.0000000
       1799.7441       1.0007371       1.0005729       0.0000000
       1799.7650       1.0014114       1.0009851       0.0000000
       1799.7858       1.0018338       1.0016786       0.0000000
       1799.8066       1.0018343       1.0017977       0.0000000
       1799.8275       1.0029600       1.0028127       0.0000000
       1799.8483       1.0029331       1.0026624       0.0000000
       1799.8691       1.0034658       1.0031159       0.0000000
       1799.8900       1.0032992       1.0032357       0.0000000
       1799.9108       1.0032382       1.0033350       0.0000000
       1799.9316       1.0040144       1.0041109       0.0000000
       1799.9525       1.0035838       1.0034192       0.0000000
       1799.9733       1.0037261       1.0041056       0.0000000
       1799.9941       1.0041434       1.0039859       0.0000000
       1800.0150       1.0035834       1.0036902       0.0000000
       1800.0358       1.0037073       1.0038756       0.0000000
       1800.0566       1.0029345       1.0035255       0.0000000
       1800.0775       1.0028021       1.0034332       0.0000000
       1800.0983       1.0024428       1.0027301       0.0000000
       1800.1191       1.0022303       1.0029931       0.0000000
       1800.1400       1.0018568       1.0024080       0.0000000
       1800.1608       1.0015301       1.0022959       0.0000000
       1800.1816       1.0011820       1.0019181       0.0000000
       1800.2025       1.0008681       1.0014488       0.0000000
       1800.2233      0.99982923       1.0004892       0.0000000
       1800.2441      0.99928474      0.99973798       0.0000000
       1800.2650      0.99951303       1.0003246       0.0000000
       1800.2858      0.99877894      0.99947685       0.0000000
       1800.3066      0.99840075      0.99940324       0.0000000
       1800.3275      0.99824381      0.99874473       0.0000000
       1800.3483      0.99751359      0.99849921       0.0000000
       1800.3691      0.99760920      0.99835849       0.0000000
       1800.3900      0.99669051      0.99790275       128.00000
       1800.4108      0.99747533      0.99849176       128.00000
       1800.4316      0.99670768      0.99759310       128.00000
       1800.4525      0.99635798      0.99785930       128.00000
       1800.4733      0.99632257      0.99775392       128.00000
       1800.4941      0.99607497      0.99720252       128.00000
       1800.5150      0.99560267      0.99735874       128.00000
       1800.5358      0.99505663      0.99689460       128.00000
       1800.5566      0.99559039      0.99751532       128.00000
       1800.5775      0.99508685      0.99683487       128.00000
       1800.5983      0.99473459      0.99657589       128.00000
       1800.6191      0.99477750      0.99703217       128.00000
       1800.6399      0.99443990      0.99653584       128.00000
       1800.6608      0.99461824      0.99676442       128.00000
       1800.6816      0.99457395      0.99656665       128.00000
       1800.7024      0.99408925      0.99702168       128.00000
       1800.7233      0.99391627      0.99689168       128.00000
       1800.7441      0.99336654      0.99682671       128.00000
       1800.7649      0.99305624      0.99684995       128.00000
       1800.7858      0.99273932      0.99682558       128.00000
       1800.8066      0.99273431      0.99742723       128.00000
       1800.8274      0.99246711      0.99682194       128.00000
       1800.8483      0.99251586      0.99762726       128.00000
       1800.8691      0.99244374      0.99773413       128.00000
       1800.8899      0.99193025      0.99697405       128.00000
       1800.9108      0.99210376      0.99755520       128.00000
       1800.9316      0.99212295      0.99724615       128.00000
       1800.9524      0.99226099      0.99723119       128.00000
       1800.9733      0.99225289      0.99778908       128.00000
       1800.9941      0.99228263      0.99769694       128.00000
       1801.0149      0.99191356      0.99774235       128.00000
       1801.0358      0.99105752      0.99761629       128.00000
       1801.0566      0.99131691      0.99759513       128.00000
       1801.0774      0.99046409      0.99800724       128.00000
       1801.0983      0.98969305      0.99764317       128.00000
       1801.1191      0.99005640      0.99844384       128.00000
       1801.1399      0.98957199      0.99794352       128.00000
       1801.1608      0.98972154      0.99816042       128.00000
       1801.1816      0.99016488      0.99823534       128.00000
       1801.2024      0.99004275      0.99831498       128.00000
       1801.2233      0.99015778      0.99847269       128.00000
       1801.2441      0.98957825      0.99811566       128.00000
       1801.2649      0.98966867      0.99838972       128.00000
       1801.2858      0.98963338      0.99769866       128.00000
       1801.3066      0.98947901      0.99863380       128.00000
       1801.3274      0.98949641      0.99855357       128.00000
       1801.3483      0.98834807      0.99823594       128.00000
       1801.3691      0.98786318      0.99796659       128.00000
       1801.3899      0.98743182      0.99800360       128.00000
       1801.4108      0.98730808      0.99825311       128.00000
       1801.4316      0.98663175      0.99827594       128.00000
       1801.4524      0.98543584      0.99781376       128.00000
       1801.4733      0.98503333      0.99823934       128.00000
       1801.4941      0.98409283      0.99821544       128.00000
       1801.5149      0.98343641      0.99859697       128.00000
       1801.5358      0.98226720      0.99850065       128.00000
       1801.5566      0.98094493      0.99825978       128.00000
       1801.5774      0.98012418      0.99846208       128.00000
       1801.5983      0.97914106      0.99852622       128.00000
       1801.6191      0.97769862      0.99823159       128.00000
       1801.6399      0.97643894      0.99832070       128.00000
       1801.6608      0.97468477      0.99812806       128.00000
       1801.6816      0.97315943      0.99844986       128.00000
       1801.7024      0.97034556      0.99792194       128.00000
       1801.7233      0.96813470      0.99857354       128.00000
       1801.7441      0.96447670      0.99807191       128.00000
       1801.7649      0.96080828      0.99786341       128.00000
       1801.7858      0.95744467      0.99836850       128.00000
       1801.8066      0.95287961      0.99782234       128.00000
       1801.8274      0.94939196      0.99843407       128.00000
       1801.8483      0.94473004      0.99795097       128.00000
       1801.8691      0.94067430      0.99804807       128.00000
       1801.8899      0.93672401      0.99828660       128.00000
       1801.9108      0.93247199      0.99820524       128.00000
       1801.9316      0.92823058      0.99839318       128.00000
       1801.9524      0.92126393      0.99760926       128.00000
       1801.9733      0.91743588      0.99772757       128.00000
       1801.9941      0.91205198      0.99812734       128.00000
       1802.0149      0.90602118      0.99798787       128.00000
       1802.0358      0.90000784      0.99806678       128.00000
       1802.0566      0.89381582      0.99838591       128.00000
       1802.0774      0.88697499      0.99864441       128.00000
       1802.0983      0.87916505      0.99861342       128.00000
       1802.1191      0.87114865      0.99858636       128.00000
       1802.1399      0.86328048      0.99860281       128.00000
       1802.1608      0.85598934      0.99877745       128.00000
       1802.1816      0.84820944      0.99772465       128.00000
       1802.2024      0.84177989      0.99743456       128.00000
       1802.2233      0.83673894      0.99764359       128.00000
       1802.2441      0.83235157      0.99711800       128.00000
       1802.2649      0.82980102      0.99675411       128.00000
       1802.2858      0.82968676      0.99667388       128.00000
       1802.3066      0.83157665      0.99633414       128.00000
       1802.3274      0.83602130      0.99667662       128.00000
       1802.3483      0.84311444      0.99772942       128.00000
       1802.3691      0.85286617      0.99887604       128.00000
       1802.3899      0.86358839      0.99937850       128.00000
       1802.4108      0.87407446      0.99918282       128.00000
       1802.4316      0.88555628      0.99916214       128.00000
       1803.4733       1.0006561       1.0020227       0.0000000
       1803.4941       1.0035052       1.0018824       0.0000000
       1803.5149       1.0019429       1.0029498       0.0000000
       1803.5358       1.0053314       1.0030593       128.00000
       1803.5566       1.0017654       1.0030391       128.00000
       1803.5774       1.0018178       1.0038118       128.00000
       1803.5983       1.0019916       1.0042276       128.00000
       1803.6191       1.0047516       1.0048760       0.0000000
       1803.6399       1.0034045       1.0052286       128.00000
       1803.6608       1.0054959       1.0057665       0.0000000
       1803.6816       1.0051810       1.0041957       0.0000000
       1803.7024       1.0064149       1.0051208       0.0000000
       1803.7233       1.0115349       1.0064185       0.0000000
       1803.7441       1.0064783       1.0055401       0.0000000
       1803.7649       1.0067686       1.0052984       0.0000000
       1803.7858       1.0065353       1.0059092       0.0000000
       1803.8066       1.0068455       1.0056005       0.0000000
       1803.8274       1.0056467       1.0051051       0.0000000
       1803.8483       1.0074555       1.0054011       128.00000
       1803.8691       1.0057962       1.0041548       0.0000000
       1803.8899       1.0049672       1.0045131       0.0000000
       1803.9108       1.0055073       1.0038912       0.0000000
       1803.9316       1.0057715       1.0038344       0.0000000
       1803.9524       1.0042863       1.0036609       0.0000000
       1803.9733       1.0031869       1.0027617       0.0000000
       1803.9941       1.0027931       1.0021410       0.0000000
       1804.0149       1.0030962       1.0019555       0.0000000
       1804.0358       1.0018026       1.0010221       0.0000000
       1804.0566       1.0027952       1.0017613       0.0000000
       1804.0774       1.0020671       1.0008479       0.0000000
       1804.0983       1.0020014       1.0009311       0.0000000
       1804.1191       1.0007576       1.0006648       0.0000000
       1804.1399       1.0000213      0.99962497       0.0000000
       1804.1608       1.0007954       1.0004224       0.0000000
       1804.1816       1.0009736       1.0003672       0.0000000
       1804.2024       1.0005711      0.99915004       0.0000000
       1804.2233       1.0008041       1.0002238       0.0000000
       1804.2441       1.0000647      0.99918950       0.0000000
       1804.2649       1.0011555      0.99960363       0.0000000
       1804.2858      0.99953949      0.99898535       0.0000000
       1804.3066       1.0001072      0.99902111       0.0000000
       1804.3274      0.99930024      0.99887180       0.0000000
       1804.3483      0.99889183      0.99890548       0.0000000
       1804.3691      0.99914676      0.99857634       0.0000000
       1804.3899      0.99989730      0.99894547       0.0000000
       1804.4107      0.99972069      0.99864507       0.0000000
       1804.4316      0.99847168      0.99813527       0.0000000
       1804.4524      0.99886316      0.99887425       0.0000000
       1804.4732      0.99841732      0.99735063       0.0000000
       1804.4941      0.99769574      0.99706143       0.0000000
       1804.5149      0.99875516      0.99826437       0.0000000
       1804.5357      0.99794072      0.99748236       0.0000000
       1804.5566      0.99829966      0.99768227       0.0000000
       1804.5774      0.99817079      0.99766648       0.0000000
       1804.5982      0.99868727      0.99794734       0.0000000
       1804.6191      0.99934149      0.99893552       0.0000000
       1804.6399      0.99850464      0.99845356       0.0000000
       1804.6607      0.99791378      0.99749798       0.0000000
       1804.6816      0.99908370      0.99884045       0.0000000
       1804.7024      0.99966800      0.99934638       0.0000000
       1804.7232      0.99895418      0.99865144       0.0000000
       1804.7441      0.99871659      0.99907851       0.0000000
       1804.7649      0.99912834      0.99811584       0.0000000
       1804.7857      0.99846369      0.99866426       0.0000000
       1804.8066      0.99864846      0.99886656       0.0000000
       1804.8274      0.99837935      0.99816310       0.0000000
       1804.8482      0.99928057      0.99948239       0.0000000
       1804.8691      0.99888045      0.99876601       0.0000000
       1804.8899       1.0002191       1.0002177       0.0000000
       1804.9107      0.99925876      0.99879187       0.0000000
       1804.9316      0.99940151      0.99933755       0.0000000
       1804.9524      0.99940985      0.99857336       0.0000000
       1804.9732      0.99950200      0.99956131       0.0000000
       1804.9941      0.99916762      0.99967164       0.0000000
       1805.0149       1.0001546      0.99959183       0.0000000
       1805.0357      0.99917656      0.99965590       0.0000000
       1805.0566       1.0003743       1.0002210       0.0000000
       1805.0774      0.99986148      0.99940729       0.0000000
       1805.0982      0.99864203      0.99953353       0.0000000
       1805.1191      0.99958497      0.99930692       0.0000000
       1805.1399      0.99919450      0.99949634       0.0000000
       1805.1607       1.0000135      0.99998963       0.0000000
       1805.1816      0.99974889      0.99960876       0.0000000
       1805.2024      0.99858040      0.99939072       0.0000000
       1805.2232       1.0000730       1.0004473       0.0000000
       1805.2441       1.0003785       1.0005125       0.0000000
       1805.2649       1.0007620       1.0007038       0.0000000
       1805.2857       1.0003254       1.0001580       0.0000000
       1805.3066       1.0001171       1.0007544       0.0000000
       1805.3274       1.0002846       1.0005149       0.0000000
       1805.3482       1.0006893       1.0012193       0.0000000
       1805.3691       1.0009084       1.0014023       0.0000000
       1805.3899       1.0002297       1.0001789       0.0000000
       1805.4107      0.99975908       1.0006515       0.0000000
       1805.4316      0.99958915       1.0004123       0.0000000
       1805.4524       1.0009596       1.0009844       0.0000000
       1805.4732       1.0005962       1.0011916       0.0000000
       1805.4941      0.99993795       1.0009792       0.0000000
       1805.5149       1.0007890       1.0008479       0.0000000
       1805.5357       1.0025444       1.0024345       0.0000000
       1805.5566       1.0010825       1.0016189       0.0000000
       1805.5774       1.0004828       1.0008215       0.0000000
       1805.5982       1.0008744       1.0008413       0.0000000
       1805.6191       1.0011588       1.0017793       0.0000000
       1805.6399       1.0012158       1.0015287       0.0000000
       1805.6607       1.0008135       1.0010574       0.0000000
       1805.6816       1.0002002       1.0008962       0.0000000
       1805.7024       1.0000978       1.0003808       0.0000000
       1805.7232      0.99973464       1.0004534       0.0000000
       1805.7441       1.0001861       1.0005809       0.0000000
       1805.7649      0.99980211       1.0007060       0.0000000
       1805.7857       1.0011977       1.0016223       0.0000000
       1805.8066       1.0012658       1.0011419       0.0000000
       1805.8274       1.0016209       1.0022680       0.0000000
       1805.8482       1.0013683       1.0018501       0.0000000
       1805.8691       1.0012702       1.0015763       0.0000000
       1805.8899      0.99981856       1.0011393       0.0000000
       1805.9107       1.0021460       1.0021816       0.0000000
       1805.9316       1.0013684       1.0011806       0.0000000
       1805.9524      0.99998945       1.0005922       0.0000000
       1805.9732       1.0015371       1.0020730       0.0000000
       1805.9941       1.0015560       1.0020959       0.0000000
       1806.0149       1.0022095       1.0027690       0.0000000
       1806.0357       1.0015100       1.0020493       0.0000000
       1806.0566       1.0010209       1.0016760       0.0000000
       1806.0774       1.0004166       1.0015926       0.0000000
       1806.0982       1.0011796       1.0021245       0.0000000
       1806.1191       1.0017561       1.0021863       0.0000000
       1806.1399       1.0014601       1.0014968       0.0000000
       1806.1607       1.0008944       1.0016615       0.0000000
       1806.1816       1.0009382       1.0011921       0.0000000
       1806.2024       1.0011215       1.0016209       0.0000000
       1806.2232       1.0002221       1.0008591       0.0000000
       1806.2441       1.0012387       1.0014129       0.0000000
       1806.2649       1.0007474       1.0012825       0.0000000
       1806.2857       1.0010225       1.0011668       0.0000000
       1806.3066       1.0008464       1.0013185       0.0000000
       1806.3274       1.0005103       1.0010984       0.0000000
       1806.3482       1.0005156       1.0006269       0.0000000
       1806.3691      0.99952048       1.0004790       0.0000000
       1806.3899       1.0003722       1.0009154       0.0000000
       1806.4107      0.99945790      0.99991989       0.0000000
       1806.4316      0.99952036       1.0000412       0.0000000
       1806.4524      0.99856824      0.99920630       0.0000000
       1806.4732      0.99900192      0.99981159       0.0000000
       1806.4941      0.99955404      0.99918157       0.0000000
       1806.5149      0.99820906      0.99900538       0.0000000
       1806.5357      0.99883515      0.99952912       0.0000000
       1806.5566      0.99847299      0.99862266       0.0000000
       1806.5774      0.99780047      0.99844307       0.0000000
       1806.5982      0.99763858      0.99850380       0.0000000
       1806.6191      0.99769294      0.99833161       0.0000000
       1806.6399      0.99787521      0.99870682       0.0000000
       1806.6607      0.99676818      0.99801117       0.0000000
       1806.6816      0.99778211      0.99813896       0.0000000
       1806.7024      0.99759573      0.99793595       0.0000000
       1806.7232      0.99753559      0.99768031       0.0000000
       1806.7441      0.99690098      0.99768710       0.0000000
       1806.7649      0.99761999      0.99768257       0.0000000
       1806.7857      0.99605477      0.99685276       0.0000000
       1806.8066      0.99690127      0.99761331       0.0000000
       1806.8274      0.99669546      0.99729002       0.0000000
       1806.8482      0.99611539      0.99652809       0.0000000
       1806.8691      0.99654806      0.99720854       0.0000000
       1806.8899      0.99515885      0.99626291       0.0000000
       1806.9107      0.99647641      0.99688971       0.0000000
       1806.9316      0.99514914      0.99622685       0.0000000
       1806.9524      0.99619198      0.99683416       0.0000000
       1806.9732      0.99606615      0.99668837       0.0000000
       1806.9940      0.99576241      0.99641609       0.0000000
       1807.0149      0.99564630      0.99686712       0.0000000
       1807.0357      0.99606633      0.99676430       0.0000000
       1807.0565       1.0000160      0.99674094       0.0000000
       1807.0774      0.99718219      0.99794024       0.0000000
       1807.0982      0.99732238      0.99802387       0.0000000
       1807.1190      0.99790579      0.99818259       0.0000000
       1807.1399      0.99749219      0.99818480       0.0000000
       1807.1607      0.99907887      0.99904454       0.0000000
       1807.1815      0.99927133      0.99972075       0.0000000
       1807.2024      0.99877965      0.99969488       0.0000000
       1807.2232      0.99933136      0.99949521       128.00000
       1807.2440      0.99968797       1.0005046       0.0000000
       1807.2649       1.0008096       1.0008193       0.0000000
       1807.2857       1.0006899       1.0020087       0.0000000
       1807.3065       1.0016410       1.0014371       0.0000000
       1807.3274       1.0021119       1.0023686       0.0000000
       1807.3482       1.0023547       1.0029147       0.0000000
       1807.3690       1.0036470       1.0039650       0.0000000
       1807.3899       1.0031993       1.0034368       0.0000000
       1807.4107       1.0038705       1.0044823       0.0000000
       1807.4315       1.0038056       1.0044138       0.0000000
       1807.4524       1.0042586       1.0045997       0.0000000
       1807.4732       1.0043669       1.0047705       0.0000000
       1807.4940       1.0035653       1.0042847       0.0000000
       1807.5149       1.0045509       1.0051572       0.0000000
       1807.5357       1.0046992       1.0049793       0.0000000
       1807.5565       1.0039713       1.0045146       0.0000000
       1807.5774       1.0036172       1.0039864       0.0000000
       1807.5982       1.0048337       1.0054181       0.0000000
       1807.6190       1.0034279       1.0038655       0.0000000
       1807.6399       1.0040314       1.0041643       0.0000000
       1807.6607       1.0031470       1.0041312       0.0000000
       1807.6815       1.0035658       1.0041775       0.0000000
       1807.7024       1.0031840       1.0034840       0.0000000
       1807.7232       1.0015458       1.0024738       0.0000000
       1807.7440       1.0007344       1.0013524       0.0000000
       1807.7649       1.0005726       1.0020531       0.0000000
       1807.7857       1.0012685       1.0013337       0.0000000
       1807.8065       1.0003418       1.0014076       0.0000000
       1807.8274       1.0000288       1.0010109       0.0000000
       1807.8482       1.0002506       1.0006078       0.0000000
       1807.8690       1.0001893      0.99956858       0.0000000
       1807.8899      0.99912077      0.99974918       0.0000000
       1807.9107      0.99933833       1.0001322       0.0000000
       1807.9315      0.99925989      0.99963772       0.0000000
       1807.9524      0.99787664      0.99864960       0.0000000
       1807.9732      0.99833870      0.99866694       0.0000000
       1807.9940  -3.7743747e-14      0.86731815       128.00000
       1808.0149      0.99767292      0.99821448       0.0000000
       1808.0357      0.99897557      0.99879712       0.0000000
       1808.0565      0.99772954      0.99863088       0.0000000
       1808.0774      0.99733913      0.99817204       0.0000000
       1808.0982      0.99757111      0.99793530       0.0000000
       1808.1190      0.99788332      0.99837154       0.0000000
       1808.1399      0.99782419      0.99868995       0.0000000
       1808.1607      0.99779922      0.99856973       0.0000000
       1808.1815      0.99820620      0.99882209       0.0000000
       1808.2024      0.99744225      0.99725890       0.0000000
       1808.2232      0.99680203      0.99736953       0.0000000
       1808.2440      0.99594277      0.99604893       0.0000000
       1808.2649      0.99809432      0.99884117       0.0000000
       1808.2857      0.99791491      0.99797088       0.0000000
       1808.3065      0.99843514      0.99888629       0.0000000
       1808.3274      0.99700540      0.99734223       0.0000000
       1808.3482      0.99898428      0.99951518       0.0000000
       1808.3690      0.99878114      0.99901861       0.0000000
       1808.3899      0.99879569      0.99951160       0.0000000
       1808.4107      0.99906713      0.99975300       0.0000000
       1808.4315      0.99909258      0.99942774       0.0000000
       1808.4524      0.99971366      0.99998242       0.0000000
       1808.4732      0.99859822      0.99938774       0.0000000
       1808.4940       1.0000000       1.0004697       0.0000000
       1808.5149      0.99981713      0.99994451       0.0000000
       1808.5357      0.99842805      0.99849218       0.0000000
       1808.5565       1.0002636       1.0008847       0.0000000
       1808.5774      0.99919629       1.0000554       0.0000000
       1808.5982       1.0004629       1.0002853       0.0000000
       1808.6190       1.0006487       1.0010457       0.0000000
       1808.6399       1.0000848       1.0005566       0.0000000
       1808.6607       1.0004103       1.0009325       0.0000000
       1808.6815       1.0003042       1.0006480       0.0000000
       1808.7024       1.0005910       1.0008616       0.0000000
       1808.7232      0.99999183       1.0004083       0.0000000
       1808.7440       1.0004898       1.0010140       0.0000000
       1808.7649       1.0007071       1.0004765       0.0000000
       1808.7857       1.0008141       1.0010676       0.0000000
       1808.8065       1.0005697       1.0011122       0.0000000
       1808.8274       1.0001557       1.0005814       0.0000000
       1808.8482       1.0012913       1.0015528       0.0000000
       1808.8690       1.0011784       1.0014606       0.0000000
       1808.8899       1.0004268       1.0011890       0.0000000
       1808.9107       1.0005488       1.0013713       0.0000000
       1808.9315       1.0004221       1.0010608       0.0000000
       1808.9524       1.0009774       1.0008764       0.0000000
       1808.9732       1.0006838       1.0012193       0.0000000
       1808.9940       1.0005764       1.0013185       0.0000000
       1809.0149       1.0006450       1.0016624       0.0000000
       1809.0357       1.0008963       1.0013212       0.0000000
       1809.0565       1.0004896       1.0010190       0.0000000
       1809.0774       1.0003363       1.0009801       0.0000000
       1809.0982       1.0006675       1.0011293       0.0000000
       1809.1190       1.0002673       1.0005583       0.0000000
       1809.1398      0.99956214      0.99997646       0.0000000
       1809.1607       1.0012771       1.0015429       0.0000000
       1809.1815       1.0014608       1.0021920       0.0000000
       1809.2023      0.99944419       1.0004801       0.0000000
       1809.2232       1.0005392       1.0002712       0.0000000
       1809.2440       1.0020200       1.0021707       0.0000000
       1809.2648       1.0013028       1.0019091       0.0000000
       1809.2857       1.0010427       1.0016725       0.0000000
       1809.3065       1.0017836       1.0017980       0.0000000
       1809.3273       1.0010868       1.0013386       0.0000000
       1809.3482       1.0007335       1.0016041       0.0000000
       1809.3690       1.0008177       1.0009308       0.0000000
       1809.3898       1.0015098       1.0020404       0.0000000
       1809.4107       1.0014642       1.0016836       0.0000000
       1809.4315       1.0012237       1.0016949       0.0000000
       1809.4523       1.0005401       1.0015539       0.0000000
       1809.4732       1.0007540       1.0012081       0.0000000
       1809.4940       1.0013384       1.0013795       0.0000000
       1809.5148       1.0015632       1.0020241       0.0000000
       1809.5357      0.99975890       1.0005840       0.0000000
       1809.5565       1.0010972       1.0019438       0.0000000
       1809.5773       1.0004851       1.0016708       0.0000000
       1809.5982       1.0011244       1.0008506       0.0000000
       1809.6190      0.99988645       1.0007522       0.0000000
       1809.6398       1.0012423       1.0013109       0.0000000
       1809.6607       1.0006756       1.0010482       0.0000000
       1809.6815       1.0011070       1.0018928       0.0000000
       1809.7023       1.0016146       1.0018606       0.0000000
       1809.7232       1.0017465       1.0014923       0.0000000
       1809.7440       1.0001053       1.0004821       0.0000000
       1809.7648       1.0010244       1.0014848       0.0000000
       1809.7857       1.0003071       1.0009055       0.0000000
       1809.8065       1.0005202       1.0010667       0.0000000
       1809.8273       1.0010302       1.0008382       0.0000000
       1809.8482       1.0011253       1.0016927       0.0000000
       1809.8690       1.0011876       1.0014939       0.0000000
       1809.8898       1.0004637       1.0011095       0.0000000
       1809.9107       1.0011295       1.0016819       0.0000000
       1809.9315       1.0003974       1.0003299       0.0000000
       1809.9523      0.99973863       1.0002532       0.0000000
       1809.9732      0.99960738       1.0002949       0.0000000
       1809.9940      0.99999660       1.0003330       0.0000000
       1810.0148      0.99904960       1.0002207       0.0000000
       1810.0357       1.0000758       1.0004332       0.0000000
       1810.0565      0.99931121      0.99953717       0.0000000
       1810.0773      0.99929428      0.99971068       0.0000000
       1810.0982      0.99861193      0.99946070       0.0000000
       1810.1190      0.99861634      0.99935275       0.0000000
       1810.1398      0.99983454       1.0001266       0.0000000
       1810.1607      0.99922776      0.99927908       0.0000000
       1810.1815      0.99909878      0.99929827       0.0000000
       1810.2023      0.99904257      0.99876392       0.0000000
       1810.2232      0.99794358      0.99861950       0.0000000
       1810.2440      0.99851876      0.99954271       0.0000000
       1810.2648      0.99802548      0.99898767       0.0000000
       1810.2857      0.99823672      0.99889410       0.0000000
       1810.3065      0.99885917      0.99896395       0.0000000
       1810.3273      0.99761343      0.99824160       0.0000000
       1810.3482      0.99750042      0.99806941       0.0000000
       1810.3690      0.99760449      0.99813241       0.0000000
       1810.3898      0.99711102      0.99772090       0.0000000
       1810.4107      0.99824739      0.99855793       0.0000000
       1810.4315      0.99734783      0.99788243       0.0000000
       1810.4523      0.99732196      0.99749428       0.0000000
       1810.4732      0.99699616      0.99786597       0.0000000
       1810.4940      0.99545813      0.99695331       0.0000000
       1810.5148      0.99701816      0.99733961       0.0000000
       1810.5357      0.99732012      0.99760991       0.0000000
       1810.5565      0.99748576      0.99803662       0.0000000
       1810.5773      0.99659169      0.99733585       0.0000000
       1810.5982      0.99640286      0.99685419       0.0000000
       1810.6190      0.99632782      0.99671823       0.0000000
       1810.6398      0.99663377      0.99696702       0.0000000
       1810.6607      0.99615443      0.99614745       0.0000000
       1810.6815      0.99757951      0.99697399       0.0000000
       1810.7023      0.99609256      0.99626577       0.0000000
       1810.7232      0.99557924      0.99602753       0.0000000
       1810.7440      0.99527025      0.99561667       0.0000000
       1810.7648      0.99590838      0.99623966       0.0000000
       1810.7857      0.99686801      0.99714291       0.0000000
       1810.8065      0.99711967      0.99716848       0.0000000
       1810.8273      0.99671781      0.99684185       0.0000000
       1810.8482      0.99700427      0.99750620       0.0000000
       1810.8690      0.99739051      0.99767941       0.0000000
       1810.8898      0.99777794      0.99796766       0.0000000
       1810.9106      0.99821991      0.99838275       0.0000000
       1810.9315      0.99797380      0.99844772       0.0000000
       1810.9523      0.99904275      0.99914044       0.0000000
       1810.9731      0.99973679      0.99971879       0.0000000
       1810.9940       1.0003420       1.0000650       0.0000000
       1811.0148       1.0002126       1.0004326       0.0000000
       1811.0356      0.99975461       1.0014101       0.0000000
       1811.0565       1.0018866       1.0022520       0.0000000
       1811.0773       1.0010128       1.0014588       0.0000000
       1811.0981       1.0021542       1.0026290       0.0000000
       1811.1190       1.0027059       1.0032756       0.0000000
       1811.1398       1.0020012       1.0030651       0.0000000
       1811.1606       1.0031577       1.0037689       0.0000000
       1811.1815       1.0034580       1.0035485       0.0000000
       1811.2023       1.0037935       1.0042741       0.0000000
       1811.2231       1.0039293       1.0046841       0.0000000
       1811.2440       1.0037345       1.0043014       0.0000000
       1811.2648       1.0043331       1.0047950       0.0000000
       1811.2856       1.0036283       1.0039077       0.0000000
       1811.3065       1.0040733       1.0047766       0.0000000
       1811.3273       1.0041274       1.0047044       0.0000000
       1811.3481       1.0046263       1.0047094       0.0000000
       1811.3690       1.0038294       1.0041807       0.0000000
       1811.3898       1.0038825       1.0042533       0.0000000
       1811.4106       1.0034771       1.0033422       0.0000000
       1811.4315       1.0031453       1.0033945       128.00000
       1811.4523       1.0022818       1.0028605       0.0000000
       1811.4731       1.0029609       1.0029556       0.0000000
       1811.4940       1.0026772       1.0027105       0.0000000
       1811.5148       1.0010099       1.0014484       0.0000000
       1811.5356       1.0004833       1.0009944       0.0000000
       1811.5565       1.0009282       1.0011218       0.0000000
       1811.5773       1.0008736       1.0010144       0.0000000
       1811.5981       1.0000002       1.0008178       0.0000000
       1811.6190       1.0002035       1.0003209       0.0000000
       1811.6398      0.99964762       1.0001906       0.0000000
       1811.6606      0.99983883       1.0001523       0.0000000
       1811.6815      0.99908453      0.99929428       0.0000000
       1811.7023      0.99905676      0.99959594       0.0000000
       1811.7231      0.99921453      0.99891639       0.0000000
       1811.7440      0.99721104      0.99772942       0.0000000
       1811.7648      0.99790019      0.99835658       0.0000000
       1811.7856      0.99749660      0.99831575       0.0000000
       1811.8065      0.99782586      0.99809623       0.0000000
       1811.8273      0.99802017      0.99818099       0.0000000
       1811.8481      0.99787879      0.99812794       0.0000000
       1811.8690      0.99776667      0.99800354       0.0000000
       1811.8898      0.99739748      0.99805933       0.0000000
       1811.9106      0.99704278      0.99752742       0.0000000
       1811.9315      0.99727416      0.99787223       0.0000000
       1811.9523      0.99764085      0.99784607       0.0000000
       1811.9731      0.99784982      0.99808758       0.0000000
       1811.9940      0.99757832      0.99805850       0.0000000
       1812.0148      0.99806422      0.99850255       0.0000000
       1812.0356      0.99790817      0.99829543       0.0000000
       1812.0565      0.99751616      0.99819165       0.0000000
       1812.0773      0.99812371      0.99828374       0.0000000
       1812.0981      0.99797666      0.99828207       0.0000000
       1812.1190      0.99758631      0.99812239       0.0000000
       1812.1398      0.99860692      0.99879062       0.0000000
       1812.1606      0.99837381      0.99843425       0.0000000
       1812.1815      0.99858242      0.99889255       0.0000000
       1812.2023      0.99820566      0.99883020       0.0000000
       1812.2231      0.99923182      0.99927473       0.0000000
       1812.2440      0.99930835      0.99959272       0.0000000
       1812.2648      0.99827480      0.99888301       0.0000000
       1812.2856      0.99902707      0.99942660       0.0000000
       1812.3065      0.99888742      0.99960375       0.0000000
       1812.3273      0.99883747      0.99940318       0.0000000
       1812.3481      0.99934447      0.99969375       0.0000000
       1812.3690      0.99987704      0.99988902       0.0000000
       1812.3898      0.99924594      0.99957365       0.0000000
       1812.4106      0.99899256      0.99955922       0.0000000
       1812.4315      0.99995863      0.99998015       0.0000000
       1812.4523      0.99961966       1.0001197       0.0000000
       1812.4731      0.99947703      0.99968153       0.0000000
       1812.4940  -3.7503302e-14      0.86179292       128.00000
       1812.5148      0.99849111      0.99861526       0.0000000
       1812.5356      0.99880862      0.99882555       0.0000000
       1812.5564      0.99828339      0.99869490       0.0000000
       1812.5773      0.99803162      0.99806994       0.0000000
       1812.5981      0.99815685      0.99864000       0.0000000
       1812.6189      0.99805140      0.99853379       0.0000000
       1812.6398       1.0000700       1.0000911       0.0000000
       1812.6606       1.0002964       1.0004263       0.0000000
       1812.6814       1.0008148       1.0010190       0.0000000
       1812.7023       1.0004084       1.0006628       0.0000000
       1812.7231       1.0003082       1.0004420       0.0000000
       1812.7439       1.0003338       1.0006950       0.0000000
       1812.7648       1.0003303       1.0009387       0.0000000
       1812.7856       1.0007012       1.0006388       0.0000000
       1812.8064       1.0002433       1.0002309       0.0000000
       1812.8273      0.99999571       1.0000393       0.0000000
       1812.8481      0.99970722      0.99979419       0.0000000
       1812.8689      0.99958932      0.99976420       0.0000000
       1812.8898       1.0005407       1.0005800       0.0000000
       1812.9106       1.0010290       1.0009373       0.0000000
       1812.9314       1.0003129       1.0001968       0.0000000
       1812.9523      0.99995476       1.0001752       0.0000000
       1812.9731      0.99989647      0.99991018       0.0000000
       1812.9939       1.0013759       1.0012829       0.0000000
       1813.0148       1.0006632       1.0006231       0.0000000
       1813.0356       1.0010285       1.0010331       0.0000000
       1813.0564       1.0006515       1.0007817       0.0000000
       1813.0773       1.0003473       1.0010492       0.0000000
       1813.0981       1.0009499       1.0004809       0.0000000
       1813.1189       1.0004561       1.0007193       0.0000000
       1813.1398       1.0004569       1.0007168       0.0000000
       1813.1606       1.0012311       1.0011685       0.0000000
       1813.1814       1.0007807       1.0011468       0.0000000
       1813.2023       1.0015138       1.0014472       0.0000000
       1813.2231       1.0009356       1.0008104       0.0000000
       1813.2439       1.0009602       1.0009954       0.0000000
       1813.2648       1.0017370       1.0015435       0.0000000
       1813.2856       1.0009478       1.0007555       0.0000000
       1813.3064       1.0006602       1.0008321       0.0000000
       1813.3273      0.99927932      0.99869764       0.0000000
       1813.3481       1.0005170       1.0002518       0.0000000
       1813.3689      0.99970257      0.99917614       0.0000000
       1813.3898      0.99990743      0.99924248       0.0000000
       1813.4106       1.0000821       1.0000000       0.0000000
       1813.4314       1.0002723      0.99991822       0.0000000
       1813.4523       1.0011114       1.0005126       0.0000000
       1813.4731       1.0007857       1.0006913       0.0000000
       1813.4939       1.0009704       1.0005072       0.0000000
       1813.5148       1.0001642      0.99940079       0.0000000
       1813.5356       1.0009950       1.0007722       0.0000000
       1813.5564       1.0011615       1.0001706       0.0000000
       1813.5773      0.99965036      0.99899387       0.0000000
       1813.5981      0.99969774      0.99869019       0.0000000
       1813.6189       1.0004219      0.99971944       0.0000000
       1813.6398      0.99996817      0.99949676       0.0000000
       1813.6606       1.0001689      0.99945414       0.0000000
       1813.6814       1.0004895      0.99945837       0.0000000
       1813.7023       1.0004114      0.99938542       0.0000000
       1813.7231       1.0002694      0.99991608       0.0000000
       1813.7439       1.0011744      0.99984211       0.0000000
       1813.7648       1.0006171      0.99985790       0.0000000
       1813.7856       1.0005356      0.99942589       0.0000000
       1813.8064       1.0005442      0.99881250       0.0000000
       1813.8273       1.0006751      0.99965614       0.0000000
       1813.8481       1.0004239      0.99933094       0.0000000
       1813.8689       1.0009383      0.99945754       0.0000000
       1813.8898       1.0002382      0.99822754       0.0000000
       1813.9106      0.99870062      0.99742550       0.0000000
       1813.9314      0.99968332      0.99836415       0.0000000
       1813.9523      0.99922425      0.99736398       0.0000000
       1813.9731      0.99974096      0.99815243       0.0000000
       1813.9939      0.99992007      0.99778694       0.0000000
       1814.0148       1.0001422      0.99867743       0.0000000
       1814.0356      0.99981195      0.99785280       0.0000000
       1814.0564      0.99914372      0.99725538       0.0000000
       1814.0772      0.99895144      0.99652749       0.0000000
       1814.0981      0.99791032      0.99639553       0.0000000
       1814.1189      0.99785101      0.99627924       0.0000000
       1814.1397      0.99814403      0.99559468       0.0000000
       1814.1606      0.99798852      0.99610490       0.0000000
       1814.1814      0.99903989      0.99690998       0.0000000
       1814.2022       1.0002251      0.99804825       0.0000000
       1814.2231       1.0000503      0.99786144       0.0000000
       1814.2439       1.0001870      0.99787694       0.0000000
       1814.2647      0.99951971      0.99708486       0.0000000
       1814.2856      0.99927598      0.99674803       0.0000000
       1814.3064      0.99942505      0.99691170       0.0000000
       1814.3272      0.99937505      0.99647713       0.0000000
       1814.3481      0.99945104      0.99688828       0.0000000
       1814.3689      0.99939209      0.99632651       0.0000000
       1814.3897       1.0003971      0.99635458       0.0000000
       1814.4106      0.99963647      0.99539524       0.0000000
       1814.4314      0.99961609      0.99545211       0.0000000
       1814.4522      0.99994868      0.99586213       0.0000000
       1814.4731      0.99933505      0.99532562       0.0000000
       1814.4939      0.99919140      0.99527299       0.0000000
       1814.5147      0.99937725      0.99554169       0.0000000
       1814.5356      0.99952048      0.99577737       0.0000000
       1814.5564      0.99821633      0.99457973       0.0000000
       1814.5772      0.99932224      0.99581885       0.0000000
       1814.5981      0.99965131      0.99627721       0.0000000
       1814.6189      0.99896413      0.99610746       0.0000000
       1814.6397      0.99891335      0.99585474       0.0000000
       1814.6606      0.99954617      0.99668068       0.0000000
       1814.6814      0.99928588      0.99663872       0.0000000
       1814.7022      0.99925476      0.99721837       0.0000000
       1814.7231      0.99901694      0.99692744       0.0000000
       1814.7439      0.99953139      0.99777329       0.0000000
       1814.7647      0.99899280      0.99792320       0.0000000
       1814.7856      0.99928987      0.99888015       0.0000000
       1814.8064      0.99950665      0.99870569       0.0000000
       1814.8272      0.99959356      0.99998766       0.0000000
       1814.8481      0.99990839      0.99992955       0.0000000
       1814.8689       1.0002193       1.0004997       0.0000000
       1814.8897       1.0004027       1.0013940       0.0000000
       1814.9106       1.0011206       1.0016184       0.0000000
       1814.9314       1.0005796       1.0019057       0.0000000
       1814.9522       1.0002476       1.0025192       128.00000
       1814.9731      0.99974936       1.0025723       128.00000
       1814.9939       1.0001010       1.0029870       128.00000
       1815.0147      0.99871552       1.0032294       128.00000
