100
0.076597	1.000020	0.000361
0.262894	1.000560	0.001031
0.375276	1.000739	0.000858
0.479446	1.000414	0.000785
0.583616	0.999954	0.000342
0.698196	0.999718	0.000449
0.802366	0.999652	0.000341
0.906526	0.999567	0.000295
1.010696	0.999592	0.000440
1.114866	1.000171	0.000803
1.219026	1.001074	0.000618
1.323196	1.002146	0.000630
1.421116	1.002433	0.001423
1.497181	1.002064	0.001360
1.571116	1.000897	0.001459
1.653381	1.000273	0.001792
1.722181	0.999652	0.001960
1.791956	0.999611	0.001676
1.861711	0.999074	0.001523
1.935706	0.999185	0.001205
2.007551	0.999149	0.000736
2.076351	0.999109	0.000530
2.149221	0.999364	0.000719
2.222181	0.999438	0.000712
2.291956	0.999652	0.000612
2.369026	1.000073	0.000321
2.445041	1.000464	0.000344
2.513841	1.000712	0.000531
2.583596	1.000934	0.000640
2.653361	1.000503	0.000799
2.719013	1.000658	0.000352
2.781513	1.000359	0.000473
2.844013	1.000331	0.000499
2.906513	1.000212	0.000497
2.969013	0.999941	0.000650
3.031513	1.000047	0.000853
3.094013	0.999856	0.000637
3.156513	0.999991	0.000675
3.227206	1.000056	0.000791
3.300078	0.999531	0.000856
3.382240	1.000075	0.001039
3.448179	0.999899	0.001150
3.515367	1.000299	0.000787
3.580124	1.000309	0.000686
3.642613	1.001023	0.000405
3.708618	1.001354	0.000338
3.774557	1.001815	0.000726
3.841690	1.001852	0.000814
3.906502	1.001505	0.000867
3.969002	1.001044	0.000831
4.031502	1.000514	0.000394
4.094002	0.999550	0.000450
4.156502	0.999345	0.000372
4.219002	0.998760	0.000434
4.281502	0.998631	0.000669
4.349807	0.998496	0.000478
4.414563	0.998861	0.000678
4.500120	0.998603	0.000446
4.593892	0.998485	0.000423
4.687620	0.999133	0.000485
4.781392	0.999701	0.000682
4.875120	1.000397	0.000207
4.968892	1.001061	0.000653
5.062620	1.001143	0.001104
5.156381	1.001406	0.001134
5.250098	1.000629	0.000745
5.343881	1.000222	0.000403
5.437598	0.999908	0.000324
5.531381	0.999756	0.000399
5.625098	0.999879	0.000391
5.718881	1.000029	0.000257
5.812598	1.000194	0.000294
5.906381	1.000266	0.000398
6.000076	1.000449	0.000267
6.093870	1.000611	0.000884
6.187576	1.001477	0.001355
6.281370	1.001079	0.001538
6.398286	1.000262	0.000734
6.500076	0.999867	0.000568
6.593870	0.999234	0.000557
6.687576	0.998635	0.000930
6.788314	0.998644	0.000909
6.885526	0.998462	0.000751
6.979254	0.998618	0.000477
7.073026	0.998945	0.000371
7.166754	0.999121	0.000414
7.260526	0.999625	0.000345
7.354254	1.000279	0.000741
7.453776	1.001090	0.001133
7.552181	1.001817	0.001447
7.645898	1.001304	0.001196
7.739681	1.000985	0.000567
7.833398	1.000391	0.000600
7.927181	0.999746	0.000908
8.020898	0.999636	0.000880
8.114681	0.999328	0.000896
8.211903	0.999359	0.000583
8.333453	0.999213	0.000412
8.456131	0.999549	0.000257
8.583453	0.999995	0.000495
0.153195	1.000020	0.000361
0.525789	1.000560	0.001031
0.750552	1.000739	0.000858
0.958892	1.000414	0.000785
1.167232	0.999954	0.000342
1.396392	0.999718	0.000449
1.604732	0.999652	0.000341
1.813052	0.999567	0.000295
2.021392	0.999592	0.000440
2.229732	1.000171	0.000803
2.438052	1.001074	0.000618
2.646392	1.002146	0.000630
2.842232	1.002433	0.001423
2.994361	1.002064	0.001360
3.142232	1.000897	0.001459
3.306763	1.000273	0.001792
3.444361	0.999652	0.001960
3.583912	0.999611	0.001676
3.723423	0.999074	0.001523
3.871412	0.999185	0.001205
4.015103	0.999149	0.000736
4.152701	0.999109	0.000530
4.298443	0.999364	0.000719
4.444361	0.999438	0.000712
4.583912	0.999652	0.000612
4.738052	1.000073	0.000321
4.890083	1.000464	0.000344
5.027681	1.000712	0.000531
5.167192	1.000934	0.000640
5.306723	1.000503	0.000799
5.438025	1.000658	0.000352
5.563025	1.000359	0.000473
5.688025	1.000331	0.000499
5.813025	1.000212	0.000497
5.938025	0.999941	0.000650
6.063025	1.000047	0.000853
6.188025	0.999856	0.000637
6.313025	0.999991	0.000675
6.454411	1.000056	0.000791
6.600157	0.999531	0.000856
6.764480	1.000075	0.001039
6.896359	0.999899	0.001150
7.030735	1.000299	0.000787
7.160247	1.000309	0.000686
7.285225	1.001023	0.000405
7.417235	1.001354	0.000338
7.549114	1.001815	0.000726
7.683381	1.001852	0.000814
7.813003	1.001505	0.000867
7.938003	1.001044	0.000831
8.063003	1.000514	0.000394
8.188003	0.999550	0.000450
8.313003	0.999345	0.000372
8.438003	0.998760	0.000434
8.563003	0.998631	0.000669
8.699613	0.998496	0.000478
8.829126	0.998861	0.000678
9.000241	0.998603	0.000446
9.187784	0.998485	0.000423
9.375241	0.999133	0.000485
9.562784	0.999701	0.000682
9.750241	1.000397	0.000207
9.937784	1.001061	0.000653
10.125241	1.001143	0.001104
10.312762	1.001406	0.001134
10.500196	1.000629	0.000745
10.687762	1.000222	0.000403
10.875196	0.999908	0.000324
11.062762	0.999756	0.000399
11.250196	0.999879	0.000391
11.437762	1.000029	0.000257
11.625196	1.000194	0.000294
11.812762	1.000266	0.000398
12.000152	1.000449	0.000267
12.187740	1.000611	0.000884
12.375152	1.001477	0.001355
12.562740	1.001079	0.001538
12.796572	1.000262	0.000734
13.000152	0.999867	0.000568
13.187740	0.999234	0.000557
13.375152	0.998635	0.000930
13.576629	0.998644	0.000909
13.771051	0.998462	0.000751
13.958508	0.998618	0.000477
14.146051	0.998945	0.000371
14.333508	0.999121	0.000414
14.521051	0.999625	0.000345
14.708508	1.000279	0.000741
14.907552	1.001090	0.001133
15.104362	1.001817	0.001447
15.291796	1.001304	0.001196
15.479362	1.000985	0.000567
15.666796	1.000391	0.000600
15.854362	0.999746	0.000908
16.041796	0.999636	0.000880
16.229362	0.999328	0.000896
16.423807	0.999359	0.000583
16.666906	0.999213	0.000412
16.912261	0.999549	0.000257
17.166906	0.999995	0.000495
