82
0.093753	0.997897	0.000807
0.277083	0.995599	0.003803
0.385433	0.997571	0.002160
0.489600	0.999998	0.000801
0.604187	1.000336	0.000601
0.718763	1.000981	0.001029
0.979193	1.001435	0.000815
1.347950	1.001812	0.000770
1.572970	1.001189	0.000746
1.802150	1.001162	0.000825
2.010480	0.999216	0.000397
2.218820	0.998244	0.000645
2.447980	0.998454	0.000510
2.677150	0.999603	0.000962
2.885520	1.001405	0.000736
3.104260	1.002392	0.000473
3.343850	1.004132	0.001478
3.552180	1.006664	0.000764
3.775100	1.001428	0.002355
3.989690	0.999433	0.000503
4.198050	0.999597	0.000619
4.406380	1.000362	0.000903
4.614720	1.000054	0.000583
4.852220	0.998797	0.000720
5.073050	0.998285	0.000750
5.285550	0.998507	0.000664
5.510580	0.998318	0.000623
5.718920	0.999859	0.000619
5.927250	1.000364	0.000750
6.073070	1.020770	0.017085
6.195998	1.011823	0.012572
6.312658	1.008716	0.008994
6.425157	1.005344	0.008099
6.531408	1.005951	0.008060
6.635570	1.004381	0.004249
6.739747	1.000858	0.002606
6.843938	1.000191	0.001892
6.948108	0.999875	0.000677
7.052270	0.999670	0.000856
7.156447	0.999959	0.000897
7.266858	0.999638	0.001519
7.375188	0.999951	0.001131
7.479358	0.998921	0.001502
7.583528	0.998976	0.001129
7.687688	0.999292	0.001352
7.791858	0.999239	0.000491
7.896028	0.999379	0.000716
8.008527	0.999087	0.000629
8.125188	0.998583	0.001035
8.233528	0.998915	0.001724
8.343958	0.999612	0.001468
8.448127	0.999900	0.000922
8.552290	0.999986	0.000675
8.656458	1.000811	0.000946
8.764797	1.001133	0.000771
8.875208	1.002724	0.000732
8.979378	1.003967	0.001522
9.083548	1.003205	0.000853
9.193977	1.004055	0.002358
9.302310	1.002980	0.005289
9.416888	1.002722	0.004248
9.521058	1.001344	0.003526
9.625228	1.000080	0.001805
9.737737	1.000023	0.001252
9.843990	0.999208	0.000566
9.948158	1.000125	0.001167
10.052327	0.999789	0.000619
10.156498	0.999615	0.001175
10.271078	0.999658	0.000966
10.402327	0.998964	0.000895
10.510658	0.998751	0.001078
10.614827	0.998999	0.000794
10.718990	0.998628	0.001162
10.823158	0.999115	0.000896
10.927327	0.999737	0.001040
11.031490	0.999652	0.000626
11.135658	1.000441	0.000619
11.239827	1.000302	0.000734
11.344000	0.999603	0.000674
11.448178	0.999346	0.000930
11.552338	0.999393	0.000904
11.700253	0.999335	0.000881
0.187507	0.997897	0.000807
0.554167	0.995599	0.003803
0.770867	0.997571	0.002160
0.979200	0.999998	0.000801
1.208373	1.000336	0.000601
1.437527	1.000981	0.001029
1.958387	1.001435	0.000815
2.695900	1.001812	0.000770
3.145940	1.001189	0.000746
3.604300	1.001162	0.000825
4.020960	0.999216	0.000397
4.437640	0.998244	0.000645
4.895960	0.998454	0.000510
5.354300	0.999603	0.000962
5.771040	1.001405	0.000736
6.208520	1.002392	0.000473
6.687700	1.004132	0.001478
7.104360	1.006664	0.000764
7.550200	1.001428	0.002355
7.979380	0.999433	0.000503
8.396100	0.999597	0.000619
8.812760	1.000362	0.000903
9.229440	1.000054	0.000583
9.704440	0.998797	0.000720
10.146100	0.998285	0.000750
10.571100	0.998507	0.000664
11.021160	0.998318	0.000623
11.437840	0.999859	0.000619
11.854500	1.000364	0.000750
12.146140	1.020770	0.017085
12.391997	1.011823	0.012572
12.625317	1.008716	0.008994
12.850313	1.005344	0.008099
13.062817	1.005951	0.008060
13.271140	1.004381	0.004249
13.479493	1.000858	0.002606
13.687877	1.000191	0.001892
13.896217	0.999875	0.000677
14.104540	0.999670	0.000856
14.312893	0.999959	0.000897
14.533717	0.999638	0.001519
14.750377	0.999951	0.001131
14.958717	0.998921	0.001502
15.167057	0.998976	0.001129
15.375377	0.999292	0.001352
15.583717	0.999239	0.000491
15.792057	0.999379	0.000716
16.017053	0.999087	0.000629
16.250377	0.998583	0.001035
16.467057	0.998915	0.001724
16.687917	0.999612	0.001468
16.896253	0.999900	0.000922
17.104580	0.999986	0.000675
17.312917	1.000811	0.000946
17.529593	1.001133	0.000771
17.750417	1.002724	0.000732
17.958757	1.003967	0.001522
18.167097	1.003205	0.000853
18.387953	1.004055	0.002358
18.604620	1.002980	0.005289
18.833777	1.002722	0.004248
19.042117	1.001344	0.003526
19.250457	1.000080	0.001805
19.475473	1.000023	0.001252
19.687980	0.999208	0.000566
19.896317	1.000125	0.001167
20.104653	0.999789	0.000619
20.312997	0.999615	0.001175
20.542157	0.999658	0.000966
20.804653	0.998964	0.000895
21.021317	0.998751	0.001078
21.229653	0.998999	0.000794
21.437980	0.998628	0.001162
21.646317	0.999115	0.000896
21.854653	0.999737	0.001040
22.062980	0.999652	0.000626
22.271317	1.000441	0.000619
22.479653	1.000302	0.000734
22.688000	0.999603	0.000674
22.896357	0.999346	0.000930
23.104677	0.999393	0.000904
23.400507	0.999335	0.000881
