100
0.004593	0.999715	0.003101
0.012287	1.001865	0.004795
0.020383	1.000973	0.003554
0.028594	1.002154	0.004560
0.036719	1.000151	0.003565
0.044722	1.000436	0.003587
0.052701	1.002201	0.005312
0.060699	1.000041	0.003981
0.068709	1.001985	0.004679
0.076397	1.002415	0.005494
0.084784	1.000615	0.004183
0.092191	1.002497	0.005506
0.100309	1.000802	0.004376
0.108421	1.000146	0.005025
0.116424	1.002013	0.005444
0.124358	1.002376	0.005296
0.132145	1.002275	0.005885
0.139680	1.001666	0.005231
0.147776	1.001409	0.005072
0.155254	1.002694	0.005182
0.163496	1.001002	0.004580
0.171407	1.000375	0.005129
0.179292	1.003050	0.005430
0.187454	1.003541	0.005429
0.195105	1.001486	0.005941
0.202986	1.001306	0.005073
0.211100	1.000646	0.006214
0.218887	1.002592	0.005794
0.226865	1.001019	0.005239
0.235106	1.002093	0.007571
0.242569	1.002450	0.005998
0.251003	1.002149	0.005878
0.258564	1.000335	0.007140
0.266651	0.999865	0.008434
0.274407	0.999400	0.009427
0.282453	1.001523	0.005439
0.290251	1.003955	0.012233
0.298235	1.004457	0.027889
0.306184	1.001101	0.004766
0.314491	0.999708	0.007756
0.322294	1.001818	0.005284
0.330554	1.001446	0.005628
0.338817	1.000066	0.007915
0.346505	1.001494	0.005124
0.354579	1.001264	0.005255
0.361955	0.999326	0.007562
0.370004	0.999805	0.004971
0.377819	0.998460	0.007184
0.385548	0.999946	0.005143
0.393268	1.000263	0.005121
0.401158	0.998524	0.007478
0.408875	0.999718	0.005379
0.416918	0.999834	0.005556
0.424605	0.997252	0.007278
0.432749	0.997914	0.006580
0.440554	0.997258	0.007586
0.448245	0.999152	0.006416
0.456441	0.999142	0.006098
0.464517	0.997650	0.007093
0.471999	0.998969	0.005652
0.480016	0.997425	0.007267
0.487297	0.996915	0.006411
0.495334	0.997957	0.006745
0.503227	0.997770	0.007011
0.510872	0.998477	0.005808
0.518467	0.999094	0.006414
0.525916	0.996949	0.006224
0.533472	0.998184	0.006283
0.541390	0.998665	0.006092
0.549431	0.996913	0.005776
0.557598	0.996979	0.006995
0.565277	0.997994	0.005990
0.572956	0.997938	0.005176
0.581009	0.998705	0.005536
0.588763	0.997951	0.005455
0.596298	0.997853	0.004947
0.604126	0.998598	0.005836
0.611489	0.998494	0.004672
0.619133	0.996422	0.006504
0.626983	0.998922	0.005231
0.634313	0.998488	0.005271
0.642320	0.999174	0.005251
0.649604	0.999321	0.005421
0.657548	0.998217	0.004568
0.665173	0.999264	0.005057
0.672965	0.999523	0.004732
0.680677	0.998095	0.004524
0.688866	0.998986	0.003892
0.696431	0.999472	0.004492
0.704911	0.999574	0.003413
0.712567	0.999948	0.004062
0.720605	0.998890	0.003072
0.728217	0.999498	0.003428
0.735706	1.001139	0.004325
0.743653	0.998917	0.003343
0.751705	1.000873	0.003818
0.759055	1.000690	0.004419
0.767273	1.000095	0.002890
0.774939	1.001397	0.004622
0.783050	1.000056	0.003622
0.009186	0.999715	0.003101
0.024574	1.001865	0.004795
0.040765	1.000973	0.003554
0.057188	1.002154	0.004560
0.073438	1.000151	0.003565
0.089445	1.000436	0.003587
0.105403	1.002201	0.005312
0.121398	1.000041	0.003981
0.137418	1.001985	0.004679
0.152793	1.002415	0.005494
0.169567	1.000615	0.004183
0.184381	1.002497	0.005506
0.200617	1.000802	0.004376
0.216842	1.000146	0.005025
0.232848	1.002013	0.005444
0.248717	1.002376	0.005296
0.264291	1.002275	0.005885
0.279361	1.001666	0.005231
0.295552	1.001409	0.005072
0.310507	1.002694	0.005182
0.326993	1.001002	0.004580
0.342813	1.000375	0.005129
0.358584	1.003050	0.005430
0.374907	1.003541	0.005429
0.390209	1.001486	0.005941
0.405972	1.001306	0.005073
0.422199	1.000646	0.006214
0.437775	1.002592	0.005794
0.453730	1.001019	0.005239
0.470213	1.002093	0.007571
0.485137	1.002450	0.005998
0.502006	1.002149	0.005878
0.517129	1.000335	0.007140
0.533301	0.999865	0.008434
0.548813	0.999400	0.009427
0.564905	1.001523	0.005439
0.580502	1.003955	0.012233
0.596469	1.004457	0.027889
0.612368	1.001101	0.004766
0.628983	0.999708	0.007756
0.644588	1.001818	0.005284
0.661108	1.001446	0.005628
0.677634	1.000066	0.007915
0.693011	1.001494	0.005124
0.709158	1.001264	0.005255
0.723909	0.999326	0.007562
0.740007	0.999805	0.004971
0.755639	0.998460	0.007184
0.771095	0.999946	0.005143
0.786535	1.000263	0.005121
0.802317	0.998524	0.007478
0.817750	0.999718	0.005379
0.833836	0.999834	0.005556
0.849210	0.997252	0.007278
0.865499	0.997914	0.006580
0.881109	0.997258	0.007586
0.896490	0.999152	0.006416
0.912881	0.999142	0.006098
0.929034	0.997650	0.007093
0.943998	0.998969	0.005652
0.960033	0.997425	0.007267
0.974594	0.996915	0.006411
0.990668	0.997957	0.006745
1.006455	0.997770	0.007011
1.021743	0.998477	0.005808
1.036933	0.999094	0.006414
1.051831	0.996949	0.006224
1.066944	0.998184	0.006283
1.082779	0.998665	0.006092
1.098863	0.996913	0.005776
1.115197	0.996979	0.006995
1.130554	0.997994	0.005990
1.145911	0.997938	0.005176
1.162018	0.998705	0.005536
1.177526	0.997951	0.005455
1.192597	0.997853	0.004947
1.208253	0.998598	0.005836
1.222978	0.998494	0.004672
1.238265	0.996422	0.006504
1.253967	0.998922	0.005231
1.268627	0.998488	0.005271
1.284639	0.999174	0.005251
1.299208	0.999321	0.005421
1.315095	0.998217	0.004568
1.330346	0.999264	0.005057
1.345929	0.999523	0.004732
1.361353	0.998095	0.004524
1.377733	0.998986	0.003892
1.392861	0.999472	0.004492
1.409821	0.999574	0.003413
1.425134	0.999948	0.004062
1.441210	0.998890	0.003072
1.456434	0.999498	0.003428
1.471411	1.001139	0.004325
1.487306	0.998917	0.003343
1.503411	1.000873	0.003818
1.518110	1.000690	0.004419
1.534546	1.000095	0.002890
1.549878	1.001397	0.004622
1.566101	1.000056	0.003622
