514
0.006661	1.000607	0.001139
0.020477	1.000213	0.000697
0.034122	1.000412	0.001012
0.048331	1.000360	0.000693
0.062137	1.000340	0.000618
0.075782	1.000298	0.000888
0.090003	1.000114	0.000653
0.103805	1.000698	0.001056
0.117442	1.000328	0.001299
0.131661	0.999952	0.000734
0.146574	1.000138	0.000916
0.162119	1.000754	0.000747
0.175857	0.999688	0.000539
0.191373	0.999891	0.000771
0.209037	0.999850	0.000704
0.226076	1.000065	0.000843
0.244777	1.000162	0.000632
0.262346	1.000614	0.001597
0.278516	1.000223	0.000592
0.294557	1.000602	0.001353
0.313658	1.000459	0.000814
0.332496	1.000345	0.001507
0.353372	0.999923	0.001160
0.371554	1.000398	0.001245
0.387346	1.000379	0.001130
0.404169	0.999952	0.000576
0.420986	1.000461	0.000862
0.437232	1.000417	0.001130
0.453457	1.000444	0.000989
0.468909	1.000241	0.000678
0.485209	1.000548	0.001066
0.501441	1.000217	0.001487
0.517470	1.000643	0.001134
0.537318	1.000557	0.000828
0.555945	1.000238	0.001411
0.571651	0.999860	0.000732
0.589283	1.000437	0.000974
0.607749	1.000082	0.000959
0.624732	1.000010	0.000757
0.640967	1.000241	0.001091
0.656409	1.000263	0.001008
0.672709	1.000129	0.001026
0.688941	1.000287	0.001102
0.704894	1.000147	0.001125
0.720886	1.000236	0.001010
0.738311	1.000052	0.001121
0.754316	0.999924	0.001306
0.770572	1.000685	0.001267
0.786817	1.000307	0.001043
0.803656	1.000074	0.001378
0.820186	0.999734	0.000932
0.836227	0.999866	0.000937
0.852163	0.999832	0.000902
0.869107	0.999296	0.000705
0.885589	0.999880	0.001252
0.901869	0.999892	0.001274
0.921189	0.999528	0.000836
0.941789	0.999468	0.000721
0.958072	0.999557	0.000593
0.974317	0.999642	0.000523
0.991156	0.999546	0.000544
1.007696	0.999551	0.000763
1.025156	0.999542	0.000626
1.043131	0.999773	0.000518
1.060956	0.999681	0.000369
1.078467	0.999158	0.000893
1.093909	0.999292	0.000669
1.110219	0.999719	0.000483
1.126461	0.999022	0.000518
1.142394	0.999527	0.000619
1.158196	0.999391	0.000753
1.174356	0.999059	0.000582
1.190397	0.999390	0.000454
1.206323	0.999100	0.000385
1.222635	0.999412	0.000720
1.238311	0.999181	0.000588
1.254336	0.999291	0.000668
1.270572	0.999202	0.000325
1.286817	0.999374	0.000586
1.302239	0.999815	0.000754
1.320837	0.999483	0.000330
1.337656	0.999728	0.000502
1.353912	0.999605	0.000725
1.370137	0.999443	0.000525
1.386664	0.999424	0.000402
1.402503	0.946108	0.160487
1.416420	0.948795	0.153109
1.432637	0.999456	0.000776
1.449827	0.999905	0.000497
1.466016	0.999593	0.000589
1.482067	0.999515	0.000443
1.498666	0.999795	0.000398
1.517443	0.999450	0.000605
1.535135	0.999495	0.000725
1.550811	0.999634	0.000594
1.566846	0.999525	0.000509
1.583072	0.999044	0.000479
1.599317	0.999369	0.000705
1.619227	0.999688	0.000434
1.637376	0.999407	0.000670
1.653524	0.999747	0.000771
1.671006	0.999556	0.000911
1.687252	0.999600	0.000470
1.703156	0.994835	0.014881
1.716147	0.990954	0.017501
1.729581	0.991933	0.014922
1.743219	0.996676	0.009282
1.756691	0.994562	0.010592
1.770901	0.995151	0.008905
1.784122	0.995839	0.007478
1.797027	0.998006	0.004582
1.810425	0.997203	0.005504
1.823061	0.997528	0.004309
1.836227	0.998347	0.003363
1.849344	0.999379	0.001966
1.863302	0.999672	0.001081
1.876537	0.999508	0.000550
1.889710	1.000031	0.000800
1.902832	1.000248	0.000746
1.917071	1.000084	0.000474
1.929972	1.000260	0.000576
1.942867	0.999998	0.000657
1.956245	1.000461	0.000980
1.968881	1.000702	0.000668
1.982077	1.000112	0.000363
1.995194	1.000358	0.000687
2.007827	1.000230	0.000648
2.021241	0.999833	0.000635
2.036805	1.000137	0.000492
2.049497	1.000188	0.000488
2.062921	1.000289	0.000353
2.075802	1.000439	0.000345
2.090371	1.000261	0.000642
2.103908	0.999817	0.001611
2.115051	0.999729	0.001650
2.126921	0.999480	0.001647
2.137640	1.000273	0.001496
2.148801	0.999472	0.001643
2.159811	0.999566	0.001538
2.171694	0.999783	0.001325
2.182834	0.999333	0.002342
2.193848	0.999974	0.001069
2.206330	0.999425	0.001562
2.217933	1.012923	0.039898
2.229985	0.999864	0.001346
2.240768	0.999584	0.001538
2.251921	0.999641	0.001423
2.262640	1.000100	0.001305
2.273811	0.999792	0.001393
2.284811	0.999671	0.000937
2.295673	0.999828	0.001601
2.307134	0.999924	0.001373
2.318528	1.000422	0.001099
2.329940	0.999795	0.001729
2.341194	1.000709	0.001224
2.352848	0.999602	0.001444
2.365154	1.000028	0.001264
2.376921	0.999740	0.001192
2.387640	1.000248	0.001120
2.398811	0.999780	0.001000
2.409811	0.999926	0.000879
2.420673	1.000232	0.001284
2.431756	0.999507	0.001260
2.442524	0.999947	0.001254
2.453674	1.000030	0.001127
2.464358	1.000104	0.000913
2.475760	0.999969	0.001277
2.486342	0.999958	0.001196
2.498000	0.999872	0.001233
2.509281	0.999709	0.001002
2.520523	1.004304	0.011881
2.531417	0.999856	0.001177
2.541730	1.003893	0.011949
2.552257	0.999680	0.001123
2.562872	1.004066	0.012360
2.574108	1.000033	0.001005
2.584788	1.003630	0.012082
2.597245	1.004348	0.012018
2.607161	1.000430	0.001260
2.618095	1.004222	0.011961
2.627981	1.000079	0.000902
2.638925	1.004916	0.012453
2.648811	1.000213	0.000856
2.659745	1.004676	0.012579
2.670437	0.999872	0.001092
2.681664	1.004559	0.012603
2.692968	1.000146	0.000801
2.704628	1.004613	0.012887
2.715863	1.000191	0.001299
2.727536	1.004688	0.012840
2.739143	1.000466	0.001080
2.751572	1.004690	0.012279
2.762640	1.001097	0.001084
2.774124	1.005160	0.011941
2.785804	1.004942	0.011093
2.796495	1.001174	0.001186
2.807722	1.004736	0.011124
2.818338	1.002446	0.000881
2.829638	1.005494	0.010748
2.840494	1.002522	0.001074
2.851478	1.005130	0.010643
2.862403	1.003019	0.001158
2.873386	1.005764	0.009807
2.884291	1.003416	0.001005
2.895901	1.006562	0.009552
2.907475	1.003722	0.001369
2.919350	1.007053	0.008868
2.930595	1.007235	0.008434
2.941257	1.004672	0.001216
2.953552	1.006780	0.008539
2.964178	1.005878	0.001185
2.976480	1.007738	0.007621
2.987403	1.006485	0.001023
2.998386	1.008417	0.007070
3.010607	1.006495	0.001484
3.021344	1.009665	0.006620
3.032438	1.007005	0.001317
3.043289	1.009727	0.006457
3.054972	1.008044	0.001147
3.067315	1.008299	0.000956
3.079005	1.007881	0.002041
3.092253	1.008322	0.001135
3.104702	1.008228	0.001334
3.116810	1.008394	0.002237
3.128757	1.008413	0.000827
3.140096	1.008011	0.001365
3.152994	1.008609	0.000520
3.164763	1.007767	0.001641
3.177257	1.007635	0.002388
3.188816	1.007931	0.000852
3.200150	1.008061	0.001664
3.212087	1.007564	0.001034
3.223416	1.006228	0.002612
3.235018	1.007221	0.000827
3.246695	1.006606	0.002567
3.258243	1.006779	0.000556
3.269679	1.005944	0.002084
3.282438	1.005515	0.002239
3.294094	1.006100	0.000899
3.306756	1.004847	0.002233
3.318358	1.005456	0.000699
3.329638	1.005389	0.002814
3.340494	1.004852	0.001075
3.352641	1.005422	0.002404
3.364812	1.004117	0.000775
3.377690	1.004702	0.002056
3.389312	1.004580	0.001769
3.400645	1.003698	0.000512
3.412315	1.003898	0.001681
3.423842	1.002861	0.000590
3.435955	1.003310	0.001921
3.448115	1.002453	0.000891
3.459949	1.002504	0.001557
3.472301	1.002688	0.001563
3.484317	1.002552	0.000903
3.497026	1.002056	0.001588
3.508648	1.001445	0.000506
3.521391	1.001800	0.001446
3.533781	1.001664	0.001041
3.545437	1.001031	0.000560
3.557078	1.001339	0.001038
3.568358	1.001298	0.000912
3.580346	1.001037	0.000872
3.591563	1.000785	0.000882
3.603331	1.000872	0.001066
3.614775	1.000075	0.000600
3.627331	1.000921	0.000924
3.639681	1.000484	0.000821
3.653655	0.999946	0.000814
3.666123	1.000168	0.001167
3.678334	0.999948	0.000478
3.690880	0.999994	0.001017
3.702918	1.000062	0.000919
3.714833	1.000249	0.000794
3.727233	0.999932	0.001093
3.738471	0.999484	0.000896
3.750534	0.999900	0.000603
3.762271	1.000421	0.001184
3.774597	0.999938	0.000902
3.786294	0.999579	0.000696
3.799223	0.999616	0.000654
3.811681	0.999563	0.000580
3.823115	0.999380	0.000976
3.835678	0.999156	0.000592
3.847632	0.999728	0.000408
3.858997	0.999203	0.000779
3.871703	0.999165	0.000553
3.883278	0.999241	0.000934
3.896354	0.999532	0.000835
3.907494	0.999144	0.000569
3.919350	0.999366	0.000665
3.931388	0.998773	0.001269
3.943358	0.999575	0.000972
3.955346	0.999452	0.000800
3.966563	0.999218	0.000687
3.979004	0.999440	0.000863
3.991873	0.998876	0.000976
4.006141	0.999136	0.001103
4.018913	0.999265	0.000831
4.030772	0.999038	0.000950
4.044094	0.999213	0.001150
4.057049	0.998910	0.000826
4.068680	0.999357	0.000973
4.081413	0.999644	0.000831
4.093282	0.999556	0.000832
4.105789	0.999263	0.000847
4.118171	0.999355	0.000422
4.129825	0.999549	0.001045
4.142846	0.999494	0.000857
4.154439	0.999250	0.000755
4.167884	0.999722	0.000722
4.181396	0.999120	0.000642
4.193680	0.999797	0.000591
4.206413	0.999542	0.000758
4.218282	0.999455	0.000564
4.230789	0.999702	0.000588
4.243171	0.999488	0.000724
4.255886	0.999469	0.000604
4.268913	0.999638	0.000793
4.280802	0.999661	0.000578
4.293289	0.999655	0.000472
4.305671	0.999114	0.000581
4.317325	0.999890	0.000896
4.330346	0.999815	0.000552
4.341959	0.999553	0.000633
4.354694	0.999580	0.000822
4.368171	0.999422	0.000696
4.379825	0.999243	0.000877
4.393149	0.999552	0.000991
4.406179	0.999483	0.001021
4.419350	0.999309	0.000511
4.432180	0.999128	0.000820
4.445004	0.999466	0.000466
4.458211	0.999529	0.000586
4.472999	0.999330	0.000593
4.485358	0.999701	0.000475
4.498085	0.999132	0.000589
4.509952	0.999445	0.000570
4.522469	0.999360	0.000618
4.534821	0.999303	0.000739
4.547498	0.999282	0.000758
4.560585	0.999417	0.000478
4.573803	0.999379	0.000584
4.586691	0.999340	0.000596
4.601176	0.999741	0.000595
4.614103	0.999786	0.000757
4.626961	0.999664	0.000657
4.640369	0.999862	0.000708
4.653012	0.999986	0.001059
4.666143	0.999396	0.000798
4.679308	0.999780	0.000583
4.692590	0.999295	0.000526
4.706413	0.999451	0.000644
4.719653	0.999531	0.000251
4.732484	0.999796	0.000799
4.748791	0.999770	0.000740
4.763981	0.999573	0.000602
4.778418	0.999221	0.000492
4.792941	0.999036	0.001143
4.807039	0.999365	0.000546
4.819682	0.999351	0.000535
4.832803	0.999604	0.000695
4.845968	0.999677	0.000636
4.858618	0.999190	0.000600
4.872754	0.999338	0.001314
4.886303	0.999588	0.000473
4.899154	0.999842	0.000710
4.912334	0.999604	0.000687
4.925213	0.999676	0.000701
4.938363	0.999856	0.000587
4.951481	0.999363	0.000467
4.964159	0.999701	0.000761
4.977253	0.999723	0.000851
4.990493	0.999992	0.000664
5.003304	0.999890	0.001263
5.017523	0.999592	0.000979
5.031795	1.000221	0.001062
5.044984	0.999698	0.000800
5.058174	0.999911	0.000830
5.071033	0.999735	0.000541
5.084564	1.000003	0.000712
5.098775	1.000016	0.000844
5.112713	0.999611	0.000673
5.125873	1.000062	0.000776
5.139386	0.999432	0.000740
5.153012	0.999762	0.000408
5.166143	1.000011	0.001348
5.179308	0.999952	0.000844
5.191948	0.999344	0.000963
5.205649	0.999700	0.001032
5.220646	0.999024	0.001180
5.233618	0.999622	0.000493
5.247026	0.999559	0.000508
5.259923	0.999296	0.000707
5.273822	0.999316	0.000747
5.287334	0.999028	0.000887
5.300213	0.999119	0.000895
5.313373	0.999459	0.000628
5.325461	0.998515	0.003496
5.337778	0.999937	0.001007
5.349835	0.998773	0.002934
5.362346	0.998962	0.002953
5.375173	0.999706	0.000571
5.387971	0.998647	0.002708
5.400278	0.999380	0.000737
5.412335	0.999386	0.002524
5.424846	0.999344	0.002120
5.436983	1.000495	0.000916
5.449184	0.999077	0.001975
5.461654	1.000114	0.000618
5.473738	0.999310	0.001726
5.487091	0.999216	0.001619
5.499483	1.000266	0.000896
5.511684	0.999603	0.001672
5.525212	0.999607	0.000648
5.537988	0.999544	0.001745
5.550942	0.999174	0.001682
5.563373	0.999958	0.000746
5.575471	0.999610	0.001511
5.587778	0.999960	0.000651
5.600857	0.999477	0.001508
5.613442	0.999597	0.001362
5.625912	0.999883	0.000988
5.639322	0.999751	0.001303
5.651338	0.999694	0.001040
5.663686	0.999958	0.000478
5.675952	0.999728	0.001100
5.688373	0.999909	0.000444
5.700481	1.000026	0.000918
5.714112	0.999759	0.001133
5.727253	0.999864	0.000687
5.739805	1.000104	0.000975
5.751971	0.999373	0.000829
5.764332	0.999883	0.000940
5.776338	1.000111	0.000954
5.788686	0.999992	0.000558
5.800952	0.999425	0.000981
5.813373	0.999373	0.001094
5.825481	0.999672	0.000778
5.838517	0.999710	0.000748
5.851186	1.000158	0.000543
5.864103	1.000003	0.000653
5.876971	0.999801	0.000505
5.889332	1.000143	0.000882
5.902654	1.000057	0.000857
5.916228	0.999811	0.000753
5.929641	0.999483	0.000563
5.942687	0.999892	0.000799
5.955800	1.000001	0.000632
5.968955	0.999637	0.001003
5.981141	0.999790	0.000860
5.993529	1.000279	0.000374
6.006853	0.999745	0.000608
6.019312	0.999928	0.000834
6.032514	0.999957	0.000837
6.044994	0.999902	0.000786
6.057098	0.999524	0.000677
6.070421	0.999826	0.000298
6.082823	1.000056	0.000721
6.095014	0.999757	0.000569
6.107494	0.999618	0.000185
6.119598	0.999989	0.001037
6.132231	0.999933	0.000675
6.145333	0.999794	0.000573
6.157817	0.999968	0.000965
6.171128	0.999976	0.000733
6.184574	0.999833	0.000590
6.198125	1.000472	0.000907
6.210321	1.000129	0.000616
6.223709	1.000148	0.000738
6.236041	0.999880	0.000763
6.248095	1.000161	0.000496
6.259321	1.000140	0.001374
6.272045	1.000032	0.001475
6.284509	1.000366	0.000631
6.297633	1.000565	0.001033
6.310595	0.999852	0.000688
6.322472	0.999530	0.001121
6.334999	1.000368	0.000788
6.347380	0.999856	0.000745
6.361070	1.000085	0.001096
6.374569	1.000352	0.000754
6.387697	1.000125	0.000722
6.399647	1.000042	0.001098
6.411258	1.000165	0.000590
6.422558	1.000105	0.001302
6.434526	1.000026	0.000720
6.445763	1.000253	0.001275
6.457541	0.999675	0.000916
6.468975	0.999899	0.001065
6.480819	1.000204	0.000725
6.492141	1.000001	0.000925
6.504789	1.000226	0.001326
6.516535	0.999893	0.000454
6.528044	1.000295	0.000994
6.539763	0.999988	0.000967
6.550991	1.000008	0.001290
6.563054	1.000394	0.001077
6.575195	1.000391	0.000769
6.589967	1.000431	0.000846
6.605564	1.000206	0.000801
6.620033	1.000706	0.000838
6.634708	1.000338	0.000826
6.649299	1.000329	0.000883
6.664188	1.000495	0.000662
6.679035	1.000753	0.000748
6.693465	1.000102	0.000698
6.707588	1.000520	0.000817
6.722133	1.000462	0.001237
6.736487	1.000294	0.000437
6.751394	1.000531	0.000796
6.765873	1.000841	0.001075
6.779518	1.000643	0.000771
6.795117	1.000454	0.000963
0.013322	1.000607	0.001139
0.040953	1.000213	0.000697
0.068245	1.000412	0.001012
0.096662	1.000360	0.000693
0.124273	1.000340	0.000618
0.151565	1.000298	0.000888
0.180005	1.000114	0.000653
0.207609	1.000698	0.001056
0.234885	1.000328	0.001299
0.263322	0.999952	0.000734
0.293148	1.000138	0.000916
0.324239	1.000754	0.000747
0.351714	0.999688	0.000539
0.382745	0.999891	0.000771
0.418074	0.999850	0.000704
0.452151	1.000065	0.000843
0.489553	1.000162	0.000632
0.524692	1.000614	0.001597
0.557032	1.000223	0.000592
0.589114	1.000602	0.001353
0.627316	1.000459	0.000814
0.664992	1.000345	0.001507
0.706743	0.999923	0.001160
0.743108	1.000398	0.001245
0.774692	1.000379	0.001130
0.808337	0.999952	0.000576
0.841972	1.000461	0.000862
0.874463	1.000417	0.001130
0.906914	1.000444	0.000989
0.937817	1.000241	0.000678
0.970418	1.000548	0.001066
1.002883	1.000217	0.001487
1.034941	1.000643	0.001134
1.074636	1.000557	0.000828
1.111889	1.000238	0.001411
1.143303	0.999860	0.000732
1.178565	1.000437	0.000974
1.215497	1.000082	0.000959
1.249463	1.000010	0.000757
1.281934	1.000241	0.001091
1.312817	1.000263	0.001008
1.345418	1.000129	0.001026
1.377883	1.000287	0.001102
1.409788	1.000147	0.001125
1.441772	1.000236	0.001010
1.476623	1.000052	0.001121
1.508632	0.999924	0.001306
1.541143	1.000685	0.001267
1.573634	1.000307	0.001043
1.607312	1.000074	0.001378
1.640372	0.999734	0.000932
1.672454	0.999866	0.000937
1.704326	0.999832	0.000902
1.738215	0.999296	0.000705
1.771177	0.999880	0.001252
1.803738	0.999892	0.001274
1.842378	0.999528	0.000836
1.883577	0.999468	0.000721
1.916143	0.999557	0.000593
1.948634	0.999642	0.000523
1.982312	0.999546	0.000544
2.015392	0.999551	0.000763
2.050312	0.999542	0.000626
2.086263	0.999773	0.000518
2.121912	0.999681	0.000369
2.156934	0.999158	0.000893
2.187817	0.999292	0.000669
2.220438	0.999719	0.000483
2.252923	0.999022	0.000518
2.284788	0.999527	0.000619
2.316392	0.999391	0.000753
2.348712	0.999059	0.000582
2.380794	0.999390	0.000454
2.412646	0.999100	0.000385
2.445269	0.999412	0.000720
2.476623	0.999181	0.000588
2.508672	0.999291	0.000668
2.541143	0.999202	0.000325
2.573634	0.999374	0.000586
2.604477	0.999815	0.000754
2.641674	0.999483	0.000330
2.675312	0.999728	0.000502
2.707823	0.999605	0.000725
2.740274	0.999443	0.000525
2.773329	0.999424	0.000402
2.805005	0.946108	0.160487
2.832840	0.948795	0.153109
2.865274	0.999456	0.000776
2.899654	0.999905	0.000497
2.932032	0.999593	0.000589
2.964134	0.999515	0.000443
2.997332	0.999795	0.000398
3.034886	0.999450	0.000605
3.070269	0.999495	0.000725
3.101623	0.999634	0.000594
3.133692	0.999525	0.000509
3.166143	0.999044	0.000479
3.198634	0.999369	0.000705
3.238454	0.999688	0.000434
3.274752	0.999407	0.000670
3.307048	0.999747	0.000771
3.342012	0.999556	0.000911
3.374503	0.999600	0.000470
3.406311	0.994835	0.014881
3.432294	0.990954	0.017501
3.459162	0.991933	0.014922
3.486437	0.996676	0.009282
3.513382	0.994562	0.010592
3.541803	0.995151	0.008905
3.568245	0.995839	0.007478
3.594054	0.998006	0.004582
3.620850	0.997203	0.005504
3.646123	0.997528	0.004309
3.672454	0.998347	0.003363
3.698688	0.999379	0.001966
3.726605	0.999672	0.001081
3.753074	0.999508	0.000550
3.779419	1.000031	0.000800
3.805665	1.000248	0.000746
3.834142	1.000084	0.000474
3.859945	1.000260	0.000576
3.885734	0.999998	0.000657
3.912490	1.000461	0.000980
3.937763	1.000702	0.000668
3.964154	1.000112	0.000363
3.990388	1.000358	0.000687
4.015654	1.000230	0.000648
4.042482	0.999833	0.000635
4.073610	1.000137	0.000492
4.098994	1.000188	0.000488
4.125842	1.000289	0.000353
4.151605	1.000439	0.000345
4.180743	1.000261	0.000642
4.207816	0.999817	0.001611
4.230102	0.999729	0.001650
4.253842	0.999480	0.001647
4.275279	1.000273	0.001496
4.297602	0.999472	0.001643
4.319621	0.999566	0.001538
4.343388	0.999783	0.001325
4.365668	0.999333	0.002342
4.387696	0.999974	0.001069
4.412659	0.999425	0.001562
4.435865	1.012923	0.039898
4.459970	0.999864	0.001346
4.481536	0.999584	0.001538
4.503842	0.999641	0.001423
4.525279	1.000100	0.001305
4.547622	0.999792	0.001393
4.569621	0.999671	0.000937
4.591345	0.999828	0.001601
4.614268	0.999924	0.001373
4.637056	1.000422	0.001099
4.659879	0.999795	0.001729
4.682388	1.000709	0.001224
4.705696	0.999602	0.001444
4.730309	1.000028	0.001264
4.753842	0.999740	0.001192
4.775279	1.000248	0.001120
4.797622	0.999780	0.001000
4.819621	0.999926	0.000879
4.841345	1.000232	0.001284
4.863513	0.999507	0.001260
4.885048	0.999947	0.001254
4.907348	1.000030	0.001127
4.928716	1.000104	0.000913
4.951519	0.999969	0.001277
4.972684	0.999958	0.001196
4.995999	0.999872	0.001233
5.018562	0.999709	0.001002
5.041045	1.004304	0.011881
5.062834	0.999856	0.001177
5.083459	1.003893	0.011949
5.104514	0.999680	0.001123
5.125744	1.004066	0.012360
5.148216	1.000033	0.001005
5.169576	1.003630	0.012082
5.194490	1.004348	0.012018
5.214322	1.000430	0.001260
5.236190	1.004222	0.011961
5.255962	1.000079	0.000902
5.277850	1.004916	0.012453
5.297622	1.000213	0.000856
5.319490	1.004676	0.012579
5.340873	0.999872	0.001092
5.363327	1.004559	0.012603
5.385936	1.000146	0.000801
5.409256	1.004613	0.012887
5.431725	1.000191	0.001299
5.455073	1.004688	0.012840
5.478286	1.000466	0.001080
5.503144	1.004690	0.012279
5.525279	1.001097	0.001084
5.548247	1.005160	0.011941
5.571607	1.004942	0.011093
5.592990	1.001174	0.001186
5.615445	1.004736	0.011124
5.636677	1.002446	0.000881
5.659276	1.005494	0.010748
5.680988	1.002522	0.001074
5.702956	1.005130	0.010643
5.724805	1.003019	0.001158
5.746773	1.005764	0.009807
5.768582	1.003416	0.001005
5.791801	1.006562	0.009552
5.814951	1.003722	0.001369
5.838700	1.007053	0.008868
5.861190	1.007235	0.008434
5.882513	1.004672	0.001216
5.907105	1.006780	0.008539
5.928357	1.005878	0.001185
5.952959	1.007738	0.007621
5.974805	1.006485	0.001023
5.996773	1.008417	0.007070
6.021214	1.006495	0.001484
6.042687	1.009665	0.006620
6.064876	1.007005	0.001317
6.086579	1.009727	0.006457
6.109945	1.008044	0.001147
6.134630	1.008299	0.000956
6.158011	1.007881	0.002041
6.184505	1.008322	0.001135
6.209404	1.008228	0.001334
6.233619	1.008394	0.002237
6.257513	1.008413	0.000827
6.280193	1.008011	0.001365
6.305988	1.008609	0.000520
6.329526	1.007767	0.001641
6.354514	1.007635	0.002388
6.377632	1.007931	0.000852
6.400299	1.008061	0.001664
6.424173	1.007564	0.001034
6.446833	1.006228	0.002612
6.470037	1.007221	0.000827
6.493390	1.006606	0.002567
6.516485	1.006779	0.000556
6.539359	1.005944	0.002084
6.564876	1.005515	0.002239
6.588188	1.006100	0.000899
6.613513	1.004847	0.002233
6.636717	1.005456	0.000699
6.659276	1.005389	0.002814
6.680988	1.004852	0.001075
6.705282	1.005422	0.002404
6.729624	1.004117	0.000775
6.755380	1.004702	0.002056
6.778624	1.004580	0.001769
6.801290	1.003698	0.000512
6.824631	1.003898	0.001681
6.847684	1.002861	0.000590
6.871911	1.003310	0.001921
6.896230	1.002453	0.000891
6.919899	1.002504	0.001557
6.944601	1.002688	0.001563
6.968633	1.002552	0.000903
6.994053	1.002056	0.001588
7.017297	1.001445	0.000506
7.042782	1.001800	0.001446
7.067562	1.001664	0.001041
7.090873	1.001031	0.000560
7.114156	1.001339	0.001038
7.136717	1.001298	0.000912
7.160693	1.001037	0.000872
7.183125	1.000785	0.000882
7.206662	1.000872	0.001066
7.229550	1.000075	0.000600
7.254662	1.000921	0.000924
7.279361	1.000484	0.000821
7.307310	0.999946	0.000814
7.332246	1.000168	0.001167
7.356667	0.999948	0.000478
7.381760	0.999994	0.001017
7.405836	1.000062	0.000919
7.429666	1.000249	0.000794
7.454466	0.999932	0.001093
7.476942	0.999484	0.000896
7.501067	0.999900	0.000603
7.524542	1.000421	0.001184
7.549193	0.999938	0.000902
7.572588	0.999579	0.000696
7.598445	0.999616	0.000654
7.623362	0.999563	0.000580
7.646230	0.999380	0.000976
7.671357	0.999156	0.000592
7.695264	0.999728	0.000408
7.717994	0.999203	0.000779
7.743406	0.999165	0.000553
7.766556	0.999241	0.000934
7.792707	0.999532	0.000835
7.814987	0.999144	0.000569
7.838700	0.999366	0.000665
7.862776	0.998773	0.001269
7.886717	0.999575	0.000972
7.910693	0.999452	0.000800
7.933125	0.999218	0.000687
7.958007	0.999440	0.000863
7.983746	0.998876	0.000976
8.012282	0.999136	0.001103
8.037826	0.999265	0.000831
8.061544	0.999038	0.000950
8.088188	0.999213	0.001150
8.114098	0.998910	0.000826
8.137360	0.999357	0.000973
8.162826	0.999644	0.000831
8.186564	0.999556	0.000832
8.211579	0.999263	0.000847
8.236341	0.999355	0.000422
8.259650	0.999549	0.001045
8.285693	0.999494	0.000857
8.308879	0.999250	0.000755
8.335767	0.999722	0.000722
8.362792	0.999120	0.000642
8.387360	0.999797	0.000591
8.412826	0.999542	0.000758
8.436564	0.999455	0.000564
8.461579	0.999702	0.000588
8.486341	0.999488	0.000724
8.511771	0.999469	0.000604
8.537826	0.999638	0.000793
8.561604	0.999661	0.000578
8.586579	0.999655	0.000472
8.611341	0.999114	0.000581
8.634650	0.999890	0.000896
8.660693	0.999815	0.000552
8.683919	0.999553	0.000633
8.709387	0.999580	0.000822
8.736341	0.999422	0.000696
8.759650	0.999243	0.000877
8.786298	0.999552	0.000991
8.812358	0.999483	0.001021
8.838700	0.999309	0.000511
8.864361	0.999128	0.000820
8.890007	0.999466	0.000466
8.916422	0.999529	0.000586
8.945998	0.999330	0.000593
8.970716	0.999701	0.000475
8.996170	0.999132	0.000589
9.019904	0.999445	0.000570
9.044939	0.999360	0.000618
9.069641	0.999303	0.000739
9.094995	0.999282	0.000758
9.121170	0.999417	0.000478
9.147606	0.999379	0.000584
9.173382	0.999340	0.000596
9.202353	0.999741	0.000595
9.228206	0.999786	0.000757
9.253922	0.999664	0.000657
9.280738	0.999862	0.000708
9.306024	0.999986	0.001059
9.332286	0.999396	0.000798
9.358616	0.999780	0.000583
9.385181	0.999295	0.000526
9.412826	0.999451	0.000644
9.439306	0.999531	0.000251
9.464967	0.999796	0.000799
9.497583	0.999770	0.000740
9.527961	0.999573	0.000602
9.556836	0.999221	0.000492
9.585882	0.999036	0.001143
9.614078	0.999365	0.000546
9.639364	0.999351	0.000535
9.665606	0.999604	0.000695
9.691936	0.999677	0.000636
9.717235	0.999190	0.000600
9.745507	0.999338	0.001314
9.772606	0.999588	0.000473
9.798307	0.999842	0.000710
9.824667	0.999604	0.000687
9.850426	0.999676	0.000701
9.876726	0.999856	0.000587
9.902961	0.999363	0.000467
9.928319	0.999701	0.000761
9.954506	0.999723	0.000851
9.980986	0.999992	0.000664
10.006607	0.999890	0.001263
10.035046	0.999592	0.000979
10.063589	1.000221	0.001062
10.089967	0.999698	0.000800
10.116347	0.999911	0.000830
10.142066	0.999735	0.000541
10.169127	1.000003	0.000712
10.197550	1.000016	0.000844
10.225426	0.999611	0.000673
10.251746	1.000062	0.000776
10.278773	0.999432	0.000740
10.306024	0.999762	0.000408
10.332286	1.000011	0.001348
10.358616	0.999952	0.000844
10.383895	0.999344	0.000963
10.411298	0.999700	0.001032
10.441293	0.999024	0.001180
10.467235	0.999622	0.000493
10.494053	0.999559	0.000508
10.519846	0.999296	0.000707
10.547644	0.999316	0.000747
10.574667	0.999028	0.000887
10.600426	0.999119	0.000895
10.626746	0.999459	0.000628
10.650922	0.998515	0.003496
10.675555	0.999937	0.001007
10.699671	0.998773	0.002934
10.724693	0.998962	0.002953
10.750346	0.999706	0.000571
10.775942	0.998647	0.002708
10.800555	0.999380	0.000737
10.824671	0.999386	0.002524
10.849693	0.999344	0.002120
10.873966	1.000495	0.000916
10.898367	0.999077	0.001975
10.923307	1.000114	0.000618
10.947476	0.999310	0.001726
10.974182	0.999216	0.001619
10.998966	1.000266	0.000896
11.023367	0.999603	0.001672
11.050424	0.999607	0.000648
11.075976	0.999544	0.001745
11.101884	0.999174	0.001682
11.126746	0.999958	0.000746
11.150942	0.999610	0.001511
11.175555	0.999960	0.000651
11.201714	0.999477	0.001508
11.226884	0.999597	0.001362
11.251824	0.999883	0.000988
11.278644	0.999751	0.001303
11.302676	0.999694	0.001040
11.327373	0.999958	0.000478
11.351904	0.999728	0.001100
11.376746	0.999909	0.000444
11.400962	1.000026	0.000918
11.428224	0.999759	0.001133
11.454506	0.999864	0.000687
11.479610	1.000104	0.000975
11.503942	0.999373	0.000829
11.528664	0.999883	0.000940
11.552676	1.000111	0.000954
11.577373	0.999992	0.000558
11.601904	0.999425	0.000981
11.626746	0.999373	0.001094
11.650962	0.999672	0.000778
11.677033	0.999710	0.000748
11.702373	1.000158	0.000543
11.728206	1.000003	0.000653
11.753942	0.999801	0.000505
11.778664	1.000143	0.000882
11.805307	1.000057	0.000857
11.832455	0.999811	0.000753
11.859282	0.999483	0.000563
11.885373	0.999892	0.000799
11.911601	1.000001	0.000632
11.937910	0.999637	0.001003
11.962282	0.999790	0.000860
11.987058	1.000279	0.000374
12.013705	0.999745	0.000608
12.038624	0.999928	0.000834
12.065027	0.999957	0.000837
12.089987	0.999902	0.000786
12.114196	0.999524	0.000677
12.140842	0.999826	0.000298
12.165646	1.000056	0.000721
12.190027	0.999757	0.000569
12.214987	0.999618	0.000185
12.239196	0.999989	0.001037
12.264462	0.999933	0.000675
12.290666	0.999794	0.000573
12.315634	0.999968	0.000965
12.342255	0.999976	0.000733
12.369147	0.999833	0.000590
12.396250	1.000472	0.000907
12.420642	1.000129	0.000616
12.447418	1.000148	0.000738
12.472082	0.999880	0.000763
12.496190	1.000161	0.000496
12.518642	1.000140	0.001374
12.544089	1.000032	0.001475
12.569018	1.000366	0.000631
12.595266	1.000565	0.001033
12.621190	0.999852	0.000688
12.644944	0.999530	0.001121
12.669999	1.000368	0.000788
12.694759	0.999856	0.000745
12.722140	1.000085	0.001096
12.749139	1.000352	0.000754
12.775394	1.000125	0.000722
12.799293	1.000042	0.001098
12.822516	1.000165	0.000590
12.845117	1.000105	0.001302
12.869053	1.000026	0.000720
12.891525	1.000253	0.001275
12.915082	0.999675	0.000916
12.937950	0.999899	0.001065
12.961639	1.000204	0.000725
12.984282	1.000001	0.000925
13.009578	1.000226	0.001326
13.033071	0.999893	0.000454
13.056088	1.000295	0.000994
13.079526	0.999988	0.000967
13.101982	1.000008	0.001290
13.126107	1.000394	0.001077
13.150390	1.000391	0.000769
13.179935	1.000431	0.000846
13.211128	1.000206	0.000801
13.240065	1.000706	0.000838
13.269416	1.000338	0.000826
13.298598	1.000329	0.000883
13.328377	1.000495	0.000662
13.358071	1.000753	0.000748
13.386929	1.000102	0.000698
13.415176	1.000520	0.000817
13.444265	1.000462	0.001237
13.472975	1.000294	0.000437
13.502788	1.000531	0.000796
13.531745	1.000841	0.001075
13.559037	1.000643	0.000771
13.590234	1.000454	0.000963
