100
0.025322	1.000632	0.003011
0.077337	0.999751	0.001539
0.126387	0.999956	0.001868
0.176070	0.999741	0.001615
0.225620	0.999874	0.001881
0.276892	0.999991	0.001904
0.325663	1.000094	0.001786
0.374656	1.000028	0.001857
0.422719	1.000272	0.002238
0.472196	1.000454	0.001861
0.521590	1.000111	0.001761
0.569657	1.000384	0.001854
0.618113	1.000507	0.001980
0.669592	1.000259	0.002009
0.721175	1.000115	0.002103
0.770496	1.000240	0.002350
0.819653	1.000067	0.002592
0.868111	1.000269	0.002636
0.916318	1.000238	0.002277
0.965070	1.000079	0.002579
1.015259	1.000071	0.002504
1.063812	1.000031	0.002213
1.111900	1.000410	0.002092
1.159221	1.000288	0.001770
1.206351	1.000069	0.001593
1.253309	0.999592	0.001414
1.300527	0.999585	0.001244
1.347849	0.999662	0.001433
1.395463	0.999880	0.001985
1.448119	0.999098	0.001422
1.504558	0.999065	0.001346
1.561565	0.999620	0.001492
1.617563	0.999441	0.001564
1.673286	0.999556	0.001347
1.729368	0.999812	0.001451
1.785625	0.999678	0.001483
1.842175	1.000018	0.001556
1.898614	1.000189	0.001845
1.954815	1.000817	0.001986
2.010614	1.000339	0.002214
2.066565	1.001009	0.002520
2.122767	1.001249	0.002309
2.178667	1.000520	0.002550
2.235289	1.000367	0.002298
2.292669	1.000461	0.002033
2.349352	1.000161	0.002147
2.405146	1.000291	0.001687
2.461105	1.000071	0.002212
2.513305	1.001227	0.007193
2.563455	1.000344	0.002426
2.612675	0.999974	0.002512
2.661587	1.000240	0.002400
2.712147	1.000129	0.002576
2.762651	1.000228	0.003023
2.810704	1.000424	0.002330
2.859537	1.000515	0.002718
2.907512	1.000130	0.002166
2.955622	1.000567	0.002180
3.004680	1.000221	0.001991
3.052693	1.000449	0.001880
3.102644	1.000556	0.001892
3.154605	1.000325	0.002062
3.203059	1.000215	0.002306
3.252185	1.000330	0.002192
3.300014	1.000584	0.002774
3.352414	1.000347	0.002525
3.406978	1.000715	0.002355
3.461055	1.000766	0.002110
3.515613	1.000469	0.001974
3.568574	1.000662	0.002025
3.620456	1.000390	0.001784
3.674398	1.000455	0.001792
3.732280	1.000006	0.002355
3.792231	1.000097	0.002629
3.854841	1.000143	0.002852
3.915509	1.000347	0.002544
3.976935	1.000353	0.002762
4.037283	1.000345	0.002692
4.099601	1.000352	0.001861
4.159209	1.000285	0.001986
4.220308	1.000206	0.001337
4.280863	0.999863	0.001718
4.342084	0.999964	0.002289
4.403227	0.999859	0.002374
4.463298	1.000577	0.002718
4.523059	1.004734	0.028241
4.581014	1.011537	0.039477
4.637885	1.008941	0.029535
4.694399	1.004635	0.016062
4.751615	1.003254	0.009244
4.809921	1.001445	0.003119
4.867537	1.001402	0.007134
4.927238	1.001295	0.006225
4.986717	1.001142	0.003467
5.047928	1.000393	0.002485
5.106743	1.006272	0.021500
5.163593	1.003444	0.013477
5.222675	1.000826	0.002719
5.283230	1.002437	0.009676
5.342445	1.001202	0.004352
0.050644	1.000632	0.003011
0.154673	0.999751	0.001539
0.252775	0.999956	0.001868
0.352140	0.999741	0.001615
0.451239	0.999874	0.001881
0.553784	0.999991	0.001904
0.651326	1.000094	0.001786
0.749313	1.000028	0.001857
0.845438	1.000272	0.002238
0.944393	1.000454	0.001861
1.043180	1.000111	0.001761
1.139314	1.000384	0.001854
1.236226	1.000507	0.001980
1.339183	1.000259	0.002009
1.442351	1.000115	0.002103
1.540991	1.000240	0.002350
1.639305	1.000067	0.002592
1.736221	1.000269	0.002636
1.832637	1.000238	0.002277
1.930140	1.000079	0.002579
2.030519	1.000071	0.002504
2.127624	1.000031	0.002213
2.223800	1.000410	0.002092
2.318442	1.000288	0.001770
2.412703	1.000069	0.001593
2.506619	0.999592	0.001414
2.601053	0.999585	0.001244
2.695698	0.999662	0.001433
2.790926	0.999880	0.001985
2.896238	0.999098	0.001422
3.009116	0.999065	0.001346
3.123130	0.999620	0.001492
3.235126	0.999441	0.001564
3.346572	0.999556	0.001347
3.458736	0.999812	0.001451
3.571250	0.999678	0.001483
3.684351	1.000018	0.001556
3.797228	1.000189	0.001845
3.909630	1.000817	0.001986
4.021228	1.000339	0.002214
4.133129	1.001009	0.002520
4.245535	1.001249	0.002309
4.357333	1.000520	0.002550
4.470578	1.000367	0.002298
4.585337	1.000461	0.002033
4.698703	1.000161	0.002147
4.810291	1.000291	0.001687
4.922209	1.000071	0.002212
5.026610	1.001227	0.007193
5.126911	1.000344	0.002426
5.225351	0.999974	0.002512
5.323174	1.000240	0.002400
5.424294	1.000129	0.002576
5.525301	1.000228	0.003023
5.621409	1.000424	0.002330
5.719075	1.000515	0.002718
5.815024	1.000130	0.002166
5.911245	1.000567	0.002180
6.009359	1.000221	0.001991
6.105386	1.000449	0.001880
6.205287	1.000556	0.001892
6.309209	1.000325	0.002062
6.406119	1.000215	0.002306
6.504370	1.000330	0.002192
6.600029	1.000584	0.002774
6.704827	1.000347	0.002525
6.813957	1.000715	0.002355
6.922109	1.000766	0.002110
7.031226	1.000469	0.001974
7.137148	1.000662	0.002025
7.240913	1.000390	0.001784
7.348796	1.000455	0.001792
7.464559	1.000006	0.002355
7.584462	1.000097	0.002629
7.709681	1.000143	0.002852
7.831019	1.000347	0.002544
7.953871	1.000353	0.002762
8.074566	1.000345	0.002692
8.199203	1.000352	0.001861
8.318419	1.000285	0.001986
8.440616	1.000206	0.001337
8.561727	0.999863	0.001718
8.684167	0.999964	0.002289
8.806454	0.999859	0.002374
8.926595	1.000577	0.002718
9.046117	1.004734	0.028241
9.162029	1.011537	0.039477
9.275770	1.008941	0.029535
9.388798	1.004635	0.016062
9.503229	1.003254	0.009244
9.619842	1.001445	0.003119
9.735073	1.001402	0.007134
9.854477	1.001295	0.006225
9.973435	1.001142	0.003467
10.095856	1.000393	0.002485
10.213485	1.006272	0.021500
10.327186	1.003444	0.013477
10.445350	1.000826	0.002719
10.566459	1.002437	0.009676
10.684891	1.001202	0.004352
