512
0.003885	1.004006	0.001195
0.011476	1.004057	0.001678
0.018117	1.004233	0.001327
0.025518	1.003401	0.001712
0.033604	1.003654	0.001608
0.040229	1.003350	0.001275
0.047887	1.002118	0.001337
0.055301	1.002034	0.000777
0.061728	1.002026	0.001403
0.070179	1.001586	0.001551
0.077511	1.001948	0.001225
0.083948	1.000938	0.001194
0.092190	1.000808	0.001409
0.099609	0.999739	0.001594
0.106373	1.000606	0.001446
0.114202	0.999191	0.001877
0.121166	0.999063	0.002590
0.128885	0.999557	0.001159
0.137084	0.997840	0.002330
0.144997	0.997493	0.002040
0.152839	0.998682	0.000752
0.160141	0.996785	0.002003
0.166588	0.997542	0.002221
0.174526	0.998033	0.001247
0.182320	0.995780	0.002257
0.188869	0.997675	0.002357
0.196767	0.997130	0.002799
0.203799	0.993793	0.003829
0.210523	0.995938	0.003099
0.219263	0.990471	0.012146
0.226447	0.985171	0.015222
0.233858	0.990576	0.002535
0.241346	0.973811	0.017895
0.247934	0.970234	0.017314
0.255452	0.977018	0.004834
0.262900	0.962753	0.011142
0.269225	0.964496	0.014688
0.276473	0.970357	0.009363
0.284441	0.966848	0.002707
0.291267	0.974384	0.010435
0.298679	0.979087	0.011298
0.305991	0.983960	0.007952
0.312418	0.989291	0.007496
0.320254	0.992505	0.004640
0.327805	0.995199	0.001803
0.334232	0.996700	0.003899
0.342617	0.998380	0.000993
0.349756	0.997658	0.001267
0.356519	0.997180	0.004294
0.364202	0.998219	0.001078
0.371056	0.997797	0.001011
0.377329	0.997891	0.003961
0.385765	0.998279	0.001044
0.392458	0.997985	0.002038
0.398934	0.997562	0.004138
0.406595	0.997849	0.001475
0.413278	0.998521	0.001631
0.419804	0.997181	0.003737
0.427425	0.998576	0.001333
0.434128	0.998615	0.001452
0.440614	0.997521	0.003421
0.448265	0.998634	0.001310
0.454958	0.998743	0.001185
0.461434	0.997935	0.003325
0.469242	0.998937	0.001199
0.477039	0.998447	0.003118
0.485387	0.999164	0.001001
0.492801	0.999137	0.001482
0.499000	0.998689	0.002315
0.506750	0.998689	0.000889
0.514762	1.000150	0.000977
0.521722	0.998772	0.003093
0.529386	0.999196	0.000922
0.536450	0.999613	0.001404
0.542582	0.999370	0.002493
0.550216	0.999397	0.000518
0.557706	0.999906	0.001492
0.564092	0.998726	0.002688
0.571777	0.999967	0.000757
0.578799	0.999220	0.001328
0.584369	1.001551	0.006624
0.591343	1.000858	0.005073
0.597890	1.001099	0.003985
0.603464	1.000145	0.004156
0.610117	1.000588	0.002258
0.617466	0.999982	0.001615
0.623210	0.999755	0.002765
0.629428	0.999901	0.001277
0.636318	0.999143	0.001158
0.642430	0.999867	0.002025
0.648149	0.999495	0.002271
0.655151	0.998807	0.001471
0.661566	0.999075	0.001509
0.667121	0.998374	0.002551
0.674154	0.998951	0.001069
0.681807	0.999538	0.001942
0.687347	0.999035	0.002225
0.694113	0.999197	0.001242
0.701100	0.999914	0.002040
0.707081	0.999008	0.002501
0.713532	1.000019	0.001633
0.720267	0.998529	0.001705
0.726290	0.999397	0.001959
0.733325	0.999137	0.001140
0.741076	1.000010	0.001160
0.747140	1.000488	0.002278
0.753261	0.998839	0.001040
0.760628	0.999749	0.001464
0.766886	1.000432	0.001398
0.772493	0.999717	0.001903
0.779847	0.998995	0.001759
0.786784	0.999619	0.001536
0.792729	0.999723	0.002441
0.799673	0.999608	0.001602
0.806356	0.999592	0.001347
0.812347	0.999714	0.002188
0.819113	0.999830	0.001468
0.825806	1.000290	0.000999
0.832541	0.999532	0.001940
0.840236	0.999643	0.001264
0.847579	0.999429	0.001441
0.854017	0.999698	0.001705
0.860783	1.000080	0.001325
0.868009	1.000008	0.001453
0.874679	1.000038	0.000942
0.881940	1.000120	0.001066
0.889686	1.000289	0.000867
0.895687	0.999773	0.002313
0.902463	0.999598	0.001240
0.909273	0.999390	0.001006
0.916028	0.999485	0.001888
0.923713	0.999236	0.001542
0.930656	0.999404	0.000973
0.936868	0.999141	0.001955
0.944113	0.999684	0.000666
0.950806	1.000104	0.000959
0.957091	1.000069	0.001873
0.963812	1.000334	0.001567
0.970926	0.999915	0.001280
0.977339	0.999729	0.001352
0.983618	0.999917	0.001244
0.990468	0.999853	0.000930
0.997003	0.999959	0.001880
1.002991	0.999830	0.001067
1.010595	0.999358	0.001254
1.017252	0.999665	0.001188
1.024425	0.999309	0.000723
1.031448	0.999551	0.001299
1.038072	0.999357	0.001321
1.044838	0.999672	0.001528
1.052268	0.999921	0.001069
1.058942	0.999137	0.001120
1.066065	0.999479	0.001402
1.073128	0.999915	0.001256
1.081023	0.999782	0.001384
1.088699	0.999908	0.001171
1.095663	0.987452	0.037541
1.102506	0.999934	0.001412
1.108775	0.974860	0.074281
1.115206	0.990615	0.025833
1.122050	1.000218	0.001098
1.128268	0.975805	0.073153
1.135209	0.993490	0.018425
1.142105	0.999213	0.000979
1.148503	0.976257	0.071236
1.155004	0.994813	0.014491
1.161429	0.999893	0.001196
1.168053	0.977418	0.067813
1.174659	0.995126	0.012522
1.180950	0.999584	0.001369
1.187827	0.978211	0.063104
1.194813	1.000085	0.001054
1.202053	0.999714	0.001467
1.209125	0.980012	0.059025
1.215653	0.999599	0.001200
1.221667	0.996835	0.008220
1.228516	1.000031	0.001243
1.235583	0.981441	0.054955
1.242497	0.997702	0.007355
1.248991	1.000149	0.000889
1.255566	0.982823	0.050423
1.262647	0.997327	0.006617
1.269166	1.000102	0.001016
1.275695	0.984434	0.047103
1.282326	0.997632	0.005922
1.288700	0.999708	0.000890
1.295542	0.985402	0.042604
1.303010	0.998262	0.005154
1.309550	0.999916	0.001422
1.315665	0.989736	0.041854
1.321664	0.998242	0.004457
1.327829	1.002363	0.007255
1.333626	0.988960	0.037062
1.339884	1.000790	0.004073
1.346134	0.998463	0.003359
1.352810	1.000878	0.002881
1.358526	0.989242	0.033936
1.364362	0.999148	0.002646
1.370154	0.999334	0.001287
1.376031	0.989766	0.029923
1.382648	0.998338	0.002138
1.388508	0.999212	0.001414
1.394801	1.000055	0.001293
1.401087	0.990188	0.028343
1.407077	0.998442	0.002984
1.412999	0.998891	0.001803
1.418677	0.991834	0.025520
1.425178	0.998650	0.002780
1.430858	0.999045	0.001845
1.437236	0.999655	0.002217
1.443079	0.991734	0.023248
1.448757	0.998899	0.001995
1.454649	0.998800	0.000950
1.460337	0.992842	0.020996
1.466384	0.999495	0.002109
1.471838	0.999802	0.001351
1.477820	0.999396	0.001760
1.483526	0.993238	0.019694
1.489478	0.999556	0.001841
1.495752	0.999523	0.001142
1.501850	0.993635	0.017735
1.508058	0.999539	0.001232
1.514143	0.999528	0.001544
1.520013	1.000007	0.001874
1.525814	0.994070	0.015845
1.531595	0.999509	0.000930
1.537412	0.999278	0.001663
1.543053	0.995533	0.014778
1.549130	0.999645	0.001616
1.554707	0.999264	0.001165
1.561150	0.999450	0.001028
1.566836	0.995259	0.013039
1.572722	0.999049	0.001080
1.578822	0.999157	0.001622
1.585036	0.995744	0.012520
1.591586	0.999603	0.000933
1.598323	0.999574	0.001457
1.604613	0.995452	0.010868
1.611142	0.999198	0.001292
1.617364	0.999204	0.001202
1.624808	0.996068	0.010863
1.631272	0.999392	0.001433
1.637965	0.998913	0.001413
1.644470	0.999800	0.001373
1.650814	0.996079	0.009123
1.657077	1.000209	0.001271
1.663460	0.999242	0.000957
1.669692	0.996700	0.008958
1.676159	0.999750	0.000737
1.682312	0.999358	0.001593
1.689145	0.996429	0.008331
1.695746	0.999242	0.001134
1.701845	0.999398	0.001338
1.708169	0.997228	0.007330
1.714622	0.999331	0.001126
1.721001	0.999373	0.001241
1.728113	0.999100	0.001522
1.734800	0.996979	0.006742
1.741558	0.999620	0.001296
1.748068	0.999807	0.001302
1.754283	0.997547	0.006685
1.760683	0.999316	0.001033
1.766941	0.998363	0.001015
1.773519	0.999337	0.001340
1.780339	1.000312	0.000784
1.786482	0.999525	0.001132
1.792711	0.998351	0.005127
1.799318	0.999059	0.001163
1.805315	0.999592	0.001299
1.811747	0.998886	0.001864
1.818120	0.997827	0.004901
1.824806	1.000475	0.001009
1.831388	0.999858	0.001092
1.838217	0.998515	0.004695
1.845144	1.000199	0.000831
1.851589	1.000224	0.001543
1.857816	0.998601	0.004129
1.864246	1.000644	0.000939
1.870522	0.999401	0.000654
1.876676	0.998693	0.004284
1.883246	0.999735	0.001115
1.889430	1.000515	0.001564
1.896881	0.998554	0.004073
1.903658	0.999632	0.001417
1.910195	0.999690	0.000954
1.917062	0.999089	0.003025
1.923642	1.000221	0.000679
1.929676	0.999927	0.000845
1.936160	0.999967	0.001809
1.943120	0.998812	0.003389
1.949775	0.999730	0.000969
1.956720	1.000513	0.001476
1.963304	0.998861	0.002980
1.969577	1.000701	0.000791
1.975970	0.999434	0.000778
1.982339	0.999438	0.002642
1.989529	0.999984	0.001363
1.996141	0.999284	0.001439
2.002345	0.999128	0.002623
2.008891	1.000216	0.000714
2.014973	0.999784	0.000771
2.021283	0.999611	0.002888
2.027853	1.000185	0.000547
2.034945	0.999328	0.001020
2.041519	0.999431	0.002090
2.047952	1.000292	0.001224
2.054621	0.999844	0.000720
2.061160	0.999401	0.000990
2.067444	0.999250	0.002291
2.073757	0.999813	0.001397
2.080100	0.999774	0.001339
2.086362	1.000061	0.002302
2.092999	1.000056	0.000994
2.099682	1.000064	0.001443
2.105866	0.998945	0.002296
2.112969	0.999662	0.001204
2.119519	0.999798	0.000884
2.126041	0.999820	0.001946
2.132672	1.000258	0.001328
2.139345	1.000058	0.000852
2.145669	1.000239	0.002303
2.152122	0.999572	0.001179
2.158228	1.000046	0.001029
2.164758	1.000743	0.001154
2.171163	1.000149	0.001137
2.177927	0.999463	0.001444
2.184523	1.000465	0.001526
2.191934	0.999582	0.001295
2.199061	1.000214	0.001008
2.205719	1.000139	0.001431
2.213368	0.999764	0.001149
2.220144	0.999872	0.001094
2.226599	1.000143	0.001847
2.233624	0.999629	0.001410
2.240427	1.000173	0.000854
2.246800	0.999658	0.000635
2.253035	0.999900	0.001704
2.260650	1.000261	0.000794
2.266941	1.000074	0.000664
2.273195	0.999652	0.001611
2.280790	1.000395	0.001576
2.288480	1.000236	0.000684
2.295098	1.000248	0.001442
2.302343	0.999375	0.001480
2.308641	0.999517	0.000613
2.314948	0.999722	0.001170
2.322910	1.000214	0.001073
2.329659	0.999043	0.001163
2.336395	0.999582	0.001152
2.343426	0.999462	0.001172
2.349839	0.999542	0.000686
2.356535	1.000406	0.000736
2.364279	0.999937	0.001337
2.371212	1.000045	0.001123
2.378306	0.999944	0.001485
2.385683	0.999904	0.001220
2.392088	0.999368	0.001059
2.398895	1.000082	0.001136
2.405926	0.999888	0.000896
2.412664	1.000185	0.001325
2.419568	1.000832	0.001625
2.426776	0.999445	0.001547
2.433494	1.000131	0.001162
2.440388	1.000339	0.000705
2.448150	1.000169	0.000850
2.455768	1.000464	0.001839
2.463755	1.000531	0.000990
2.470885	0.999827	0.001066
2.477976	1.000281	0.001281
2.485387	1.000778	0.000865
2.492425	1.000178	0.000932
2.499453	1.000090	0.001035
2.506982	1.001139	0.000791
2.513949	1.000011	0.001194
2.520908	1.000691	0.001028
2.528566	1.000249	0.000607
2.535383	1.019665	0.059440
2.542417	1.000438	0.001070
2.550783	1.000251	0.000977
2.557510	1.017117	0.050576
2.563992	1.000590	0.001280
2.572606	1.000087	0.000657
2.579766	1.015035	0.043727
2.587773	1.000554	0.000715
2.595885	1.000306	0.000740
2.602318	1.013433	0.037296
2.609595	1.000633	0.000765
2.616735	0.999950	0.000900
2.623148	1.010166	0.029200
2.631282	1.000359	0.000785
2.639242	1.007868	0.022650
2.645908	0.999879	0.001227
2.653566	1.000028	0.000500
2.660393	1.005968	0.017114
2.667301	0.999924	0.001121
2.675208	1.000880	0.001189
2.681841	1.004996	0.012978
2.688257	1.000486	0.001339
2.696018	1.000479	0.000538
2.702651	1.003243	0.009395
2.709077	1.000059	0.000729
2.716858	0.999956	0.001140
2.723521	1.002219	0.006640
2.729917	1.000278	0.000788
2.737708	1.000250	0.001016
2.744341	1.001474	0.004220
2.751382	1.000226	0.001313
2.759263	1.000406	0.000585
2.766657	1.001065	0.002484
2.774156	1.000630	0.001797
2.782087	1.000174	0.000939
2.788668	1.000450	0.001030
2.795382	1.000634	0.001872
2.802947	1.000050	0.000959
2.809478	0.999789	0.001610
2.816232	1.000492	0.001223
2.823757	1.000416	0.000953
2.830288	1.000316	0.002427
2.837052	1.000669	0.001266
2.844587	0.999766	0.000544
2.851336	1.000043	0.002849
2.858776	1.000283	0.000777
2.866055	1.000525	0.001035
2.872970	0.999634	0.002415
2.880435	1.000349	0.000706
2.887545	0.999702	0.000904
2.894196	0.999958	0.002111
2.902037	1.000478	0.000562
2.909034	0.999651	0.002109
2.915476	1.000478	0.001160
2.924164	0.999832	0.000835
2.931851	0.999637	0.002190
2.938267	1.000338	0.000913
2.946705	1.000743	0.001266
2.953330	1.000249	0.001005
2.959767	1.000926	0.000907
2.967907	1.000492	0.000789
2.974880	1.000373	0.002174
2.982068	1.000802	0.000835
2.989973	1.000229	0.000935
2.996978	1.000374	0.002375
3.003732	1.000302	0.000918
3.011257	1.000127	0.000760
3.018396	1.000393	0.002275
3.025446	1.000674	0.000969
3.032695	1.000642	0.001158
3.039246	1.000936	0.001620
3.046276	1.000515	0.000832
3.053555	1.000667	0.000782
3.060398	1.000449	0.001980
3.067935	1.001342	0.000800
3.075055	1.000954	0.001177
3.081478	0.999857	0.001502
3.088755	1.000669	0.000921
3.095895	1.001126	0.000728
3.102768	1.000213	0.002035
3.110598	1.001267	0.001028
3.118754	1.000067	0.001427
3.125767	1.001020	0.001133
3.133548	1.001106	0.000830
3.140181	1.000909	0.001473
3.147045	1.000881	0.000974
3.155090	1.000676	0.000798
3.161680	1.001431	0.001580
3.168639	1.000770	0.001096
3.177069	1.001291	0.000751
3.184331	1.000995	0.001715
3.191242	1.001258	0.001042
3.198767	1.001354	0.001158
3.205486	1.001679	0.001624
3.213356	1.001103	0.001297
3.221534	1.001527	0.000841
3.227986	1.001364	0.001415
3.235544	1.001297	0.000942
3.243033	1.001264	0.001115
3.249463	1.001562	0.001058
3.257002	1.001314	0.001217
3.263853	1.001900	0.001296
3.270283	1.001823	0.001248
3.278566	1.001271	0.001019
3.285990	1.001424	0.001450
3.292427	1.001443	0.001318
3.300410	1.001214	0.001200
3.308200	1.002173	0.001503
3.314971	1.002002	0.001217
3.323306	1.001972	0.000892
3.330318	1.002123	0.001129
3.337052	1.001843	0.000656
3.344891	1.002641	0.001743
3.351756	1.002543	0.001213
3.358810	1.002351	0.000757
3.367186	1.003049	0.001490
3.373816	1.002979	0.001431
3.381227	1.002003	0.000754
3.389491	1.002934	0.001395
3.397223	1.002744	0.001624
3.405680	1.002400	0.000626
3.413668	1.003487	0.001636
3.420539	1.003482	0.001574
3.429539	1.003957	0.001066
3.437513	1.003271	0.000940
3.446195	1.002765	0.001241
3.454060	1.004666	0.002036
3.460477	1.004283	0.001291
3.468395	1.003360	0.001677
3.475509	1.005154	0.001665
3.482078	1.004232	0.001693
3.489986	1.003847	0.001797
3.497054	1.004910	0.002098
3.504636	1.003546	0.001628
3.512295	1.004594	0.001893
3.518998	1.005206	0.002433
0.007771	1.004006	0.001195
0.022953	1.004057	0.001678
0.036234	1.004233	0.001327
0.051035	1.003401	0.001712
0.067208	1.003654	0.001608
0.080458	1.003350	0.001275
0.095774	1.002118	0.001337
0.110602	1.002034	0.000777
0.123456	1.002026	0.001403
0.140358	1.001586	0.001551
0.155022	1.001948	0.001225
0.167896	1.000938	0.001194
0.184380	1.000808	0.001409
0.199218	0.999739	0.001594
0.212745	1.000606	0.001446
0.228404	0.999191	0.001877
0.242333	0.999063	0.002590
0.257771	0.999557	0.001159
0.274168	0.997840	0.002330
0.289993	0.997493	0.002040
0.305678	0.998682	0.000752
0.320282	0.996785	0.002003
0.333176	0.997542	0.002221
0.349052	0.998033	0.001247
0.364640	0.995780	0.002257
0.377738	0.997675	0.002357
0.393534	0.997130	0.002799
0.407598	0.993793	0.003829
0.421045	0.995938	0.003099
0.438527	0.990471	0.012146
0.452894	0.985171	0.015222
0.467715	0.990576	0.002535
0.482693	0.973811	0.017895
0.495867	0.970234	0.017314
0.510904	0.977018	0.004834
0.525800	0.962753	0.011142
0.538451	0.964496	0.014688
0.552945	0.970357	0.009363
0.568882	0.966848	0.002707
0.582535	0.974384	0.010435
0.597358	0.979087	0.011298
0.611982	0.983960	0.007952
0.624836	0.989291	0.007496
0.640508	0.992505	0.004640
0.655610	0.995199	0.001803
0.668464	0.996700	0.003899
0.685234	0.998380	0.000993
0.699511	0.997658	0.001267
0.713039	0.997180	0.004294
0.728404	0.998219	0.001078
0.742113	0.997797	0.001011
0.754659	0.997891	0.003961
0.771531	0.998279	0.001044
0.784917	0.997985	0.002038
0.797868	0.997562	0.004138
0.813191	0.997849	0.001475
0.826557	0.998521	0.001631
0.839608	0.997181	0.003737
0.854851	0.998576	0.001333
0.868257	0.998615	0.001452
0.881228	0.997521	0.003421
0.896531	0.998634	0.001310
0.909917	0.998743	0.001185
0.922868	0.997935	0.003325
0.938485	0.998937	0.001199
0.954078	0.998447	0.003118
0.970774	0.999164	0.001001
0.985602	0.999137	0.001482
0.998000	0.998689	0.002315
1.013500	0.998689	0.000889
1.029524	1.000150	0.000977
1.043444	0.998772	0.003093
1.058772	0.999196	0.000922
1.072900	0.999613	0.001404
1.085164	0.999370	0.002493
1.100432	0.999397	0.000518
1.115412	0.999906	0.001492
1.128184	0.998726	0.002688
1.143554	0.999967	0.000757
1.157598	0.999220	0.001328
1.168737	1.001551	0.006624
1.182686	1.000858	0.005073
1.195781	1.001099	0.003985
1.206927	1.000145	0.004156
1.220233	1.000588	0.002258
1.234932	0.999982	0.001615
1.246420	0.999755	0.002765
1.258857	0.999901	0.001277
1.272637	0.999143	0.001158
1.284859	0.999867	0.002025
1.296299	0.999495	0.002271
1.310301	0.998807	0.001471
1.323131	0.999075	0.001509
1.334242	0.998374	0.002551
1.348307	0.998951	0.001069
1.363614	0.999538	0.001942
1.374693	0.999035	0.002225
1.388226	0.999197	0.001242
1.402200	0.999914	0.002040
1.414161	0.999008	0.002501
1.427064	1.000019	0.001633
1.440534	0.998529	0.001705
1.452581	0.999397	0.001959
1.466649	0.999137	0.001140
1.482152	1.000010	0.001160
1.494281	1.000488	0.002278
1.506522	0.998839	0.001040
1.521257	0.999749	0.001464
1.533773	1.000432	0.001398
1.544986	0.999717	0.001903
1.559694	0.998995	0.001759
1.573568	0.999619	0.001536
1.585457	0.999723	0.002441
1.599346	0.999608	0.001602
1.612712	0.999592	0.001347
1.624693	0.999714	0.002188
1.638226	0.999830	0.001468
1.651612	1.000290	0.000999
1.665083	0.999532	0.001940
1.680472	0.999643	0.001264
1.695158	0.999429	0.001441
1.708033	0.999698	0.001705
1.721566	1.000080	0.001325
1.736018	1.000008	0.001453
1.749357	1.000038	0.000942
1.763881	1.000120	0.001066
1.779372	1.000289	0.000867
1.791373	0.999773	0.002313
1.804926	0.999598	0.001240
1.818546	0.999390	0.001006
1.832057	0.999485	0.001888
1.847425	0.999236	0.001542
1.861312	0.999404	0.000973
1.873737	0.999141	0.001955
1.888226	0.999684	0.000666
1.901612	1.000104	0.000959
1.914181	1.000069	0.001873
1.927624	1.000334	0.001567
1.941852	0.999915	0.001280
1.954678	0.999729	0.001352
1.967237	0.999917	0.001244
1.980937	0.999853	0.000930
1.994007	0.999959	0.001880
2.005981	0.999830	0.001067
2.021190	0.999358	0.001254
2.034503	0.999665	0.001188
2.048850	0.999309	0.000723
2.062897	0.999551	0.001299
2.076143	0.999357	0.001321
2.089675	0.999672	0.001528
2.104537	0.999921	0.001069
2.117883	0.999137	0.001120
2.132130	0.999479	0.001402
2.146257	0.999915	0.001256
2.162047	0.999782	0.001384
2.177398	0.999908	0.001171
2.191327	0.987452	0.037541
2.205011	0.999934	0.001412
2.217551	0.974860	0.074281
2.230411	0.990615	0.025833
2.244101	1.000218	0.001098
2.256535	0.975805	0.073153
2.270417	0.993490	0.018425
2.284209	0.999213	0.000979
2.297007	0.976257	0.071236
2.310008	0.994813	0.014491
2.322858	0.999893	0.001196
2.336105	0.977418	0.067813
2.349319	0.995126	0.012522
2.361900	0.999584	0.001369
2.375655	0.978211	0.063104
2.389626	1.000085	0.001054
2.404106	0.999714	0.001467
2.418250	0.980012	0.059025
2.431306	0.999599	0.001200
2.443334	0.996835	0.008220
2.457032	1.000031	0.001243
2.471165	0.981441	0.054955
2.484994	0.997702	0.007355
2.497982	1.000149	0.000889
2.511131	0.982823	0.050423
2.525294	0.997327	0.006617
2.538331	1.000102	0.001016
2.551389	0.984434	0.047103
2.564653	0.997632	0.005922
2.577401	0.999708	0.000890
2.591083	0.985402	0.042604
2.606019	0.998262	0.005154
2.619101	0.999916	0.001422
2.631331	0.989736	0.041854
2.643328	0.998242	0.004457
2.655657	1.002363	0.007255
2.667253	0.988960	0.037062
2.679769	1.000790	0.004073
2.692268	0.998463	0.003359
2.705619	1.000878	0.002881
2.717052	0.989242	0.033936
2.728725	0.999148	0.002646
2.740308	0.999334	0.001287
2.752062	0.989766	0.029923
2.765296	0.998338	0.002138
2.777015	0.999212	0.001414
2.789602	1.000055	0.001293
2.802173	0.990188	0.028343
2.814154	0.998442	0.002984
2.825999	0.998891	0.001803
2.837354	0.991834	0.025520
2.850357	0.998650	0.002780
2.861715	0.999045	0.001845
2.874471	0.999655	0.002217
2.886158	0.991734	0.023248
2.897514	0.998899	0.001995
2.909299	0.998800	0.000950
2.920674	0.992842	0.020996
2.932768	0.999495	0.002109
2.943675	0.999802	0.001351
2.955639	0.999396	0.001760
2.967052	0.993238	0.019694
2.978956	0.999556	0.001841
2.991503	0.999523	0.001142
3.003700	0.993635	0.017735
3.016115	0.999539	0.001232
3.028286	0.999528	0.001544
3.040025	1.000007	0.001874
3.051628	0.994070	0.015845
3.063191	0.999509	0.000930
3.074823	0.999278	0.001663
3.086105	0.995533	0.014778
3.098260	0.999645	0.001616
3.109414	0.999264	0.001165
3.122299	0.999450	0.001028
3.133672	0.995259	0.013039
3.145445	0.999049	0.001080
3.157645	0.999157	0.001622
3.170073	0.995744	0.012520
3.183171	0.999603	0.000933
3.196647	0.999574	0.001457
3.209227	0.995452	0.010868
3.222283	0.999198	0.001292
3.234728	0.999204	0.001202
3.249616	0.996068	0.010863
3.262543	0.999392	0.001433
3.275929	0.998913	0.001413
3.288939	0.999800	0.001373
3.301628	0.996079	0.009123
3.314154	1.000209	0.001271
3.326920	0.999242	0.000957
3.339384	0.996700	0.008958
3.352317	0.999750	0.000737
3.364625	0.999358	0.001593
3.378291	0.996429	0.008331
3.391491	0.999242	0.001134
3.403689	0.999398	0.001338
3.416338	0.997228	0.007330
3.429243	0.999331	0.001126
3.442002	0.999373	0.001241
3.456227	0.999100	0.001522
3.469600	0.996979	0.006742
3.483116	0.999620	0.001296
3.496136	0.999807	0.001302
3.508565	0.997547	0.006685
3.521366	0.999316	0.001033
3.533882	0.998363	0.001015
3.547038	0.999337	0.001340
3.560677	1.000312	0.000784
3.572965	0.999525	0.001132
3.585422	0.998351	0.005127
3.598636	0.999059	0.001163
3.610629	0.999592	0.001299
3.623495	0.998886	0.001864
3.636240	0.997827	0.004901
3.649611	1.000475	0.001009
3.662776	0.999858	0.001092
3.676433	0.998515	0.004695
3.690288	1.000199	0.000831
3.703178	1.000224	0.001543
3.715632	0.998601	0.004129
3.728493	1.000644	0.000939
3.741045	0.999401	0.000654
3.753353	0.998693	0.004284
3.766491	0.999735	0.001115
3.778861	1.000515	0.001564
3.793762	0.998554	0.004073
3.807317	0.999632	0.001417
3.820389	0.999690	0.000954
3.834124	0.999089	0.003025
3.847283	1.000221	0.000679
3.859351	0.999927	0.000845
3.872319	0.999967	0.001809
3.886240	0.998812	0.003389
3.899549	0.999730	0.000969
3.913441	1.000513	0.001476
3.926608	0.998861	0.002980
3.939154	1.000701	0.000791
3.951940	0.999434	0.000778
3.964677	0.999438	0.002642
3.979058	0.999984	0.001363
3.992282	0.999284	0.001439
4.004691	0.999128	0.002623
4.017782	1.000216	0.000714
4.029947	0.999784	0.000771
4.042567	0.999611	0.002888
4.055705	1.000185	0.000547
4.069891	0.999328	0.001020
4.083038	0.999431	0.002090
4.095903	1.000292	0.001224
4.109242	0.999844	0.000720
4.122319	0.999401	0.000990
4.134888	0.999250	0.002291
4.147514	0.999813	0.001397
4.160200	0.999774	0.001339
4.172724	1.000061	0.002302
4.185998	1.000056	0.000994
4.199365	1.000064	0.001443
4.211733	0.998945	0.002296
4.225937	0.999662	0.001204
4.239037	0.999798	0.000884
4.252082	0.999820	0.001946
4.265343	1.000258	0.001328
4.278689	1.000058	0.000852
4.291338	1.000239	0.002303
4.304243	0.999572	0.001179
4.316456	1.000046	0.001029
4.329516	1.000743	0.001154
4.342326	1.000149	0.001137
4.355854	0.999463	0.001444
4.369045	1.000465	0.001526
4.383869	0.999582	0.001295
4.398122	1.000214	0.001008
4.411438	1.000139	0.001431
4.426737	0.999764	0.001149
4.440288	0.999872	0.001094
4.453198	1.000143	0.001847
4.467249	0.999629	0.001410
4.480854	1.000173	0.000854
4.493600	0.999658	0.000635
4.506071	0.999900	0.001704
4.521299	1.000261	0.000794
4.533882	1.000074	0.000664
4.546391	0.999652	0.001611
4.561579	1.000395	0.001576
4.576960	1.000236	0.000684
4.590196	1.000248	0.001442
4.604686	0.999375	0.001480
4.617282	0.999517	0.000613
4.629895	0.999722	0.001170
4.645821	1.000214	0.001073
4.659319	0.999043	0.001163
4.672791	0.999582	0.001152
4.686853	0.999462	0.001172
4.699679	0.999542	0.000686
4.713071	1.000406	0.000736
4.728558	0.999937	0.001337
4.742425	1.000045	0.001123
4.756611	0.999944	0.001485
4.771366	0.999904	0.001220
4.784176	0.999368	0.001059
4.797791	1.000082	0.001136
4.811853	0.999888	0.000896
4.825328	1.000185	0.001325
4.839137	1.000832	0.001625
4.853553	0.999445	0.001547
4.866988	1.000131	0.001162
4.880777	1.000339	0.000705
4.896299	1.000169	0.000850
4.911535	1.000464	0.001839
4.927509	1.000531	0.000990
4.941770	0.999827	0.001066
4.955953	1.000281	0.001281
4.970774	1.000778	0.000865
4.984850	1.000178	0.000932
4.998906	1.000090	0.001035
5.013963	1.001139	0.000791
5.027897	1.000011	0.001194
5.041817	1.000691	0.001028
5.057132	1.000249	0.000607
5.070765	1.019665	0.059440
5.084834	1.000438	0.001070
5.101565	1.000251	0.000977
5.115021	1.017117	0.050576
5.127984	1.000590	0.001280
5.145213	1.000087	0.000657
5.159532	1.015035	0.043727
5.175546	1.000554	0.000715
5.191770	1.000306	0.000740
5.204635	1.013433	0.037296
5.219189	1.000633	0.000765
5.233470	0.999950	0.000900
5.246295	1.010166	0.029200
5.262563	1.000359	0.000785
5.278485	1.007868	0.022650
5.291817	0.999879	0.001227
5.307132	1.000028	0.000500
5.320785	1.005968	0.017114
5.334603	0.999924	0.001121
5.350417	1.000880	0.001189
5.363683	1.004996	0.012978
5.376514	1.000486	0.001339
5.392037	1.000479	0.000538
5.405303	1.003243	0.009395
5.418154	1.000059	0.000729
5.433717	0.999956	0.001140
5.447043	1.002219	0.006640
5.459834	1.000278	0.000788
5.475417	1.000250	0.001016
5.488683	1.001474	0.004220
5.502763	1.000226	0.001313
5.518526	1.000406	0.000585
5.533315	1.001065	0.002484
5.548311	1.000630	0.001797
5.564174	1.000174	0.000939
5.577336	1.000450	0.001030
5.590764	1.000634	0.001872
5.605894	1.000050	0.000959
5.618956	0.999789	0.001610
5.632464	1.000492	0.001223
5.647514	1.000416	0.000953
5.660576	1.000316	0.002427
5.674104	1.000669	0.001266
5.689174	0.999766	0.000544
5.702672	1.000043	0.002849
5.717553	1.000283	0.000777
5.732110	1.000525	0.001035
5.745939	0.999634	0.002415
5.760869	1.000349	0.000706
5.775090	0.999702	0.000904
5.788391	0.999958	0.002111
5.804074	1.000478	0.000562
5.818067	0.999651	0.002109
5.830953	1.000478	0.001160
5.848327	0.999832	0.000835
5.863703	0.999637	0.002190
5.876534	1.000338	0.000913
5.893410	1.000743	0.001266
5.906661	1.000249	0.001005
5.919534	1.000926	0.000907
5.935814	1.000492	0.000789
5.949761	1.000373	0.002174
5.964137	1.000802	0.000835
5.979946	1.000229	0.000935
5.993956	1.000374	0.002375
6.007464	1.000302	0.000918
6.022514	1.000127	0.000760
6.036792	1.000393	0.002275
6.050893	1.000674	0.000969
6.065390	1.000642	0.001158
6.078492	1.000936	0.001620
6.092553	1.000515	0.000832
6.107110	1.000667	0.000782
6.120797	1.000449	0.001980
6.135869	1.001342	0.000800
6.150110	1.000954	0.001177
6.162955	0.999857	0.001502
6.177509	1.000669	0.000921
6.191790	1.001126	0.000728
6.205537	1.000213	0.002035
6.221197	1.001267	0.001028
6.237507	1.000067	0.001427
6.251534	1.001020	0.001133
6.267097	1.001106	0.000830
6.280363	1.000909	0.001473
6.294089	1.000881	0.000974
6.310179	1.000676	0.000798
6.323361	1.001431	0.001580
6.337278	1.000770	0.001096
6.354138	1.001291	0.000751
6.368662	1.000995	0.001715
6.382484	1.001258	0.001042
6.397534	1.001354	0.001158
6.410972	1.001679	0.001624
6.426712	1.001103	0.001297
6.443067	1.001527	0.000841
6.455973	1.001364	0.001415
6.471088	1.001297	0.000942
6.486065	1.001264	0.001115
6.498926	1.001562	0.001058
6.514003	1.001314	0.001217
6.527705	1.001900	0.001296
6.540566	1.001823	0.001248
6.557132	1.001271	0.001019
6.571981	1.001424	0.001450
6.584854	1.001443	0.001318
6.600820	1.001214	0.001200
6.616401	1.002173	0.001503
6.629942	1.002002	0.001217
6.646613	1.001972	0.000892
6.660636	1.002123	0.001129
6.674104	1.001843	0.000656
6.689782	1.002641	0.001743
6.703512	1.002543	0.001213
6.717620	1.002351	0.000757
6.734371	1.003049	0.001490
6.747633	1.002979	0.001431
6.762454	1.002003	0.000754
6.778983	1.002934	0.001395
6.794445	1.002744	0.001624
6.811359	1.002400	0.000626
6.827336	1.003487	0.001636
6.841077	1.003482	0.001574
6.859078	1.003957	0.001066
6.875025	1.003271	0.000940
6.892391	1.002765	0.001241
6.908121	1.004666	0.002036
6.920954	1.004283	0.001291
6.936791	1.003360	0.001677
6.951018	1.005154	0.001665
6.964157	1.004232	0.001693
6.979973	1.003847	0.001797
6.994108	1.004910	0.002098
7.009273	1.003546	0.001628
7.024589	1.004594	0.001893
7.037995	1.005206	0.002433
