100
0.049843	0.994849	0.017342
0.152057	0.957079	0.052207
0.251507	0.981444	0.033004
0.345859	0.998252	0.008236
0.436174	1.002213	0.002031
0.526366	1.001829	0.002655
0.618810	1.000909	0.001976
0.707870	1.001117	0.001352
0.796746	1.001109	0.001520
0.894794	1.000579	0.001137
0.993162	0.999878	0.000891
1.091802	0.999508	0.001208
1.191371	0.995335	0.016282
1.276091	0.996057	0.012139
1.359460	0.989410	0.024266
1.447711	0.949668	0.049159
1.531282	0.949506	0.050260
1.613805	0.976058	0.034986
1.699332	0.998292	0.007746
1.777425	1.001752	0.002004
1.859282	1.001240	0.001839
1.940437	1.000774	0.001718
2.018419	1.001340	0.001300
2.094390	1.000827	0.001300
2.171819	1.000660	0.001493
2.254042	1.000546	0.001829
2.342220	0.999729	0.001378
2.424186	0.999611	0.001400
2.506604	0.999967	0.002083
2.591978	0.999715	0.002498
2.679262	0.980266	0.027265
2.763952	0.934698	0.052490
2.849079	0.965592	0.043762
2.933453	0.989028	0.019711
3.019396	1.001351	0.001809
3.107216	1.001679	0.001503
3.196407	1.000770	0.001520
3.281680	1.000880	0.001795
3.366270	1.000856	0.001310
3.456679	1.000647	0.002417
3.545210	1.000539	0.002015
3.629632	0.999947	0.001836
3.732366	1.000963	0.001467
3.841061	1.001703	0.001487
3.951875	1.001517	0.003107
4.056377	0.985107	0.037175
4.161601	0.994423	0.024907
4.262340	0.999658	0.010107
4.364337	1.001992	0.001833
4.466512	1.001276	0.001786
4.568343	1.001091	0.001562
4.674626	1.001359	0.001387
4.787149	1.001349	0.001553
4.898041	1.000555	0.001381
5.006022	1.000464	0.001516
5.118065	1.000876	0.001349
5.231058	1.000191	0.001725
5.343580	0.965606	0.046870
5.460153	0.968614	0.043893
5.574031	0.998916	0.005731
5.684649	1.002451	0.002543
5.792170	1.001648	0.002977
5.900146	1.001289	0.001807
6.008991	1.001031	0.001726
6.116228	0.981868	0.035282
6.210400	0.994743	0.010217
6.304959	0.998991	0.001429
6.399962	0.999219	0.001521
6.491335	0.999363	0.001645
6.582372	0.993013	0.011633
6.671998	0.937454	0.046909
6.766569	0.949460	0.049248
6.854856	0.980385	0.026369
6.936571	0.997222	0.010854
7.018317	0.999232	0.007478
7.101501	0.999105	0.005148
7.184973	0.999218	0.003257
7.270465	0.999751	0.002503
7.355010	1.000053	0.002033
7.438021	1.001658	0.012298
7.516902	1.000937	0.007932
7.595962	0.999774	0.002973
7.675608	0.999697	0.001826
7.755988	0.999711	0.001438
7.833918	0.999695	0.001737
7.912556	0.986939	0.022676
7.988976	0.966240	0.047738
8.066033	0.968565	0.046319
8.142054	0.985179	0.025755
8.219659	0.999540	0.003443
8.298354	1.000006	0.001356
8.378074	0.999592	0.001634
8.454911	0.999133	0.001668
8.533147	0.999211	0.001725
8.610883	0.999776	0.001822
8.694302	1.000086	0.001325
8.793472	0.999881	0.001100
8.893813	0.999679	0.001004
8.990484	0.999959	0.001257
9.089026	0.999850	0.001420
0.099686	0.994849	0.017342
0.304113	0.957079	0.052207
0.503014	0.981444	0.033004
0.691717	0.998252	0.008236
0.872349	1.002213	0.002031
1.052732	1.001829	0.002655
1.237619	1.000909	0.001976
1.415741	1.001117	0.001352
1.593493	1.001109	0.001520
1.789588	1.000579	0.001137
1.986324	0.999878	0.000891
2.183604	0.999508	0.001208
2.382741	0.995335	0.016282
2.552182	0.996057	0.012139
2.718920	0.989410	0.024266
2.895423	0.949668	0.049159
3.062563	0.949506	0.050260
3.227610	0.976058	0.034986
3.398663	0.998292	0.007746
3.554850	1.001752	0.002004
3.718563	1.001240	0.001839
3.880874	1.000774	0.001718
4.036838	1.001340	0.001300
4.188780	1.000827	0.001300
4.343639	1.000660	0.001493
4.508084	1.000546	0.001829
4.684441	0.999729	0.001378
4.848373	0.999611	0.001400
5.013208	0.999967	0.002083
5.183957	0.999715	0.002498
5.358524	0.980266	0.027265
5.527903	0.934698	0.052490
5.698158	0.965592	0.043762
5.866906	0.989028	0.019711
6.038792	1.001351	0.001809
6.214432	1.001679	0.001503
6.392815	1.000770	0.001520
6.563359	1.000880	0.001795
6.732539	1.000856	0.001310
6.913358	1.000647	0.002417
7.090420	1.000539	0.002015
7.259263	0.999947	0.001836
7.464732	1.000963	0.001467
7.682122	1.001703	0.001487
7.903749	1.001517	0.003107
8.112754	0.985107	0.037175
8.323201	0.994423	0.024907
8.524680	0.999658	0.010107
8.728673	1.001992	0.001833
8.933025	1.001276	0.001786
9.136686	1.001091	0.001562
9.349252	1.001359	0.001387
9.574297	1.001349	0.001553
9.796083	1.000555	0.001381
10.012045	1.000464	0.001516
10.236130	1.000876	0.001349
10.462116	1.000191	0.001725
10.687160	0.965606	0.046870
10.920306	0.968614	0.043893
11.148063	0.998916	0.005731
11.369299	1.002451	0.002543
11.584340	1.001648	0.002977
11.800293	1.001289	0.001807
12.017982	1.001031	0.001726
12.232456	0.981868	0.035282
12.420800	0.994743	0.010217
12.609918	0.998991	0.001429
12.799925	0.999219	0.001521
12.982670	0.999363	0.001645
13.164743	0.993013	0.011633
13.343995	0.937454	0.046909
13.533137	0.949460	0.049248
13.709713	0.980385	0.026369
13.873141	0.997222	0.010854
14.036634	0.999232	0.007478
14.203001	0.999105	0.005148
14.369946	0.999218	0.003257
14.540931	0.999751	0.002503
14.710020	1.000053	0.002033
14.876043	1.001658	0.012298
15.033803	1.000937	0.007932
15.191924	0.999774	0.002973
15.351217	0.999697	0.001826
15.511977	0.999711	0.001438
15.667835	0.999695	0.001737
15.825112	0.986939	0.022676
15.977952	0.966240	0.047738
16.132066	0.968565	0.046319
16.284109	0.985179	0.025755
16.439318	0.999540	0.003443
16.596708	1.000006	0.001356
16.756148	0.999592	0.001634
16.909822	0.999133	0.001668
17.066294	0.999211	0.001725
17.221766	0.999776	0.001822
17.388605	1.000086	0.001325
17.586944	0.999881	0.001100
17.787626	0.999679	0.001004
17.980969	0.999959	0.001257
18.178052	0.999850	0.001420
