422
0.013071	0.999610	0.000462
0.045471	0.999532	0.000432
0.078388	0.999636	0.000331
0.108943	0.999802	0.000469
0.143756	0.999623	0.000513
0.178763	0.999580	0.000365
0.216091	0.999283	0.000416
0.247926	0.999587	0.000443
0.278094	0.999295	0.000673
0.308125	0.999450	0.000568
0.344569	0.999011	0.000422
0.376156	0.999406	0.000524
0.407789	0.999370	0.000565
0.439464	0.999390	0.000478
0.465594	0.999256	0.000597
0.492241	0.999290	0.000234
0.520491	0.999382	0.000525
0.550084	0.999183	0.000446
0.580889	0.999356	0.000406
0.613686	0.999279	0.000407
0.639979	0.999365	0.000406
0.666149	0.999294	0.000446
0.696671	0.999339	0.000472
0.725791	0.999506	0.000453
0.751954	0.999385	0.000544
0.779032	0.999297	0.000395
0.807568	0.999579	0.000401
0.836588	0.999608	0.000367
0.865814	0.999415	0.000475
0.892624	0.999538	0.000372
0.919948	0.999690	0.000386
0.947619	0.999520	0.000373
0.973329	0.999772	0.000289
1.001751	0.999836	0.000414
1.028094	0.999691	0.000303
1.054214	0.999711	0.000353
1.080134	0.999716	0.000441
1.111271	0.999706	0.000378
1.137524	0.999828	0.000331
1.166159	0.999767	0.000333
1.191888	0.999843	0.000373
1.221114	0.999772	0.000358
1.249469	0.999699	0.000214
1.275228	0.999814	0.000344
1.301789	0.999867	0.000396
1.327479	0.999977	0.000359
1.356352	0.999970	0.000298
1.387524	1.000048	0.000339
1.415766	0.999966	0.000377
1.443068	0.999919	0.000322
1.470874	1.000059	0.000396
1.498701	1.000094	0.000294
1.525228	0.999953	0.000463
1.551779	1.000110	0.000410
1.580134	1.000170	0.000472
1.606124	0.999897	0.000559
1.633384	1.000038	0.000411
1.662696	0.999985	0.000483
1.692856	0.999957	0.000537
1.722379	1.000114	0.000474
1.754052	0.999986	0.000479
1.787706	1.000225	0.000425
1.814798	1.000216	0.000418
1.843449	1.000351	0.000295
1.871036	1.000397	0.000242
1.897794	1.000320	0.000407
1.923924	1.000467	0.000405
1.950024	1.000600	0.000408
1.977709	1.000651	0.000396
2.007081	1.000788	0.000234
2.035829	1.000853	0.000315
2.061979	1.001035	0.000404
2.087728	1.001052	0.000296
2.114289	1.001248	0.000321
2.139989	1.001230	0.000425
2.167281	1.001539	0.000365
2.198932	1.001543	0.000457
2.230567	1.001856	0.000427
2.263339	1.001989	0.000689
2.294812	1.002132	0.000449
2.328637	1.002506	0.000488
2.358214	1.002437	0.000535
2.385282	1.002793	0.000582
2.413484	1.003030	0.000580
2.441534	1.003089	0.000548
2.471487	1.003588	0.000461
2.501954	1.003549	0.000611
2.528094	1.003736	0.000405
2.554214	1.004042	0.000596
2.581869	1.004317	0.000532
2.608568	1.004164	0.000570
2.635109	1.004584	0.000609
2.660829	1.004430	0.000544
2.686969	1.004536	0.000410
2.712728	1.004290	0.000399
2.739279	1.004374	0.000459
2.765736	1.004074	0.000413
2.793796	1.003782	0.000199
2.823547	1.003440	0.000366
2.851944	1.003178	0.000381
2.880001	1.002895	0.000359
2.910829	1.002434	0.000518
2.939059	1.002329	0.000529
2.969944	1.001823	0.000585
3.003430	1.001720	0.000430
3.030949	1.001482	0.000516
3.059314	1.001200	0.000486
3.095106	1.000945	0.000537
3.124479	1.000681	0.000496
3.155174	1.000679	0.000416
3.185436	1.000449	0.000421
3.220241	1.000316	0.000507
3.254991	1.000270	0.000224
3.285596	1.000064	0.000565
3.322609	0.999807	0.000700
3.352881	0.999977	0.000439
3.384696	0.999753	0.000399
3.416676	0.999994	0.000474
3.448729	0.999826	0.000480
3.480346	0.999900	0.000286
3.518966	0.999721	0.000425
3.553416	0.999764	0.000414
3.585061	0.999795	0.000347
3.616530	0.999744	0.000474
3.647561	0.999876	0.000211
3.680334	0.999733	0.000489
3.713311	0.999734	0.000565
3.744529	0.999633	0.000522
3.777144	0.999713	0.000184
3.811183	0.999516	0.000561
3.844549	0.999504	0.000518
3.876348	0.999671	0.000224
3.907252	0.999598	0.000489
3.942481	0.999747	0.000258
3.972166	0.999718	0.000250
4.006639	0.999774	0.000377
4.040371	0.999822	0.000420
4.072176	0.999885	0.000296
4.102871	0.999638	0.000316
4.135596	0.999962	0.000439
4.169179	0.999773	0.000295
4.206456	0.999876	0.000227
4.239393	1.000011	0.000418
4.280162	0.999862	0.000381
4.319703	1.000127	0.000467
4.360464	0.999821	0.000482
4.391876	0.999577	0.000695
4.426356	1.000090	0.000508
4.461414	0.999845	0.000307
4.495672	1.000037	0.000366
4.533544	0.999985	0.000394
4.568986	0.999798	0.000441
4.605508	0.999803	0.000436
4.636219	0.999961	0.000458
4.665371	0.999812	0.000320
4.698336	0.999863	0.000424
4.736422	0.999855	0.000384
4.769541	0.999789	0.000347
4.804969	0.999921	0.000333
4.842115	0.999849	0.000397
4.874268	1.000067	0.000370
4.911422	0.999994	0.000279
4.945672	0.999913	0.000262
4.976146	0.999907	0.000285
5.011209	0.999990	0.000301
5.040391	0.999658	0.000219
5.070672	0.999803	0.000182
5.100024	0.999810	0.000359
5.129971	0.999797	0.000358
5.161766	0.999776	0.000282
5.193592	0.999803	0.000253
5.227114	0.999761	0.000256
5.258172	0.999729	0.000238
5.289816	0.999652	0.000310
5.322176	0.999725	0.000248
5.352891	0.999616	0.000252
5.383172	0.999516	0.000236
5.412514	0.999662	0.000488
5.442471	0.999462	0.000256
5.472752	0.999470	0.000304
5.511209	0.999463	0.000321
5.540381	0.999498	0.000240
5.570672	0.999596	0.000325
5.600014	0.999563	0.000229
5.629971	0.999685	0.000301
5.659666	0.999726	0.000233
5.690391	0.999713	0.000311
5.722166	0.999694	0.000275
5.749489	0.999639	0.000222
5.775188	0.999763	0.000244
5.801769	0.999651	0.000431
5.830134	0.999548	0.000349
5.856114	0.999763	0.000304
5.884476	0.999798	0.000284
5.910809	0.999683	0.000318
5.937536	0.999744	0.000274
5.968409	0.999862	0.000374
5.995866	0.999721	0.000291
6.025188	0.999792	0.000290
6.051769	0.999802	0.000223
6.077479	0.999727	0.000386
6.103639	0.999917	0.000273
6.131458	0.999906	0.000430
6.158344	0.999774	0.000337
6.185101	0.999751	0.000307
6.212688	0.999947	0.000330
6.239269	0.999743	0.000336
6.264979	0.999817	0.000477
6.291311	0.999948	0.000417
6.322934	0.999915	0.000417
6.350954	0.999859	0.000341
6.377501	1.000014	0.000453
6.405889	1.000041	0.000334
6.431669	0.999987	0.000317
6.457789	1.000000	0.000396
6.483528	1.000264	0.000433
6.510089	0.999994	0.000489
6.537332	0.999941	0.000250
6.565920	1.000196	0.000509
6.593389	1.000090	0.000334
6.624086	1.000048	0.000423
6.653034	1.000209	0.000389
6.679194	1.000125	0.000347
6.705134	1.000065	0.000344
6.731256	1.000339	0.000400
6.762514	1.000054	0.000379
6.788464	1.000160	0.000228
6.814454	1.000200	0.000341
6.840534	1.000201	0.000433
6.866896	1.000221	0.000236
6.895289	1.000229	0.000262
6.923731	1.000129	0.000266
6.950014	1.000110	0.000291
6.975974	1.000106	0.000278
7.001944	1.000134	0.000232
7.029356	1.000224	0.000302
7.056669	1.000139	0.000251
7.084717	1.000099	0.000169
7.111394	1.000331	0.000236
7.141137	1.000188	0.000129
7.168604	1.000248	0.000117
7.194724	1.000331	0.000124
7.220834	1.000252	0.000123
7.247956	1.000239	0.000164
7.275188	1.000279	0.000198
7.301942	1.000249	0.000214
7.330144	1.000277	0.000329
7.356104	1.000143	0.000315
7.385079	1.000143	0.000136
7.410809	1.000231	0.000272
7.436979	1.000186	0.000204
7.462688	1.000202	0.000138
7.493036	1.000301	0.000294
7.520299	1.000228	0.000306
7.547561	1.000170	0.000166
7.575014	1.000066	0.000177
7.601176	1.000319	0.000213
7.634486	1.000314	0.000284
7.665564	1.000218	0.000211
7.693028	1.000200	0.000355
7.720834	1.000163	0.000213
7.752469	1.000113	0.000172
7.781092	1.000144	0.000182
7.809314	1.000310	0.000151
7.835264	1.000233	0.000200
7.861384	1.000184	0.000206
7.887514	1.000195	0.000276
7.913474	1.000065	0.000474
7.939424	1.000172	0.000529
7.965544	1.000186	0.000251
7.997177	1.000301	0.000245
8.026721	1.000287	0.000236
8.056627	1.000217	0.000170
8.088877	1.000214	0.000090
8.119127	1.000174	0.000133
8.148684	1.000160	0.000151
8.178617	1.000009	0.000191
8.209094	1.000166	0.000178
8.243197	1.000145	0.000181
8.273684	1.000022	0.000227
8.303617	1.000090	0.000223
8.333557	0.999978	0.000209
8.363069	0.999854	0.000353
8.393007	1.000024	0.000205
8.423489	0.999902	0.000198
8.455689	0.999818	0.000144
8.488424	0.999964	0.000241
8.523471	0.999867	0.000285
8.555160	0.999763	0.000296
8.588426	0.999883	0.000258
8.623491	0.999859	0.000389
8.654729	0.999949	0.000220
8.685991	0.999858	0.000336
8.717421	0.999898	0.000250
8.750217	0.999896	0.000248
8.782174	0.999770	0.000233
8.812717	0.999791	0.000303
8.842229	0.999685	0.000291
8.879146	0.999693	0.000319
8.913847	0.999710	0.000244
8.943371	0.999635	0.000250
8.976509	0.999795	0.000280
9.008899	0.999705	0.000226
9.038847	0.999752	0.000269
9.068361	0.999763	0.000226
9.100042	0.999834	0.000260
9.134081	0.999873	0.000289
9.168967	0.999885	0.000201
9.199437	0.999779	0.000165
9.231467	0.999978	0.000225
9.261937	0.999916	0.000202
9.292049	1.000026	0.000255
9.324437	1.000115	0.000332
9.356629	1.000092	0.000245
9.386947	1.000147	0.000249
9.419129	1.000192	0.000221
9.451152	1.000248	0.000216
9.485214	1.000203	0.000267
9.521401	1.000329	0.000172
9.558545	1.000315	0.000199
9.589201	1.000235	0.000261
9.620269	1.000388	0.000230
9.652639	1.000187	0.000281
9.684687	1.000371	0.000246
9.714201	1.000323	0.000207
9.747954	1.000392	0.000259
9.784130	1.000316	0.000298
9.823720	1.000275	0.000200
9.871488	1.000406	0.000233
9.915993	1.000365	0.000162
9.959915	1.000351	0.000143
10.009563	1.000428	0.000420
10.067871	1.000339	0.000217
10.117115	1.000189	0.000273
10.163138	1.000230	0.000158
10.208968	1.000186	0.000212
10.255745	1.000218	0.000138
10.303858	1.000201	0.000124
10.354798	1.000237	0.000252
10.397395	1.000034	0.000245
10.448001	1.000168	0.000288
10.500261	1.000133	0.000171
10.552161	1.000203	0.000216
10.604421	1.000053	0.000172
10.667676	1.000137	0.000107
10.747959	1.000017	0.000085
10.821069	1.000088	0.000109
10.900239	1.000221	0.000165
10.990969	1.000287	0.000235
11.082390	1.000712	0.000682
11.144536	1.000254	0.000530
11.196808	1.000064	0.000328
11.261933	1.000285	0.000464
11.330875	1.000377	0.000398
11.423697	0.999996	0.000399
11.516317	0.999842	0.000785
11.592277	1.000151	0.002298
11.667632	0.999530	0.000778
11.742267	0.999556	0.000905
11.814412	0.999205	0.000937
11.886007	0.999264	0.001316
11.976717	0.999536	0.000713
12.054767	0.999339	0.000854
12.147373	0.999951	0.000352
12.247375	0.999550	0.001221
12.308767	0.999153	0.001778
12.367269	0.999638	0.001383
12.422014	0.999965	0.001393
12.479569	0.999965	0.001050
12.575387	1.000549	0.000657
12.645644	0.999802	0.001208
12.694692	1.001040	0.002224
12.738472	1.000448	0.001249
12.788452	1.000877	0.001357
12.827445	1.001091	0.001438
12.867784	1.000762	0.001038
12.918359	1.000479	0.000730
12.958525	1.000624	0.001379
12.994125	1.000746	0.001098
13.028214	1.000288	0.001000
13.064795	1.000609	0.001129
13.101335	1.000515	0.001144
13.138230	1.000313	0.000878
13.177648	1.000099	0.000844
13.212130	1.000065	0.000696
13.249620	1.000050	0.000609
13.288068	1.000059	0.000463
13.323650	1.000142	0.000481
13.359100	0.999940	0.000624
13.397337	1.000130	0.000594
13.435252	1.000004	0.000484
13.473285	1.000199	0.000466
13.507394	0.999830	0.000538
13.553413	1.000009	0.000552
13.586018	0.999990	0.000443
13.618175	1.000114	0.000582
13.648872	1.000046	0.000625
13.686391	1.000107	0.000664
13.718742	0.999923	0.000526
13.754393	0.999848	0.000815
13.784835	0.999952	0.000562
13.817065	0.999682	0.000738
13.848113	0.999872	0.000553
13.885240	0.999983	0.000538
13.924638	0.999888	0.000493
13.955667	0.999972	0.000214
13.993348	0.999970	0.000420
14.038432	1.000110	0.000265
14.079708	1.000039	0.000156
14.116095	0.999788	0.000373
14.149467	0.999711	0.000440
14.182563	0.999765	0.000331
14.218752	0.999767	0.000447
14.260240	0.999737	0.000348
14.296013	0.999626	0.000586
14.334090	0.999787	0.000358
14.371378	0.999807	0.000105
14.408703	0.999514	0.000541
14.443185	0.999568	0.000432
14.481242	0.999701	0.000448
14.518005	0.999841	0.000398
14.552810	0.999723	0.000343
0.026142	0.999610	0.000462
0.090943	0.999532	0.000432
0.156777	0.999636	0.000331
0.217886	0.999802	0.000469
0.287512	0.999623	0.000513
0.357526	0.999580	0.000365
0.432181	0.999283	0.000416
0.495852	0.999587	0.000443
0.556188	0.999295	0.000673
0.616251	0.999450	0.000568
0.689139	0.999011	0.000422
0.752312	0.999406	0.000524
0.815577	0.999370	0.000565
0.878927	0.999390	0.000478
0.931188	0.999256	0.000597
0.984482	0.999290	0.000234
1.040983	0.999382	0.000525
1.100168	0.999183	0.000446
1.161779	0.999356	0.000406
1.227372	0.999279	0.000407
1.279957	0.999365	0.000406
1.332298	0.999294	0.000446
1.393343	0.999339	0.000472
1.451583	0.999506	0.000453
1.503907	0.999385	0.000544
1.558063	0.999297	0.000395
1.615137	0.999579	0.000401
1.673176	0.999608	0.000367
1.731628	0.999415	0.000475
1.785248	0.999538	0.000372
1.839896	0.999690	0.000386
1.895239	0.999520	0.000373
1.946657	0.999772	0.000289
2.003503	0.999836	0.000414
2.056188	0.999691	0.000303
2.108428	0.999711	0.000353
2.160268	0.999716	0.000441
2.222543	0.999706	0.000378
2.275048	0.999828	0.000331
2.332318	0.999767	0.000333
2.383776	0.999843	0.000373
2.442228	0.999772	0.000358
2.498938	0.999699	0.000214
2.550456	0.999814	0.000344
2.603579	0.999867	0.000396
2.654957	0.999977	0.000359
2.712705	0.999970	0.000298
2.775048	1.000048	0.000339
2.831532	0.999966	0.000377
2.886137	0.999919	0.000322
2.941748	1.000059	0.000396
2.997403	1.000094	0.000294
3.050456	0.999953	0.000463
3.103559	1.000110	0.000410
3.160268	1.000170	0.000472
3.212247	0.999897	0.000559
3.266768	1.000038	0.000411
3.325392	0.999985	0.000483
3.385712	0.999957	0.000537
3.444757	1.000114	0.000474
3.508103	0.999986	0.000479
3.575412	1.000225	0.000425
3.629596	1.000216	0.000418
3.686899	1.000351	0.000295
3.742072	1.000397	0.000242
3.795587	1.000320	0.000407
3.847848	1.000467	0.000405
3.900048	1.000600	0.000408
3.955418	1.000651	0.000396
4.014163	1.000788	0.000234
4.071657	1.000853	0.000315
4.123958	1.001035	0.000404
4.175456	1.001052	0.000296
4.228579	1.001248	0.000321
4.279977	1.001230	0.000425
4.334562	1.001539	0.000365
4.397864	1.001543	0.000457
4.461134	1.001856	0.000427
4.526679	1.001989	0.000689
4.589624	1.002132	0.000449
4.657274	1.002506	0.000488
4.716427	1.002437	0.000535
4.770563	1.002793	0.000582
4.826968	1.003030	0.000580
4.883067	1.003089	0.000548
4.942974	1.003588	0.000461
5.003907	1.003549	0.000611
5.056188	1.003736	0.000405
5.108428	1.004042	0.000596
5.163738	1.004317	0.000532
5.217136	1.004164	0.000570
5.270219	1.004584	0.000609
5.321657	1.004430	0.000544
5.373938	1.004536	0.000410
5.425456	1.004290	0.000399
5.478559	1.004374	0.000459
5.531472	1.004074	0.000413
5.587592	1.003782	0.000199
5.647094	1.003440	0.000366
5.703887	1.003178	0.000381
5.760003	1.002895	0.000359
5.821657	1.002434	0.000518
5.878118	1.002329	0.000529
5.939888	1.001823	0.000585
6.006861	1.001720	0.000430
6.061899	1.001482	0.000516
6.118628	1.001200	0.000486
6.190213	1.000945	0.000537
6.248958	1.000681	0.000496
6.310348	1.000679	0.000416
6.370872	1.000449	0.000421
6.440481	1.000316	0.000507
6.509983	1.000270	0.000224
6.571192	1.000064	0.000565
6.645219	0.999807	0.000700
6.705763	0.999977	0.000439
6.769393	0.999753	0.000399
6.833352	0.999994	0.000474
6.897459	0.999826	0.000480
6.960692	0.999900	0.000286
7.037932	0.999721	0.000425
7.106833	0.999764	0.000414
7.170123	0.999795	0.000347
7.233059	0.999744	0.000474
7.295123	0.999876	0.000211
7.360668	0.999733	0.000489
7.426623	0.999734	0.000565
7.489059	0.999633	0.000522
7.554288	0.999713	0.000184
7.622366	0.999516	0.000561
7.689099	0.999504	0.000518
7.752697	0.999671	0.000224
7.814504	0.999598	0.000489
7.884963	0.999747	0.000258
7.944333	0.999718	0.000250
8.013277	0.999774	0.000377
8.080743	0.999822	0.000420
8.144353	0.999885	0.000296
8.205743	0.999638	0.000316
8.271192	0.999962	0.000439
8.338357	0.999773	0.000295
8.412912	0.999876	0.000227
8.478786	1.000011	0.000418
8.560324	0.999862	0.000381
8.639407	1.000127	0.000467
8.720928	0.999821	0.000482
8.783752	0.999577	0.000695
8.852713	1.000090	0.000508
8.922828	0.999845	0.000307
8.991343	1.000037	0.000366
9.067088	0.999985	0.000394
9.137972	0.999798	0.000441
9.211017	0.999803	0.000436
9.272439	0.999961	0.000458
9.330743	0.999812	0.000320
9.396673	0.999863	0.000424
9.472844	0.999855	0.000384
9.539083	0.999789	0.000347
9.609939	0.999921	0.000333
9.684230	0.999849	0.000397
9.748537	1.000067	0.000370
9.822844	0.999994	0.000279
9.891343	0.999913	0.000262
9.952292	0.999907	0.000285
10.022419	0.999990	0.000301
10.080783	0.999658	0.000219
10.141343	0.999803	0.000182
10.200048	0.999810	0.000359
10.259943	0.999797	0.000358
10.323533	0.999776	0.000282
10.387183	0.999803	0.000253
10.454228	0.999761	0.000256
10.516343	0.999729	0.000238
10.579632	0.999652	0.000310
10.644353	0.999725	0.000248
10.705783	0.999616	0.000252
10.766343	0.999516	0.000236
10.825028	0.999662	0.000488
10.884943	0.999462	0.000256
10.945503	0.999470	0.000304
11.022419	0.999463	0.000321
11.080763	0.999498	0.000240
11.141343	0.999596	0.000325
11.200028	0.999563	0.000229
11.259943	0.999685	0.000301
11.319333	0.999726	0.000233
11.380783	0.999713	0.000311
11.444333	0.999694	0.000275
11.498978	0.999639	0.000222
11.550376	0.999763	0.000244
11.603539	0.999651	0.000431
11.660268	0.999548	0.000349
11.712227	0.999763	0.000304
11.768952	0.999798	0.000284
11.821617	0.999683	0.000318
11.875072	0.999744	0.000274
11.936819	0.999862	0.000374
11.991732	0.999721	0.000291
12.050376	0.999792	0.000290
12.103539	0.999802	0.000223
12.154957	0.999727	0.000386
12.207278	0.999917	0.000273
12.262916	0.999906	0.000430
12.316688	0.999774	0.000337
12.370203	0.999751	0.000307
12.425376	0.999947	0.000330
12.478539	0.999743	0.000336
12.529957	0.999817	0.000477
12.582623	0.999948	0.000417
12.645868	0.999915	0.000417
12.701908	0.999859	0.000341
12.755001	1.000014	0.000453
12.811779	1.000041	0.000334
12.863337	0.999987	0.000317
12.915578	1.000000	0.000396
12.967056	1.000264	0.000433
13.020179	0.999994	0.000489
13.074663	0.999941	0.000250
13.131841	1.000196	0.000509
13.186779	1.000090	0.000334
13.248172	1.000048	0.000423
13.306068	1.000209	0.000389
13.358388	1.000125	0.000347
13.410268	1.000065	0.000344
13.462512	1.000339	0.000400
13.525028	1.000054	0.000379
13.576928	1.000160	0.000228
13.628907	1.000200	0.000341
13.681068	1.000201	0.000433
13.733792	1.000221	0.000236
13.790578	1.000229	0.000262
13.847463	1.000129	0.000266
13.900028	1.000110	0.000291
13.951948	1.000106	0.000278
14.003887	1.000134	0.000232
14.058712	1.000224	0.000302
14.113337	1.000139	0.000251
14.169434	1.000099	0.000169
14.222788	1.000331	0.000236
14.282274	1.000188	0.000129
14.337207	1.000248	0.000117
14.389448	1.000331	0.000124
14.441668	1.000252	0.000123
14.495912	1.000239	0.000164
14.550376	1.000279	0.000198
14.603883	1.000249	0.000214
14.660288	1.000277	0.000329
14.712207	1.000143	0.000315
14.770159	1.000143	0.000136
14.821617	1.000231	0.000272
14.873958	1.000186	0.000204
14.925376	1.000202	0.000138
14.986073	1.000301	0.000294
15.040598	1.000228	0.000306
15.095123	1.000170	0.000166
15.150028	1.000066	0.000177
15.202352	1.000319	0.000213
15.268972	1.000314	0.000284
15.331128	1.000218	0.000211
15.386057	1.000200	0.000355
15.441668	1.000163	0.000213
15.504938	1.000113	0.000172
15.562183	1.000144	0.000182
15.618628	1.000310	0.000151
15.670527	1.000233	0.000200
15.722768	1.000184	0.000206
15.775028	1.000195	0.000276
15.826948	1.000065	0.000474
15.878847	1.000172	0.000529
15.931088	1.000186	0.000251
15.994354	1.000301	0.000245
16.053443	1.000287	0.000236
16.113254	1.000217	0.000170
16.177754	1.000214	0.000090
16.238254	1.000174	0.000133
16.297367	1.000160	0.000151
16.357234	1.000009	0.000191
16.418187	1.000166	0.000178
16.486394	1.000145	0.000181
16.547367	1.000022	0.000227
16.607234	1.000090	0.000223
16.667113	0.999978	0.000209
16.726138	0.999854	0.000353
16.786014	1.000024	0.000205
16.846978	0.999902	0.000198
16.911378	0.999818	0.000144
16.976848	0.999964	0.000241
17.046942	0.999867	0.000285
17.110320	0.999763	0.000296
17.176852	0.999883	0.000258
17.246982	0.999859	0.000389
17.309458	0.999949	0.000220
17.371982	0.999858	0.000336
17.434843	0.999898	0.000250
17.500433	0.999896	0.000248
17.564348	0.999770	0.000233
17.625433	0.999791	0.000303
17.684458	0.999685	0.000291
17.758292	0.999693	0.000319
17.827694	0.999710	0.000244
17.886743	0.999635	0.000250
17.953018	0.999795	0.000280
18.017798	0.999705	0.000226
18.077694	0.999752	0.000269
18.136723	0.999763	0.000226
18.200085	0.999834	0.000260
18.268163	0.999873	0.000289
18.337933	0.999885	0.000201
18.398874	0.999779	0.000165
18.462933	0.999978	0.000225
18.523874	0.999916	0.000202
18.584098	1.000026	0.000255
18.648874	1.000115	0.000332
18.713258	1.000092	0.000245
18.773894	1.000147	0.000249
18.838258	1.000192	0.000221
18.902305	1.000248	0.000216
18.970427	1.000203	0.000267
19.042802	1.000329	0.000172
19.117089	1.000315	0.000199
19.178403	1.000235	0.000261
19.240538	1.000388	0.000230
19.305278	1.000187	0.000281
19.369374	1.000371	0.000246
19.428403	1.000323	0.000207
19.495909	1.000392	0.000259
19.568260	1.000316	0.000298
19.647440	1.000275	0.000200
19.742975	1.000406	0.000233
19.831986	1.000365	0.000162
19.919831	1.000351	0.000143
20.019126	1.000428	0.000420
20.135742	1.000339	0.000217
20.234231	1.000189	0.000273
20.326275	1.000230	0.000158
20.417935	1.000186	0.000212
20.511491	1.000218	0.000138
20.607715	1.000201	0.000124
20.709595	1.000237	0.000252
20.794791	1.000034	0.000245
20.896001	1.000168	0.000288
21.000522	1.000133	0.000171
21.104321	1.000203	0.000216
21.208842	1.000053	0.000172
21.335353	1.000137	0.000107
21.495917	1.000017	0.000085
21.642138	1.000088	0.000109
21.800478	1.000221	0.000165
21.981938	1.000287	0.000235
22.164781	1.000712	0.000682
22.289072	1.000254	0.000530
22.393616	1.000064	0.000328
22.523866	1.000285	0.000464
22.661751	1.000377	0.000398
22.847395	0.999996	0.000399
23.032635	0.999842	0.000785
23.184554	1.000151	0.002298
23.335264	0.999530	0.000778
23.484534	0.999556	0.000905
23.628823	0.999205	0.000937
23.772014	0.999264	0.001316
23.953435	0.999536	0.000713
24.109534	0.999339	0.000854
24.294746	0.999951	0.000352
24.494750	0.999550	0.001221
24.617534	0.999153	0.001778
24.734538	0.999638	0.001383
24.844029	0.999965	0.001393
24.959138	0.999965	0.001050
25.150774	1.000549	0.000657
25.291287	0.999802	0.001208
25.389384	1.001040	0.002224
25.476944	1.000448	0.001249
25.576904	1.000877	0.001357
25.654891	1.001091	0.001438
25.735569	1.000762	0.001038
25.836719	1.000479	0.000730
25.917050	1.000624	0.001379
25.988251	1.000746	0.001098
26.056429	1.000288	0.001000
26.129590	1.000609	0.001129
26.202670	1.000515	0.001144
26.276460	1.000313	0.000878
26.355295	1.000099	0.000844
26.424259	1.000065	0.000696
26.499239	1.000050	0.000609
26.576135	1.000059	0.000463
26.647300	1.000142	0.000481
26.718200	0.999940	0.000624
26.794675	1.000130	0.000594
26.870504	1.000004	0.000484
26.946571	1.000199	0.000466
27.014789	0.999830	0.000538
27.106826	1.000009	0.000552
27.172035	0.999990	0.000443
27.236351	1.000114	0.000582
27.297744	1.000046	0.000625
27.372781	1.000107	0.000664
27.437485	0.999923	0.000526
27.508786	0.999848	0.000815
27.569671	0.999952	0.000562
27.634131	0.999682	0.000738
27.696226	0.999872	0.000553
27.770480	0.999983	0.000538
27.849275	0.999888	0.000493
27.911335	0.999972	0.000214
27.986695	0.999970	0.000420
28.076864	1.000110	0.000265
28.159415	1.000039	0.000156
28.232191	0.999788	0.000373
28.298935	0.999711	0.000440
28.365126	0.999765	0.000331
28.437505	0.999767	0.000447
28.520480	0.999737	0.000348
28.592026	0.999626	0.000586
28.668180	0.999787	0.000358
28.742755	0.999807	0.000105
28.817406	0.999514	0.000541
28.886371	0.999568	0.000432
28.962485	0.999701	0.000448
29.036010	0.999841	0.000398
29.105620	0.999723	0.000343
