512
0.003074	0.997578	0.004371
0.008394	0.996388	0.001623
0.014044	0.996600	0.002131
0.019231	0.996436	0.000774
0.024959	0.997273	0.003443
0.030476	0.996049	0.000770
0.036403	0.995550	0.001165
0.041965	0.996411	0.001324
0.047365	0.996978	0.003486
0.053250	0.995510	0.001121
0.059983	0.995232	0.000922
0.066844	0.996554	0.003415
0.072648	0.994724	0.000734
0.078083	1.001338	0.015970
0.084247	0.996942	0.003190
0.090148	0.995046	0.000830
0.095797	0.996735	0.001382
0.101103	0.996178	0.001341
0.107244	0.996649	0.003084
0.112574	0.995353	0.000968
0.118184	1.003531	0.021109
0.123391	0.995618	0.000796
0.129119	0.996527	0.002983
0.134618	0.995776	0.000737
0.140060	0.996180	0.001804
0.145818	0.995636	0.001228
0.152077	0.996378	0.002921
0.158072	0.996115	0.001931
0.163483	1.000201	0.011067
0.169241	0.997036	0.002705
0.175074	0.995717	0.000664
0.180742	0.996003	0.000783
0.186573	0.996316	0.000818
0.192327	0.996513	0.002449
0.198340	0.995878	0.001475
0.203595	1.003081	0.020367
0.209157	0.996238	0.001275
0.214577	0.996605	0.001892
0.220265	0.996409	0.001348
0.225490	0.996411	0.001801
0.231143	0.996474	0.002321
0.236519	0.996171	0.000978
0.242150	0.996750	0.001570
0.247850	0.996885	0.000910
0.253597	0.996241	0.002202
0.258936	0.995805	0.000967
0.265109	0.996959	0.001205
0.271281	0.996742	0.001766
0.276555	0.997273	0.002282
0.282211	0.996644	0.001234
0.287457	0.996924	0.001003
0.293721	1.004518	0.020237
0.299550	0.996611	0.001157
0.305172	0.996694	0.001882
0.310407	0.997606	0.001971
0.316097	0.998111	0.001884
0.321436	0.997400	0.000646
0.327056	0.997215	0.001468
0.332223	0.997444	0.002048
0.337469	0.998036	0.001247
0.343480	0.997489	0.000932
0.348903	0.997480	0.001234
0.354127	0.997507	0.001639
0.359333	0.997950	0.001293
0.365010	0.997595	0.001537
0.370245	0.998015	0.001227
0.375834	0.998030	0.001888
0.382176	0.998839	0.001696
0.387988	0.998769	0.001302
0.393314	0.998459	0.001264
0.398914	0.998819	0.001554
0.404254	0.997750	0.001393
0.409864	0.998233	0.001580
0.415099	0.998637	0.001319
0.420789	0.998673	0.001433
0.426288	0.998260	0.000834
0.431710	0.998471	0.001374
0.437458	0.999000	0.001103
0.443373	0.999660	0.001063
0.449555	0.998968	0.001178
0.455153	0.998198	0.001274
0.460843	0.998796	0.001093
0.466232	0.998304	0.001108
0.472364	0.998909	0.001158
0.477541	0.998550	0.001654
0.482785	0.999499	0.001786
0.488628	1.009989	0.033198
0.494121	0.998684	0.001302
0.499650	1.008693	0.030536
0.505014	1.008353	0.027995
0.510513	1.007934	0.026477
0.515967	1.007290	0.024264
0.521310	0.998833	0.000749
0.527025	1.006777	0.023241
0.532793	1.005724	0.020811
0.538690	1.005494	0.020198
0.543598	1.005833	0.018401
0.548468	0.999102	0.001206
0.553682	1.005622	0.016728
0.558599	1.004665	0.015874
0.563857	1.004570	0.014382
0.568737	0.999368	0.000857
0.574267	1.003702	0.013536
0.579439	1.003481	0.012746
0.584697	1.003200	0.010935
0.589577	0.999275	0.001405
0.594887	1.003371	0.010129
0.599790	1.003255	0.009031
0.604621	0.999739	0.000940
0.609371	1.002737	0.007471
0.615018	1.002013	0.006689
0.620096	1.002387	0.006057
0.624947	0.999282	0.000803
0.630092	1.001998	0.005141
0.635513	1.001834	0.004205
0.640808	1.001388	0.003669
0.646142	0.999605	0.000810
0.651061	1.001350	0.002881
0.656865	1.000787	0.003020
0.661944	0.999896	0.002398
0.667475	1.000559	0.001163
0.672786	1.000131	0.001152
0.678615	1.000244	0.001832
0.684064	0.999965	0.001237
0.689399	1.000208	0.001565
0.694822	1.000170	0.001236
0.700015	1.000072	0.000961
0.705163	1.000037	0.001137
0.710258	0.999859	0.001065
0.715148	1.000317	0.000712
0.720332	1.000007	0.001558
0.725498	0.999093	0.000782
0.730614	0.999744	0.002175
0.735387	0.999578	0.001372
0.741124	1.000008	0.001041
0.746338	1.000330	0.001225
0.751515	0.999804	0.001513
0.756808	0.999842	0.000951
0.762486	1.000428	0.000867
0.767672	1.000071	0.000729
0.773400	1.000302	0.000714
0.778730	1.000346	0.000715
0.784351	1.000227	0.001120
0.789527	1.000301	0.001011
0.794753	1.000055	0.001008
0.800074	1.000816	0.000790
0.805733	1.000252	0.000425
0.810880	1.000363	0.000595
0.816125	1.000172	0.001072
0.821455	1.000240	0.000746
0.827561	1.000107	0.000908
0.832764	1.000424	0.001016
0.838010	1.000795	0.001216
0.843507	1.000419	0.001240
0.848922	1.000504	0.001174
0.854127	1.000498	0.001134
0.859342	1.000418	0.001121
0.865018	1.000489	0.000811
0.870284	1.000616	0.001072
0.875451	1.000345	0.001416
0.881146	1.000419	0.001287
0.886954	1.000705	0.001222
0.892447	1.000620	0.001419
0.897867	1.000691	0.001222
0.903199	1.000352	0.001037
0.908846	1.000672	0.000888
0.914527	1.000035	0.001451
0.919753	1.000508	0.001389
0.925074	1.000727	0.001118
0.930733	1.000776	0.001177
0.935928	1.000135	0.000939
0.941647	1.000822	0.000695
0.947136	1.000763	0.000841
0.952787	1.000866	0.001598
0.958277	1.000582	0.001059
0.963532	1.000218	0.001025
0.969168	1.000374	0.000770
0.974454	1.000825	0.001202
0.979631	1.000480	0.000894
0.984874	0.999808	0.001064
0.990569	1.000367	0.001306
0.995806	1.000054	0.001577
1.000973	0.999910	0.001256
1.006237	1.000058	0.001321
1.012052	0.999808	0.000955
1.017682	1.000464	0.000825
1.022867	1.000158	0.000918
1.028199	1.000476	0.001126
1.033933	1.000051	0.001014
1.039537	1.000480	0.000891
1.044753	1.000523	0.001182
1.050961	1.000034	0.000584
1.057062	1.000599	0.001256
1.062447	1.001350	0.001492
1.067712	1.000692	0.000960
1.073771	1.000307	0.001115
1.079688	1.000842	0.000975
1.085339	1.000542	0.001383
1.090699	1.000722	0.000848
1.096433	1.000912	0.001011
1.102037	1.000893	0.001610
1.107253	1.001032	0.001233
1.112574	1.000590	0.000662
1.118378	1.000896	0.001256
1.124297	1.000988	0.001364
1.130212	1.001147	0.001240
1.135858	1.001073	0.001333
1.142041	1.001885	0.001021
1.147335	1.001985	0.001517
1.152648	1.000964	0.000919
1.158402	1.001666	0.001028
1.164033	1.000687	0.001131
1.169753	1.001541	0.001306
1.175074	1.000995	0.000782
1.180878	1.000649	0.001068
1.186599	1.001236	0.001227
1.192170	1.001791	0.001135
1.197687	1.001256	0.001005
1.203937	1.001605	0.000821
1.209758	1.001456	0.001073
1.215158	1.001385	0.000631
1.221433	1.000875	0.000659
1.227067	1.001538	0.001158
1.232775	1.001766	0.000529
1.238628	1.000897	0.001220
1.245065	1.001030	0.000846
1.250853	1.001005	0.001265
1.256880	1.000878	0.000742
1.263450	1.001180	0.001005
1.269584	1.000943	0.001155
1.275520	1.000995	0.000498
1.281007	1.000786	0.000925
1.286903	1.001486	0.001178
1.292523	1.000629	0.001485
1.297897	1.000890	0.000638
1.303712	1.001567	0.000571
1.309332	1.001038	0.000998
1.315553	1.001560	0.001000
1.320934	1.001345	0.000708
1.326708	1.000980	0.001224
1.333029	1.001973	0.001446
1.339074	1.001279	0.000603
1.344839	1.001702	0.001199
1.351158	1.001549	0.000876
1.357263	1.000996	0.000897
1.362574	1.001590	0.001003
1.368378	1.001500	0.000976
1.374099	1.001738	0.000925
1.379973	1.002189	0.001158
1.385877	1.001858	0.001377
1.392188	1.001973	0.001146
1.397849	1.000930	0.000955
1.403209	1.001502	0.001136
1.409111	1.001758	0.001569
1.415118	1.002090	0.000837
1.420807	1.001951	0.000938
1.426306	1.001084	0.001497
1.432428	1.001267	0.001220
1.438353	1.001422	0.000873
1.443737	1.001490	0.000887
1.450270	1.001333	0.001334
1.456825	1.000191	0.004675
1.462852	1.001616	0.001091
1.468507	1.001441	0.001250
1.474403	1.001439	0.001011
1.480439	1.001500	0.001038
1.485978	1.001367	0.000894
1.491771	1.000961	0.001207
1.497354	1.001601	0.001040
1.502580	1.000554	0.005464
1.508472	1.001269	0.002477
1.515393	1.001134	0.000796
1.520806	1.000923	0.003115
1.526042	1.000929	0.000807
1.532091	1.001009	0.001385
1.538008	1.000831	0.001151
1.543194	1.000650	0.004089
1.548646	1.001608	0.000986
1.554803	1.001517	0.001240
1.560493	1.000239	0.002838
1.566321	1.001719	0.000787
1.572146	1.001353	0.000713
1.578268	1.000859	0.001111
1.584289	0.999730	0.002309
1.589587	1.000957	0.000593
1.595362	1.001430	0.000860
1.601098	1.000211	0.002234
1.606888	1.001595	0.000971
1.612594	1.001754	0.000894
1.619226	1.000719	0.001224
1.624966	1.000627	0.002339
1.630202	1.001365	0.000898
1.635858	1.001083	0.000781
1.641624	1.000470	0.001229
1.646912	1.000458	0.002002
1.652658	1.001687	0.000829
1.658943	1.001135	0.001053
1.664556	1.000536	0.001401
1.669763	1.001076	0.001200
1.675132	1.000750	0.001072
1.681894	1.001055	0.000642
1.687466	1.000555	0.001970
1.692860	1.000893	0.000615
1.699029	1.000421	0.000972
1.705694	1.000843	0.001124
1.711096	1.001011	0.001148
1.716754	1.000784	0.000859
1.723181	1.000590	0.001028
1.728653	1.000051	0.000670
1.733840	1.000158	0.001076
1.739357	1.000770	0.001037
1.745628	0.999848	0.000824
1.751475	1.000065	0.001018
1.756818	1.000280	0.001073
1.763133	0.999810	0.001295
1.768726	0.999908	0.000865
1.773933	0.999935	0.001240
1.779254	0.999763	0.000793
1.785028	0.999747	0.001246
1.790621	0.999442	0.000995
1.795817	0.999808	0.001109
1.801522	0.999352	0.001104
1.808128	0.998998	0.000872
1.813975	0.998987	0.001319
1.819318	0.999066	0.001173
1.825102	0.998864	0.001231
1.830760	1.003712	0.014970
1.836423	0.998787	0.001461
1.841754	0.998827	0.000776
1.847698	0.998202	0.001129
1.853672	0.999013	0.001334
1.859362	0.998462	0.001000
1.865038	0.998362	0.001223
1.870794	0.998671	0.001467
1.876407	0.998325	0.000824
1.881818	0.998606	0.000788
1.887769	0.997943	0.001847
1.893726	0.998304	0.001303
1.899138	0.998133	0.000660
1.905988	0.998654	0.000573
1.911903	0.997997	0.001102
1.917160	0.997602	0.000947
1.922394	0.997484	0.001219
1.929115	0.997215	0.000486
1.934863	0.998295	0.001640
1.940080	0.996953	0.001482
1.946278	0.997654	0.000775
1.952371	0.997190	0.001541
1.957803	0.997061	0.001012
1.963010	0.996852	0.000979
1.968507	0.996140	0.001610
1.974403	0.996810	0.001245
1.979660	0.996685	0.000794
1.984894	0.996779	0.000769
1.990589	0.996471	0.001227
1.996348	0.995702	0.001099
2.001524	0.996509	0.001578
2.006818	0.996490	0.001136
2.012602	0.995892	0.001668
2.018204	0.996557	0.001183
2.023410	0.995831	0.000776
2.028740	0.995620	0.000753
2.035028	0.995840	0.000902
2.041153	0.995362	0.001989
2.047237	0.995574	0.001319
2.053722	0.995195	0.000648
2.059342	0.995295	0.001144
2.065049	0.995037	0.000886
2.070746	0.995361	0.001132
2.077044	0.995431	0.000796
2.082999	0.994902	0.000690
2.089448	0.994610	0.000581
2.095912	0.994768	0.000923
2.101543	0.995086	0.000820
2.107412	0.994872	0.000860
2.113332	0.995086	0.001340
2.119946	0.994052	0.000924
2.125992	0.994936	0.001066
2.131376	0.994864	0.001130
2.138133	0.994592	0.001401
2.143726	0.995106	0.000567
2.148952	0.994985	0.000666
2.154795	0.995259	0.001001
2.160915	0.995431	0.000897
2.166666	0.995342	0.001253
2.171862	0.995387	0.001131
2.177538	0.995403	0.001472
2.183304	0.995457	0.001630
2.188492	0.995175	0.000771
2.193737	0.996118	0.001505
2.199552	0.995424	0.001477
2.205182	0.996816	0.001270
2.210396	0.996411	0.000970
2.216232	0.996456	0.001345
2.221976	0.996251	0.000919
2.227598	0.996434	0.001082
2.232795	0.996786	0.001523
2.238135	0.997521	0.000513
2.244051	0.997463	0.001622
2.249463	0.996873	0.000968
2.254661	1.004124	0.018573
2.260001	1.004415	0.017381
2.265589	1.003424	0.015807
2.270816	0.998432	0.000909
2.275677	1.003471	0.015369
2.281065	1.004424	0.014323
2.286735	1.003776	0.014087
2.291666	0.998908	0.001268
2.297227	0.999874	0.001183
2.302745	1.004239	0.012460
2.308492	1.003857	0.011122
2.313531	1.003636	0.010691
2.318737	1.000863	0.001214
2.324580	1.004673	0.009959
2.330526	1.000802	0.001582
2.335938	1.005084	0.008591
2.341298	1.005254	0.008514
2.348052	1.005261	0.008105
2.353653	1.003014	0.001101
2.358868	1.005641	0.006995
2.364396	1.006240	0.006526
2.370292	1.006113	0.006160
2.375517	1.004291	0.001102
2.381237	1.004130	0.001592
2.387631	1.007158	0.004848
2.393233	1.007146	0.004257
2.398447	1.006560	0.003671
2.404527	1.007477	0.000683
2.411260	1.007739	0.003033
2.416666	1.007209	0.001389
2.422394	1.007262	0.001895
2.428128	1.008818	0.002095
2.434155	1.008368	0.001051
2.439734	1.008657	0.001653
2.445420	1.008711	0.001699
2.451186	1.009031	0.003091
2.456777	1.016024	0.017620
2.462032	1.009751	0.002037
2.467995	1.010640	0.001568
2.474126	1.010416	0.002858
2.479707	1.010169	0.002108
2.485407	1.010079	0.002642
2.491753	1.010315	0.001056
2.497403	1.011717	0.002404
2.502608	1.010700	0.003773
2.507920	1.010821	0.001881
2.513686	1.011718	0.001032
2.519632	1.011121	0.001153
2.525558	1.010529	0.001094
2.532604	1.011077	0.000752
2.538541	1.011155	0.001866
2.543914	1.010231	0.001155
2.549580	1.010508	0.001175
2.555396	1.010090	0.001993
2.561776	1.024100	0.041632
2.567012	1.009916	0.001169
2.573052	1.010141	0.001517
2.579163	1.009943	0.001059
2.584389	1.019465	0.029727
2.589577	1.008633	0.001187
2.595400	1.008794	0.001366
2.601236	1.017440	0.023881
2.607291	1.007939	0.002626
2.612623	1.008025	0.001518
2.618585	1.008258	0.001426
2.625025	1.023948	0.033132
2.630231	1.006479	0.003108
2.635897	1.007092	0.002031
2.641663	1.006657	0.001102
2.647344	1.006932	0.000987
2.653162	1.005463	0.001366
2.658984	1.005458	0.000955
2.665520	1.010033	0.013914
2.671024	1.005783	0.001432
2.676906	1.004713	0.002005
2.683204	1.004969	0.001513
2.688579	1.008525	0.011882
2.694390	1.002796	0.001945
2.701176	1.003277	0.000913
2.707160	1.006331	0.009623
2.713444	1.003280	0.001425
2.719768	1.002879	0.001759
2.725547	1.002369	0.001119
2.730782	1.005130	0.008326
2.737043	1.001503	0.001037
2.743624	1.001658	0.001665
2.749512	1.003484	0.006869
2.754915	1.000561	0.001021
2.761342	1.003475	0.010292
2.767514	1.002515	0.007124
2.772925	1.000176	0.001657
2.778655	1.002516	0.008931
2.783992	0.999397	0.001234
2.789634	1.001496	0.005068
2.794999	0.998580	0.001097
2.801445	1.000916	0.007689
2.807700	0.998030	0.000986
2.813579	0.999863	0.004904
2.819687	1.000631	0.006180
2.825141	0.997876	0.001213
2.830762	0.999622	0.003935
2.836154	1.001200	0.011357
2.842741	0.999552	0.005604
2.848464	0.997683	0.001369
2.854541	0.997692	0.003409
2.860269	0.996776	0.000911
2.865699	0.998022	0.005074
2.871387	0.997271	0.000829
2.877076	1.002770	0.016449
2.882825	0.997797	0.004582
2.888172	0.995659	0.001021
2.893784	0.996490	0.002289
0.006149	0.997578	0.004371
0.016788	0.996388	0.001623
0.028088	0.996600	0.002131
0.038463	0.996436	0.000774
0.049917	0.997273	0.003443
0.060953	0.996049	0.000770
0.072806	0.995550	0.001165
0.083930	0.996411	0.001324
0.094731	0.996978	0.003486
0.106499	0.995510	0.001121
0.119966	0.995232	0.000922
0.133689	0.996554	0.003415
0.145297	0.994724	0.000734
0.156166	1.001338	0.015970
0.168494	0.996942	0.003190
0.180297	0.995046	0.000830
0.191595	0.996735	0.001382
0.202206	0.996178	0.001341
0.214489	0.996649	0.003084
0.225148	0.995353	0.000968
0.236368	1.003531	0.021109
0.246783	0.995618	0.000796
0.258237	0.996527	0.002983
0.269235	0.995776	0.000737
0.280119	0.996180	0.001804
0.291637	0.995636	0.001228
0.304155	0.996378	0.002921
0.316144	0.996115	0.001931
0.326966	1.000201	0.011067
0.338482	0.997036	0.002705
0.350148	0.995717	0.000664
0.361484	0.996003	0.000783
0.373145	0.996316	0.000818
0.384655	0.996513	0.002449
0.396679	0.995878	0.001475
0.407191	1.003081	0.020367
0.418314	0.996238	0.001275
0.429155	0.996605	0.001892
0.440531	0.996409	0.001348
0.450979	0.996411	0.001801
0.462285	0.996474	0.002321
0.473039	0.996171	0.000978
0.484299	0.996750	0.001570
0.495701	0.996885	0.000910
0.507193	0.996241	0.002202
0.517873	0.995805	0.000967
0.530218	0.996959	0.001205
0.542562	0.996742	0.001766
0.553111	0.997273	0.002282
0.564421	0.996644	0.001234
0.574915	0.996924	0.001003
0.587442	1.004518	0.020237
0.599101	0.996611	0.001157
0.610344	0.996694	0.001882
0.620813	0.997606	0.001971
0.632193	0.998111	0.001884
0.642873	0.997400	0.000646
0.654112	0.997215	0.001468
0.664446	0.997444	0.002048
0.674937	0.998036	0.001247
0.686959	0.997489	0.000932
0.697806	0.997480	0.001234
0.708255	0.997507	0.001639
0.718666	0.997950	0.001293
0.730019	0.997595	0.001537
0.740491	0.998015	0.001227
0.751669	0.998030	0.001888
0.764352	0.998839	0.001696
0.775977	0.998769	0.001302
0.786628	0.998459	0.001264
0.797829	0.998819	0.001554
0.808508	0.997750	0.001393
0.819728	0.998233	0.001580
0.830198	0.998637	0.001319
0.841577	0.998673	0.001433
0.852575	0.998260	0.000834
0.863419	0.998471	0.001374
0.874916	0.999000	0.001103
0.886746	0.999660	0.001063
0.899110	0.998968	0.001178
0.910306	0.998198	0.001274
0.921686	0.998796	0.001093
0.932464	0.998304	0.001108
0.944728	0.998909	0.001158
0.955082	0.998550	0.001654
0.965571	0.999499	0.001786
0.977257	1.009989	0.033198
0.988243	0.998684	0.001302
0.999299	1.008693	0.030536
1.010028	1.008353	0.027995
1.021026	1.007934	0.026477
1.031933	1.007290	0.024264
1.042619	0.998833	0.000749
1.054050	1.006777	0.023241
1.065586	1.005724	0.020811
1.077380	1.005494	0.020198
1.087195	1.005833	0.018401
1.096937	0.999102	0.001206
1.107364	1.005622	0.016728
1.117199	1.004665	0.015874
1.127713	1.004570	0.014382
1.137475	0.999368	0.000857
1.148535	1.003702	0.013536
1.158879	1.003481	0.012746
1.169393	1.003200	0.010935
1.179155	0.999275	0.001405
1.189774	1.003371	0.010129
1.199579	1.003255	0.009031
1.209242	0.999739	0.000940
1.218741	1.002737	0.007471
1.230037	1.002013	0.006689
1.240192	1.002387	0.006057
1.249895	0.999282	0.000803
1.260184	1.001998	0.005141
1.271026	1.001834	0.004205
1.281615	1.001388	0.003669
1.292285	0.999605	0.000810
1.302121	1.001350	0.002881
1.313730	1.000787	0.003020
1.323888	0.999896	0.002398
1.334951	1.000559	0.001163
1.345573	1.000131	0.001152
1.357231	1.000244	0.001832
1.368128	0.999965	0.001237
1.378798	1.000208	0.001565
1.389644	1.000170	0.001236
1.400031	1.000072	0.000961
1.410326	1.000037	0.001137
1.420515	0.999859	0.001065
1.430297	1.000317	0.000712
1.440664	1.000007	0.001558
1.450997	0.999093	0.000782
1.461228	0.999744	0.002175
1.470775	0.999578	0.001372
1.482248	1.000008	0.001041
1.492677	1.000330	0.001225
1.503031	0.999804	0.001513
1.513617	0.999842	0.000951
1.524972	1.000428	0.000867
1.535344	1.000071	0.000729
1.546799	1.000302	0.000714
1.557461	1.000346	0.000715
1.568701	1.000227	0.001120
1.579055	1.000301	0.001011
1.589506	1.000055	0.001008
1.600148	1.000816	0.000790
1.611466	1.000252	0.000425
1.621759	1.000363	0.000595
1.632251	1.000172	0.001072
1.642910	1.000240	0.000746
1.655122	1.000107	0.000908
1.665528	1.000424	0.001016
1.676019	1.000795	0.001216
1.687014	1.000419	0.001240
1.697844	1.000504	0.001174
1.708255	1.000498	0.001134
1.718684	1.000418	0.001121
1.730037	1.000489	0.000811
1.740568	1.000616	0.001072
1.750902	1.000345	0.001416
1.762293	1.000419	0.001287
1.773908	1.000705	0.001222
1.784895	1.000620	0.001419
1.795735	1.000691	0.001222
1.806399	1.000352	0.001037
1.817692	1.000672	0.000888
1.829055	1.000035	0.001451
1.839506	1.000508	0.001389
1.850148	1.000727	0.001118
1.861466	1.000776	0.001177
1.871855	1.000135	0.000939
1.883295	1.000822	0.000695
1.894273	1.000763	0.000841
1.905573	1.000866	0.001598
1.916555	1.000582	0.001059
1.927064	1.000218	0.001025
1.938337	1.000374	0.000770
1.948908	1.000825	0.001202
1.959262	1.000480	0.000894
1.969748	0.999808	0.001064
1.981139	1.000367	0.001306
1.991612	1.000054	0.001577
2.001946	0.999910	0.001256
2.012475	1.000058	0.001321
2.024103	0.999808	0.000955
2.035364	1.000464	0.000825
2.045735	1.000158	0.000918
2.056399	1.000476	0.001126
2.067867	1.000051	0.001014
2.079075	1.000480	0.000891
2.089506	1.000523	0.001182
2.101921	1.000034	0.000584
2.114123	1.000599	0.001256
2.124895	1.001350	0.001492
2.135424	1.000692	0.000960
2.147542	1.000307	0.001115
2.159377	1.000842	0.000975
2.170677	1.000542	0.001383
2.181399	1.000722	0.000848
2.192867	1.000912	0.001011
2.204075	1.000893	0.001610
2.214506	1.001032	0.001233
2.225148	1.000590	0.000662
2.236756	1.000896	0.001256
2.248594	1.000988	0.001364
2.260424	1.001147	0.001240
2.271717	1.001073	0.001333
2.284082	1.001885	0.001021
2.294671	1.001985	0.001517
2.305297	1.000964	0.000919
2.316805	1.001666	0.001028
2.328066	1.000687	0.001131
2.339506	1.001541	0.001306
2.350148	1.000995	0.000782
2.361756	1.000649	0.001068
2.373198	1.001236	0.001227
2.384339	1.001791	0.001135
2.395374	1.001256	0.001005
2.407874	1.001605	0.000821
2.419516	1.001456	0.001073
2.430317	1.001385	0.000631
2.442866	1.000875	0.000659
2.454133	1.001538	0.001158
2.465551	1.001766	0.000529
2.477257	1.000897	0.001220
2.490130	1.001030	0.000846
2.501706	1.001005	0.001265
2.513759	1.000878	0.000742
2.526901	1.001180	0.001005
2.539169	1.000943	0.001155
2.551039	1.000995	0.000498
2.562014	1.000786	0.000925
2.573806	1.001486	0.001178
2.585046	1.000629	0.001485
2.595795	1.000890	0.000638
2.607423	1.001567	0.000571
2.618664	1.001038	0.000998
2.631105	1.001560	0.001000
2.641868	1.001345	0.000708
2.653416	1.000980	0.001224
2.666058	1.001973	0.001446
2.678148	1.001279	0.000603
2.689679	1.001702	0.001199
2.702316	1.001549	0.000876
2.714526	1.000996	0.000897
2.725148	1.001590	0.001003
2.736756	1.001500	0.000976
2.748198	1.001738	0.000925
2.759946	1.002189	0.001158
2.771754	1.001858	0.001377
2.784377	1.001973	0.001146
2.795697	1.000930	0.000955
2.806419	1.001502	0.001136
2.818222	1.001758	0.001569
2.830235	1.002090	0.000837
2.841615	1.001951	0.000938
2.852613	1.001084	0.001497
2.864855	1.001267	0.001220
2.876706	1.001422	0.000873
2.887475	1.001490	0.000887
2.900541	1.001333	0.001334
2.913650	1.000191	0.004675
2.925704	1.001616	0.001091
2.937014	1.001441	0.001250
2.948806	1.001439	0.001011
2.960877	1.001500	0.001038
2.971957	1.001367	0.000894
2.983542	1.000961	0.001207
2.994708	1.001601	0.001040
3.005159	1.000554	0.005464
3.016943	1.001269	0.002477
3.030786	1.001134	0.000796
3.041612	1.000923	0.003115
3.052084	1.000929	0.000807
3.064182	1.001009	0.001385
3.076017	1.000831	0.001151
3.086388	1.000650	0.004089
3.097292	1.001608	0.000986
3.109607	1.001517	0.001240
3.120986	1.000239	0.002838
3.132641	1.001719	0.000787
3.144293	1.001353	0.000713
3.156535	1.000859	0.001111
3.168579	0.999730	0.002309
3.179175	1.000957	0.000593
3.190723	1.001430	0.000860
3.202196	1.000211	0.002234
3.213777	1.001595	0.000971
3.225188	1.001754	0.000894
3.238452	1.000719	0.001224
3.249932	1.000627	0.002339
3.260404	1.001365	0.000898
3.271717	1.001083	0.000781
3.283248	1.000470	0.001229
3.293824	1.000458	0.002002
3.305317	1.001687	0.000829
3.317886	1.001135	0.001053
3.329112	1.000536	0.001401
3.339526	1.001076	0.001200
3.350263	1.000750	0.001072
3.363788	1.001055	0.000642
3.374932	1.000555	0.001970
3.385719	1.000893	0.000615
3.398059	1.000421	0.000972
3.411388	1.000843	0.001124
3.422192	1.001011	0.001148
3.433508	1.000784	0.000859
3.446361	1.000590	0.001028
3.457306	1.000051	0.000670
3.467679	1.000158	0.001076
3.478714	1.000770	0.001037
3.491255	0.999848	0.000824
3.502951	1.000065	0.001018
3.513637	1.000280	0.001073
3.526266	0.999810	0.001295
3.537452	0.999908	0.000865
3.547866	0.999935	0.001240
3.558508	0.999763	0.000793
3.570056	0.999747	0.001246
3.581241	0.999442	0.000995
3.591635	0.999808	0.001109
3.603043	0.999352	0.001104
3.616255	0.998998	0.000872
3.627951	0.998987	0.001319
3.638637	0.999066	0.001173
3.650205	0.998864	0.001231
3.661521	1.003712	0.014970
3.672846	0.998787	0.001461
3.683508	0.998827	0.000776
3.695395	0.998202	0.001129
3.707343	0.999013	0.001334
3.718724	0.998462	0.001000
3.730077	0.998362	0.001223
3.741588	0.998671	0.001467
3.752815	0.998325	0.000824
3.763637	0.998606	0.000788
3.775537	0.997943	0.001847
3.787452	0.998304	0.001303
3.798277	0.998133	0.000660
3.811977	0.998654	0.000573
3.823806	0.997997	0.001102
3.834319	0.997602	0.000947
3.844788	0.997484	0.001219
3.858229	0.997215	0.000486
3.869726	0.998295	0.001640
3.880159	0.996953	0.001482
3.892557	0.997654	0.000775
3.904741	0.997190	0.001541
3.915606	0.997061	0.001012
3.926019	0.996852	0.000979
3.937014	0.996140	0.001610
3.948806	0.996810	0.001245
3.959319	0.996685	0.000794
3.969788	0.996779	0.000769
3.981179	0.996471	0.001227
3.992697	0.995702	0.001099
4.003048	0.996509	0.001578
4.013637	0.996490	0.001136
4.025205	0.995892	0.001668
4.036408	0.996557	0.001183
4.046819	0.995831	0.000776
4.057481	0.995620	0.000753
4.070056	0.995840	0.000902
4.082306	0.995362	0.001989
4.094473	0.995574	0.001319
4.107443	0.995195	0.000648
4.118684	0.995295	0.001144
4.130099	0.995037	0.000886
4.141492	0.995361	0.001132
4.154088	0.995431	0.000796
4.165999	0.994902	0.000690
4.178895	0.994610	0.000581
4.191825	0.994768	0.000923
4.203086	0.995086	0.000820
4.214824	0.994872	0.000860
4.226663	0.995086	0.001340
4.239892	0.994052	0.000924
4.251984	0.994936	0.001066
4.262752	0.994864	0.001130
4.276267	0.994592	0.001401
4.287452	0.995106	0.000567
4.297905	0.994985	0.000666
4.309590	0.995259	0.001001
4.321830	0.995431	0.000897
4.333332	0.995342	0.001253
4.343724	0.995387	0.001131
4.355077	0.995403	0.001472
4.366608	0.995457	0.001630
4.376984	0.995175	0.000771
4.387475	0.996118	0.001505
4.399103	0.995424	0.001477
4.410364	0.996816	0.001270
4.420792	0.996411	0.000970
4.432464	0.996456	0.001345
4.443951	0.996251	0.000919
4.455197	0.996434	0.001082
4.465591	0.996786	0.001523
4.476270	0.997521	0.000513
4.488101	0.997463	0.001622
4.498926	0.996873	0.000968
4.509322	1.004124	0.018573
4.520001	1.004415	0.017381
4.531179	1.003424	0.015807
4.541632	0.998432	0.000909
4.551355	1.003471	0.015369
4.562130	1.004424	0.014323
4.573470	1.003776	0.014087
4.583332	0.998908	0.001268
4.594453	0.999874	0.001183
4.605490	1.004239	0.012460
4.616984	1.003857	0.011122
4.627061	1.003636	0.010691
4.637475	1.000863	0.001214
4.649161	1.004673	0.009959
4.661052	1.000802	0.001582
4.671877	1.005084	0.008591
4.682596	1.005254	0.008514
4.696103	1.005261	0.008105
4.707306	1.003014	0.001101
4.717737	1.005641	0.006995
4.728792	1.006240	0.006526
4.740583	1.006113	0.006160
4.751034	1.004291	0.001102
4.762475	1.004130	0.001592
4.775262	1.007158	0.004848
4.786466	1.007146	0.004257
4.796894	1.006560	0.003671
4.809055	1.007477	0.000683
4.822521	1.007739	0.003033
4.833332	1.007209	0.001389
4.844788	1.007262	0.001895
4.856256	1.008818	0.002095
4.868310	1.008368	0.001051
4.879467	1.008657	0.001653
4.890841	1.008711	0.001699
4.902372	1.009031	0.003091
4.913554	1.016024	0.017620
4.924064	1.009751	0.002037
4.935990	1.010640	0.001568
4.948253	1.010416	0.002858
4.959414	1.010169	0.002108
4.970815	1.010079	0.002642
4.983507	1.010315	0.001056
4.994806	1.011717	0.002404
5.005217	1.010700	0.003773
5.015841	1.010821	0.001881
5.027372	1.011718	0.001032
5.039263	1.011121	0.001153
5.051115	1.010529	0.001094
5.065208	1.011077	0.000752
5.077081	1.011155	0.001866
5.087827	1.010231	0.001155
5.099161	1.010508	0.001175
5.110793	1.010090	0.001993
5.123552	1.024100	0.041632
5.134024	1.009916	0.001169
5.146103	1.010141	0.001517
5.158325	1.009943	0.001059
5.168779	1.019465	0.029727
5.179155	1.008633	0.001187
5.190801	1.008794	0.001366
5.202471	1.017440	0.023881
5.214583	1.007939	0.002626
5.225246	1.008025	0.001518
5.237169	1.008258	0.001426
5.250050	1.023948	0.033132
5.260461	1.006479	0.003108
5.271794	1.007092	0.002031
5.283325	1.006657	0.001102
5.294688	1.006932	0.000987
5.306324	1.005463	0.001366
5.317968	1.005458	0.000955
5.331041	1.010033	0.013914
5.342049	1.005783	0.001432
5.353812	1.004713	0.002005
5.366408	1.004969	0.001513
5.377159	1.008525	0.011882
5.388779	1.002796	0.001945
5.402351	1.003277	0.000913
5.414321	1.006331	0.009623
5.426887	1.003280	0.001425
5.439536	1.002879	0.001759
5.451094	1.002369	0.001119
5.461563	1.005130	0.008326
5.474086	1.001503	0.001037
5.487248	1.001658	0.001665
5.499023	1.003484	0.006869
5.509831	1.000561	0.001021
5.522683	1.003475	0.010292
5.535027	1.002515	0.007124
5.545850	1.000176	0.001657
5.557311	1.002516	0.008931
5.567984	0.999397	0.001234
5.579267	1.001496	0.005068
5.589998	0.998580	0.001097
5.602890	1.000916	0.007689
5.615401	0.998030	0.000986
5.627159	0.999863	0.004904
5.639374	1.000631	0.006180
5.650282	0.997876	0.001213
5.661523	0.999622	0.003935
5.672308	1.001200	0.011357
5.685481	0.999552	0.005604
5.696928	0.997683	0.001369
5.709081	0.997692	0.003409
5.720538	0.996776	0.000911
5.731399	0.998022	0.005074
5.742774	0.997271	0.000829
5.754152	1.002770	0.016449
5.765651	0.997797	0.004582
5.776344	0.995659	0.001021
5.787567	0.996490	0.002289
