100
0.047414	1.004428	0.004312
0.161056	1.004043	0.003255
0.272766	1.003516	0.003418
0.367467	1.003496	0.003536
0.447021	1.002597	0.003243
0.528449	1.001130	0.002304
0.604208	1.000249	0.001592
0.679976	1.000986	0.001475
0.757617	1.000925	0.003793
0.833377	1.001029	0.003583
0.909139	0.992224	0.010100
0.986781	0.995270	0.008206
1.062548	0.999217	0.002620
1.138304	0.999055	0.001621
1.215949	0.998315	0.002041
1.291708	1.000390	0.003461
1.367476	0.999705	0.002367
1.445117	1.000030	0.002689
1.520877	0.999930	0.001192
1.596639	0.999167	0.002550
1.679968	0.997492	0.004399
1.757613	0.997244	0.004674
1.840935	0.996906	0.005657
1.916695	0.995357	0.007798
2.026522	0.995939	0.007423
2.145848	0.986952	0.014042
2.276522	0.998438	0.004047
2.390167	0.999151	0.002531
2.505694	1.000302	0.001767
2.625012	0.997841	0.018897
2.770847	0.933494	0.073604
2.907204	1.001313	0.029222
3.037894	0.996713	0.026080
3.138295	0.983680	0.026670
3.221604	0.983707	0.028123
3.310652	1.004803	0.007970
3.390190	1.003378	0.004937
3.473526	1.005308	0.013319
3.562540	1.000925	0.001621
3.670495	1.001756	0.002501
3.763289	1.004902	0.004059
3.869358	1.004072	0.004246
3.958372	1.006657	0.005941
4.039813	1.007335	0.007849
4.138299	1.006335	0.007473
4.215948	1.006199	0.007083
4.310654	1.006534	0.006471
4.395876	1.004920	0.005448
4.477308	1.003077	0.004023
4.554977	1.002358	0.002052
4.632608	1.001258	0.001588
4.708367	1.001543	0.001930
4.787904	1.002024	0.002278
4.875035	1.000455	0.001784
4.952681	1.000095	0.001837
5.036008	0.998132	0.003103
5.121259	0.996193	0.005054
5.208367	0.994632	0.006131
5.284122	0.987812	0.010225
5.361776	0.986206	0.011071
5.448905	0.995104	0.008697
5.556879	0.999822	0.001758
5.672402	1.001881	0.003157
5.786042	1.003026	0.004362
5.900048	1.006729	0.005049
6.010472	1.004267	0.004796
6.114642	1.003078	0.002855
6.229222	1.000723	0.003772
6.337548	1.000261	0.001712
6.447972	0.994364	0.008310
6.570888	0.992026	0.010638
6.677142	0.998120	0.001691
6.781307	0.999192	0.001594
6.900048	1.000627	0.003434
7.025062	1.003615	0.006034
7.154218	1.003353	0.005778
7.275032	1.003345	0.004689
7.395873	1.001425	0.003554
7.529208	1.000352	0.002606
7.660458	1.000527	0.001930
7.772952	1.000135	0.001605
7.885472	0.999711	0.002339
7.991722	0.999998	0.002238
8.118801	0.999357	0.002025
8.250057	0.999427	0.002571
8.372982	1.000023	0.003021
8.506297	0.997924	0.002349
8.614642	0.995970	0.003105
8.729222	0.998062	0.001705
8.833392	0.997964	0.003159
8.937552	0.946573	0.064827
9.056307	0.961842	0.050279
9.175052	0.996800	0.030497
9.281307	0.957934	0.053449
9.385472	0.952925	0.047022
9.489638	0.976712	0.032231
9.602137	0.998062	0.003904
9.708392	1.001538	0.003041
9.812552	1.002896	0.002500
9.916722	1.003819	0.002852
0.094828	1.004428	0.004312
0.322111	1.004043	0.003255
0.545531	1.003516	0.003418
0.734933	1.003496	0.003536
0.894042	1.002597	0.003243
1.056899	1.001130	0.002304
1.208416	1.000249	0.001592
1.359951	1.000986	0.001475
1.515234	1.000925	0.003793
1.666753	1.001029	0.003583
1.818279	0.992224	0.010100
1.973562	0.995270	0.008206
2.125097	0.999217	0.002620
2.276608	0.999055	0.001621
2.431899	0.998315	0.002041
2.583416	1.000390	0.003461
2.734951	0.999705	0.002367
2.890234	1.000030	0.002689
3.041753	0.999930	0.001192
3.193279	0.999167	0.002550
3.359935	0.997492	0.004399
3.515226	0.997244	0.004674
3.681871	0.996906	0.005657
3.833390	0.995357	0.007798
4.053044	0.995939	0.007423
4.291697	0.986952	0.014042
4.553044	0.998438	0.004047
4.780333	0.999151	0.002531
5.011388	1.000302	0.001767
5.250024	0.997841	0.018897
5.541695	0.933494	0.073604
5.814408	1.001313	0.029222
6.075788	0.996713	0.026080
6.276590	0.983680	0.026670
6.443208	0.983707	0.028123
6.621305	1.004803	0.007970
6.780380	1.003378	0.004937
6.947052	1.005308	0.013319
7.125081	1.000925	0.001621
7.340990	1.001756	0.002501
7.526578	1.004902	0.004059
7.738715	1.004072	0.004246
7.916743	1.006657	0.005941
8.079626	1.007335	0.007849
8.276598	1.006335	0.007473
8.431897	1.006199	0.007083
8.621307	1.006534	0.006471
8.791751	1.004920	0.005448
8.954616	1.003077	0.004023
9.109953	1.002358	0.002052
9.265216	1.001258	0.001588
9.416733	1.001543	0.001930
9.575808	1.002024	0.002278
9.750071	1.000455	0.001784
9.905362	1.000095	0.001837
10.072016	0.998132	0.003103
10.242517	0.996193	0.005054
10.416733	0.994632	0.006131
10.568244	0.987812	0.010225
10.723551	0.986206	0.011071
10.897810	0.995104	0.008697
11.113758	0.999822	0.001758
11.344804	1.001881	0.003157
11.572085	1.003026	0.004362
11.800096	1.006729	0.005049
12.020944	1.004267	0.004796
12.229284	1.003078	0.002855
12.458444	1.000723	0.003772
12.675096	1.000261	0.001712
12.895944	0.994364	0.008310
13.141776	0.992026	0.010638
13.354284	0.998120	0.001691
13.562613	0.999192	0.001594
13.800096	1.000627	0.003434
14.050124	1.003615	0.006034
14.308436	1.003353	0.005778
14.550064	1.003345	0.004689
14.791747	1.001425	0.003554
15.058416	1.000352	0.002606
15.320916	1.000527	0.001930
15.545904	1.000135	0.001605
15.770944	0.999711	0.002339
15.983444	0.999998	0.002238
16.237602	0.999357	0.002025
16.500113	0.999427	0.002571
16.745964	1.000023	0.003021
17.012593	0.997924	0.002349
17.229284	0.995970	0.003105
17.458444	0.998062	0.001705
17.666784	0.997964	0.003159
17.875104	0.946573	0.064827
18.112613	0.961842	0.050279
18.350104	0.996800	0.030497
18.562613	0.957934	0.053449
18.770944	0.952925	0.047022
18.979276	0.976712	0.032231
19.204273	0.998062	0.003904
19.416784	1.001538	0.003041
19.625104	1.002896	0.002500
19.833444	1.003819	0.002852
