222
0.012467	0.999627	0.000788
0.043144	0.999506	0.000887
0.071493	1.000058	0.000621
0.095715	0.999839	0.000627
0.120950	1.000760	0.002013
0.148841	0.998893	0.001522
0.173318	0.999576	0.000700
0.197805	0.999613	0.001129
0.224619	0.999458	0.000947
0.251965	0.997932	0.002496
0.274589	0.998277	0.002445
0.298226	0.999353	0.000739
0.319609	0.999930	0.002194
0.344128	0.998817	0.000714
0.370080	0.999538	0.001962
0.392519	0.986056	0.035278
0.413329	0.998910	0.000663
0.434189	0.999042	0.000692
0.456648	0.998781	0.001027
0.478933	0.998946	0.000700
0.502180	0.998786	0.001051
0.525153	0.998879	0.001055
0.549240	0.998761	0.001116
0.574988	0.998594	0.000702
0.598216	0.998205	0.001134
0.621381	0.998966	0.000490
0.644834	1.000426	0.002496
0.669353	0.999915	0.001522
0.693297	0.999257	0.000914
0.718523	0.999464	0.001225
0.744066	0.999737	0.000924
0.768513	0.999195	0.001958
0.792970	1.000475	0.000744
0.815952	1.000135	0.000863
0.839670	1.000787	0.000475
0.866730	1.001622	0.001171
0.889896	1.001915	0.001687
0.915664	1.002116	0.000663
0.941207	1.002644	0.000661
0.966433	1.003074	0.000851
0.989568	1.003441	0.000871
1.012806	1.004331	0.001987
1.039833	1.004048	0.002244
1.063810	1.005119	0.001319
1.086762	1.005141	0.001492
1.111832	1.005165	0.001003
1.136997	1.004272	0.001321
1.161484	1.004490	0.002178
1.186514	1.004598	0.001062
1.211209	1.004752	0.001204
1.237047	1.004928	0.002340
1.261239	1.004946	0.002209
1.285716	1.004299	0.001172
1.308881	1.003209	0.001096
1.334404	1.000627	0.005016
1.357612	1.001935	0.002449
1.380787	1.003353	0.002991
1.403933	1.003655	0.005649
1.427068	1.002695	0.003562
1.450060	1.001161	0.001288
1.473226	0.999679	0.004178
1.496381	0.998287	0.006347
1.519824	1.000163	0.004697
1.542970	1.001794	0.005452
1.565952	1.000989	0.003743
1.590429	0.999950	0.000769
1.618595	0.999559	0.002238
1.647172	0.999252	0.001928
1.673789	0.999519	0.001312
1.699487	0.999348	0.001422
1.723533	0.999807	0.002053
1.748789	1.000640	0.001467
1.772417	0.999672	0.001028
1.795429	0.999419	0.001524
1.821884	0.999633	0.001137
1.847745	0.999790	0.001543
1.874312	1.000629	0.001918
1.897417	0.999542	0.001561
1.920429	0.999249	0.001217
1.943585	0.999497	0.000875
1.966730	0.999201	0.000899
1.991956	0.999662	0.000905
2.015183	0.999416	0.000664
2.040972	0.999146	0.000500
2.064107	0.999269	0.000810
2.088719	0.999537	0.000841
2.113810	0.999232	0.001555
2.138391	0.999696	0.000710
2.165982	0.999281	0.001263
2.189630	0.999474	0.000819
2.215634	0.999227	0.000686
2.243585	1.002502	0.009782
2.268032	0.999686	0.000688
2.294118	0.999696	0.000847
2.320900	1.000041	0.001341
2.344559	0.999712	0.000761
2.369363	0.999716	0.000645
2.395122	1.000096	0.000659
2.418287	1.000105	0.000728
2.444774	1.000109	0.000908
2.471976	0.999675	0.000817
2.499302	1.000262	0.000826
2.522940	1.000556	0.001169
2.550080	1.000138	0.001376
2.573186	0.999806	0.001345
2.594681	1.000142	0.001438
2.618277	0.999885	0.001088
2.640634	0.999830	0.000964
2.667754	0.999601	0.001473
2.692571	0.999707	0.001223
2.721331	1.000877	0.003902
2.751146	0.998408	0.015409
2.781556	0.999802	0.000664
2.810520	0.999790	0.000879
2.840592	0.999908	0.000559
2.866207	0.999612	0.000698
2.889373	0.999505	0.000705
2.914608	0.999832	0.000690
2.938071	0.999572	0.000437
2.961504	0.999456	0.001007
2.988810	0.999942	0.000485
3.015694	0.999485	0.000977
3.039886	0.999539	0.000687
3.068490	0.999985	0.000851
3.099825	1.000321	0.000541
3.125571	1.000163	0.000979
3.148687	1.000302	0.001152
3.174004	0.999775	0.000724
3.198974	0.999374	0.001277
3.222693	0.998555	0.002630
3.246964	0.999375	0.000871
3.274763	1.000363	0.001232
3.300777	1.000748	0.001882
3.325633	1.000102	0.000563
3.351310	0.999808	0.000777
3.381493	0.999484	0.001605
3.408943	0.999703	0.000841
3.433358	0.999866	0.002569
3.458881	1.000349	0.002108
3.484670	1.000302	0.003425
3.510716	0.999679	0.000701
3.535193	1.000829	0.002323
3.558358	1.000511	0.002274
3.583891	0.999958	0.000586
3.609424	0.999758	0.002801
3.633348	1.000593	0.000982
3.657857	1.000584	0.001142
3.684434	0.999981	0.000592
3.708881	0.999869	0.000697
3.732344	1.000494	0.000886
3.757570	1.000062	0.000814
3.780705	1.000225	0.001282
3.806546	1.000431	0.000989
3.833420	1.000393	0.000950
3.861730	1.000365	0.000562
3.887806	0.999923	0.000765
3.912498	0.999374	0.002353
3.937600	0.999691	0.001282
3.963584	0.999558	0.004466
3.986750	0.999315	0.004593
4.012017	0.999685	0.000809
4.039343	0.999370	0.002660
4.065890	1.002039	0.003522
4.091893	0.999248	0.003579
4.117499	0.999454	0.003094
4.143513	1.000557	0.000776
4.172375	1.001983	0.003471
4.200839	1.001119	0.002678
4.226843	1.000434	0.000911
4.256023	0.998927	0.004517
4.281761	0.999269	0.002184
4.307560	1.000775	0.001641
4.333861	1.003028	0.005722
4.364303	1.000566	0.001079
4.390900	0.997709	0.006987
4.419579	1.000379	0.000611
4.446884	0.999861	0.000420
4.474220	0.997865	0.006697
4.502909	1.002467	0.006487
4.532344	1.002693	0.005964
4.563011	1.000417	0.001875
4.594036	0.999686	0.000953
4.620050	1.000027	0.000747
4.646361	1.000961	0.002571
4.675080	1.001714	0.004453
4.706013	1.000600	0.001268
4.732540	0.999752	0.001681
4.758831	1.000087	0.001517
4.790121	1.001225	0.001996
4.818513	1.000788	0.001680
4.845275	1.000269	0.001523
4.875511	0.999195	0.001543
4.904005	0.999957	0.000747
4.933410	1.000113	0.000410
4.963492	1.000183	0.000829
4.992479	1.000509	0.000626
5.019834	1.000327	0.000580
5.049743	1.000513	0.000374
5.078400	1.000379	0.000453
5.104671	1.000168	0.000317
5.133093	0.999996	0.000915
5.161792	1.000243	0.000708
5.190880	1.000008	0.000639
5.215900	1.002560	0.007116
5.241495	1.001001	0.003061
5.269076	1.000734	0.003533
5.294507	0.999879	0.001998
5.317744	0.999907	0.001238
5.340900	0.999463	0.001405
5.365071	1.000098	0.000927
5.389363	1.000249	0.000477
5.414333	1.000625	0.000356
5.440347	1.000283	0.000958
5.463584	1.000337	0.000746
5.489087	1.000525	0.000993
5.514363	0.999924	0.000721
5.539568	1.000164	0.000491
5.565357	1.000581	0.000819
5.588574	0.999919	0.000581
5.614405	0.999685	0.000985
5.643215	1.000210	0.000591
5.671894	0.999832	0.001185
0.024934	0.999627	0.000788
0.086288	0.999506	0.000887
0.142987	1.000058	0.000621
0.191430	0.999839	0.000627
0.241901	1.000760	0.002013
0.297682	0.998893	0.001522
0.346636	0.999576	0.000700
0.395610	0.999613	0.001129
0.449239	0.999458	0.000947
0.503930	0.997932	0.002496
0.549179	0.998277	0.002445
0.596451	0.999353	0.000739
0.639218	0.999930	0.002194
0.688256	0.998817	0.000714
0.740159	0.999538	0.001962
0.785038	0.986056	0.035278
0.826658	0.998910	0.000663
0.868378	0.999042	0.000692
0.913296	0.998781	0.001027
0.957865	0.998946	0.000700
1.004361	0.998786	0.001051
1.050305	0.998879	0.001055
1.098479	0.998761	0.001116
1.149976	0.998594	0.000702
1.196431	0.998205	0.001134
1.242762	0.998966	0.000490
1.289668	1.000426	0.002496
1.338707	0.999915	0.001522
1.386594	0.999257	0.000914
1.437045	0.999464	0.001225
1.488131	0.999737	0.000924
1.537025	0.999195	0.001958
1.585939	1.000475	0.000744
1.631904	1.000135	0.000863
1.679341	1.000787	0.000475
1.733461	1.001622	0.001171
1.779791	1.001915	0.001687
1.831328	1.002116	0.000663
1.882414	1.002644	0.000661
1.932865	1.003074	0.000851
1.979136	1.003441	0.000871
2.025611	1.004331	0.001987
2.079667	1.004048	0.002244
2.127619	1.005119	0.001319
2.173524	1.005141	0.001492
2.223664	1.005165	0.001003
2.273994	1.004272	0.001321
2.322968	1.004490	0.002178
2.373028	1.004598	0.001062
2.422418	1.004752	0.001204
2.474094	1.004928	0.002340
2.522478	1.004946	0.002209
2.571431	1.004299	0.001172
2.617762	1.003209	0.001096
2.668808	1.000627	0.005016
2.715224	1.001935	0.002449
2.761574	1.003353	0.002991
2.807865	1.003655	0.005649
2.854136	1.002695	0.003562
2.900121	1.001161	0.001288
2.946451	0.999679	0.004178
2.992762	0.998287	0.006347
3.039648	1.000163	0.004697
3.085939	1.001794	0.005452
3.131904	1.000989	0.003743
3.180858	0.999950	0.000769
3.237190	0.999559	0.002238
3.294344	0.999252	0.001928
3.347578	0.999519	0.001312
3.398974	0.999348	0.001422
3.447067	0.999807	0.002053
3.497578	1.000640	0.001467
3.544834	0.999672	0.001028
3.590859	0.999419	0.001524
3.643768	0.999633	0.001137
3.695490	0.999790	0.001543
3.748624	1.000629	0.001918
3.794834	0.999542	0.001561
3.840859	0.999249	0.001217
3.887170	0.999497	0.000875
3.933461	0.999201	0.000899
3.983911	0.999662	0.000905
4.030367	0.999416	0.000664
4.081944	0.999146	0.000500
4.128214	0.999269	0.000810
4.177437	0.999537	0.000841
4.227619	0.999232	0.001555
4.276782	0.999696	0.000710
4.331964	0.999281	0.001263
4.379261	0.999474	0.000819
4.431268	0.999227	0.000686
4.487170	1.002502	0.009782
4.536064	0.999686	0.000688
4.588236	0.999696	0.000847
4.641801	1.000041	0.001341
4.689118	0.999712	0.000761
4.738727	0.999716	0.000645
4.790244	1.000096	0.000659
4.836574	1.000105	0.000728
4.889548	1.000109	0.000908
4.943953	0.999675	0.000817
4.998604	1.000262	0.000826
5.045881	1.000556	0.001169
5.100161	1.000138	0.001376
5.146371	0.999806	0.001345
5.189362	1.000142	0.001438
5.236554	0.999885	0.001088
5.281268	0.999830	0.000964
5.335508	0.999601	0.001473
5.385142	0.999707	0.001223
5.442662	1.000877	0.003902
5.502293	0.998408	0.015409
5.563111	0.999802	0.000664
5.621041	0.999790	0.000879
5.681184	0.999908	0.000559
5.732414	0.999612	0.000698
5.778745	0.999505	0.000705
5.829216	0.999832	0.000690
5.876142	0.999572	0.000437
5.923008	0.999456	0.001007
5.977619	0.999942	0.000485
6.031388	0.999485	0.000977
6.079771	0.999539	0.000687
6.136981	0.999985	0.000851
6.199650	1.000321	0.000541
6.251142	1.000163	0.000979
6.297373	1.000302	0.001152
6.348008	0.999775	0.000724
6.397948	0.999374	0.001277
6.445385	0.998555	0.002630
6.493928	0.999375	0.000871
6.549525	1.000363	0.001232
6.601553	1.000748	0.001882
6.651267	1.000102	0.000563
6.702619	0.999808	0.000777
6.762987	0.999484	0.001605
6.817887	0.999703	0.000841
6.866716	0.999866	0.002569
6.917762	1.000349	0.002108
6.969339	1.000302	0.003425
7.021431	0.999679	0.000701
7.070385	1.000829	0.002323
7.116716	1.000511	0.002274
7.167782	0.999958	0.000586
7.218848	0.999758	0.002801
7.266696	1.000593	0.000982
7.315714	1.000584	0.001142
7.368868	0.999981	0.000592
7.417762	0.999869	0.000697
7.464688	1.000494	0.000886
7.515139	1.000062	0.000814
7.561410	1.000225	0.001282
7.613091	1.000431	0.000989
7.666841	1.000393	0.000950
7.723459	1.000365	0.000562
7.775611	0.999923	0.000765
7.824996	0.999374	0.002353
7.875201	0.999691	0.001282
7.927168	0.999558	0.004466
7.973499	0.999315	0.004593
8.024034	0.999685	0.000809
8.078685	0.999370	0.002660
8.131779	1.002039	0.003522
8.183787	0.999248	0.003579
8.234998	0.999454	0.003094
8.287025	1.000557	0.000776
8.344750	1.001983	0.003471
8.401678	1.001119	0.002678
8.453685	1.000434	0.000911
8.512045	0.998927	0.004517
8.563522	0.999269	0.002184
8.615119	1.000775	0.001641
8.667722	1.003028	0.005722
8.728605	1.000566	0.001079
8.781799	0.997709	0.006987
8.839158	1.000379	0.000611
8.893768	0.999861	0.000420
8.948439	0.997865	0.006697
9.005818	1.002467	0.006487
9.064688	1.002693	0.005964
9.126022	1.000417	0.001875
9.188071	0.999686	0.000953
9.240099	1.000027	0.000747
9.292722	1.000961	0.002571
9.350161	1.001714	0.004453
9.412025	1.000600	0.001268
9.465079	0.999752	0.001681
9.517662	1.000087	0.001517
9.580242	1.001225	0.001996
9.637025	1.000788	0.001680
9.690550	1.000269	0.001523
9.751022	0.999195	0.001543
9.808010	0.999957	0.000747
9.866821	1.000113	0.000410
9.926984	1.000183	0.000829
9.984958	1.000509	0.000626
10.039668	1.000327	0.000580
10.099485	1.000513	0.000374
10.156799	1.000379	0.000453
10.209342	1.000168	0.000317
10.266185	0.999996	0.000915
10.323584	1.000243	0.000708
10.381759	1.000008	0.000639
10.431799	1.002560	0.007116
10.482990	1.001001	0.003061
10.538151	1.000734	0.003533
10.589013	0.999879	0.001998
10.635488	0.999907	0.001238
10.681799	0.999463	0.001405
10.730142	1.000098	0.000927
10.778725	1.000249	0.000477
10.828665	1.000625	0.000356
10.880693	1.000283	0.000958
10.927168	1.000337	0.000746
10.978174	1.000525	0.000993
11.028725	0.999924	0.000721
11.079136	1.000164	0.000491
11.130713	1.000581	0.000819
11.177148	0.999919	0.000581
11.228810	0.999685	0.000985
11.286430	1.000210	0.000591
11.343788	0.999832	0.001185
