100
0.003745	1.001557	0.003684
0.011018	0.993837	0.029168
0.018576	1.002118	0.003737
0.024994	1.001686	0.003523
0.032023	0.995281	0.026427
0.039405	1.001732	0.003802
0.045672	1.001579	0.003736
0.052674	0.997158	0.021107
0.059743	1.002142	0.003760
0.065809	1.001357	0.003279
0.073037	0.999126	0.013476
0.080169	1.001906	0.003928
0.086223	1.000924	0.003139
0.093558	1.000461	0.006599
0.100602	1.002410	0.003907
0.106786	1.000653	0.006141
0.114237	1.000138	0.007051
0.121425	1.000699	0.007922
0.127710	1.000053	0.008455
0.135056	0.999684	0.008915
0.142202	0.999779	0.011182
0.148449	0.999242	0.010880
0.155532	1.001218	0.003723
0.162598	0.997883	0.014643
0.168627	0.998637	0.011930
0.175925	0.998421	0.009810
0.183044	0.996268	0.015418
0.189366	0.997113	0.015340
0.196727	0.995816	0.015763
0.203193	0.996232	0.019967
0.210086	0.995312	0.021973
0.217566	0.993275	0.023749
0.224384	0.993545	0.026739
0.230699	0.993194	0.028389
0.238290	0.991018	0.029780
0.245378	0.991011	0.031092
0.252002	0.989970	0.032474
0.259432	0.990487	0.031892
0.266608	0.989609	0.033366
0.273117	0.989618	0.032955
0.280456	0.989012	0.033242
0.287977	0.988468	0.033128
0.294139	0.987210	0.033947
0.301757	0.991010	0.030802
0.309590	0.988481	0.033456
0.316107	0.986895	0.031346
0.323639	0.987034	0.033087
0.331180	0.992828	0.031537
0.338047	0.984073	0.033607
0.344991	0.988762	0.031462
0.352715	0.991525	0.030119
0.359437	0.986867	0.030451
0.366076	0.990462	0.027052
0.373800	0.991400	0.026126
0.380743	0.987354	0.026349
0.386953	0.991166	0.023450
0.394548	0.991231	0.026127
0.401798	0.988015	0.024311
0.408613	0.992164	0.024136
0.416166	0.987731	0.032830
0.423606	0.988085	0.029015
0.430202	0.983983	0.039990
0.437888	0.990972	0.028266
0.445413	0.986324	0.032539
0.451931	0.980887	0.042401
0.459293	0.984319	0.039711
0.466890	0.992363	0.019747
0.473745	0.976034	0.046551
0.480586	0.986497	0.035525
0.488171	0.991344	0.023635
0.495750	0.981927	0.040701
0.502089	0.989990	0.033950
0.509731	0.989122	0.031142
0.517671	0.984699	0.041099
0.524401	0.992947	0.030444
0.531956	0.989706	0.031037
0.539669	0.987856	0.037851
0.546404	0.994930	0.026510
0.553282	0.991581	0.026888
0.560924	0.990455	0.030299
0.567449	0.997165	0.019482
0.574034	0.994189	0.019996
0.581583	0.994253	0.023669
0.587465	0.999163	0.010720
0.594262	0.996524	0.014197
0.601530	0.993979	0.023428
0.607872	1.000524	0.004314
0.615114	0.998508	0.011725
0.622264	0.994928	0.027517
0.628057	1.000444	0.005082
0.635088	0.998446	0.009163
0.642422	1.001640	0.004177
0.648107	0.993114	0.029664
0.655248	0.999628	0.006560
0.662033	1.001560	0.004242
0.668095	0.992700	0.029794
0.675638	1.000875	0.005067
0.681488	1.001504	0.003665
0.688587	0.995715	0.025580
0.695760	1.001855	0.003981
0.007489	1.001557	0.003684
0.022035	0.993837	0.029168
0.037152	1.002118	0.003737
0.049989	1.001686	0.003523
0.064046	0.995281	0.026427
0.078811	1.001732	0.003802
0.091343	1.001579	0.003736
0.105349	0.997158	0.021107
0.119486	1.002142	0.003760
0.131618	1.001357	0.003279
0.146074	0.999126	0.013476
0.160338	1.001906	0.003928
0.172446	1.000924	0.003139
0.187115	1.000461	0.006599
0.201203	1.002410	0.003907
0.213572	1.000653	0.006141
0.228475	1.000138	0.007051
0.242849	1.000699	0.007922
0.255421	1.000053	0.008455
0.270113	0.999684	0.008915
0.284403	0.999779	0.011182
0.296898	0.999242	0.010880
0.311064	1.001218	0.003723
0.325196	0.997883	0.014643
0.337254	0.998637	0.011930
0.351851	0.998421	0.009810
0.366088	0.996268	0.015418
0.378732	0.997113	0.015340
0.393454	0.995816	0.015763
0.406386	0.996232	0.019967
0.420173	0.995312	0.021973
0.435131	0.993275	0.023749
0.448768	0.993545	0.026739
0.461398	0.993194	0.028389
0.476580	0.991018	0.029780
0.490756	0.991011	0.031092
0.504004	0.989970	0.032474
0.518865	0.990487	0.031892
0.533216	0.989609	0.033366
0.546233	0.989618	0.032955
0.560911	0.989012	0.033242
0.575954	0.988468	0.033128
0.588277	0.987210	0.033947
0.603513	0.991010	0.030802
0.619180	0.988481	0.033456
0.632213	0.986895	0.031346
0.647278	0.987034	0.033087
0.662360	0.992828	0.031537
0.676093	0.984073	0.033607
0.689982	0.988762	0.031462
0.705431	0.991525	0.030119
0.718874	0.986867	0.030451
0.732152	0.990462	0.027052
0.747600	0.991400	0.026126
0.761487	0.987354	0.026349
0.773907	0.991166	0.023450
0.789096	0.991231	0.026127
0.803597	0.988015	0.024311
0.817225	0.992164	0.024136
0.832332	0.987731	0.032830
0.847211	0.988085	0.029015
0.860403	0.983983	0.039990
0.875776	0.990972	0.028266
0.890826	0.986324	0.032539
0.903862	0.980887	0.042401
0.918586	0.984319	0.039711
0.933780	0.992363	0.019747
0.947491	0.976034	0.046551
0.961173	0.986497	0.035525
0.976343	0.991344	0.023635
0.991500	0.981927	0.040701
1.004178	0.989990	0.033950
1.019461	0.989122	0.031142
1.035341	0.984699	0.041099
1.048802	0.992947	0.030444
1.063911	0.989706	0.031037
1.079338	0.987856	0.037851
1.092808	0.994930	0.026510
1.106564	0.991581	0.026888
1.121849	0.990455	0.030299
1.134898	0.997165	0.019482
1.148068	0.994189	0.019996
1.163166	0.994253	0.023669
1.174930	0.999163	0.010720
1.188525	0.996524	0.014197
1.203059	0.993979	0.023428
1.215745	1.000524	0.004314
1.230228	0.998508	0.011725
1.244529	0.994928	0.027517
1.256114	1.000444	0.005082
1.270177	0.998446	0.009163
1.284844	1.001640	0.004177
1.296213	0.993114	0.029664
1.310496	0.999628	0.006560
1.324065	1.001560	0.004242
1.336190	0.992700	0.029794
1.351276	1.000875	0.005067
1.362977	1.001504	0.003665
1.377173	0.995715	0.025580
1.391520	1.001855	0.003981
