425
0.004203	0.999106	0.000782
0.012568	0.999927	0.001670
0.020417	0.999189	0.000515
0.028645	0.999513	0.000508
0.037516	0.999839	0.001198
0.045006	1.000178	0.000796
0.052768	1.000124	0.000633
0.061367	1.000078	0.000973
0.068955	1.000427	0.001176
0.076712	1.000323	0.000673
0.084831	1.000354	0.000415
0.092712	1.001010	0.000880
0.100733	1.000868	0.000648
0.108373	1.000750	0.000643
0.115958	1.001247	0.000838
0.123867	1.000971	0.000402
0.131680	1.001115	0.000572
0.140024	1.001378	0.000656
0.147684	1.001356	0.000628
0.155735	1.001623	0.000620
0.164157	1.001887	0.000530
0.172398	1.001931	0.000557
0.179808	1.002032	0.000636
0.187057	1.002060	0.000526
0.194720	1.002264	0.000733
0.202524	1.002432	0.000417
0.210184	1.002077	0.000514
0.217712	1.002399	0.000783
0.226423	1.002459	0.000434
0.234133	1.002834	0.000801
0.241758	1.002524	0.000780
0.249567	1.002500	0.000616
0.257220	1.002147	0.001110
0.265024	1.002768	0.000745
0.272154	1.003264	0.001982
0.279440	1.002721	0.000684
0.288029	1.002759	0.000733
0.295066	1.003136	0.001396
0.302778	1.002498	0.000599
0.311271	1.002827	0.000842
0.318955	1.002737	0.000632
0.327058	1.002420	0.000597
0.335068	1.002656	0.000761
0.342712	1.002527	0.000721
0.350743	1.002683	0.000616
0.357566	1.002757	0.000640
0.365278	1.002856	0.000637
0.373631	1.002389	0.001324
0.380877	1.002448	0.000602
0.388886	1.002214	0.000954
0.395764	1.002188	0.000718
0.403050	1.002385	0.000648
0.411295	1.002568	0.000610
0.418666	1.002218	0.000711
0.426072	1.002040	0.000765
0.434063	1.001763	0.000549
0.440906	1.001984	0.000561
0.449278	1.001490	0.001066
0.456979	1.001504	0.000684
0.464217	1.001519	0.000486
0.472938	1.001239	0.000517
0.480868	1.001455	0.000807
0.488572	1.001400	0.000737
0.496745	1.001510	0.000638
0.505096	1.001030	0.000677
0.514147	1.000802	0.000405
0.521743	1.001081	0.000713
0.529936	1.000805	0.000703
0.537621	1.020304	0.059097
0.544366	1.000797	0.000630
0.552370	1.018101	0.052027
0.560581	1.000442	0.000849
0.568238	1.000468	0.000346
0.575526	1.015913	0.046274
0.582641	1.000619	0.000295
0.589768	1.000634	0.001207
0.597184	1.014312	0.041312
0.603897	1.000789	0.001235
0.610870	1.000352	0.000793
0.618758	1.011738	0.035707
0.625624	1.000244	0.000437
0.633256	1.000264	0.000829
0.641051	1.009719	0.029468
0.648352	0.999995	0.000656
0.655939	0.999547	0.000930
0.663301	1.008288	0.024268
0.670766	0.999788	0.000877
0.678237	1.006257	0.019741
0.685513	0.999724	0.000449
0.692483	0.999618	0.000584
0.699809	1.004731	0.015642
0.706979	0.999601	0.000456
0.714058	0.999502	0.000871
0.721633	1.003637	0.012651
0.729074	0.999676	0.000682
0.736410	0.999434	0.000567
0.743768	1.002729	0.009947
0.750624	0.999411	0.000533
0.757920	0.999579	0.000627
0.765306	1.002094	0.007622
0.772154	0.999389	0.000610
0.779440	0.999669	0.000547
0.786921	1.001334	0.005895
0.793666	0.999178	0.000392
0.801082	0.999425	0.000672
0.808431	1.000531	0.004114
0.815216	0.999508	0.000595
0.822609	0.999344	0.001044
0.829951	1.000593	0.002699
0.837127	0.999425	0.000819
0.845410	0.999781	0.002262
0.853312	0.999197	0.000498
0.861261	0.999040	0.000792
0.868768	0.999628	0.001508
0.875614	0.999090	0.000828
0.882920	0.999096	0.000763
0.890316	0.999585	0.001428
0.897154	0.998506	0.000558
0.904936	0.998400	0.000711
0.912611	0.998330	0.001087
0.919890	0.997662	0.000591
0.927547	0.998030	0.001000
0.934813	0.997800	0.000711
0.941723	0.997385	0.000807
0.949189	0.997523	0.001141
0.956979	0.997086	0.000560
0.964048	0.996863	0.000915
0.971396	0.997524	0.001318
0.978461	0.997808	0.000489
0.985870	0.997341	0.000406
0.994105	0.998251	0.001131
1.001728	0.998615	0.000399
1.009905	0.998916	0.000798
1.017461	0.999213	0.001160
1.024236	0.999295	0.000388
1.031697	0.999348	0.001117
1.038993	0.999501	0.000757
1.045873	0.999050	0.000555
1.053247	0.999429	0.001017
1.060503	0.999299	0.000615
1.067483	0.999360	0.000846
1.074978	0.999585	0.001000
1.082641	0.999275	0.000520
1.089721	0.999172	0.000373
1.096872	0.999628	0.000785
1.103275	0.999632	0.000535
1.109711	0.999489	0.000714
1.116312	0.999512	0.000999
1.122949	0.999466	0.000710
1.129158	0.999426	0.000471
1.136502	0.999512	0.000893
1.143153	0.999518	0.000724
1.149288	0.999808	0.000577
1.156697	0.999670	0.000558
1.163355	0.999240	0.000532
1.169479	0.999653	0.000525
1.176212	0.999537	0.001071
1.182870	0.999893	0.000928
1.190032	0.999827	0.000498
1.197032	0.999600	0.000618
1.203720	0.999974	0.000715
1.210292	0.999482	0.000689
1.217182	0.999467	0.000808
1.223965	0.999663	0.000659
1.230399	0.999435	0.000532
1.237800	0.999650	0.000807
1.244775	0.999657	0.000533
1.250923	1.000017	0.000641
1.257546	0.999546	0.000560
1.264653	0.999861	0.000621
1.272089	0.999544	0.000651
1.279049	0.999235	0.000593
1.285775	0.999624	0.000575
1.291890	0.999726	0.000689
1.298621	0.999802	0.000753
1.305192	0.999710	0.000834
1.311747	1.000041	0.000513
1.318911	0.999214	0.000743
1.326324	1.000078	0.000565
1.333199	0.999563	0.000572
1.340271	0.999736	0.000703
1.347174	0.999786	0.000606
1.353860	0.999730	0.000589
1.360591	0.999816	0.000662
1.368001	0.999627	0.000664
1.375250	0.999929	0.000257
1.382743	0.999816	0.000676
1.389925	0.999884	0.000629
1.396090	0.999645	0.000571
1.402996	0.999800	0.000800
1.410384	1.000046	0.000711
1.416900	0.999834	0.000714
1.423621	0.999414	0.000676
1.430192	0.999738	0.000670
1.436801	0.999924	0.000437
1.443911	1.000051	0.000571
1.451269	0.999687	0.000751
1.458040	1.000099	0.000805
1.464935	0.999625	0.000503
1.472303	0.999836	0.000796
1.478860	0.999940	0.000426
1.485421	0.999478	0.000685
1.492002	1.000096	0.000406
1.498574	1.000186	0.000796
1.505683	0.999761	0.000559
1.512832	1.000153	0.000370
1.519611	1.000070	0.000328
1.527081	0.999479	0.000818
1.533662	1.000022	0.000583
1.540254	0.999902	0.000573
1.547717	0.999786	0.000770
1.555915	0.999640	0.000744
1.562740	1.000004	0.000498
1.569441	1.000110	0.000813
1.576269	1.000163	0.000573
1.583050	1.000291	0.000780
1.589741	1.000111	0.000497
1.596862	0.999803	0.000790
1.603417	1.000129	0.000478
1.610421	1.000524	0.000623
1.617002	0.999888	0.000616
1.623516	1.000378	0.000725
1.630245	1.000303	0.000462
1.638433	1.000297	0.000310
1.645550	1.000431	0.000605
1.652081	0.999870	0.000334
1.658822	0.999984	0.000802
1.665785	1.000403	0.000455
1.672363	1.000077	0.000612
1.679672	1.000053	0.000713
1.686737	1.000348	0.000536
1.693751	1.000014	0.000544
1.700502	1.000114	0.000663
1.707950	1.000051	0.000542
1.715690	1.000314	0.000674
1.723061	1.000292	0.000644
1.729729	1.000263	0.000577
1.737056	1.000457	0.000342
1.744095	1.000624	0.001136
1.750559	1.000471	0.000499
1.757546	1.000187	0.000269
1.764235	1.000286	0.000535
1.770550	1.000480	0.000488
1.777241	1.000071	0.000327
1.784599	1.000336	0.000388
1.791539	1.000644	0.000700
1.798856	1.000687	0.000634
1.806214	1.000310	0.000475
1.812740	1.000485	0.000683
1.819441	1.000322	0.000491
1.826269	1.000374	0.000333
1.833209	1.000236	0.000517
1.840496	1.000292	0.000358
1.847884	1.000181	0.000491
1.854729	1.000293	0.000507
1.862056	1.000351	0.000723
1.870026	1.000175	0.000618
1.876972	1.000589	0.000546
1.885802	1.000461	0.000580
1.893119	1.000352	0.000604
1.900049	1.000501	0.000597
1.908094	1.000248	0.000635
1.915264	1.000566	0.000384
1.922363	1.000590	0.000661
1.929672	1.000196	0.000616
1.937205	1.000656	0.000632
1.945801	1.000680	0.000801
1.953536	1.000216	0.000489
1.960384	1.000708	0.000763
1.968385	1.000265	0.000507
1.976795	1.000459	0.000303
1.985887	1.000638	0.000438
1.994469	1.000297	0.000596
2.002054	1.000757	0.000807
2.010690	1.000270	0.000382
2.018248	1.000728	0.000755
2.026521	1.000813	0.000634
2.034609	1.000644	0.000892
2.041539	1.000691	0.000610
2.049991	1.000341	0.000675
2.057686	1.000480	0.000328
2.064554	1.000484	0.000517
2.073197	1.000825	0.000727
2.081299	1.000431	0.000856
2.088667	1.000470	0.000327
2.096773	1.000753	0.000517
2.104542	1.000673	0.000811
2.112678	1.001015	0.000777
2.120859	1.000447	0.000644
2.127771	1.000318	0.000618
2.135812	1.000427	0.000579
2.143109	1.000094	0.000753
2.150280	1.000788	0.000691
2.158114	1.000487	0.000650
2.165264	1.000635	0.000553
2.172809	1.000363	0.000888
2.180962	1.000528	0.000770
2.188059	1.000541	0.000740
2.195988	1.000856	0.000529
2.203526	1.000671	0.001081
2.210561	1.000614	0.000459
2.219162	1.000297	0.000654
2.226439	1.000831	0.000638
2.233630	1.000407	0.000558
2.241315	1.000321	0.000494
2.248118	1.000207	0.000743
2.255197	1.000330	0.000766
2.262441	1.000258	0.000969
2.269349	1.000062	0.001015
2.276017	1.000353	0.001119
2.282975	0.999879	0.001073
2.289798	0.999846	0.001095
2.296867	1.000431	0.000913
2.304141	1.000316	0.000950
2.310999	1.000251	0.000737
2.318034	1.000197	0.000486
2.325315	1.000160	0.000531
2.332121	1.000153	0.000494
2.339646	1.000584	0.000469
2.346855	1.000593	0.000764
2.353604	1.000190	0.000567
2.361101	1.000256	0.000923
2.368734	1.000346	0.000662
2.375223	1.000189	0.000845
2.382539	1.000553	0.000529
2.389917	1.000430	0.001113
2.396399	0.999854	0.000638
2.403974	1.000052	0.000770
2.410757	1.000189	0.000706
2.417406	1.000087	0.000897
2.425365	1.000209	0.000849
2.432287	1.000176	0.000870
2.438759	0.999995	0.000674
2.447007	1.000239	0.000549
2.453807	1.000056	0.000401
2.460581	1.000112	0.000595
2.467864	1.000015	0.000595
2.474647	1.000471	0.000800
2.482111	1.000149	0.000553
2.489489	0.999824	0.000690
2.497000	0.999866	0.000568
2.504420	1.000407	0.000856
2.511689	1.000023	0.000515
2.519100	0.999833	0.000663
2.526017	1.000149	0.000537
2.532975	0.999998	0.000748
2.539920	0.999928	0.000524
2.547204	0.999565	0.001024
2.554515	1.000047	0.001173
2.561682	0.999982	0.001031
2.569628	0.999750	0.000740
2.577231	0.999447	0.000826
2.584191	0.999902	0.000774
2.591474	0.999652	0.000657
2.598257	0.999211	0.000400
2.605021	0.999370	0.000742
2.612837	0.999775	0.000802
2.619787	0.999346	0.000802
2.626541	0.999551	0.000788
2.634507	0.999267	0.000612
2.641335	0.998999	0.000699
2.648910	0.999093	0.000677
2.656700	0.999127	0.000893
2.663540	0.998939	0.001010
2.670787	0.999321	0.001410
2.679124	0.999244	0.000799
2.686682	0.998935	0.001108
2.694199	0.999060	0.000874
2.701015	0.998852	0.001121
2.707888	0.998901	0.000499
2.715934	0.998653	0.000916
2.723808	0.998895	0.001069
2.731411	0.998741	0.001122
2.738722	0.998419	0.000828
2.746167	0.998993	0.001244
2.752931	0.998388	0.001025
2.760431	0.998522	0.001211
2.768400	0.998387	0.000878
2.775514	0.998600	0.001190
2.783311	0.998258	0.000859
2.791208	0.998592	0.000630
2.799124	0.998109	0.001272
2.806401	0.998159	0.001076
2.813361	0.997806	0.001693
2.822809	0.995193	0.004678
2.830350	0.992479	0.006157
2.837760	0.987898	0.004554
2.845049	0.976461	0.006802
2.852672	0.968015	0.007097
2.860897	0.960573	0.005796
2.868397	0.953597	0.003514
2.875674	0.948701	0.002513
2.883685	0.945666	0.001857
2.890617	0.943698	0.001474
2.898230	0.943084	0.002301
2.906849	0.945875	0.003854
2.914407	0.948863	0.004681
2.922204	0.952869	0.005988
2.930262	0.961161	0.007837
2.938194	0.967980	0.007113
2.945654	0.976659	0.006898
2.953835	0.985827	0.004782
2.961281	0.992700	0.002599
2.968649	0.996560	0.001300
2.976180	0.997561	0.001113
2.983874	0.997900	0.001330
2.992670	0.997983	0.000983
3.000694	0.997796	0.001063
3.008667	0.998037	0.001166
3.016335	0.998060	0.000835
3.023920	0.997804	0.000965
3.031849	0.997852	0.001079
3.039407	0.998370	0.001184
3.046887	0.998108	0.000968
3.054121	0.997682	0.000312
3.061396	0.998368	0.000555
3.068836	0.998111	0.001299
3.076942	0.998244	0.000713
3.084191	0.998796	0.000714
3.092015	0.998389	0.000967
3.100276	0.998542	0.000529
3.108297	0.998839	0.000864
3.116621	0.998550	0.000791
3.124481	0.999109	0.000927
3.132377	0.998953	0.000895
0.008406	0.999106	0.000782
0.025135	0.999927	0.001670
0.040835	0.999189	0.000515
0.057290	0.999513	0.000508
0.075031	0.999839	0.001198
0.090012	1.000178	0.000796
0.105537	1.000124	0.000633
0.122735	1.000078	0.000973
0.137910	1.000427	0.001176
0.153424	1.000323	0.000673
0.169661	1.000354	0.000415
0.185424	1.001010	0.000880
0.201466	1.000868	0.000648
0.216746	1.000750	0.000643
0.231917	1.001247	0.000838
0.247735	1.000971	0.000402
0.263359	1.001115	0.000572
0.280048	1.001378	0.000656
0.295368	1.001356	0.000628
0.311470	1.001623	0.000620
0.328315	1.001887	0.000530
0.344796	1.001931	0.000557
0.359616	1.002032	0.000636
0.374115	1.002060	0.000526
0.389440	1.002264	0.000733
0.405048	1.002432	0.000417
0.420368	1.002077	0.000514
0.435424	1.002399	0.000783
0.452846	1.002459	0.000434
0.468267	1.002834	0.000801
0.483515	1.002524	0.000780
0.499135	1.002500	0.000616
0.514440	1.002147	0.001110
0.530048	1.002768	0.000745
0.544308	1.003264	0.001982
0.558880	1.002721	0.000684
0.576058	1.002759	0.000733
0.590133	1.003136	0.001396
0.605557	1.002498	0.000599
0.622542	1.002827	0.000842
0.637910	1.002737	0.000632
0.654117	1.002420	0.000597
0.670135	1.002656	0.000761
0.685424	1.002527	0.000721
0.701486	1.002683	0.000616
0.715133	1.002757	0.000640
0.730557	1.002856	0.000637
0.747263	1.002389	0.001324
0.761755	1.002448	0.000602
0.777771	1.002214	0.000954
0.791528	1.002188	0.000718
0.806100	1.002385	0.000648
0.822590	1.002568	0.000610
0.837333	1.002218	0.000711
0.852144	1.002040	0.000765
0.868126	1.001763	0.000549
0.881813	1.001984	0.000561
0.898557	1.001490	0.001066
0.913957	1.001504	0.000684
0.928435	1.001519	0.000486
0.945877	1.001239	0.000517
0.961735	1.001455	0.000807
0.977144	1.001400	0.000737
0.993490	1.001510	0.000638
1.010191	1.001030	0.000677
1.028294	1.000802	0.000405
1.043485	1.001081	0.000713
1.059872	1.000805	0.000703
1.075241	1.020304	0.059097
1.088733	1.000797	0.000630
1.104740	1.018101	0.052027
1.121162	1.000442	0.000849
1.136476	1.000468	0.000346
1.151052	1.015913	0.046274
1.165283	1.000619	0.000295
1.179536	1.000634	0.001207
1.194368	1.014312	0.041312
1.207794	1.000789	0.001235
1.221739	1.000352	0.000793
1.237517	1.011738	0.035707
1.251248	1.000244	0.000437
1.266513	1.000264	0.000829
1.282101	1.009719	0.029468
1.296705	0.999995	0.000656
1.311879	0.999547	0.000930
1.326601	1.008288	0.024268
1.341533	0.999788	0.000877
1.356474	1.006257	0.019741
1.371027	0.999724	0.000449
1.384967	0.999618	0.000584
1.399618	1.004731	0.015642
1.413957	0.999601	0.000456
1.428116	0.999502	0.000871
1.443267	1.003637	0.012651
1.458148	0.999676	0.000682
1.472820	0.999434	0.000567
1.487537	1.002729	0.009947
1.501248	0.999411	0.000533
1.515840	0.999579	0.000627
1.530611	1.002094	0.007622
1.544308	0.999389	0.000610
1.558880	0.999669	0.000547
1.573841	1.001334	0.005895
1.587333	0.999178	0.000392
1.602164	0.999425	0.000672
1.616861	1.000531	0.004114
1.630433	0.999508	0.000595
1.645219	0.999344	0.001044
1.659901	1.000593	0.002699
1.674255	0.999425	0.000819
1.690820	0.999781	0.002262
1.706624	0.999197	0.000498
1.722521	0.999040	0.000792
1.737537	0.999628	0.001508
1.751228	0.999090	0.000828
1.765840	0.999096	0.000763
1.780631	0.999585	0.001428
1.794308	0.998506	0.000558
1.809872	0.998400	0.000711
1.825221	0.998330	0.001087
1.839779	0.997662	0.000591
1.855094	0.998030	0.001000
1.869627	0.997800	0.000711
1.883446	0.997385	0.000807
1.898378	0.997523	0.001141
1.913957	0.997086	0.000560
1.928096	0.996863	0.000915
1.942792	0.997524	0.001318
1.956923	0.997808	0.000489
1.971739	0.997341	0.000406
1.988210	0.998251	0.001131
2.003455	0.998615	0.000399
2.019810	0.998916	0.000798
2.034921	0.999213	0.001160
2.048473	0.999295	0.000388
2.063394	0.999348	0.001117
2.077987	0.999501	0.000757
2.091746	0.999050	0.000555
2.106494	0.999429	0.001017
2.121007	0.999299	0.000615
2.134967	0.999360	0.000846
2.149957	0.999585	0.001000
2.165283	0.999275	0.000520
2.179441	0.999172	0.000373
2.193744	0.999628	0.000785
2.206549	0.999632	0.000535
2.219422	0.999489	0.000714
2.232624	0.999512	0.000999
2.245897	0.999466	0.000710
2.258317	0.999426	0.000471
2.273005	0.999512	0.000893
2.286307	0.999518	0.000724
2.298577	0.999808	0.000577
2.313394	0.999670	0.000558
2.326710	0.999240	0.000532
2.338957	0.999653	0.000525
2.352423	0.999537	0.001071
2.365740	0.999893	0.000928
2.380065	0.999827	0.000498
2.394063	0.999600	0.000618
2.407440	0.999974	0.000715
2.420584	0.999482	0.000689
2.434363	0.999467	0.000808
2.447930	0.999663	0.000659
2.460798	0.999435	0.000532
2.475600	0.999650	0.000807
2.489550	0.999657	0.000533
2.501846	1.000017	0.000641
2.515093	0.999546	0.000560
2.529306	0.999861	0.000621
2.544178	0.999544	0.000651
2.558098	0.999235	0.000593
2.571550	0.999624	0.000575
2.583780	0.999726	0.000689
2.597242	0.999802	0.000753
2.610384	0.999710	0.000834
2.623494	1.000041	0.000513
2.637821	0.999214	0.000743
2.652648	1.000078	0.000565
2.666398	0.999563	0.000572
2.680542	0.999736	0.000703
2.694348	0.999786	0.000606
2.707719	0.999730	0.000589
2.721181	0.999816	0.000662
2.736002	0.999627	0.000664
2.750500	0.999929	0.000257
2.765487	0.999816	0.000676
2.779850	0.999884	0.000629
2.792180	0.999645	0.000571
2.805991	0.999800	0.000800
2.820768	1.000046	0.000711
2.833800	0.999834	0.000714
2.847242	0.999414	0.000676
2.860384	0.999738	0.000670
2.873603	0.999924	0.000437
2.887821	1.000051	0.000571
2.902538	0.999687	0.000751
2.916079	1.000099	0.000805
2.929870	0.999625	0.000503
2.944607	0.999836	0.000796
2.957719	0.999940	0.000426
2.970842	0.999478	0.000685
2.984004	1.000096	0.000406
2.997148	1.000186	0.000796
3.011367	0.999761	0.000559
3.025664	1.000153	0.000370
3.039222	1.000070	0.000328
3.054162	0.999479	0.000818
3.067324	1.000022	0.000583
3.080508	0.999902	0.000573
3.095434	0.999786	0.000770
3.111830	0.999640	0.000744
3.125480	1.000004	0.000498
3.138882	1.000110	0.000813
3.152538	1.000163	0.000573
3.166099	1.000291	0.000780
3.179481	1.000111	0.000497
3.193724	0.999803	0.000790
3.206834	1.000129	0.000478
3.220842	1.000524	0.000623
3.234004	0.999888	0.000616
3.247033	1.000378	0.000725
3.260490	1.000303	0.000462
3.276866	1.000297	0.000310
3.291099	1.000431	0.000605
3.304162	0.999870	0.000334
3.317643	0.999984	0.000802
3.331569	1.000403	0.000455
3.344727	1.000077	0.000612
3.359343	1.000053	0.000713
3.373474	1.000348	0.000536
3.387502	1.000014	0.000544
3.401003	1.000114	0.000663
3.415901	1.000051	0.000542
3.431379	1.000314	0.000674
3.446121	1.000292	0.000644
3.459458	1.000263	0.000577
3.474111	1.000457	0.000342
3.488190	1.000624	0.001136
3.501118	1.000471	0.000499
3.515093	1.000187	0.000269
3.528470	1.000286	0.000535
3.541099	1.000480	0.000488
3.554481	1.000071	0.000327
3.569198	1.000336	0.000388
3.583078	1.000644	0.000700
3.597711	1.000687	0.000634
3.612428	1.000310	0.000475
3.625480	1.000485	0.000683
3.638882	1.000322	0.000491
3.652538	1.000374	0.000333
3.666418	1.000236	0.000517
3.680991	1.000292	0.000358
3.695768	1.000181	0.000491
3.709458	1.000293	0.000507
3.724111	1.000351	0.000723
3.740053	1.000175	0.000618
3.753944	1.000589	0.000546
3.771605	1.000461	0.000580
3.786237	1.000352	0.000604
3.800097	1.000501	0.000597
3.816189	1.000248	0.000635
3.830528	1.000566	0.000384
3.844727	1.000590	0.000661
3.859343	1.000196	0.000616
3.874410	1.000656	0.000632
3.891602	1.000680	0.000801
3.907072	1.000216	0.000489
3.920768	1.000708	0.000763
3.936770	1.000265	0.000507
3.953591	1.000459	0.000303
3.971774	1.000638	0.000438
3.988937	1.000297	0.000596
4.004108	1.000757	0.000807
4.021380	1.000270	0.000382
4.036496	1.000728	0.000755
4.053041	1.000813	0.000634
4.069218	1.000644	0.000892
4.083078	1.000691	0.000610
4.099982	1.000341	0.000675
4.115372	1.000480	0.000328
4.129108	1.000484	0.000517
4.146395	1.000825	0.000727
4.162597	1.000431	0.000856
4.177334	1.000470	0.000327
4.193546	1.000753	0.000517
4.209085	1.000673	0.000811
4.225356	1.001015	0.000777
4.241717	1.000447	0.000644
4.255542	1.000318	0.000618
4.271625	1.000427	0.000579
4.286217	1.000094	0.000753
4.300560	1.000788	0.000691
4.316229	1.000487	0.000650
4.330528	1.000635	0.000553
4.345618	1.000363	0.000888
4.361925	1.000528	0.000770
4.376118	1.000541	0.000740
4.391976	1.000856	0.000529
4.407052	1.000671	0.001081
4.421121	1.000614	0.000459
4.438325	1.000297	0.000654
4.452877	1.000831	0.000638
4.467260	1.000407	0.000558
4.482630	1.000321	0.000494
4.496236	1.000207	0.000743
4.510395	1.000330	0.000766
4.524882	1.000258	0.000969
4.538698	1.000062	0.001015
4.552035	1.000353	0.001119
4.565950	0.999879	0.001073
4.579596	0.999846	0.001095
4.593735	1.000431	0.000913
4.608282	1.000316	0.000950
4.621998	1.000251	0.000737
4.636068	1.000197	0.000486
4.650630	1.000160	0.000531
4.664242	1.000153	0.000494
4.679292	1.000584	0.000469
4.693710	1.000593	0.000764
4.707207	1.000190	0.000567
4.722202	1.000256	0.000923
4.737468	1.000346	0.000662
4.750446	1.000189	0.000845
4.765078	1.000553	0.000529
4.779835	1.000430	0.001113
4.792798	0.999854	0.000638
4.807949	1.000052	0.000770
4.821515	1.000189	0.000706
4.834812	1.000087	0.000897
4.850730	1.000209	0.000849
4.864575	1.000176	0.000870
4.877518	0.999995	0.000674
4.894014	1.000239	0.000549
4.907615	1.000056	0.000401
4.921161	1.000112	0.000595
4.935729	1.000015	0.000595
4.949295	1.000471	0.000800
4.964221	1.000149	0.000553
4.978978	0.999824	0.000690
4.993999	0.999866	0.000568
5.008840	1.000407	0.000856
5.023378	1.000023	0.000515
5.038200	0.999833	0.000663
5.052035	1.000149	0.000537
5.065950	0.999998	0.000748
5.079840	0.999928	0.000524
5.094408	0.999565	0.001024
5.109030	1.000047	0.001173
5.123364	0.999982	0.001031
5.139256	0.999750	0.000740
5.154461	0.999447	0.000826
5.168381	0.999902	0.000774
5.182949	0.999652	0.000657
5.196515	0.999211	0.000400
5.210041	0.999370	0.000742
5.225675	0.999775	0.000802
5.239575	0.999346	0.000802
5.253081	0.999551	0.000788
5.269014	0.999267	0.000612
5.282670	0.998999	0.000699
5.297820	0.999093	0.000677
5.313399	0.999127	0.000893
5.327080	0.998939	0.001010
5.341573	0.999321	0.001410
5.358248	0.999244	0.000799
5.373364	0.998935	0.001108
5.388399	0.999060	0.000874
5.402030	0.998852	0.001121
5.415776	0.998901	0.000499
5.431868	0.998653	0.000916
5.447616	0.998895	0.001069
5.462821	0.998741	0.001122
5.477443	0.998419	0.000828
5.492335	0.998993	0.001244
5.505861	0.998388	0.001025
5.520863	0.998522	0.001211
5.536800	0.998387	0.000878
5.551029	0.998600	0.001190
5.566622	0.998258	0.000859
5.582416	0.998592	0.000630
5.598249	0.998109	0.001272
5.612801	0.998159	0.001076
5.626721	0.997806	0.001693
5.645618	0.995193	0.004678
5.660699	0.992479	0.006157
5.675520	0.987898	0.004554
5.690098	0.976461	0.006802
5.705344	0.968015	0.007097
5.721794	0.960573	0.005796
5.736795	0.953597	0.003514
5.751348	0.948701	0.002513
5.767370	0.945666	0.001857
5.781235	0.943698	0.001474
5.796460	0.943084	0.002301
5.813698	0.945875	0.003854
5.828814	0.948863	0.004681
5.844408	0.952869	0.005988
5.860525	0.961161	0.007837
5.876388	0.967980	0.007113
5.891309	0.976659	0.006898
5.907670	0.985827	0.004782
5.922561	0.992700	0.002599
5.937298	0.996560	0.001300
5.952359	0.997561	0.001113
5.967749	0.997900	0.001330
5.985340	0.997983	0.000983
6.001388	0.997796	0.001063
6.017335	0.998037	0.001166
6.032670	0.998060	0.000835
6.047840	0.997804	0.000965
6.063698	0.997852	0.001079
6.078814	0.998370	0.001184
6.093775	0.998108	0.000968
6.108242	0.997682	0.000312
6.122791	0.998368	0.000555
6.137672	0.998111	0.001299
6.153884	0.998244	0.000713
6.168381	0.998796	0.000714
6.184030	0.998389	0.000967
6.200551	0.998542	0.000529
6.216593	0.998839	0.000864
6.233242	0.998550	0.000791
6.248961	0.999109	0.000927
6.264753	0.998953	0.000895
