100
0.037972	0.997575	0.006274
0.121302	0.999370	0.001861
0.204637	0.999573	0.001301
0.280077	1.000025	0.001039
0.347993	1.000172	0.000895
0.417074	0.999064	0.004018
0.482862	0.998523	0.004590
0.551392	1.000126	0.001147
0.628673	1.000085	0.000668
0.710897	1.000074	0.000720
0.790385	1.000242	0.001045
0.877596	0.999619	0.003909
0.960909	0.998922	0.004849
1.046431	1.000207	0.001146
1.128662	1.000219	0.000702
1.210881	1.000169	0.000634
1.289841	1.000013	0.000820
1.369311	1.000056	0.001303
1.448267	1.000112	0.001324
1.527219	0.999872	0.000937
1.606707	0.999668	0.000734
1.689488	0.999686	0.000731
1.769540	0.999342	0.000736
1.856161	0.999370	0.000646
1.935673	0.999473	0.000761
2.014605	0.998815	0.003690
2.083716	0.996801	0.006329
2.149509	0.997730	0.004151
2.215821	0.998195	0.002856
2.287681	0.998905	0.001995
2.367146	0.999096	0.001273
2.447756	0.999506	0.000662
2.532202	0.999627	0.000550
2.612776	0.999605	0.000415
2.695561	1.000044	0.000324
2.775603	0.999949	0.000305
2.856740	1.000114	0.000391
2.937884	1.000077	0.000491
3.021221	1.000050	0.000486
3.102376	1.000009	0.000338
3.183513	1.000198	0.000343
3.262999	0.999949	0.000604
3.341944	0.999952	0.000384
3.421432	0.999912	0.000522
3.510793	1.000180	0.000464
3.594128	0.999965	0.000345
3.690587	0.999857	0.000455
3.791474	0.999850	0.000425
3.893442	0.999774	0.000340
4.001432	1.000073	0.000442
4.102892	1.000139	0.000553
4.208702	1.000119	0.000423
4.309027	1.000034	0.000400
4.412098	0.999764	0.000360
4.516269	0.999974	0.000371
4.614950	0.999991	0.000339
4.713653	0.999875	0.000415
4.812865	0.999883	0.000437
4.912095	0.999744	0.000410
5.022300	0.999856	0.000900
5.125376	1.000020	0.000374
5.224595	0.999888	0.000431
5.324397	0.999942	0.000368
5.427453	0.999858	0.000357
5.526147	0.999768	0.000548
5.630321	0.999914	0.000498
5.729528	1.000004	0.000406
5.838073	1.000112	0.000349
5.969105	1.000099	0.000419
6.101202	1.000102	0.000301
6.242116	1.000007	0.000361
6.383017	0.999755	0.000476
6.524459	0.999667	0.000632
6.656579	0.999793	0.000480
6.788691	0.999869	0.000448
6.920285	0.999862	0.000406
7.055139	0.999918	0.000294
7.191117	0.999993	0.000333
7.323247	1.000008	0.000333
7.455360	1.000111	0.000350
7.589690	1.001724	0.007228
7.716336	1.001270	0.005616
7.834222	1.003871	0.006836
7.946586	0.998928	0.006840
8.055706	1.000430	0.004186
8.162061	1.000944	0.001549
8.257456	0.986868	0.032104
8.339157	0.982234	0.036198
8.421930	0.979660	0.032735
8.509105	0.989811	0.021734
8.596280	0.991061	0.018873
8.675230	0.994966	0.013462
8.754718	0.994612	0.012084
8.833669	0.995977	0.009530
8.915371	0.995395	0.008180
9.005813	0.997645	0.005753
9.089701	0.998210	0.004215
9.176317	0.998665	0.003353
9.258551	0.999398	0.002755
9.339157	0.998469	0.004895
0.075944	0.997575	0.006274
0.242604	0.999370	0.001861
0.409274	0.999573	0.001301
0.560155	1.000025	0.001039
0.695986	1.000172	0.000895
0.834149	0.999064	0.004018
0.965723	0.998523	0.004590
1.102784	1.000126	0.001147
1.257345	1.000085	0.000668
1.421793	1.000074	0.000720
1.580770	1.000242	0.001045
1.755192	0.999619	0.003909
1.921819	0.998922	0.004849
2.092861	1.000207	0.001146
2.257324	1.000219	0.000702
2.421762	1.000169	0.000634
2.579682	1.000013	0.000820
2.738622	1.000056	0.001303
2.896534	1.000112	0.001324
3.054438	0.999872	0.000937
3.213414	0.999668	0.000734
3.378976	0.999686	0.000731
3.539081	0.999342	0.000736
3.712323	0.999370	0.000646
3.871345	0.999473	0.000761
4.029210	0.998815	0.003690
4.167433	0.996801	0.006329
4.299018	0.997730	0.004151
4.431642	0.998195	0.002856
4.575363	0.998905	0.001995
4.734293	0.999096	0.001273
4.895511	0.999506	0.000662
5.064405	0.999627	0.000550
5.225551	0.999605	0.000415
5.391122	1.000044	0.000324
5.551206	0.999949	0.000305
5.713480	1.000114	0.000391
5.875769	1.000077	0.000491
6.042442	1.000050	0.000486
6.204752	1.000009	0.000338
6.367026	1.000198	0.000343
6.525998	0.999949	0.000604
6.683888	0.999952	0.000384
6.842863	0.999912	0.000522
7.021586	1.000180	0.000464
7.188256	0.999965	0.000345
7.381173	0.999857	0.000455
7.582948	0.999850	0.000425
7.786884	0.999774	0.000340
8.002865	1.000073	0.000442
8.205784	1.000139	0.000553
8.417404	1.000119	0.000423
8.618054	1.000034	0.000400
8.824196	0.999764	0.000360
9.032538	0.999974	0.000371
9.229901	0.999991	0.000339
9.427305	0.999875	0.000415
9.625730	0.999883	0.000437
9.824191	0.999744	0.000410
10.044599	0.999856	0.000900
10.250751	1.000020	0.000374
10.449191	0.999888	0.000431
10.648794	0.999942	0.000368
10.854907	0.999858	0.000357
11.052295	0.999768	0.000548
11.260642	0.999914	0.000498
11.459056	1.000004	0.000406
11.676145	1.000112	0.000349
11.938211	1.000099	0.000419
12.202404	1.000102	0.000301
12.484232	1.000007	0.000361
12.766034	0.999755	0.000476
13.048918	0.999667	0.000632
13.313158	0.999793	0.000480
13.577383	0.999869	0.000448
13.840571	0.999862	0.000406
14.110277	0.999918	0.000294
14.382234	0.999993	0.000333
14.646495	1.000008	0.000333
14.910719	1.000111	0.000350
15.179379	1.001724	0.007228
15.432672	1.001270	0.005616
15.668443	1.003871	0.006836
15.893172	0.998928	0.006840
16.111412	1.000430	0.004186
16.324122	1.000944	0.001549
16.514912	0.986868	0.032104
16.678315	0.982234	0.036198
16.843861	0.979660	0.032735
17.018210	0.989811	0.021734
17.192560	0.991061	0.018873
17.350460	0.994966	0.013462
17.509436	0.994612	0.012084
17.667337	0.995977	0.009530
17.830743	0.995395	0.008180
18.011626	0.997645	0.005753
18.179403	0.998210	0.004215
18.352634	0.998665	0.003353
18.517102	0.999398	0.002755
18.678315	0.998469	0.004895
