100
0.046202	0.998989	0.001437
0.133037	1.005061	0.016958
0.217704	1.000091	0.005441
0.298811	0.994642	0.014465
0.371833	0.994279	0.017386
0.450881	0.992988	0.024941
0.550794	0.990880	0.020763
0.653379	0.997127	0.009109
0.762311	0.999907	0.001585
0.871441	0.999615	0.005348
0.974745	0.996282	0.009490
1.074338	0.996127	0.007495
1.171599	0.996268	0.005186
1.268188	0.996039	0.004365
1.365504	0.996450	0.004049
1.466700	0.996726	0.002874
1.563048	0.998251	0.002139
1.661616	0.999526	0.001974
1.756614	1.002394	0.002392
1.842864	1.006144	0.002225
1.916372	1.005886	0.001628
1.988096	1.004442	0.001632
2.060644	1.001974	0.001549
2.131835	1.000072	0.001792
2.204773	0.999615	0.001812
2.275907	0.999335	0.001145
2.347135	0.999818	0.001338
2.419358	0.999866	0.001448
2.493958	0.999763	0.001554
2.570530	1.000091	0.001354
2.642285	0.999995	0.001312
2.713417	0.999744	0.001275
2.788927	0.999376	0.001290
2.864457	1.000131	0.001621
2.942648	1.000687	0.001589
3.023017	1.000897	0.000960
3.101593	1.000796	0.001462
3.188775	1.000452	0.001543
3.267487	1.000166	0.001523
3.347912	0.999661	0.001446
3.427197	0.999801	0.001310
3.509654	0.999660	0.001347
3.589321	0.999772	0.001192
3.669876	0.999919	0.001448
3.752193	1.000260	0.001139
3.829841	1.000345	0.001034
3.909039	1.000317	0.001462
3.987021	0.999953	0.001818
4.065275	0.999610	0.001444
4.145651	0.999627	0.001595
4.227048	0.999906	0.001411
4.307115	1.000151	0.000938
4.385741	1.000041	0.001360
4.464658	1.000224	0.001523
4.544631	1.000863	0.001214
4.623461	1.000601	0.001375
4.702685	1.000243	0.001305
4.788925	1.000638	0.001555
4.890961	1.001244	0.001054
4.999531	1.000633	0.001226
5.108786	1.000196	0.000782
5.216505	1.000468	0.001305
5.325854	1.000149	0.001732
5.440450	1.000464	0.001596
5.548992	1.000522	0.001829
5.656613	0.999253	0.001679
5.763397	0.997881	0.001365
5.871088	0.998015	0.001693
5.983311	0.999283	0.001386
6.093952	1.002298	0.001784
6.204225	1.005264	0.001891
6.309937	1.006353	0.001745
6.392716	1.004815	0.002041
6.471937	1.001896	0.002172
6.550426	1.000234	0.001765
6.629163	1.000327	0.001592
6.706815	1.000144	0.001475
6.785468	1.000437	0.001642
6.864765	1.000521	0.001299
6.947748	1.000087	0.001385
7.027159	0.999848	0.001351
7.114596	0.999959	0.001132
7.203183	1.000064	0.001108
7.289752	1.000310	0.001602
7.377739	1.000955	0.001462
7.475939	1.000247	0.001579
7.566315	1.000350	0.001447
7.653225	1.000624	0.001596
7.740726	1.000624	0.001532
7.830841	0.999652	0.001141
7.919813	0.999446	0.001595
8.006393	0.999505	0.001369
8.097750	0.999159	0.001264
8.185593	0.999643	0.001342
8.271026	0.999600	0.001057
8.357315	0.999592	0.001529
8.446779	0.999137	0.001506
8.536252	0.999393	0.001675
8.627835	0.998440	0.001662
8.718984	0.998207	0.001295
0.092404	0.998989	0.001437
0.266075	1.005061	0.016958
0.435408	1.000091	0.005441
0.597622	0.994642	0.014465
0.743667	0.994279	0.017386
0.901761	0.992988	0.024941
1.101588	0.990880	0.020763
1.306758	0.997127	0.009109
1.524621	0.999907	0.001585
1.742882	0.999615	0.005348
1.949491	0.996282	0.009490
2.148676	0.996127	0.007495
2.343198	0.996268	0.005186
2.536376	0.996039	0.004365
2.731009	0.996450	0.004049
2.933401	0.996726	0.002874
3.126095	0.998251	0.002139
3.323232	0.999526	0.001974
3.513227	1.002394	0.002392
3.685729	1.006144	0.002225
3.832744	1.005886	0.001628
3.976191	1.004442	0.001632
4.121287	1.001974	0.001549
4.263670	1.000072	0.001792
4.409546	0.999615	0.001812
4.551814	0.999335	0.001145
4.694271	0.999818	0.001338
4.838716	0.999866	0.001448
4.987916	0.999763	0.001554
5.141061	1.000091	0.001354
5.284570	0.999995	0.001312
5.426833	0.999744	0.001275
5.577854	0.999376	0.001290
5.728913	1.000131	0.001621
5.885296	1.000687	0.001589
6.046034	1.000897	0.000960
6.203185	1.000796	0.001462
6.377550	1.000452	0.001543
6.534974	1.000166	0.001523
6.695825	0.999661	0.001446
6.854393	0.999801	0.001310
7.019307	0.999660	0.001347
7.178642	0.999772	0.001192
7.339751	0.999919	0.001448
7.504385	1.000260	0.001139
7.659681	1.000345	0.001034
7.818078	1.000317	0.001462
7.974042	0.999953	0.001818
8.130549	0.999610	0.001444
8.291302	0.999627	0.001595
8.454096	0.999906	0.001411
8.614229	1.000151	0.000938
8.771481	1.000041	0.001360
8.929315	1.000224	0.001523
9.089262	1.000863	0.001214
9.246922	1.000601	0.001375
9.405370	1.000243	0.001305
9.577850	1.000638	0.001555
9.781921	1.001244	0.001054
9.999063	1.000633	0.001226
10.217573	1.000196	0.000782
10.433009	1.000468	0.001305
10.651709	1.000149	0.001732
10.880900	1.000464	0.001596
11.097985	1.000522	0.001829
11.313227	0.999253	0.001679
11.526794	0.997881	0.001365
11.742177	0.998015	0.001693
11.966622	0.999283	0.001386
12.187905	1.002298	0.001784
12.408450	1.005264	0.001891
12.619874	1.006353	0.001745
12.785432	1.004815	0.002041
12.943873	1.001896	0.002172
13.100852	1.000234	0.001765
13.258325	1.000327	0.001592
13.413629	1.000144	0.001475
13.570937	1.000437	0.001642
13.729530	1.000521	0.001299
13.895496	1.000087	0.001385
14.054317	0.999848	0.001351
14.229191	0.999959	0.001132
14.406367	1.000064	0.001108
14.579504	1.000310	0.001602
14.755477	1.000955	0.001462
14.951877	1.000247	0.001579
15.132630	1.000350	0.001447
15.306450	1.000624	0.001596
15.481452	1.000624	0.001532
15.661682	0.999652	0.001141
15.839625	0.999446	0.001595
16.012787	0.999505	0.001369
16.195500	0.999159	0.001264
16.371187	0.999643	0.001342
16.542053	0.999600	0.001057
16.714630	0.999592	0.001529
16.893557	0.999137	0.001506
17.072504	0.999393	0.001675
17.255669	0.998440	0.001662
17.437967	0.998207	0.001295
