100
0.040298	0.997932	0.001168
0.125172	0.999962	0.001573
0.233586	0.998493	0.019724
0.338052	0.988396	0.031717
0.439301	0.993913	0.015405
0.549709	0.995300	0.008946
0.660605	0.999782	0.004348
0.772097	1.000543	0.001779
0.887232	0.997935	0.001361
1.003128	0.998994	0.001675
1.118402	1.002774	0.002787
1.228119	1.006258	0.005762
1.343205	1.002583	0.005201
1.458290	1.000328	0.002116
1.558711	1.000501	0.004570
1.641659	1.000804	0.002197
1.728189	1.002776	0.003291
1.803150	1.001398	0.003583
1.875944	0.999347	0.002936
1.948981	1.000276	0.002273
2.023981	1.001973	0.001590
2.105681	1.002756	0.001782
2.181788	1.003383	0.004197
2.258836	1.003392	0.005694
2.334611	1.001451	0.003646
2.410792	1.000427	0.001629
2.488878	1.001130	0.001348
2.565217	1.001827	0.001170
2.639189	1.001289	0.001757
2.714480	0.999697	0.001544
2.787740	0.999413	0.001519
2.861922	0.999688	0.001669
2.936286	0.999290	0.001529
3.009853	1.000619	0.001393
3.085052	1.001751	0.001465
3.158855	1.000304	0.001566
3.234730	0.999046	0.001481
3.310159	0.998798	0.001599
3.382146	0.998768	0.001479
3.456053	0.999542	0.001597
3.533183	1.000990	0.001491
3.607183	1.000720	0.001858
3.684476	0.998905	0.001172
3.764992	0.997815	0.001447
3.844540	0.998358	0.001507
3.925615	0.999853	0.001373
4.004489	1.000396	0.001392
4.082572	1.000811	0.001297
4.162123	0.999438	0.001430
4.241279	0.997468	0.001572
4.312833	1.005866	0.020675
4.375734	0.999788	0.002325
4.437784	1.000261	0.001379
4.499439	1.000355	0.001359
4.563639	0.999596	0.001768
4.627657	0.998520	0.002251
4.692350	0.996969	0.001859
4.756723	0.996415	0.001717
4.821876	0.998224	0.001725
4.886078	1.001238	0.001791
4.948173	1.002710	0.002615
5.011526	1.004087	0.004294
5.077250	1.002725	0.005236
5.140141	1.000614	0.004698
5.201966	0.999030	0.003505
5.264355	0.999085	0.003160
5.338363	1.001219	0.002255
5.419613	1.003279	0.002889
5.502779	1.003211	0.004950
5.586113	1.000607	0.004922
5.667914	0.998261	0.003353
5.746861	0.999053	0.002423
5.827422	1.001633	0.002268
5.906470	1.003709	0.001847
5.985915	1.004514	0.005170
6.065238	1.002076	0.006575
6.146599	1.000661	0.004771
6.231394	1.000965	0.002254
6.313310	1.001070	0.001856
6.394400	1.001952	0.001302
6.472315	1.000149	0.001802
6.552486	0.998220	0.002095
6.635480	0.998741	0.001825
6.718420	1.000058	0.001409
6.799320	1.000891	0.001393
6.884190	1.000943	0.001430
6.964695	0.999192	0.001572
7.043620	0.997327	0.001480
7.125942	0.997517	0.001962
7.205222	0.999546	0.002370
7.288154	1.001109	0.001390
7.368161	1.000522	0.001870
7.447603	0.999011	0.002149
7.525344	0.998129	0.001448
7.602963	0.998342	0.001597
7.680661	0.999639	0.002111
7.760499	1.001139	0.001382
7.841633	1.000498	0.001642
7.919654	0.999148	0.001774
7.998807	0.998383	0.001549
0.080595	0.997932	0.001168
0.250344	0.999962	0.001573
0.467171	0.998493	0.019724
0.676105	0.988396	0.031717
0.878602	0.993913	0.015405
1.099418	0.995300	0.008946
1.321210	0.999782	0.004348
1.544194	1.000543	0.001779
1.774463	0.997935	0.001361
2.006255	0.998994	0.001675
2.236803	1.002774	0.002787
2.456238	1.006258	0.005762
2.686410	1.002583	0.005201
2.916579	1.000328	0.002116
3.117422	1.000501	0.004570
3.283318	1.000804	0.002197
3.456379	1.002776	0.003291
3.606300	1.001398	0.003583
3.751888	0.999347	0.002936
3.897962	1.000276	0.002273
4.047961	1.001973	0.001590
4.211363	1.002756	0.001782
4.363576	1.003383	0.004197
4.517672	1.003392	0.005694
4.669223	1.001451	0.003646
4.821584	1.000427	0.001629
4.977757	1.001130	0.001348
5.130434	1.001827	0.001170
5.278378	1.001289	0.001757
5.428960	0.999697	0.001544
5.575479	0.999413	0.001519
5.723844	0.999688	0.001669
5.872571	0.999290	0.001529
6.019706	1.000619	0.001393
6.170103	1.001751	0.001465
6.317709	1.000304	0.001566
6.469460	0.999046	0.001481
6.620319	0.998798	0.001599
6.764292	0.998768	0.001479
6.912106	0.999542	0.001597
7.066366	1.000990	0.001491
7.214366	1.000720	0.001858
7.368952	0.998905	0.001172
7.529983	0.997815	0.001447
7.689081	0.998358	0.001507
7.851229	0.999853	0.001373
8.008978	1.000396	0.001392
8.165145	1.000811	0.001297
8.324245	0.999438	0.001430
8.482559	0.997468	0.001572
8.625667	1.005866	0.020675
8.751468	0.999788	0.002325
8.875567	1.000261	0.001379
8.998879	1.000355	0.001359
9.127279	0.999596	0.001768
9.255314	0.998520	0.002251
9.384700	0.996969	0.001859
9.513445	0.996415	0.001717
9.643752	0.998224	0.001725
9.772155	1.001238	0.001791
9.896346	1.002710	0.002615
10.023052	1.004087	0.004294
10.154501	1.002725	0.005236
10.280283	1.000614	0.004698
10.403931	0.999030	0.003505
10.528710	0.999085	0.003160
10.676725	1.001219	0.002255
10.839226	1.003279	0.002889
11.005558	1.003211	0.004950
11.172226	1.000607	0.004922
11.335829	0.998261	0.003353
11.493722	0.999053	0.002423
11.654844	1.001633	0.002268
11.812941	1.003709	0.001847
11.971831	1.004514	0.005170
12.130477	1.002076	0.006575
12.293199	1.000661	0.004771
12.462787	1.000965	0.002254
12.626620	1.001070	0.001856
12.788800	1.001952	0.001302
12.944630	1.000149	0.001802
13.104973	0.998220	0.002095
13.270960	0.998741	0.001825
13.436839	1.000058	0.001409
13.598640	1.000891	0.001393
13.768380	1.000943	0.001430
13.929391	0.999192	0.001572
14.087241	0.997327	0.001480
14.251885	0.997517	0.001962
14.410444	0.999546	0.002370
14.576307	1.001109	0.001390
14.736322	1.000522	0.001870
14.895207	0.999011	0.002149
15.050688	0.998129	0.001448
15.205925	0.998342	0.001597
15.361322	0.999639	0.002111
15.520997	1.001139	0.001382
15.683267	1.000498	0.001642
15.839308	0.999148	0.001774
15.997613	0.998383	0.001549
