100
0.058050	0.984764	0.013190
0.163131	0.946115	0.030827
0.269119	0.927562	0.042425
0.371884	0.928555	0.039067
0.476328	0.958662	0.030644
0.580216	0.992750	0.009344
0.680898	0.998160	0.002294
0.778101	0.999501	0.002575
0.879748	1.001603	0.001923
0.986124	1.001833	0.001885
1.087138	1.002395	0.002011
1.181814	1.003837	0.003176
1.273640	1.005087	0.004302
1.365215	1.005756	0.005251
1.458969	1.007398	0.005596
1.542339	1.007057	0.004953
1.618702	1.004820	0.004283
1.695382	1.003701	0.004326
1.777147	1.002157	0.003893
1.860165	1.001996	0.002926
1.939083	1.000823	0.002986
2.019511	0.999109	0.004773
2.099186	0.999146	0.004360
2.183495	0.997084	0.005835
2.262882	0.986075	0.020690
2.339242	0.956854	0.034550
2.412049	0.947062	0.044383
2.485076	0.933384	0.045329
2.557883	0.949865	0.043397
2.631909	0.960576	0.032917
2.707996	0.988623	0.015675
2.788298	0.998044	0.004659
2.870990	0.999572	0.003048
2.954314	1.000487	0.003053
3.031381	0.999838	0.002564
3.113754	1.000206	0.002831
3.196175	1.000110	0.002236
3.281764	1.000874	0.001841
3.360076	1.001065	0.002073
3.432883	1.001075	0.003374
3.511210	0.999957	0.004022
3.598186	1.002190	0.005559
3.675542	1.003058	0.006487
3.753586	1.002555	0.005841
3.839274	1.001343	0.003552
3.935193	1.000796	0.002918
4.029445	0.998590	0.002183
4.124654	0.997769	0.003972
4.215015	0.998547	0.003929
4.313184	0.995063	0.009500
4.406791	0.973864	0.027163
4.498012	0.945078	0.034843
4.590911	0.910673	0.022998
4.699372	0.918717	0.025922
4.811184	0.968886	0.028152
4.927176	0.993509	0.008393
5.031357	0.998126	0.002885
5.133861	0.998500	0.002307
5.225387	1.000656	0.002725
5.325601	1.000859	0.002222
5.425518	1.003715	0.003994
5.530655	1.004725	0.004182
5.628560	1.006556	0.005045
5.722789	1.006842	0.005771
5.818041	1.007473	0.005080
5.912339	1.004835	0.006890
5.998330	1.002998	0.005443
6.071710	1.000828	0.005178
6.147435	0.999231	0.004508
6.224516	0.997896	0.004738
6.297896	0.997589	0.005131
6.373963	0.995867	0.005208
6.449000	0.994047	0.007839
6.530029	0.978870	0.024216
6.610361	0.957130	0.038691
6.689076	0.940199	0.049161
6.770772	0.928775	0.046028
6.847825	0.952105	0.042342
6.924518	0.973994	0.028341
7.002273	0.992009	0.010131
7.075314	0.998266	0.002891
7.148102	0.997992	0.002605
7.221152	0.998831	0.001723
7.293935	0.999031	0.001125
7.371609	0.999699	0.001821
7.446691	1.000289	0.001610
7.519782	1.001851	0.001621
7.593515	1.003176	0.003172
7.671553	1.004775	0.004321
7.749969	1.006002	0.004849
7.828982	1.005652	0.005792
7.907985	1.005483	0.005829
7.985028	1.005503	0.006486
8.060806	1.003300	0.005108
8.137167	1.002712	0.004436
8.217519	1.001238	0.003074
8.294547	0.999738	0.002310
8.373918	0.998304	0.002997
8.458621	0.996667	0.003185
8.541591	0.995171	0.003643
0.116101	0.984764	0.013190
0.326262	0.946115	0.030827
0.538238	0.927562	0.042425
0.743769	0.928555	0.039067
0.952656	0.958662	0.030644
1.160432	0.992750	0.009344
1.361795	0.998160	0.002294
1.556202	0.999501	0.002575
1.759495	1.001603	0.001923
1.972249	1.001833	0.001885
2.174277	1.002395	0.002011
2.363629	1.003837	0.003176
2.547281	1.005087	0.004302
2.730430	1.005756	0.005251
2.917939	1.007398	0.005596
3.084678	1.007057	0.004953
3.237403	1.004820	0.004283
3.390764	1.003701	0.004326
3.554293	1.002157	0.003893
3.720330	1.001996	0.002926
3.878166	1.000823	0.002986
4.039021	0.999109	0.004773
4.198373	0.999146	0.004360
4.366989	0.997084	0.005835
4.525763	0.986075	0.020690
4.678484	0.956854	0.034550
4.824099	0.947062	0.044383
4.970151	0.933384	0.045329
5.115765	0.949865	0.043397
5.263818	0.960576	0.032917
5.415993	0.988623	0.015675
5.576597	0.998044	0.004659
5.741980	0.999572	0.003048
5.908627	1.000487	0.003053
6.062762	0.999838	0.002564
6.227507	1.000206	0.002831
6.392351	1.000110	0.002236
6.563528	1.000874	0.001841
6.720151	1.001065	0.002073
6.865765	1.001075	0.003374
7.022420	0.999957	0.004022
7.196373	1.002190	0.005559
7.351084	1.003058	0.006487
7.507171	1.002555	0.005841
7.678547	1.001343	0.003552
7.870386	1.000796	0.002918
8.058891	0.998590	0.002183
8.249307	0.997769	0.003972
8.430030	0.998547	0.003929
8.626367	0.995063	0.009500
8.813581	0.973864	0.027163
8.996023	0.945078	0.034843
9.181821	0.910673	0.022998
9.398744	0.918717	0.025922
9.622367	0.968886	0.028152
9.854352	0.993509	0.008393
10.062714	0.998126	0.002885
10.267723	0.998500	0.002307
10.450773	1.000656	0.002725
10.651202	1.000859	0.002222
10.851037	1.003715	0.003994
11.061310	1.004725	0.004182
11.257121	1.006556	0.005045
11.445578	1.006842	0.005771
11.636083	1.007473	0.005080
11.824679	1.004835	0.006890
11.996661	1.002998	0.005443
12.143420	1.000828	0.005178
12.294869	0.999231	0.004508
12.449032	0.997896	0.004738
12.595791	0.997589	0.005131
12.747925	0.995867	0.005208
12.898000	0.994047	0.007839
13.060058	0.978870	0.024216
13.220722	0.957130	0.038691
13.378152	0.940199	0.049161
13.541544	0.928775	0.046028
13.695650	0.952105	0.042342
13.849037	0.973994	0.028341
14.004546	0.992009	0.010131
14.150627	0.998266	0.002891
14.296203	0.997992	0.002605
14.442303	0.998831	0.001723
14.587870	0.999031	0.001125
14.743219	0.999699	0.001821
14.893382	1.000289	0.001610
15.039563	1.001851	0.001621
15.187029	1.003176	0.003172
15.343106	1.004775	0.004321
15.499938	1.006002	0.004849
15.657964	1.005652	0.005792
15.815969	1.005483	0.005829
15.970056	1.005503	0.006486
16.121613	1.003300	0.005108
16.274334	1.002712	0.004436
16.435039	1.001238	0.003074
16.589094	0.999738	0.002310
16.747837	0.998304	0.002997
16.917241	0.996667	0.003185
17.083182	0.995171	0.003643
