100
0.029341	0.999961	0.001557
0.090444	1.000461	0.002026
0.151548	1.000428	0.001430
0.212652	1.000756	0.001854
0.272845	1.000657	0.001541
0.330514	1.000980	0.001447
0.388901	1.001284	0.001688
0.446042	1.001636	0.001613
0.503385	1.000122	0.001628
0.560835	0.999239	0.005733
0.618067	0.995356	0.016685
0.675208	0.996144	0.016938
0.732553	0.993992	0.020902
0.790005	0.994529	0.020645
0.847236	0.996716	0.015433
0.904379	0.999610	0.004719
0.961723	1.000008	0.003001
1.019176	0.999309	0.002359
1.077592	1.000084	0.001798
1.134860	1.000840	0.002264
1.192153	0.999895	0.002647
1.249601	0.998284	0.011598
1.306943	0.993905	0.019793
1.364028	0.996160	0.017483
1.421527	0.994463	0.021276
1.481024	0.995555	0.019859
1.541252	0.997397	0.010013
1.599328	1.000120	0.002654
1.658167	1.000000	0.002881
1.715841	0.999182	0.003233
1.775156	0.999031	0.003239
1.832942	0.999467	0.002842
1.892529	0.999789	0.002751
1.952642	1.000514	0.002691
2.011412	1.000107	0.001663
2.070374	0.999265	0.002752
2.133021	1.000524	0.004535
2.204477	0.998247	0.012871
2.283215	0.973503	0.043647
2.377857	0.966803	0.052923
2.470904	0.965842	0.051319
2.563510	0.987873	0.021902
2.655824	0.995395	0.014161
2.748534	0.995675	0.012249
2.849860	0.995821	0.010915
2.945365	0.974783	0.039112
3.035186	0.964023	0.052440
3.124796	0.971372	0.048212
3.214106	0.987943	0.024337
3.304709	0.999814	0.015551
3.398685	0.998427	0.016926
3.495503	0.995507	0.029737
3.591831	1.003808	0.004066
3.683187	1.002542	0.003956
3.772631	1.000416	0.003340
3.864982	1.003035	0.012998
3.942280	1.003145	0.009045
4.002602	0.998033	0.003760
4.062351	0.998213	0.003346
4.122109	0.997568	0.003405
4.181863	0.997646	0.005432
4.241508	0.988829	0.019494
4.301612	0.984827	0.026170
4.365080	0.984809	0.024894
4.429059	0.985119	0.025422
4.493018	0.988492	0.019011
4.556996	0.997660	0.004392
4.620974	0.999459	0.002825
4.685017	0.999154	0.003250
4.748997	1.001256	0.003931
4.813238	0.999760	0.004356
4.878842	0.994015	0.014677
4.943952	0.988173	0.024006
5.007930	0.986054	0.024491
5.071942	0.988250	0.024365
5.136360	0.991511	0.019476
5.201358	0.998593	0.006592
5.265336	1.002320	0.004685
5.329312	1.002170	0.004323
5.393354	1.002057	0.004695
5.457332	1.002454	0.003764
5.521313	1.001987	0.004800
5.585291	1.002427	0.004467
5.650625	1.002682	0.004178
5.714789	1.001810	0.004137
5.778767	1.001728	0.004119
5.842782	1.001208	0.002660
5.907785	1.000929	0.003061
5.972197	1.001297	0.002446
6.034619	1.006195	0.015847
6.094263	1.003217	0.011641
6.153970	1.003823	0.011099
6.213693	1.002261	0.008122
6.273451	1.002988	0.004620
6.333205	1.001411	0.002749
6.392968	1.001863	0.002501
6.452716	1.000925	0.002507
6.512523	1.000634	0.002553
6.573435	1.000807	0.001999
6.633702	1.001223	0.001916
0.058682	0.999961	0.001557
0.180889	1.000461	0.002026
0.303096	1.000428	0.001430
0.425303	1.000756	0.001854
0.545691	1.000657	0.001541
0.661028	1.000980	0.001447
0.777803	1.001284	0.001688
0.892085	1.001636	0.001613
1.006770	1.000122	0.001628
1.121670	0.999239	0.005733
1.236135	0.995356	0.016685
1.350416	0.996144	0.016938
1.465106	0.993992	0.020902
1.580010	0.994529	0.020645
1.694471	0.996716	0.015433
1.808757	0.999610	0.004719
1.923447	1.000008	0.003001
2.038351	0.999309	0.002359
2.155184	1.000084	0.001798
2.269719	1.000840	0.002264
2.384306	0.999895	0.002647
2.499201	0.998284	0.011598
2.613886	0.993905	0.019793
2.728056	0.996160	0.017483
2.843054	0.994463	0.021276
2.962048	0.995555	0.019859
3.082503	0.997397	0.010013
3.198656	1.000120	0.002654
3.316335	1.000000	0.002881
3.431681	0.999182	0.003233
3.550312	0.999031	0.003239
3.665883	0.999467	0.002842
3.785057	0.999789	0.002751
3.905284	1.000514	0.002691
4.022824	1.000107	0.001663
4.140748	0.999265	0.002752
4.266041	1.000524	0.004535
4.408954	0.998247	0.012871
4.566430	0.973503	0.043647
4.755714	0.966803	0.052923
4.941808	0.965842	0.051319
5.127020	0.987873	0.021902
5.311647	0.995395	0.014161
5.497068	0.995675	0.012249
5.699720	0.995821	0.010915
5.890730	0.974783	0.039112
6.070373	0.964023	0.052440
6.249591	0.971372	0.048212
6.428212	0.987943	0.024337
6.609419	0.999814	0.015551
6.797370	0.998427	0.016926
6.991006	0.995507	0.029737
7.183663	1.003808	0.004066
7.366374	1.002542	0.003956
7.545262	1.000416	0.003340
7.729964	1.003035	0.012998
7.884560	1.003145	0.009045
8.005205	0.998033	0.003760
8.124703	0.998213	0.003346
8.244219	0.997568	0.003405
8.363726	0.997646	0.005432
8.483015	0.988829	0.019494
8.603224	0.984827	0.026170
8.730160	0.984809	0.024894
8.858118	0.985119	0.025422
8.986037	0.988492	0.019011
9.113993	0.997660	0.004392
9.241949	0.999459	0.002825
9.370034	0.999154	0.003250
9.497995	1.001256	0.003931
9.626476	0.999760	0.004356
9.757683	0.994015	0.014677
9.887904	0.988173	0.024006
10.015861	0.986054	0.024491
10.143885	0.988250	0.024365
10.272719	0.991511	0.019476
10.402716	0.998593	0.006592
10.530672	1.002320	0.004685
10.658623	1.002170	0.004323
10.786708	1.002057	0.004695
10.914665	1.002454	0.003764
11.042625	1.001987	0.004800
11.170581	1.002427	0.004467
11.301250	1.002682	0.004178
11.429579	1.001810	0.004137
11.557535	1.001728	0.004119
11.685564	1.001208	0.002660
11.815570	1.000929	0.003061
11.944395	1.001297	0.002446
12.069238	1.006195	0.015847
12.188527	1.003217	0.011641
12.307940	1.003823	0.011099
12.427386	1.002261	0.008122
12.546903	1.002988	0.004620
12.666410	1.001411	0.002749
12.785935	1.001863	0.002501
12.905433	1.000925	0.002507
13.025045	1.000634	0.002553
13.146871	1.000807	0.001999
13.267404	1.001223	0.001916
