100
0.031719	1.000507	0.001549
0.094278	1.000393	0.001884
0.157146	1.000210	0.001299
0.220161	1.000354	0.001408
0.278864	1.000724	0.001545
0.335553	1.000063	0.001616
0.392712	1.000474	0.001168
0.452226	1.000241	0.001615
0.510804	1.000050	0.000977
0.568382	1.000063	0.001457
0.625257	1.000227	0.001485
0.685661	0.999986	0.001348
0.744309	0.999721	0.001430
0.801450	0.999498	0.001653
0.860069	0.999305	0.002030
0.919434	0.999891	0.002490
0.987978	0.999449	0.001762
1.057964	0.999183	0.001901
1.127048	0.998933	0.002059
1.195985	0.998717	0.002401
1.275291	0.998979	0.002217
1.358203	0.999305	0.002250
1.437353	0.999669	0.001961
1.515108	0.999693	0.001690
1.586967	1.000239	0.001559
1.653917	1.003724	0.010501
1.712447	1.003107	0.004069
1.770061	1.003620	0.005552
1.831616	1.004600	0.008705
1.903170	1.003113	0.003859
1.975577	1.002656	0.003110
2.047848	1.002139	0.002899
2.123441	1.002159	0.002251
2.198432	1.001765	0.002008
2.270722	1.001238	0.002013
2.345151	1.001013	0.001930
2.422483	1.000641	0.001811
2.504742	1.000042	0.001667
2.576106	0.999387	0.002023
2.640494	0.999803	0.001865
2.705514	0.999713	0.001822
2.772004	1.000060	0.001488
2.840670	1.000103	0.001669
2.908333	1.000075	0.001678
2.973666	0.999713	0.001486
3.037830	0.999853	0.001625
3.101842	1.000035	0.001718
3.165845	1.000087	0.001758
3.237031	0.999743	0.001397
3.308465	0.999717	0.001981
3.377757	1.000071	0.001719
3.441807	1.006265	0.021768
3.501529	1.003519	0.012220
3.562150	1.002352	0.007968
3.621343	1.001289	0.004854
3.681115	0.999870	0.002122
3.743011	0.999280	0.001714
3.802955	0.999149	0.001849
3.867762	0.999091	0.001790
3.926904	0.998783	0.001816
3.986126	0.998592	0.001726
4.045041	0.998731	0.002073
4.106824	0.997857	0.002064
4.167092	0.998430	0.002202
4.229241	0.998237	0.002139
4.291818	0.998385	0.002251
4.352938	0.997976	0.002509
4.414400	0.998749	0.002429
4.475503	0.999562	0.001710
4.534650	0.999355	0.001359
4.594429	1.000460	0.002112
4.653238	1.001086	0.002704
4.712794	1.000914	0.002799
4.775706	1.001303	0.003660
4.836815	1.001704	0.003226
4.896639	1.001458	0.003422
4.956894	1.000999	0.003417
5.015807	1.001365	0.003057
5.075803	1.000837	0.003317
5.135242	1.000506	0.003251
5.193474	1.001045	0.002763
5.255848	1.000721	0.002195
5.317521	0.999793	0.002102
5.378817	1.000299	0.001410
5.439208	1.000312	0.001777
5.499054	1.000154	0.001691
5.558848	1.000159	0.001580
5.619025	1.000149	0.001553
5.683789	1.000000	0.001689
5.746626	0.999846	0.001479
5.806174	1.000075	0.001542
5.869043	1.000267	0.001436
5.929455	0.999624	0.001690
5.992197	0.999937	0.001303
6.051388	1.000005	0.001749
6.112720	1.000484	0.001564
6.176867	1.000095	0.001565
6.247383	1.000449	0.001452
6.319445	1.000672	0.001504
6.387068	1.000325	0.001299
0.063438	1.000507	0.001549
0.188555	1.000393	0.001884
0.314292	1.000210	0.001299
0.440322	1.000354	0.001408
0.557728	1.000724	0.001545
0.671105	1.000063	0.001616
0.785424	1.000474	0.001168
0.904453	1.000241	0.001615
1.021608	1.000050	0.000977
1.136764	1.000063	0.001457
1.250513	1.000227	0.001485
1.371322	0.999986	0.001348
1.488618	0.999721	0.001430
1.602900	0.999498	0.001653
1.720138	0.999305	0.002030
1.838867	0.999891	0.002490
1.975956	0.999449	0.001762
2.115928	0.999183	0.001901
2.254096	0.998933	0.002059
2.391970	0.998717	0.002401
2.550582	0.998979	0.002217
2.716406	0.999305	0.002250
2.874706	0.999669	0.001961
3.030217	0.999693	0.001690
3.173934	1.000239	0.001559
3.307833	1.003724	0.010501
3.424895	1.003107	0.004069
3.540122	1.003620	0.005552
3.663232	1.004600	0.008705
3.806339	1.003113	0.003859
3.951154	1.002656	0.003110
4.095697	1.002139	0.002899
4.246881	1.002159	0.002251
4.396863	1.001765	0.002008
4.541444	1.001238	0.002013
4.690302	1.001013	0.001930
4.844966	1.000641	0.001811
5.009484	1.000042	0.001667
5.152213	0.999387	0.002023
5.280987	0.999803	0.001865
5.411028	0.999713	0.001822
5.544008	1.000060	0.001488
5.681340	1.000103	0.001669
5.816665	1.000075	0.001678
5.947331	0.999713	0.001486
6.075659	0.999853	0.001625
6.203684	1.000035	0.001718
6.331690	1.000087	0.001758
6.474061	0.999743	0.001397
6.616930	0.999717	0.001981
6.755514	1.000071	0.001719
6.883615	1.006265	0.021768
7.003057	1.003519	0.012220
7.124300	1.002352	0.007968
7.242686	1.001289	0.004854
7.362231	0.999870	0.002122
7.486023	0.999280	0.001714
7.605910	0.999149	0.001849
7.735525	0.999091	0.001790
7.853808	0.998783	0.001816
7.972253	0.998592	0.001726
8.090083	0.998731	0.002073
8.213648	0.997857	0.002064
8.334185	0.998430	0.002202
8.458483	0.998237	0.002139
8.583637	0.998385	0.002251
8.705875	0.997976	0.002509
8.828800	0.998749	0.002429
8.951006	0.999562	0.001710
9.069299	0.999355	0.001359
9.188857	1.000460	0.002112
9.306475	1.001086	0.002704
9.425589	1.000914	0.002799
9.551411	1.001303	0.003660
9.673630	1.001704	0.003226
9.793277	1.001458	0.003422
9.913788	1.000999	0.003417
10.031613	1.001365	0.003057
10.151606	1.000837	0.003317
10.270485	1.000506	0.003251
10.386948	1.001045	0.002763
10.511695	1.000721	0.002195
10.635042	0.999793	0.002102
10.757634	1.000299	0.001410
10.878416	1.000312	0.001777
10.998107	1.000154	0.001691
11.117696	1.000159	0.001580
11.238051	1.000149	0.001553
11.367577	1.000000	0.001689
11.493252	0.999846	0.001479
11.612347	1.000075	0.001542
11.738086	1.000267	0.001436
11.858910	0.999624	0.001690
11.984394	0.999937	0.001303
12.102775	1.000005	0.001749
12.225439	1.000484	0.001564
12.353735	1.000095	0.001565
12.494765	1.000449	0.001452
12.638889	1.000672	0.001504
12.774137	1.000325	0.001299
