100
0.015787	0.999874	0.001218
0.045539	1.000489	0.000924
0.073260	1.000451	0.000814
0.101028	0.999771	0.001249
0.128959	1.000941	0.001201
0.156610	1.000517	0.001036
0.183922	1.000184	0.001024
0.210465	0.999990	0.001236
0.235206	1.000287	0.001128
0.260487	1.000658	0.001633
0.285763	1.000208	0.001848
0.312549	0.999832	0.001764
0.337372	1.000372	0.001748
0.361034	1.000477	0.001794
0.385145	1.000426	0.002016
0.410503	1.000146	0.001660
0.435255	0.999830	0.001767
0.459038	0.999752	0.001657
0.483469	0.999561	0.001619
0.507512	0.999719	0.001435
0.533723	1.000436	0.002034
0.562576	0.999153	0.001383
0.589976	0.999222	0.001252
0.616629	0.999340	0.001793
0.642365	0.998866	0.001800
0.669714	0.999240	0.001910
0.695924	0.998566	0.001500
0.721333	0.998731	0.001956
0.747229	0.997758	0.001784
0.772881	0.997980	0.001344
0.798838	0.997686	0.001440
0.822019	0.997958	0.002009
0.846184	0.998346	0.002139
0.869769	0.997692	0.001754
0.894227	0.997471	0.001808
0.917944	0.997705	0.001391
0.942104	0.997627	0.001327
0.965506	0.998339	0.001408
0.991280	0.999536	0.001709
1.015093	0.999128	0.001359
1.039411	0.999994	0.000798
1.062367	1.000678	0.001110
1.084403	1.001197	0.001127
1.107445	1.002152	0.001153
1.129483	1.002575	0.001115
1.151906	1.003000	0.001211
1.176154	1.003514	0.000908
1.198894	1.003852	0.001598
1.220957	1.004099	0.001462
1.242961	1.003833	0.001482
1.267950	1.004202	0.001669
1.291551	1.003905	0.001852
1.313356	1.003293	0.001721
1.334193	1.003458	0.002016
1.356036	1.003319	0.002067
1.376961	1.002997	0.002008
1.397787	1.002874	0.001911
1.419420	1.002695	0.001937
1.440904	1.002251	0.001669
1.463748	1.001859	0.001645
1.486034	1.001705	0.001538
1.508308	1.001346	0.001303
1.532390	1.001631	0.001491
1.556721	1.001014	0.001452
1.582385	1.000845	0.001369
1.607141	1.000439	0.001346
1.632528	1.000433	0.001306
1.657390	1.000417	0.001016
1.681721	0.999718	0.000997
1.707312	1.000596	0.001133
1.731185	0.999932	0.001244
1.755333	0.999717	0.001123
1.778725	0.999926	0.001195
1.804118	0.999517	0.001182
1.832877	0.999698	0.001474
1.859231	0.999225	0.001451
1.885547	0.999387	0.001309
1.912167	0.999440	0.001376
1.938880	0.999636	0.001621
1.966125	0.999242	0.001391
1.994863	0.999237	0.001561
2.024357	0.999605	0.000990
2.053034	0.999754	0.001149
2.083987	1.000155	0.001343
2.112338	0.999496	0.001386
2.142391	0.999804	0.001274
2.169011	0.999936	0.001061
2.195360	0.999769	0.001474
2.223213	0.999352	0.001445
2.250645	1.000550	0.001166
2.278298	1.000149	0.001272
2.305069	0.999648	0.001424
2.331555	1.000130	0.001418
2.358440	0.999901	0.001614
2.385552	0.999661	0.001370
2.412161	0.999813	0.001329
2.440312	1.000075	0.001346
2.467524	0.999635	0.001528
2.495360	1.000141	0.001480
2.524141	1.000154	0.001240
0.031573	0.999874	0.001218
0.091079	1.000489	0.000924
0.146520	1.000451	0.000814
0.202056	0.999771	0.001249
0.257918	1.000941	0.001201
0.313220	1.000517	0.001036
0.367845	1.000184	0.001024
0.420929	0.999990	0.001236
0.470411	1.000287	0.001128
0.520974	1.000658	0.001633
0.571525	1.000208	0.001848
0.625099	0.999832	0.001764
0.674743	1.000372	0.001748
0.722068	1.000477	0.001794
0.770290	1.000426	0.002016
0.821005	1.000146	0.001660
0.870509	0.999830	0.001767
0.918076	0.999752	0.001657
0.966937	0.999561	0.001619
1.015024	0.999719	0.001435
1.067446	1.000436	0.002034
1.125152	0.999153	0.001383
1.179951	0.999222	0.001252
1.233258	0.999340	0.001793
1.284731	0.998866	0.001800
1.339427	0.999240	0.001910
1.391849	0.998566	0.001500
1.442666	0.998731	0.001956
1.494459	0.997758	0.001784
1.545761	0.997980	0.001344
1.597676	0.997686	0.001440
1.644038	0.997958	0.002009
1.692368	0.998346	0.002139
1.739539	0.997692	0.001754
1.788455	0.997471	0.001808
1.835889	0.997705	0.001391
1.884208	0.997627	0.001327
1.931012	0.998339	0.001408
1.982559	0.999536	0.001709
2.030185	0.999128	0.001359
2.078821	0.999994	0.000798
2.124733	1.000678	0.001110
2.168807	1.001197	0.001127
2.214891	1.002152	0.001153
2.258965	1.002575	0.001115
2.303812	1.003000	0.001211
2.352308	1.003514	0.000908
2.397788	1.003852	0.001598
2.441914	1.004099	0.001462
2.485922	1.003833	0.001482
2.535900	1.004202	0.001669
2.583102	1.003905	0.001852
2.626712	1.003293	0.001721
2.668385	1.003458	0.002016
2.712072	1.003319	0.002067
2.753922	1.002997	0.002008
2.795575	1.002874	0.001911
2.838840	1.002695	0.001937
2.881808	1.002251	0.001669
2.927495	1.001859	0.001645
2.972068	1.001705	0.001538
3.016616	1.001346	0.001303
3.064781	1.001631	0.001491
3.113442	1.001014	0.001452
3.164769	1.000845	0.001369
3.214283	1.000439	0.001346
3.265056	1.000433	0.001306
3.314781	1.000417	0.001016
3.363442	0.999718	0.000997
3.414625	1.000596	0.001133
3.462371	0.999932	0.001244
3.510666	0.999717	0.001123
3.557449	0.999926	0.001195
3.608237	0.999517	0.001182
3.665753	0.999698	0.001474
3.718462	0.999225	0.001451
3.771094	0.999387	0.001309
3.824333	0.999440	0.001376
3.877760	0.999636	0.001621
3.932250	0.999242	0.001391
3.989725	0.999237	0.001561
4.048714	0.999605	0.000990
4.106068	0.999754	0.001149
4.167974	1.000155	0.001343
4.224676	0.999496	0.001386
4.284782	0.999804	0.001274
4.338022	0.999936	0.001061
4.390720	0.999769	0.001474
4.446427	0.999352	0.001445
4.501290	1.000550	0.001166
4.556596	1.000149	0.001272
4.610139	0.999648	0.001424
4.663110	1.000130	0.001418
4.716881	0.999901	0.001614
4.771104	0.999661	0.001370
4.824323	0.999813	0.001329
4.880624	1.000075	0.001346
4.935047	0.999635	0.001528
4.990719	1.000141	0.001480
5.048282	1.000154	0.001240
