100
0.006867	1.000227	0.001178
0.022278	0.999702	0.002016
0.035286	0.999488	0.001963
0.052136	0.999489	0.002098
0.066710	0.999241	0.001570
0.079872	0.999287	0.001753
0.093790	0.999326	0.001373
0.108706	1.000360	0.002311
0.125230	1.000384	0.000919
0.142049	1.000190	0.000995
0.157943	0.999424	0.001918
0.172101	1.000177	0.001648
0.186156	1.000462	0.000972
0.199624	0.997432	0.003966
0.213600	1.000272	0.001411
0.228919	1.000144	0.002330
0.245828	1.000165	0.001691
0.261920	0.999725	0.001417
0.275776	0.999602	0.001723
0.288969	0.999548	0.001926
0.300688	0.999021	0.002120
0.313924	1.000776	0.001433
0.329106	1.000149	0.001457
0.341319	0.999105	0.001734
0.354167	0.999931	0.001760
0.366407	0.998747	0.002621
0.380157	0.999667	0.002651
0.395192	0.998685	0.003292
0.408386	0.999476	0.003214
0.421276	0.996792	0.004947
0.434265	0.998770	0.002824
0.448287	0.997391	0.004404
0.461346	0.996838	0.004888
0.474747	0.998901	0.004778
0.489685	0.998183	0.003321
0.503895	0.997858	0.005382
0.516810	0.997984	0.004814
0.529332	0.996423	0.005409
0.541795	0.998289	0.005868
0.554152	0.998026	0.003942
0.568109	0.996856	0.007488
0.584268	0.999599	0.003137
0.596722	0.998071	0.004684
0.608263	0.995553	0.009306
0.619679	0.999659	0.003671
0.631818	0.993578	0.010853
0.645882	0.998329	0.005298
0.656938	0.993873	0.012837
0.672841	0.993887	0.009432
0.687604	0.999526	0.004011
0.700709	0.997943	0.006541
0.713414	0.996504	0.005065
0.726213	0.999469	0.005053
0.738178	0.998506	0.004526
0.750804	0.999456	0.003423
0.764816	0.998857	0.004962
0.778965	1.000425	0.002212
0.796148	1.000054	0.001480
0.812732	1.000929	0.001341
0.826210	1.000438	0.002369
0.839813	1.000447	0.002026
0.853537	1.001332	0.001359
0.867226	1.000490	0.001640
0.880795	1.000620	0.001306
0.896188	1.000526	0.001180
0.910799	1.000473	0.002167
0.925186	0.999764	0.002301
0.937919	1.000315	0.001925
0.951201	1.000255	0.002214
0.965512	1.000629	0.001709
0.979610	1.000032	0.001325
0.994679	1.000630	0.001993
1.007261	0.999793	0.001837
1.020174	0.999326	0.003619
1.032765	0.999370	0.002927
1.046405	1.000128	0.001889
1.062732	1.000400	0.001589
1.077829	0.998293	0.009110
1.091841	0.999515	0.001480
1.105230	0.997289	0.009411
1.120122	0.997547	0.009273
1.133581	0.997148	0.006528
1.147831	1.000367	0.001672
1.164501	1.000165	0.002082
1.177392	0.999781	0.001313
1.190204	1.000077	0.001660
1.203971	1.000084	0.001994
1.217913	0.999525	0.001386
1.230734	0.999920	0.001577
1.243546	0.999622	0.001872
1.255457	0.999695	0.001374
1.267198	1.000348	0.001348
1.278723	0.999285	0.002078
1.290464	1.000086	0.001574
1.304644	1.000545	0.001050
1.316842	0.999502	0.001818
1.328592	1.000049	0.002087
1.339967	0.999274	0.000824
1.351794	0.999904	0.001592
1.364294	0.999517	0.001413
0.013735	1.000227	0.001178
0.044557	0.999702	0.002016
0.070571	0.999488	0.001963
0.104271	0.999489	0.002098
0.133420	0.999241	0.001570
0.159745	0.999287	0.001753
0.187580	0.999326	0.001373
0.217413	1.000360	0.002311
0.250459	1.000384	0.000919
0.284097	1.000190	0.000995
0.315885	0.999424	0.001918
0.344202	1.000177	0.001648
0.372312	1.000462	0.000972
0.399249	0.997432	0.003966
0.427201	1.000272	0.001411
0.457839	1.000144	0.002330
0.491655	1.000165	0.001691
0.523840	0.999725	0.001417
0.551553	0.999602	0.001723
0.577938	0.999548	0.001926
0.601375	0.999021	0.002120
0.627848	1.000776	0.001433
0.658211	1.000149	0.001457
0.682638	0.999105	0.001734
0.708334	0.999931	0.001760
0.732815	0.998747	0.002621
0.760313	0.999667	0.002651
0.790384	0.998685	0.003292
0.816771	0.999476	0.003214
0.842553	0.996792	0.004947
0.868531	0.998770	0.002824
0.896573	0.997391	0.004404
0.922691	0.996838	0.004888
0.949493	0.998901	0.004778
0.979369	0.998183	0.003321
1.007790	0.997858	0.005382
1.033621	0.997984	0.004814
1.058664	0.996423	0.005409
1.083590	0.998289	0.005868
1.108304	0.998026	0.003942
1.136217	0.996856	0.007488
1.168537	0.999599	0.003137
1.193445	0.998071	0.004684
1.216527	0.995553	0.009306
1.239358	0.999659	0.003671
1.263637	0.993578	0.010853
1.291765	0.998329	0.005298
1.313875	0.993873	0.012837
1.345681	0.993887	0.009432
1.375208	0.999526	0.004011
1.401417	0.997943	0.006541
1.426828	0.996504	0.005065
1.452425	0.999469	0.005053
1.476357	0.998506	0.004526
1.501607	0.999456	0.003423
1.529632	0.998857	0.004962
1.557931	1.000425	0.002212
1.592296	1.000054	0.001480
1.625465	1.000929	0.001341
1.652420	1.000438	0.002369
1.679625	1.000447	0.002026
1.707075	1.001332	0.001359
1.734452	1.000490	0.001640
1.761590	1.000620	0.001306
1.792376	1.000526	0.001180
1.821597	1.000473	0.002167
1.850373	0.999764	0.002301
1.875838	1.000315	0.001925
1.902401	1.000255	0.002214
1.931024	1.000629	0.001709
1.959220	1.000032	0.001325
1.989358	1.000630	0.001993
2.014523	0.999793	0.001837
2.040348	0.999326	0.003619
2.065531	0.999370	0.002927
2.092809	1.000128	0.001889
2.125465	1.000400	0.001589
2.155658	0.998293	0.009110
2.183682	0.999515	0.001480
2.210460	0.997289	0.009411
2.240244	0.997547	0.009273
2.267162	0.997148	0.006528
2.295663	1.000367	0.001672
2.329002	1.000165	0.002082
2.354784	0.999781	0.001313
2.380407	1.000077	0.001660
2.407942	1.000084	0.001994
2.435827	0.999525	0.001386
2.461468	0.999920	0.001577
2.487091	0.999622	0.001872
2.510915	0.999695	0.001374
2.534396	1.000348	0.001348
2.557447	0.999285	0.002078
2.580928	1.000086	0.001574
2.609288	1.000545	0.001050
2.633683	0.999502	0.001818
2.657185	1.000049	0.002087
2.679934	0.999274	0.000824
2.703589	0.999904	0.001592
2.728589	0.999517	0.001413
