100
0.012591	1.000950	0.001393
0.042112	1.000484	0.001149
0.072318	1.000671	0.001357
0.102542	1.000375	0.001298
0.134818	1.000372	0.001163
0.163987	1.000067	0.000583
0.194203	1.000212	0.000799
0.226126	0.999620	0.000806
0.259828	0.999880	0.000535
0.293519	0.999567	0.000810
0.325101	0.999706	0.002117
0.360862	0.998997	0.000796
0.400804	0.998515	0.001387
0.435882	0.998605	0.001943
0.474066	0.997719	0.002371
0.510531	0.992790	0.010689
0.544896	0.989597	0.016754
0.577191	0.977779	0.027090
0.609486	0.969325	0.030909
0.644212	0.969210	0.031261
0.678216	0.976604	0.026950
0.708451	0.974536	0.027799
0.741419	0.991118	0.013242
0.776156	0.994246	0.008272
0.806341	0.996250	0.003720
0.838656	0.997903	0.002641
0.874407	0.998392	0.002558
0.911214	0.998851	0.001678
0.943851	0.999428	0.000972
0.974749	1.000155	0.001251
1.009476	1.000701	0.001832
1.041771	1.002049	0.001781
1.076497	1.001508	0.002281
1.114681	1.002922	0.002743
1.155657	1.002160	0.003058
1.193861	1.002244	0.003316
1.234114	1.003865	0.003368
1.277874	1.004097	0.003470
1.326487	1.003363	0.003548
1.378899	1.003948	0.002782
1.432376	1.002028	0.002247
1.483772	1.002873	0.001727
1.535862	1.001712	0.001786
1.583772	1.001610	0.001376
1.633421	1.000944	0.000581
1.677151	1.000897	0.001073
1.715726	1.000183	0.001069
1.759456	1.000082	0.001252
1.807024	0.999920	0.001061
1.853196	0.999639	0.000995
1.901829	0.999408	0.001029
1.953567	0.999544	0.000874
1.994866	0.999182	0.000968
2.041751	0.999472	0.000982
2.086897	0.999045	0.000928
2.137249	0.998658	0.001406
2.179944	0.999061	0.001171
2.219544	0.998870	0.001439
2.257034	1.000231	0.003305
2.293499	1.000571	0.003658
2.332747	1.000839	0.003718
2.368841	0.999570	0.002272
2.399749	1.000816	0.002729
2.441429	0.999822	0.001842
2.487942	1.000111	0.002057
2.524407	0.999811	0.001291
2.560872	1.000178	0.001514
2.594886	1.000403	0.001612
2.627532	1.000342	0.001230
2.662601	1.000180	0.001084
2.695569	0.999981	0.000939
2.729278	1.000304	0.001132
2.758575	0.999774	0.001179
2.787134	1.000430	0.001410
2.817234	1.000106	0.000918
2.846541	0.999885	0.001370
2.879332	1.000236	0.000771
2.909041	0.999778	0.001102
2.936830	1.000225	0.001052
2.966149	0.999828	0.001114
2.992375	1.000227	0.000873
3.019393	1.000411	0.001333
3.046390	1.000246	0.001280
3.073006	1.000252	0.000988
3.100806	1.001146	0.000666
3.133575	1.000372	0.001336
3.162134	1.000727	0.000892
3.189141	1.000808	0.001041
3.216138	1.000155	0.001086
3.242375	1.000396	0.001346
3.269382	1.000494	0.001110
3.296390	1.000675	0.001041
3.323386	1.000415	0.001384
3.352727	1.000847	0.001036
3.379712	1.001128	0.001161
3.406328	1.000474	0.001387
3.435278	1.000654	0.001020
3.463045	1.000587	0.001139
3.491973	1.000325	0.001110
3.522464	1.000794	0.001459
0.025182	1.000950	0.001393
0.084225	1.000484	0.001149
0.144635	1.000671	0.001357
0.205085	1.000375	0.001298
0.269635	1.000372	0.001163
0.327975	1.000067	0.000583
0.388405	1.000212	0.000799
0.452252	0.999620	0.000806
0.519655	0.999880	0.000535
0.587038	0.999567	0.000810
0.650201	0.999706	0.002117
0.721725	0.998997	0.000796
0.801608	0.998515	0.001387
0.871765	0.998605	0.001943
0.948131	0.997719	0.002371
1.021062	0.992790	0.010689
1.089791	0.989597	0.016754
1.154381	0.977779	0.027090
1.218972	0.969325	0.030909
1.288425	0.969210	0.031261
1.356431	0.976604	0.026950
1.416901	0.974536	0.027799
1.482838	0.991118	0.013242
1.552311	0.994246	0.008272
1.612681	0.996250	0.003720
1.677312	0.997903	0.002641
1.748815	0.998392	0.002558
1.822428	0.998851	0.001678
1.887701	0.999428	0.000972
1.949498	1.000155	0.001251
2.018951	1.000701	0.001832
2.083541	1.002049	0.001781
2.152995	1.001508	0.002281
2.229362	1.002922	0.002743
2.311315	1.002160	0.003058
2.387722	1.002244	0.003316
2.468228	1.003865	0.003368
2.555748	1.004097	0.003470
2.652975	1.003363	0.003548
2.757798	1.003948	0.002782
2.864751	1.002028	0.002247
2.967545	1.002873	0.001727
3.071725	1.001712	0.001786
3.167545	1.001610	0.001376
3.266841	1.000944	0.000581
3.354301	1.000897	0.001073
3.431451	1.000183	0.001069
3.518911	1.000082	0.001252
3.614048	0.999920	0.001061
3.706391	0.999639	0.000995
3.803658	0.999408	0.001029
3.907135	0.999544	0.000874
3.989731	0.999182	0.000968
4.083501	0.999472	0.000982
4.173795	0.999045	0.000928
4.274498	0.998658	0.001406
4.359888	0.999061	0.001171
4.439088	0.998870	0.001439
4.514068	1.000231	0.003305
4.586998	1.000571	0.003658
4.665495	1.000839	0.003718
4.737681	0.999570	0.002272
4.799498	1.000816	0.002729
4.882857	0.999822	0.001842
4.975884	1.000111	0.002057
5.048815	0.999811	0.001291
5.121744	1.000178	0.001514
5.189771	1.000403	0.001612
5.255065	1.000342	0.001230
5.325201	1.000180	0.001084
5.391138	0.999981	0.000939
5.458557	1.000304	0.001132
5.517150	0.999774	0.001179
5.574268	1.000430	0.001410
5.634468	1.000106	0.000918
5.693083	0.999885	0.001370
5.758664	1.000236	0.000771
5.818083	0.999778	0.001102
5.873661	1.000225	0.001052
5.932298	0.999828	0.001114
5.984750	1.000227	0.000873
6.038786	1.000411	0.001333
6.092779	1.000246	0.001280
6.146012	1.000252	0.000988
6.201612	1.001146	0.000666
6.267150	1.000372	0.001336
6.324268	1.000727	0.000892
6.378283	1.000808	0.001041
6.432275	1.000155	0.001086
6.484750	1.000396	0.001346
6.538764	1.000494	0.001110
6.592779	1.000675	0.001041
6.646771	1.000415	0.001384
6.705453	1.000847	0.001036
6.759424	1.001128	0.001161
6.812657	1.000474	0.001387
6.870557	1.000654	0.001020
6.926090	1.000587	0.001139
6.983946	1.000325	0.001110
7.044927	1.000794	0.001459
