100
0.006581	1.000026	0.001017
0.018472	0.999917	0.000794
0.030889	1.000013	0.001039
0.043359	0.999997	0.001093
0.055400	0.999710	0.001025
0.067990	0.999546	0.000863
0.079880	0.999774	0.000772
0.092115	0.999622	0.000918
0.104564	0.999703	0.001171
0.116780	0.999861	0.000784
0.129381	0.999815	0.001052
0.141544	0.999629	0.000960
0.153567	1.004041	0.028971
0.165736	1.003469	0.023665
0.177604	0.999841	0.000933
0.189633	1.002788	0.020232
0.201972	0.999680	0.001366
0.215212	1.002110	0.017628
0.227904	1.001301	0.015917
0.241456	0.999481	0.000914
0.254780	1.001611	0.013620
0.267697	1.001249	0.011589
0.280120	0.999476	0.001046
0.292529	1.001008	0.009812
0.305994	0.999611	0.000993
0.318229	1.000934	0.008308
0.330678	1.000388	0.006858
0.342544	0.999457	0.001218
0.354727	1.000320	0.005291
0.367381	0.999218	0.001103
0.379151	1.000126	0.003828
0.391166	0.999434	0.001233
0.403257	0.999892	0.002812
0.416110	0.999467	0.000916
0.428536	0.999374	0.000922
0.440865	0.999662	0.001302
0.453480	0.999444	0.001012
0.465513	0.999790	0.001051
0.477921	0.999307	0.001144
0.490125	0.999457	0.001127
0.502440	0.999324	0.001100
0.514850	0.999251	0.001105
0.526559	0.999746	0.001380
0.538537	0.999526	0.001103
0.551376	0.999644	0.001168
0.563669	0.999813	0.001464
0.576316	0.999926	0.001075
0.588079	1.000073	0.001195
0.600441	1.000120	0.001078
0.612587	1.000234	0.001163
0.624231	1.000318	0.001019
0.635950	1.000251	0.001426
0.647601	1.000355	0.001144
0.659686	1.000539	0.001343
0.670843	1.000443	0.001551
0.683060	1.000806	0.001511
0.695062	1.000579	0.001666
0.707056	1.000670	0.001313
0.718555	1.001041	0.001896
0.730275	1.001093	0.001689
0.742418	1.000839	0.001516
0.753776	1.001216	0.001563
0.765460	1.000903	0.001799
0.777081	1.000941	0.001843
0.789037	1.001029	0.001882
0.801119	1.001210	0.002097
0.812998	1.001089	0.001960
0.824819	1.001079	0.002020
0.836574	1.001234	0.001898
0.848545	1.001325	0.001908
0.860150	1.001019	0.001874
0.871944	1.001371	0.001887
0.883626	1.001335	0.001772
0.896205	1.000956	0.001897
0.908512	1.001114	0.001865
0.919814	1.001244	0.001838
0.931795	1.001010	0.001632
0.943641	1.001097	0.001864
0.956201	1.000890	0.001453
0.968477	1.001396	0.002639
0.980752	1.000969	0.001809
0.993940	1.000734	0.001677
1.005450	1.000925	0.001928
1.017868	1.000625	0.001314
1.029384	1.000745	0.001849
1.041341	1.000791	0.001601
1.052750	1.000952	0.001647
1.064557	1.000571	0.001157
1.077577	1.000740	0.001620
1.089800	1.000346	0.001289
1.102021	1.000370	0.001316
1.113759	1.000381	0.001348
1.125863	1.000031	0.001323
1.138605	1.000137	0.001165
1.150849	1.000167	0.001098
1.162608	1.000188	0.001168
1.174397	0.999739	0.000968
1.186631	1.000058	0.001015
1.198279	1.000060	0.000873
1.210257	0.999939	0.000877
0.013162	1.000026	0.001017
0.036943	0.999917	0.000794
0.061777	1.000013	0.001039
0.086718	0.999997	0.001093
0.110800	0.999710	0.001025
0.135979	0.999546	0.000863
0.159760	0.999774	0.000772
0.184229	0.999622	0.000918
0.209128	0.999703	0.001171
0.233561	0.999861	0.000784
0.258762	0.999815	0.001052
0.283087	0.999629	0.000960
0.307133	1.004041	0.028971
0.331472	1.003469	0.023665
0.355209	0.999841	0.000933
0.379266	1.002788	0.020232
0.403945	0.999680	0.001366
0.430424	1.002110	0.017628
0.455808	1.001301	0.015917
0.482911	0.999481	0.000914
0.509561	1.001611	0.013620
0.535394	1.001249	0.011589
0.560240	0.999476	0.001046
0.585059	1.001008	0.009812
0.611988	0.999611	0.000993
0.636458	1.000934	0.008308
0.661355	1.000388	0.006858
0.685087	0.999457	0.001218
0.709454	1.000320	0.005291
0.734762	0.999218	0.001103
0.758302	1.000126	0.003828
0.782331	0.999434	0.001233
0.806513	0.999892	0.002812
0.832221	0.999467	0.000916
0.857072	0.999374	0.000922
0.881731	0.999662	0.001302
0.906961	0.999444	0.001012
0.931026	0.999790	0.001051
0.955842	0.999307	0.001144
0.980250	0.999457	0.001127
1.004880	0.999324	0.001100
1.029701	0.999251	0.001105
1.053118	0.999746	0.001380
1.077075	0.999526	0.001103
1.102753	0.999644	0.001168
1.127339	0.999813	0.001464
1.152631	0.999926	0.001075
1.176158	1.000073	0.001195
1.200882	1.000120	0.001078
1.225174	1.000234	0.001163
1.248463	1.000318	0.001019
1.271900	1.000251	0.001426
1.295201	1.000355	0.001144
1.319372	1.000539	0.001343
1.341686	1.000443	0.001551
1.366119	1.000806	0.001511
1.390125	1.000579	0.001666
1.414112	1.000670	0.001313
1.437111	1.001041	0.001896
1.460550	1.001093	0.001689
1.484836	1.000839	0.001516
1.507552	1.001216	0.001563
1.530919	1.000903	0.001799
1.554162	1.000941	0.001843
1.578073	1.001029	0.001882
1.602237	1.001210	0.002097
1.625996	1.001089	0.001960
1.649637	1.001079	0.002020
1.673148	1.001234	0.001898
1.697090	1.001325	0.001908
1.720300	1.001019	0.001874
1.743889	1.001371	0.001887
1.767251	1.001335	0.001772
1.792410	1.000956	0.001897
1.817024	1.001114	0.001865
1.839627	1.001244	0.001838
1.863591	1.001010	0.001632
1.887283	1.001097	0.001864
1.912402	1.000890	0.001453
1.936954	1.001396	0.002639
1.961505	1.000969	0.001809
1.987879	1.000734	0.001677
2.010899	1.000925	0.001928
2.035736	1.000625	0.001314
2.058768	1.000745	0.001849
2.082682	1.000791	0.001601
2.105500	1.000952	0.001647
2.129115	1.000571	0.001157
2.155154	1.000740	0.001620
2.179601	1.000346	0.001289
2.204041	1.000370	0.001316
2.227519	1.000381	0.001348
2.251725	1.000031	0.001323
2.277210	1.000137	0.001165
2.301699	1.000167	0.001098
2.325216	1.000188	0.001168
2.348795	0.999739	0.000968
2.373261	1.000058	0.001015
2.396559	1.000060	0.000873
2.420515	0.999939	0.000877
