100
0.004893	0.999758	0.000820
0.014393	1.000047	0.002455
0.023844	0.999781	0.000766
0.032914	0.999894	0.000693
0.042708	0.999988	0.000708
0.051948	0.999995	0.000712
0.061307	0.999957	0.000762
0.070276	0.999964	0.000713
0.079471	1.000321	0.001964
0.088613	0.999887	0.000925
0.097770	1.000419	0.001684
0.107480	0.999735	0.001893
0.116850	1.000007	0.001650
0.125915	0.999881	0.002734
0.135225	0.999297	0.003389
0.144708	0.999691	0.003319
0.154117	0.999785	0.003059
0.163455	0.999535	0.004530
0.172363	0.999526	0.003687
0.181464	0.999165	0.004714
0.190492	0.999651	0.004471
0.199662	0.999979	0.003267
0.209035	0.999395	0.004290
0.218022	0.999727	0.004063
0.227266	1.000268	0.003748
0.236518	1.000180	0.002335
0.246086	1.000067	0.004411
0.255532	1.000743	0.001547
0.265478	1.000330	0.002561
0.275086	1.000853	0.001673
0.284520	1.000699	0.001594
0.293551	1.000593	0.001604
0.302884	1.000822	0.001465
0.312260	1.000608	0.001640
0.321538	1.000505	0.001331
0.330922	1.000655	0.001431
0.339657	1.000575	0.001342
0.348932	1.000565	0.001427
0.358758	1.000561	0.001232
0.368251	1.000426	0.001206
0.377422	1.000402	0.001043
0.386919	1.000432	0.000977
0.396391	1.000287	0.000945
0.406110	1.000208	0.000981
0.415726	1.000384	0.000829
0.425810	1.000340	0.000775
0.435299	1.000236	0.000839
0.445132	1.000244	0.000810
0.454796	1.000218	0.000820
0.464217	0.999979	0.000622
0.473191	1.000038	0.000685
0.482798	1.000267	0.000743
0.492425	1.000050	0.000700
0.501937	1.000156	0.000548
0.511353	0.999968	0.000773
0.520303	0.999950	0.000804
0.529488	0.999984	0.000752
0.538421	1.000009	0.000869
0.547979	1.003749	0.025188
0.556942	1.000025	0.000903
0.566246	1.003417	0.021964
0.575656	0.999855	0.000932
0.584565	1.000110	0.000974
0.593957	1.002928	0.019045
0.603135	0.999969	0.001028
0.611950	1.002337	0.016839
0.620858	1.000018	0.001105
0.630419	1.001960	0.015169
0.639445	1.000006	0.001162
0.648609	0.999725	0.001347
0.657410	1.001550	0.013935
0.666520	0.998849	0.003864
0.675295	1.000626	0.013342
0.684553	0.997482	0.005943
0.693683	0.998877	0.013919
0.702977	0.997267	0.007266
0.712588	0.995796	0.014775
0.721566	0.995427	0.008313
0.730697	0.995810	0.008769
0.739416	0.996179	0.013782
0.747904	0.994268	0.009285
0.756516	0.996285	0.012840
0.765565	0.994343	0.009694
0.774766	0.994696	0.012780
0.783821	0.995326	0.008945
0.793448	0.994639	0.009699
0.802742	0.997139	0.010390
0.811960	0.996916	0.007654
0.821034	0.998563	0.008308
0.830377	0.999087	0.002348
0.839761	0.999807	0.005597
0.848880	0.999000	0.002788
0.858450	0.999589	0.001031
0.867832	0.999620	0.000862
0.877416	0.999629	0.000804
0.886765	1.000186	0.003323
0.896092	0.999751	0.000828
0.905251	1.000107	0.002945
0.914496	0.999870	0.000860
0.923823	1.000210	0.002725
0.009786	0.999758	0.000820
0.028786	1.000047	0.002455
0.047687	0.999781	0.000766
0.065828	0.999894	0.000693
0.085416	0.999988	0.000708
0.103896	0.999995	0.000712
0.122614	0.999957	0.000762
0.140552	0.999964	0.000713
0.158943	1.000321	0.001964
0.177225	0.999887	0.000925
0.195540	1.000419	0.001684
0.214961	0.999735	0.001893
0.233700	1.000007	0.001650
0.251831	0.999881	0.002734
0.270449	0.999297	0.003389
0.289417	0.999691	0.003319
0.308235	0.999785	0.003059
0.326911	0.999535	0.004530
0.344726	0.999526	0.003687
0.362928	0.999165	0.004714
0.380985	0.999651	0.004471
0.399324	0.999979	0.003267
0.418071	0.999395	0.004290
0.436044	0.999727	0.004063
0.454533	1.000268	0.003748
0.473035	1.000180	0.002335
0.492173	1.000067	0.004411
0.511064	1.000743	0.001547
0.530957	1.000330	0.002561
0.550171	1.000853	0.001673
0.569039	1.000699	0.001594
0.587103	1.000593	0.001604
0.605769	1.000822	0.001465
0.624520	1.000608	0.001640
0.643077	1.000505	0.001331
0.661844	1.000655	0.001431
0.679314	1.000575	0.001342
0.697865	1.000565	0.001427
0.717516	1.000561	0.001232
0.736502	1.000426	0.001206
0.754844	1.000402	0.001043
0.773838	1.000432	0.000977
0.792782	1.000287	0.000945
0.812219	1.000208	0.000981
0.831452	1.000384	0.000829
0.851620	1.000340	0.000775
0.870597	1.000236	0.000839
0.890264	1.000244	0.000810
0.909592	1.000218	0.000820
0.928435	0.999979	0.000622
0.946383	1.000038	0.000685
0.965596	1.000267	0.000743
0.984851	1.000050	0.000700
1.003875	1.000156	0.000548
1.022705	0.999968	0.000773
1.040607	0.999950	0.000804
1.058977	0.999984	0.000752
1.076841	1.000009	0.000869
1.095958	1.003749	0.025188
1.113885	1.000025	0.000903
1.132491	1.003417	0.021964
1.151312	0.999855	0.000932
1.169129	1.000110	0.000974
1.187914	1.002928	0.019045
1.206269	0.999969	0.001028
1.223901	1.002337	0.016839
1.241717	1.000018	0.001105
1.260838	1.001960	0.015169
1.278889	1.000006	0.001162
1.297218	0.999725	0.001347
1.314820	1.001550	0.013935
1.333039	0.998849	0.003864
1.350590	1.000626	0.013342
1.369106	0.997482	0.005943
1.387365	0.998877	0.013919
1.405954	0.997267	0.007266
1.425177	0.995796	0.014775
1.443131	0.995427	0.008313
1.461393	0.995810	0.008769
1.478833	0.996179	0.013782
1.495808	0.994268	0.009285
1.513031	0.996285	0.012840
1.531130	0.994343	0.009694
1.549532	0.994696	0.012780
1.567642	0.995326	0.008945
1.586897	0.994639	0.009699
1.605484	0.997139	0.010390
1.623921	0.996916	0.007654
1.642069	0.998563	0.008308
1.660755	0.999087	0.002348
1.679521	0.999807	0.005597
1.697760	0.999000	0.002788
1.716900	0.999589	0.001031
1.735664	0.999620	0.000862
1.754832	0.999629	0.000804
1.773531	1.000186	0.003323
1.792184	0.999751	0.000828
1.810502	1.000107	0.002945
1.828991	0.999870	0.000860
1.847646	1.000210	0.002725
