100
0.091769	1.008450	0.025511
0.229260	1.028500	0.029064
0.308397	1.012032	0.017793
0.379214	1.009478	0.013409
0.447977	1.006488	0.009584
0.525064	1.004230	0.005766
0.602157	1.002631	0.003570
0.687577	1.001518	0.002854
0.762588	1.001147	0.001870
0.841732	0.999775	0.003345
0.912577	0.999301	0.000778
0.983394	0.999613	0.001337
1.058407	0.999495	0.002010
1.129234	0.999429	0.002005
1.197987	0.999466	0.002310
1.268822	1.000019	0.001193
1.343825	1.000821	0.000877
1.412577	1.001643	0.002151
1.483394	1.002209	0.002241
1.552155	1.002834	0.002557
1.620907	1.003225	0.003299
1.691734	1.002568	0.003106
1.760487	1.002095	0.003126
1.829245	1.000444	0.002416
1.900074	1.000687	0.001904
1.968835	1.000419	0.000666
2.037597	0.999359	0.000888
2.114677	0.998581	0.000955
2.180649	0.998272	0.000736
2.243149	0.998080	0.001377
2.305649	0.998760	0.001413
2.368149	0.998480	0.001554
2.442231	0.999914	0.001358
2.546397	1.001423	0.001284
2.641285	1.002987	0.002193
2.740829	1.003931	0.002952
2.844997	1.003782	0.003211
2.942231	1.003526	0.003313
3.037118	1.002635	0.002311
3.138986	1.000186	0.001310
3.252421	0.999323	0.001251
3.402875	0.999477	0.000993
3.518620	0.998290	0.001478
3.629742	0.997870	0.001088
3.731597	0.999908	0.001299
3.838062	1.001234	0.002592
3.942242	1.003545	0.003400
4.037140	1.002831	0.003802
4.129742	1.003349	0.004358
4.224640	1.001754	0.003595
4.317242	1.001814	0.002801
4.416786	1.000050	0.000874
4.516307	0.999185	0.001281
4.608908	0.998871	0.001012
4.703807	0.999216	0.000868
4.796408	0.999673	0.000787
4.898251	0.999824	0.001577
4.995473	0.999037	0.000617
5.088075	0.999980	0.000982
5.182973	1.000175	0.000934
5.275575	0.999898	0.001257
5.384362	0.999416	0.000887
5.483908	0.998952	0.001286
5.578829	0.999149	0.000742
5.671420	0.999430	0.001005
5.766329	0.998799	0.001099
5.863551	0.997933	0.001101
5.963086	0.998325	0.001515
6.057996	0.999184	0.002134
6.150586	1.000813	0.001258
6.245496	1.001881	0.002330
6.349677	1.002268	0.003459
6.474664	1.003633	0.003366
6.578829	1.003933	0.002787
6.671420	1.002028	0.002367
6.770964	1.000680	0.001612
6.870496	0.999625	0.000956
6.963086	0.999460	0.000443
7.067264	0.998282	0.001574
7.162151	0.998512	0.001644
7.254764	0.998089	0.000923
7.349651	0.999241	0.001355
7.442264	1.001460	0.002051
7.537151	1.002660	0.002414
7.629764	1.003891	0.003135
7.740862	1.002552	0.003861
7.849662	1.002130	0.003433
7.942275	1.001772	0.001803
8.044120	1.000074	0.000867
8.145964	0.999243	0.001070
8.245518	0.999731	0.001012
8.345040	1.000453	0.001975
8.442275	1.000153	0.001390
8.539496	1.000420	0.002280
8.641342	1.000313	0.001222
8.791815	1.000224	0.000876
8.979315	0.998596	0.000816
9.166815	0.999265	0.000474
9.354315	0.998894	0.000965
9.551037	0.998612	0.001154
0.183538	1.008450	0.025511
0.458520	1.028500	0.029064
0.616794	1.012032	0.017793
0.758427	1.009478	0.013409
0.895954	1.006488	0.009584
1.050127	1.004230	0.005766
1.204314	1.002631	0.003570
1.375154	1.001518	0.002854
1.525177	1.001147	0.001870
1.683464	0.999775	0.003345
1.825154	0.999301	0.000778
1.966787	0.999613	0.001337
2.116814	0.999495	0.002010
2.258467	0.999429	0.002005
2.395974	0.999466	0.002310
2.537644	1.000019	0.001193
2.687651	1.000821	0.000877
2.825154	1.001643	0.002151
2.966787	1.002209	0.002241
3.104311	1.002834	0.002557
3.241814	1.003225	0.003299
3.383467	1.002568	0.003106
3.520974	1.002095	0.003126
3.658491	1.000444	0.002416
3.800147	1.000687	0.001904
3.937671	1.000419	0.000666
4.075194	0.999359	0.000888
4.229354	0.998581	0.000955
4.361297	0.998272	0.000736
4.486297	0.998080	0.001377
4.611297	0.998760	0.001413
4.736297	0.998480	0.001554
4.884461	0.999914	0.001358
5.092795	1.001423	0.001284
5.282569	1.002987	0.002193
5.481658	1.003931	0.002952
5.689995	1.003782	0.003211
5.884461	1.003526	0.003313
6.074236	1.002635	0.002311
6.277973	1.000186	0.001310
6.504843	0.999323	0.001251
6.805750	0.999477	0.000993
7.037239	0.998290	0.001478
7.259484	0.997870	0.001088
7.463195	0.999908	0.001299
7.676125	1.001234	0.002592
7.884484	1.003545	0.003400
8.074280	1.002831	0.003802
8.259484	1.003349	0.004358
8.449280	1.001754	0.003595
8.634484	1.001814	0.002801
8.833573	1.000050	0.000874
9.032614	0.999185	0.001281
9.217817	0.998871	0.001012
9.407614	0.999216	0.000868
9.592817	0.999673	0.000787
9.796502	0.999824	0.001577
9.990947	0.999037	0.000617
10.176150	0.999980	0.000982
10.365947	1.000175	0.000934
10.551150	0.999898	0.001257
10.768725	0.999416	0.000887
10.967817	0.998952	0.001286
11.157658	0.999149	0.000742
11.342839	0.999430	0.001005
11.532658	0.998799	0.001099
11.727102	0.997933	0.001101
11.926173	0.998325	0.001515
12.115991	0.999184	0.002134
12.301173	1.000813	0.001258
12.490991	1.001881	0.002330
12.699354	1.002268	0.003459
12.949328	1.003633	0.003366
13.157658	1.003933	0.002787
13.342839	1.002028	0.002367
13.541928	1.000680	0.001612
13.740991	0.999625	0.000956
13.926173	0.999460	0.000443
14.134528	0.998282	0.001574
14.324302	0.998512	0.001644
14.509528	0.998089	0.000923
14.699302	0.999241	0.001355
14.884528	1.001460	0.002051
15.074302	1.002660	0.002414
15.259528	1.003891	0.003135
15.481725	1.002552	0.003861
15.699325	1.002130	0.003433
15.884550	1.001772	0.001803
16.088239	1.000074	0.000867
16.291928	0.999243	0.001070
16.491036	0.999731	0.001012
16.690080	1.000453	0.001975
16.884550	1.000153	0.001390
17.078991	1.000420	0.002280
17.282684	1.000313	0.001222
17.583631	1.000224	0.000876
17.958631	0.998596	0.000816
18.333631	0.999265	0.000474
18.708631	0.998894	0.000965
19.102075	0.998612	0.001154
