427
0.008323	0.999918	0.000296
0.021440	1.000321	0.000239
0.036062	1.000173	0.000049
0.049993	1.000068	0.000134
0.063215	1.000246	0.000093
0.078640	0.999683	0.000292
0.091653	1.000127	0.000028
0.103714	1.000065	0.000277
0.117992	1.000294	0.000248
0.130145	1.000710	0.000240
0.144177	1.000062	0.000191
0.158506	1.000148	0.000217
0.170201	1.000021	0.000225
0.183923	1.000643	0.000226
0.197329	1.000303	0.000329
0.209848	1.000048	0.000472
0.224480	1.000196	0.000119
0.237493	1.000555	0.000468
0.249544	1.000452	0.000075
0.263842	1.000490	0.000104
0.275333	1.000627	0.000036
0.288850	1.000728	0.000077
0.301489	1.000328	0.000168
0.312544	1.000231	0.000106
0.326352	1.000296	0.000140
0.337133	1.000365	0.000077
0.350519	1.000305	0.000185
0.363032	1.000630	0.000663
0.376790	1.000178	0.000262
0.391865	1.000131	0.000221
0.405649	1.000171	0.000203
0.416714	1.000737	0.000540
0.430492	1.000180	0.000047
0.441313	1.000211	0.000078
0.454699	1.000113	0.000487
0.466653	1.000295	0.000449
0.478071	1.000043	0.000062
0.493133	1.000820	0.000078
0.505296	1.000353	0.000526
0.519674	1.000514	0.000325
0.535570	1.000543	0.000106
0.546956	1.000141	0.000243
0.559670	1.000593	0.000380
0.572339	1.000554	0.000300
0.584205	1.001175	0.000304
0.598337	1.000950	0.000087
0.609456	0.999896	0.000455
0.622170	1.000772	0.000179
0.634839	1.000814	0.000183
0.646668	1.000812	0.000417
0.661354	1.000730	0.000426
0.673488	1.001240	0.000052
0.685827	1.000813	0.000028
0.701352	1.000790	0.000268
0.713286	1.000510	0.000278
0.726350	1.000435	0.000085
0.738989	1.000849	0.000395
0.750044	1.000788	0.000468
0.763852	1.000132	0.000090
0.775985	1.000432	0.000348
0.788850	1.000905	0.000235
0.801489	1.000288	0.000158
0.813128	1.000665	0.000269
0.828509	1.000463	0.000132
0.840148	1.000664	0.000175
0.852146	1.000481	0.000291
0.865456	1.000907	0.000036
0.876251	1.000836	0.000152
0.890460	1.000330	0.000392
0.902648	1.000539	0.000287
0.915420	1.000477	0.000284
0.929336	1.000407	0.000196
0.941313	1.001073	0.000021
0.955369	1.000748	0.000250
0.969626	1.000186	0.000136
0.981227	1.000680	0.000355
0.995290	1.000561	0.000102
1.006828	1.000588	0.000007
1.019506	1.000872	0.000194
1.033526	1.001176	0.000041
1.044160	1.000593	0.000153
1.057800	1.000701	0.000355
1.069328	1.000606	0.000114
1.080928	1.000207	0.000006
1.093169	1.000492	0.000584
1.104063	1.000152	0.001155
1.116522	1.000067	0.000179
1.127122	1.000438	0.000839
1.139250	0.999829	0.000766
1.148026	0.999091	0.000289
1.160080	1.000384	0.000281
1.168856	0.999099	0.000260
1.180910	1.000790	0.000050
1.189696	0.999528	0.000038
1.202062	0.999494	0.000475
1.211614	1.000485	0.000610
1.223582	0.999585	0.000239
1.232444	1.000473	0.000224
1.244402	1.000043	0.000245
1.254966	0.999850	0.000709
1.267199	1.000791	0.000077
1.277867	1.000530	0.000130
1.288568	1.000221	0.000472
1.298707	1.000417	0.000357
1.309398	1.000797	0.000057
1.319537	0.999693	0.000299
1.330248	1.000270	0.000416
1.341349	1.000826	0.000039
1.351768	1.000561	0.000257
1.362587	0.999976	0.000637
1.372598	1.000511	0.000089
1.383427	1.000375	0.000191
1.393438	1.000061	0.000033
1.405573	1.000217	0.000248
1.415883	1.000328	0.000062
1.427632	0.999628	0.000150
1.436723	1.000700	0.000552
1.449089	0.999412	0.000526
1.459262	0.999750	0.000136
1.471716	0.999848	0.000353
1.481356	1.000206	0.000425
1.493410	0.999909	0.000117
1.503216	0.999764	0.000325
1.515252	0.999276	0.000221
1.525295	1.000062	0.000050
1.536990	0.999287	0.000487
1.546115	0.999923	0.000316
1.558008	0.999658	0.000021
1.569537	0.999678	0.000229
1.580248	0.994585	0.001607
1.590377	0.999448	0.000043
1.601068	0.985204	0.002086
1.612503	0.986568	0.007002
1.623854	0.974468	0.000759
1.635972	0.970468	0.003858
1.645743	0.961280	0.002145
1.657988	0.961129	0.001492
1.667488	0.959449	0.000401
1.679895	0.963182	0.003619
1.689471	0.966488	0.002234
1.701760	0.974110	0.006241
1.710536	0.978861	0.000674
1.722590	0.987411	0.005838
1.731346	0.992607	0.000042
1.743420	0.997360	0.001918
1.752196	0.999820	0.000174
1.764260	0.999613	0.000157
1.773424	0.999855	0.000167
1.786092	0.999633	0.000091
1.794934	1.000195	0.000196
1.806912	1.000353	0.000282
1.816343	1.000084	0.000408
1.829511	1.000418	0.000637
1.839044	1.001022	0.000527
1.851078	1.001231	0.000103
1.861197	1.000898	0.000183
1.871908	1.001650	0.000575
1.882878	1.002168	0.000088
1.893779	1.002707	0.000019
1.905583	1.002855	0.000364
1.915042	1.003772	0.000330
1.928515	1.004242	0.000299
1.938640	1.004973	0.000356
1.950964	1.005498	0.000517
1.959977	1.005232	0.000119
1.970728	1.005367	0.000610
1.978267	1.007684	0.000648
1.988495	1.006284	0.000362
1.997707	1.007890	0.000260
2.006750	1.007515	0.000522
2.016603	1.008482	0.000232
2.024480	1.008485	0.000047
2.034952	1.008710	0.000458
2.042372	1.008767	0.000290
2.053499	1.008891	0.000006
2.061597	1.009517	0.000016
2.072339	1.009228	0.000493
2.081982	1.009909	0.000364
2.092502	1.008966	0.000658
2.101813	1.009023	0.000727
2.111338	1.009256	0.000166
2.121792	1.008444	0.000274
2.131201	1.008617	0.000295
2.142152	1.007771	0.000373
2.152610	1.008541	0.000127
2.162913	1.007278	0.000050
2.174724	1.007078	0.000306
2.184982	1.005712	0.000523
2.194260	1.006573	0.000141
2.204103	1.005125	0.000044
2.211980	1.005643	0.000630
2.222744	1.005094	0.000791
2.231356	1.003491	0.000544
2.242645	1.004067	0.000582
2.251573	1.002859	0.000151
2.262654	1.003287	0.000338
2.271552	1.001999	0.000007
2.283096	1.002300	0.000031
2.291541	1.001001	0.000054
2.302061	1.001498	0.000131
2.310907	1.000295	0.000037
2.320413	1.000808	0.000123
2.330367	1.000192	0.000302
2.339551	1.000583	0.000286
2.350440	0.999711	0.000531
2.358792	0.999831	0.000010
2.369890	0.998803	0.000202
2.378660	0.998361	0.000317
2.389404	0.999191	0.000961
2.397477	0.999196	0.000317
2.409325	0.998919	0.000083
2.417382	0.998851	0.000140
2.428184	0.998078	0.000183
2.436607	0.998216	0.000122
2.447686	0.998559	0.000124
2.458211	0.998262	0.000226
2.468741	0.998082	0.000212
2.477577	0.998019	0.000452
2.488322	0.998060	0.000455
2.497907	0.998090	0.000066
2.507913	0.998266	0.000356
2.517867	0.997648	0.000023
2.526502	0.998195	0.000223
2.537527	0.997804	0.000133
2.546292	0.998101	0.000130
2.557031	0.997844	0.000128
2.565139	0.997245	0.000046
2.575985	0.997273	0.000363
2.584893	0.998045	0.000008
2.595994	0.997718	0.000116
2.604892	0.997521	0.000313
2.615694	0.997514	0.000426
2.624107	0.997630	0.000097
2.634948	0.998293	0.000022
2.644915	0.998194	0.000074
2.656241	0.997608	0.000339
2.665087	0.997478	0.000459
2.674583	0.998110	0.000130
2.684829	0.998116	0.000002
2.694260	0.997671	0.000000
2.704620	0.998363	0.000298
2.712972	0.997920	0.000029
2.723993	0.997583	0.000042
2.733510	0.998051	0.000453
2.744541	0.997675	0.000096
2.752639	0.997884	0.000355
2.763951	0.997726	0.000149
2.772487	0.998587	0.000148
2.783379	0.998850	0.000430
2.791808	0.997968	0.000224
2.803972	0.998441	0.000055
2.812381	0.998694	0.000113
2.822891	0.999107	0.000042
2.832756	0.998876	0.000529
2.843741	0.998574	0.000089
2.854182	0.998737	0.000257
2.865704	0.999419	0.000331
2.874807	0.998821	0.000006
2.885401	0.998907	0.000488
2.894267	0.998939	0.000858
2.903753	0.998836	0.000245
2.913697	0.999010	0.000076
2.922332	0.998826	0.000442
2.932949	0.998874	0.000207
2.942001	0.999480	0.000043
2.953240	0.999433	0.000473
2.961990	0.999003	0.000080
2.972744	0.999439	0.000397
2.980817	0.998661	0.000358
2.991709	0.999100	0.000097
3.000032	0.998774	0.000402
3.011524	0.998967	0.000041
3.019957	0.999283	0.000103
3.030002	0.999109	0.000170
3.039397	0.999283	0.000365
3.048420	0.999288	0.000014
3.058790	0.999090	0.000044
3.067142	0.998772	0.000534
3.077871	0.998935	0.000039
3.085969	0.998976	0.000014
3.096825	0.998577	0.000228
3.106321	0.999289	0.000356
3.118982	0.998696	0.000196
3.128435	0.998772	0.000294
3.139414	0.999489	0.000404
3.148412	0.999055	0.000161
3.159325	0.998734	0.000237
3.167392	0.998950	0.000176
3.178194	0.999222	0.000078
3.186607	0.999737	0.000013
3.196672	0.999088	0.000078
3.206947	0.999487	0.000252
3.218741	0.998867	0.000086
3.228445	0.999778	0.000284
3.239561	0.999383	0.000099
3.249001	0.999288	0.000093
3.259172	0.999385	0.000678
3.268898	0.999299	0.000228
3.279896	0.999883	0.000354
3.289587	0.999414	0.000166
3.299573	0.999989	0.000052
3.310593	0.999341	0.000325
3.322458	0.999732	0.000061
3.332002	0.999253	0.000460
3.342512	0.999531	0.000013
3.352097	1.000639	0.001325
3.362073	0.999538	0.000240
3.372734	0.999351	0.000156
3.384172	0.999502	0.000097
3.393567	0.999125	0.000847
3.402912	0.999755	0.000473
3.415152	0.999390	0.000243
3.426600	1.000056	0.000018
3.437693	0.999367	0.000323
3.449963	0.999540	0.000030
3.460591	0.999414	0.000100
3.473066	0.999243	0.000055
3.482544	0.999493	0.000272
3.494910	0.999616	0.000503
3.507128	0.999701	0.000316
3.518471	0.999536	0.000093
3.530340	0.999199	0.000242
3.541440	0.999783	0.000280
3.554123	0.999987	0.000039
3.563685	0.999785	0.000201
3.576128	0.999327	0.000153
3.585591	0.999449	0.000079
3.598358	0.999950	0.000341
3.608716	0.999886	0.000674
3.621800	1.000066	0.000116
3.632128	0.999816	0.000002
3.643471	0.999821	0.000227
3.654368	0.999597	0.000132
3.665152	0.999652	0.000068
3.678272	0.999546	0.000074
3.688695	0.999194	0.000245
3.701128	0.999283	0.000147
3.711516	0.999386	0.000119
3.724100	0.999948	0.000041
3.734265	0.999337	0.000362
3.746800	0.999999	0.000305
3.757138	0.999510	0.000284
3.768988	0.999843	0.000113
3.781188	0.999508	0.000084
3.792865	0.999532	0.000075
3.805288	1.000131	0.000184
3.815827	1.000101	0.000475
3.829316	1.000138	0.000459
3.843258	1.000181	0.000443
3.854081	0.999833	0.000233
3.866633	1.000576	0.000126
3.877120	0.999418	0.000218
3.889726	1.000029	0.000312
3.900396	0.999472	0.000155
3.912733	0.999995	0.000127
3.923798	1.000138	0.000076
3.935895	1.000295	0.000437
3.948734	1.000192	0.000056
3.959317	1.000307	0.000112
3.971978	1.000122	0.000239
3.983434	1.000560	0.000115
3.996043	1.000244	0.000440
4.008271	1.000097	0.000608
4.019794	1.000109	0.000003
4.032074	1.000664	0.000147
4.042647	1.000363	0.000212
4.055837	0.999711	0.000415
4.067066	1.000170	0.000472
4.080214	1.000280	0.000369
4.092709	1.000030	0.000551
4.104232	1.000432	0.000205
4.117798	0.999752	0.000085
4.129133	1.000282	0.000178
4.141873	1.000302	0.000053
4.153678	1.000687	0.000613
4.165634	1.000014	0.000075
4.177914	0.999859	0.000387
4.188477	1.000050	0.000078
4.201536	1.000125	0.000532
4.212896	1.000015	0.000023
4.225233	1.000279	0.000375
4.236318	0.999956	0.000422
4.248546	1.000216	0.000075
4.261234	0.999411	0.000069
4.271817	1.000043	0.000058
4.284468	0.999997	0.000199
4.295007	1.000840	0.000056
4.307494	1.000560	0.000454
4.318305	1.000372	0.000231
4.331745	0.999905	0.000060
4.346127	1.000203	0.000201
4.360287	1.000361	0.000519
4.374493	1.000322	0.000203
4.390916	1.000095	0.000160
4.405911	1.000435	0.000029
4.421362	0.999896	0.000109
4.435895	1.000525	0.000345
4.450287	1.000500	0.000498
4.463294	1.000397	0.000189
4.477585	1.000336	0.000169
4.491967	0.999524	0.000008
4.504954	1.000421	0.000018
4.520086	1.000358	0.000230
4.535017	1.000215	0.000135
4.548326	1.000305	0.000051
4.562003	1.000053	0.000176
4.576677	1.000193	0.000075
4.591472	1.000338	0.000041
4.608370	0.999671	0.000424
4.623415	0.999761	0.000114
4.637787	1.000427	0.000346
4.650804	1.000297	0.000142
4.665085	1.000361	0.000338
4.679467	1.000100	0.000097
4.693164	0.999744	0.000244
4.707853	1.000287	0.000235
4.722517	0.999531	0.000051
4.735826	1.000148	0.000135
4.749513	1.000169	0.000084
4.764177	1.000716	0.000837
4.777486	1.000632	0.000335
4.792249	0.999809	0.000337
4.807143	1.000150	0.000130
4.820771	1.000096	0.000109
4.834102	1.000288	0.000218
4.848823	1.000109	0.000367
4.862441	1.000006	0.000204
4.884834	0.999918	0.000296
4.897950	1.000321	0.000239
4.912572	1.000173	0.000049
4.926504	1.000068	0.000134
4.939726	1.000246	0.000093
4.955150	0.999683	0.000292
4.968164	1.000127	0.000028
4.980224	1.000065	0.000277
4.994502	1.000294	0.000248
5.006656	1.000710	0.000240
5.020687	1.000062	0.000191
5.035017	1.000148	0.000217
5.046711	1.000021	0.000225
5.060433	1.000643	0.000226
5.073840	1.000303	0.000329
5.086358	1.000048	0.000472
5.100990	1.000196	0.000119
5.114004	1.000555	0.000468
5.126054	1.000452	0.000075
5.140352	1.000490	0.000104
5.151843	1.000627	0.000036
5.165361	1.000728	0.000077
5.178000	1.000328	0.000168
5.189054	1.000231	0.000106
5.202862	1.000296	0.000140
5.213643	1.000365	0.000077
5.227030	1.000305	0.000185
5.239543	1.000630	0.000663
5.253300	1.000178	0.000262
5.268375	1.000131	0.000221
5.282160	1.000171	0.000203
5.293224	1.000737	0.000540
5.307002	1.000180	0.000047
5.317823	1.000211	0.000078
5.331210	1.000113	0.000487
5.343164	1.000295	0.000449
5.354581	1.000043	0.000062
5.369643	1.000820	0.000078
5.381807	1.000353	0.000526
5.396184	1.000514	0.000325
5.412080	1.000543	0.000106
5.423467	1.000141	0.000243
5.436181	1.000593	0.000380
5.448850	1.000554	0.000300
5.460715	1.001175	0.000304
5.474847	1.000950	0.000087
5.485967	0.999896	0.000455
5.498681	1.000772	0.000179
5.511350	1.000814	0.000183
5.523178	1.000812	0.000417
5.537864	1.000730	0.000426
5.549998	1.001240	0.000052
5.562337	1.000813	0.000028
5.577862	1.000790	0.000268
5.589796	1.000510	0.000278
5.602861	1.000435	0.000085
5.615500	1.000849	0.000395
5.626554	1.000788	0.000468
5.640362	1.000132	0.000090
5.652496	1.000432	0.000348
5.665361	1.000905	0.000235
5.678000	1.000288	0.000158
5.689639	1.000665	0.000269
5.705019	1.000463	0.000132
5.716658	1.000664	0.000175
5.728657	1.000481	0.000291
5.741967	1.000907	0.000036
5.752761	1.000836	0.000152
5.766970	1.000330	0.000392
5.779158	1.000539	0.000287
5.791930	1.000477	0.000284
5.805847	1.000407	0.000196
5.817823	1.001073	0.000021
5.831880	1.000748	0.000250
5.846137	1.000186	0.000136
5.857737	1.000680	0.000355
5.871800	1.000561	0.000102
5.883338	1.000588	0.000007
5.896017	1.000872	0.000194
5.910037	1.001176	0.000041
5.920670	1.000593	0.000153
5.934310	1.000701	0.000355
5.945838	1.000606	0.000114
5.957439	1.000207	0.000006
5.969680	1.000492	0.000584
5.980573	1.000152	0.001155
5.993033	1.000067	0.000179
6.003632	1.000438	0.000839
6.015760	0.999829	0.000766
6.024536	0.999091	0.000289
6.036590	1.000384	0.000281
6.045366	0.999099	0.000260
6.057420	1.000790	0.000050
6.066206	0.999528	0.000038
6.078572	0.999494	0.000475
6.088124	1.000485	0.000610
6.100092	0.999585	0.000239
6.108954	1.000473	0.000224
6.120912	1.000043	0.000245
6.131476	0.999850	0.000709
6.143710	1.000791	0.000077
6.154378	1.000530	0.000130
6.165079	1.000221	0.000472
6.175218	1.000417	0.000357
6.185909	1.000797	0.000057
6.196048	0.999693	0.000299
6.206759	1.000270	0.000416
6.217860	1.000826	0.000039
6.228279	1.000561	0.000257
6.239098	0.999976	0.000637
6.249109	1.000511	0.000089
6.259938	1.000375	0.000191
6.269949	1.000061	0.000033
6.282084	1.000217	0.000248
6.292393	1.000328	0.000062
6.304143	0.999628	0.000150
6.313233	1.000700	0.000552
6.325599	0.999412	0.000526
6.335772	0.999750	0.000136
6.348227	0.999848	0.000353
6.357866	1.000206	0.000425
6.369920	0.999909	0.000117
6.379727	0.999764	0.000325
6.391762	0.999276	0.000221
6.401806	1.000062	0.000050
6.413500	0.999287	0.000487
6.422626	0.999923	0.000316
6.434519	0.999658	0.000021
6.446048	0.999678	0.000229
6.456759	0.994585	0.001607
6.466888	0.999448	0.000043
6.477579	0.985204	0.002086
6.489014	0.986568	0.007002
6.500364	0.974468	0.000759
6.512483	0.970468	0.003858
6.522253	0.961280	0.002145
6.534498	0.961129	0.001492
6.543998	0.959449	0.000401
6.556406	0.963182	0.003619
6.565981	0.966488	0.002234
6.578270	0.974110	0.006241
6.587046	0.978861	0.000674
6.599100	0.987411	0.005838
6.607856	0.992607	0.000042
6.619930	0.997360	0.001918
6.628706	0.999820	0.000174
6.640770	0.999613	0.000157
6.649934	0.999855	0.000167
6.662602	0.999633	0.000091
6.671444	1.000195	0.000196
6.683422	1.000353	0.000282
6.692853	1.000084	0.000408
6.706021	1.000418	0.000637
6.715555	1.001022	0.000527
6.727589	1.001231	0.000103
6.737708	1.000898	0.000183
6.748419	1.001650	0.000575
6.759389	1.002168	0.000088
6.770289	1.002707	0.000019
6.782094	1.002855	0.000364
6.791552	1.003772	0.000330
6.805026	1.004242	0.000299
6.815150	1.004973	0.000356
6.827474	1.005498	0.000517
6.836487	1.005232	0.000119
6.847238	1.005367	0.000610
6.854778	1.007684	0.000648
6.865006	1.006284	0.000362
6.874218	1.007890	0.000260
6.883261	1.007515	0.000522
6.893113	1.008482	0.000232
6.900990	1.008485	0.000047
6.911462	1.008710	0.000458
6.918882	1.008767	0.000290
6.930009	1.008891	0.000006
6.938108	1.009517	0.000016
6.948850	1.009228	0.000493
6.958492	1.009909	0.000364
6.969013	1.008966	0.000658
6.978324	1.009023	0.000727
6.987849	1.009256	0.000166
6.998303	1.008444	0.000274
7.007712	1.008617	0.000295
7.018662	1.007771	0.000373
7.029121	1.008541	0.000127
7.039424	1.007278	0.000050
7.051235	1.007078	0.000306
7.061493	1.005712	0.000523
7.070771	1.006573	0.000141
7.080613	1.005125	0.000044
7.088490	1.005643	0.000630
7.099254	1.005094	0.000791
7.107866	1.003491	0.000544
7.119156	1.004067	0.000582
7.128083	1.002859	0.000151
7.139165	1.003287	0.000338
7.148062	1.001999	0.000007
7.159607	1.002300	0.000031
7.168051	1.001001	0.000054
7.178572	1.001498	0.000131
7.187418	1.000295	0.000037
7.196924	1.000808	0.000123
7.206878	1.000192	0.000302
7.216062	1.000583	0.000286
7.226950	0.999711	0.000531
7.235302	0.999831	0.000010
7.246400	0.998803	0.000202
7.255170	0.998361	0.000317
7.265914	0.999191	0.000961
7.273987	0.999196	0.000317
7.285836	0.998919	0.000083
7.293892	0.998851	0.000140
7.304695	0.998078	0.000183
7.313118	0.998216	0.000122
7.324197	0.998559	0.000124
7.334721	0.998262	0.000226
7.345252	0.998082	0.000212
7.354088	0.998019	0.000452
7.364833	0.998060	0.000455
7.374417	0.998090	0.000066
7.384424	0.998266	0.000356
7.394378	0.997648	0.000023
7.403013	0.998195	0.000223
7.414037	0.997804	0.000133
7.422802	0.998101	0.000130
7.433541	0.997844	0.000128
7.441649	0.997245	0.000046
7.452496	0.997273	0.000363
7.461403	0.998045	0.000008
7.472505	0.997718	0.000116
7.481402	0.997521	0.000313
7.492205	0.997514	0.000426
7.500618	0.997630	0.000097
7.511459	0.998293	0.000022
7.521425	0.998194	0.000074
7.532752	0.997608	0.000339
7.541598	0.997478	0.000459
7.551094	0.998110	0.000130
7.561340	0.998116	0.000002
7.570771	0.997671	0.000000
7.581130	0.998363	0.000298
7.589482	0.997920	0.000029
7.600503	0.997583	0.000042
7.610020	0.998051	0.000453
7.621051	0.997675	0.000096
7.629149	0.997884	0.000355
7.640461	0.997726	0.000149
7.648997	0.998587	0.000148
7.659889	0.998850	0.000430
7.668318	0.997968	0.000224
7.680482	0.998441	0.000055
7.688891	0.998694	0.000113
7.699402	0.999107	0.000042
7.709266	0.998876	0.000529
7.720252	0.998574	0.000089
7.730692	0.998737	0.000257
7.742215	0.999419	0.000331
7.751318	0.998821	0.000006
7.761912	0.998907	0.000488
7.770778	0.998939	0.000858
7.780264	0.998836	0.000245
7.790208	0.999010	0.000076
7.798843	0.998826	0.000442
7.809459	0.998874	0.000207
7.818511	0.999480	0.000043
7.829750	0.999433	0.000473
7.838500	0.999003	0.000080
7.849254	0.999439	0.000397
7.857327	0.998661	0.000358
7.868219	0.999100	0.000097
7.876542	0.998774	0.000402
7.888035	0.998967	0.000041
7.896468	0.999283	0.000103
7.906513	0.999109	0.000170
7.915908	0.999283	0.000365
7.924931	0.999288	0.000014
7.935300	0.999090	0.000044
7.943652	0.998772	0.000534
7.954381	0.998935	0.000039
7.962479	0.998976	0.000014
7.973336	0.998577	0.000228
7.982831	0.999289	0.000356
7.995492	0.998696	0.000196
8.004945	0.998772	0.000294
8.015924	0.999489	0.000404
8.024922	0.999055	0.000161
8.035836	0.998734	0.000237
8.043902	0.998950	0.000176
8.054705	0.999222	0.000078
8.063118	0.999737	0.000013
8.073183	0.999088	0.000078
8.083457	0.999487	0.000252
8.095252	0.998867	0.000086
8.104955	0.999778	0.000284
8.116072	0.999383	0.000099
8.125512	0.999288	0.000093
8.135683	0.999385	0.000678
8.145408	0.999299	0.000228
8.156407	0.999883	0.000354
8.166097	0.999414	0.000166
8.176084	0.999989	0.000052
8.187103	0.999341	0.000325
8.198969	0.999732	0.000061
8.208512	0.999253	0.000460
8.219023	0.999531	0.000013
8.228607	1.000639	0.001325
8.238584	0.999538	0.000240
8.249244	0.999351	0.000156
8.260683	0.999502	0.000097
8.270078	0.999125	0.000847
8.279423	0.999755	0.000473
8.291663	0.999390	0.000243
8.303110	1.000056	0.000018
8.314203	0.999367	0.000323
8.326473	0.999540	0.000030
8.337101	0.999414	0.000100
8.349576	0.999243	0.000055
8.359054	0.999493	0.000272
8.371420	0.999616	0.000503
8.383638	0.999701	0.000316
8.394982	0.999536	0.000093
8.406850	0.999199	0.000242
8.417950	0.999783	0.000280
8.430633	0.999987	0.000039
8.440195	0.999785	0.000201
8.452638	0.999327	0.000153
8.462101	0.999449	0.000079
8.474868	0.999950	0.000341
8.485226	0.999886	0.000674
8.498311	1.000066	0.000116
8.508638	0.999816	0.000002
8.519982	0.999821	0.000227
8.530878	0.999597	0.000132
8.541663	0.999652	0.000068
8.554782	0.999546	0.000074
8.565205	0.999194	0.000245
8.577638	0.999283	0.000147
8.588026	0.999386	0.000119
8.600610	0.999948	0.000041
8.610775	0.999337	0.000362
8.623311	0.999999	0.000305
8.633648	0.999510	0.000284
8.645499	0.999843	0.000113
8.657698	0.999508	0.000084
8.669375	0.999532	0.000075
8.681798	1.000131	0.000184
8.692337	1.000101	0.000475
8.705826	1.000138	0.000459
8.719768	1.000181	0.000443
8.730591	0.999833	0.000233
8.743143	1.000576	0.000126
8.753630	0.999418	0.000218
8.766236	1.000029	0.000312
8.776906	0.999472	0.000155
8.789243	0.999995	0.000127
8.800308	1.000138	0.000076
8.812405	1.000295	0.000437
8.825244	1.000192	0.000056
8.835827	1.000307	0.000112
8.848488	1.000122	0.000239
8.859944	1.000560	0.000115
8.872553	1.000244	0.000440
8.884781	1.000097	0.000608
8.896304	1.000109	0.000003
8.908584	1.000664	0.000147
8.919157	1.000363	0.000212
8.932347	0.999711	0.000415
8.943576	1.000170	0.000472
8.956724	1.000280	0.000369
8.969219	1.000030	0.000551
8.980742	1.000432	0.000205
8.994308	0.999752	0.000085
9.005643	1.000282	0.000178
9.018383	1.000302	0.000053
9.030188	1.000687	0.000613
9.042144	1.000014	0.000075
9.054424	0.999859	0.000387
9.064987	1.000050	0.000078
9.078046	1.000125	0.000532
9.089406	1.000015	0.000023
9.101743	1.000279	0.000375
9.112828	0.999956	0.000422
9.125056	1.000216	0.000075
9.137744	0.999411	0.000069
9.148327	1.000043	0.000058
9.160978	0.999997	0.000199
9.171517	1.000840	0.000056
9.184004	1.000560	0.000454
9.194815	1.000372	0.000231
9.208255	0.999905	0.000060
9.222637	1.000203	0.000201
9.236797	1.000361	0.000519
9.251003	1.000322	0.000203
9.267426	1.000095	0.000160
9.282421	1.000435	0.000029
9.297872	0.999896	0.000109
9.312405	1.000525	0.000345
9.326797	1.000500	0.000498
9.339804	1.000397	0.000189
9.354095	1.000336	0.000169
9.368477	0.999524	0.000008
9.381464	1.000421	0.000018
9.396596	1.000358	0.000230
9.411527	1.000215	0.000135
9.424836	1.000305	0.000051
9.438513	1.000053	0.000176
9.453187	1.000193	0.000075
9.467982	1.000338	0.000041
9.484880	0.999671	0.000424
9.499925	0.999761	0.000114
9.514297	1.000427	0.000346
9.527314	1.000297	0.000142
9.541595	1.000361	0.000338
9.555977	1.000100	0.000097
9.569674	0.999744	0.000244
9.584363	1.000287	0.000235
9.599027	0.999531	0.000051
9.612336	1.000148	0.000135
9.626023	1.000169	0.000084
9.640687	1.000716	0.000837
9.653996	1.000632	0.000335
9.668759	0.999809	0.000337
9.683653	1.000150	0.000130
9.697281	1.000096	0.000109
9.710612	1.000288	0.000218
9.725333	1.000109	0.000367
9.738951	1.000006	0.000204
