100
0.023230	0.998261	0.000863
0.079522	0.998538	0.001331
0.136762	0.999438	0.001224
0.197214	1.000704	0.001049
0.258692	1.001114	0.001300
0.314890	1.001284	0.001657
0.365948	1.001442	0.001885
0.426384	1.002448	0.002110
0.486814	1.002695	0.002682
0.539884	1.003280	0.002373
0.585679	1.002827	0.002812
0.636794	1.004354	0.001418
0.694019	1.002661	0.002154
0.744070	1.002869	0.001476
0.794019	1.001880	0.001930
0.838868	1.001722	0.001570
0.894096	1.000573	0.002183
0.944019	0.999104	0.002015
0.985689	0.998369	0.002221
1.036808	0.996892	0.002335
1.088878	0.993448	0.003577
1.144054	0.938830	0.021683
1.193048	0.871983	0.010687
1.239849	0.882053	0.014931
1.284692	0.952675	0.020605
1.331529	0.993319	0.001792
1.375259	0.996563	0.001906
1.421150	0.999661	0.002233
1.469070	1.003798	0.001668
1.525300	1.006142	0.001825
1.584647	1.008494	0.001580
1.642992	1.008222	0.001482
1.702390	1.007812	0.001098
1.760679	1.006852	0.001278
1.812749	1.004983	0.001013
1.872182	1.003237	0.001416
1.942935	1.001253	0.001474
1.999201	0.999079	0.001380
2.059605	0.998536	0.001932
2.116939	0.997914	0.002310
2.172137	0.998868	0.001536
2.224211	0.983028	0.007723
2.277390	0.959899	0.004226
2.333589	0.962630	0.006198
2.385679	0.988970	0.007341
2.437749	0.998623	0.000913
2.489849	0.999314	0.001451
2.535689	0.999306	0.001478
2.583593	0.999382	0.002052
2.630487	0.999456	0.001902
2.674205	0.999559	0.002085
2.722157	0.998948	0.001584
2.768987	1.000125	0.001842
2.814869	1.000727	0.002158
2.857577	1.001247	0.001979
2.907577	1.000765	0.001996
2.961709	1.000591	0.002231
3.019007	1.002255	0.001940
3.063815	1.002577	0.001103
3.117997	1.002783	0.001147
3.173214	1.003364	0.000551
3.223189	1.003636	0.000909
3.269007	1.003664	0.001016
3.315895	1.003078	0.000721
3.372135	1.002712	0.001142
3.417981	1.001959	0.001292
3.460699	1.001968	0.001117
3.502379	1.001267	0.001442
3.544029	0.999879	0.001100
3.585699	0.998737	0.001122
3.630485	0.997156	0.001650
3.678417	0.993983	0.003238
3.723189	0.952784	0.020588
3.764879	0.887082	0.016628
3.806539	0.866862	0.005184
3.850237	0.913970	0.022038
3.894039	0.980554	0.011850
3.939869	0.995256	0.002021
3.991943	0.998653	0.001711
4.035689	1.001678	0.002026
4.080465	1.003926	0.002301
4.123209	1.006277	0.002341
4.167981	1.007305	0.002044
4.214859	1.007570	0.002137
4.256539	1.006518	0.002768
4.300263	1.005760	0.003755
4.349209	1.006228	0.001257
4.401309	1.004433	0.001294
4.457559	1.003275	0.001220
4.515889	1.001836	0.001320
4.567969	1.000399	0.000818
4.625235	0.999934	0.001127
4.689831	0.997799	0.001707
4.745049	0.997598	0.001220
4.806501	0.985257	0.008353
4.872165	0.957002	0.004813
4.940895	0.971064	0.010655
5.009655	0.996842	0.003520
5.073187	0.998309	0.001729
5.137777	0.998429	0.001140
0.046461	0.998261	0.000863
0.159044	0.998538	0.001331
0.273525	0.999438	0.001224
0.394428	1.000704	0.001049
0.517384	1.001114	0.001300
0.629781	1.001284	0.001657
0.731897	1.001442	0.001885
0.852768	1.002448	0.002110
0.973628	1.002695	0.002682
1.079769	1.003280	0.002373
1.171357	1.002827	0.002812
1.273588	1.004354	0.001418
1.388037	1.002661	0.002154
1.488141	1.002869	0.001476
1.588037	1.001880	0.001930
1.677737	1.001722	0.001570
1.788192	1.000573	0.002183
1.888037	0.999104	0.002015
1.971377	0.998369	0.002221
2.073617	0.996892	0.002335
2.177757	0.993448	0.003577
2.288109	0.938830	0.021683
2.386097	0.871983	0.010687
2.479697	0.882053	0.014931
2.569385	0.952675	0.020605
2.663057	0.993319	0.001792
2.750517	0.996563	0.001906
2.842301	0.999661	0.002233
2.938141	1.003798	0.001668
3.050601	1.006142	0.001825
3.169293	1.008494	0.001580
3.285985	1.008222	0.001482
3.404781	1.007812	0.001098
3.521357	1.006852	0.001278
3.625497	1.004983	0.001013
3.744365	1.003237	0.001416
3.885870	1.001253	0.001474
3.998401	0.999079	0.001380
4.119210	0.998536	0.001932
4.233877	0.997914	0.002310
4.344273	0.998868	0.001536
4.448421	0.983028	0.007723
4.554781	0.959899	0.004226
4.667177	0.962630	0.006198
4.771357	0.988970	0.007341
4.875497	0.998623	0.000913
4.979697	0.999314	0.001451
5.071377	0.999306	0.001478
5.167185	0.999382	0.002052
5.260973	0.999456	0.001902
5.348410	0.999559	0.002085
5.444313	0.998948	0.001584
5.537974	1.000125	0.001842
5.629737	1.000727	0.002158
5.715153	1.001247	0.001979
5.815153	1.000765	0.001996
5.923418	1.000591	0.002231
6.038014	1.002255	0.001940
6.127630	1.002577	0.001103
6.235993	1.002783	0.001147
6.346429	1.003364	0.000551
6.446377	1.003636	0.000909
6.538014	1.003664	0.001016
6.631790	1.003078	0.000721
6.744270	1.002712	0.001142
6.835961	1.001959	0.001292
6.921397	1.001968	0.001117
7.004757	1.001267	0.001442
7.088057	0.999879	0.001100
7.171397	0.998737	0.001122
7.260970	0.997156	0.001650
7.356833	0.993983	0.003238
7.446377	0.952784	0.020588
7.529757	0.887082	0.016628
7.613077	0.866862	0.005184
7.700474	0.913970	0.022038
7.788077	0.980554	0.011850
7.879737	0.995256	0.002021
7.983885	0.998653	0.001711
8.071377	1.001678	0.002026
8.160930	1.003926	0.002301
8.246417	1.006277	0.002341
8.335961	1.007305	0.002044
8.429717	1.007570	0.002137
8.513077	1.006518	0.002768
8.600525	1.005760	0.003755
8.698418	1.006228	0.001257
8.802618	1.004433	0.001294
8.915118	1.003275	0.001220
9.031778	1.001836	0.001320
9.135938	1.000399	0.000818
9.250470	0.999934	0.001127
9.379662	0.997799	0.001707
9.490098	0.997598	0.001220
9.613002	0.985257	0.008353
9.744330	0.957002	0.004813
9.881790	0.971064	0.010655
10.019310	0.996842	0.003520
10.146374	0.998309	0.001729
10.275554	0.998429	0.001140
