100
0.005668	0.991388	0.028367
0.019221	0.998003	0.006343
0.032897	0.996864	0.009594
0.046271	0.998630	0.003290
0.058684	0.998947	0.013895
0.071976	0.999400	0.009773
0.085065	0.991974	0.023096
0.097627	0.995127	0.020368
0.110715	0.990248	0.038217
0.123101	0.978776	0.063144
0.136387	0.984932	0.052030
0.149683	0.976406	0.074986
0.162266	0.975451	0.070197
0.175733	0.934288	0.120111
0.190388	0.959107	0.103336
0.203738	0.979329	0.059898
0.217771	0.916252	0.137840
0.232247	0.948120	0.107079
0.245582	0.943156	0.111581
0.260206	0.917616	0.130506
0.274693	0.940900	0.105575
0.287838	0.934843	0.115564
0.300340	0.915967	0.120947
0.313079	0.925388	0.123755
0.325269	0.957136	0.096591
0.338122	0.946445	0.110722
0.350915	0.948035	0.109498
0.363431	0.949946	0.096473
0.375573	0.956992	0.088991
0.387571	0.982647	0.057022
0.399863	0.973394	0.066634
0.411687	0.989262	0.041138
0.424734	0.976930	0.052885
0.437305	0.989779	0.030401
0.449676	0.997719	0.015895
0.463712	0.995069	0.016918
0.476861	0.997902	0.009416
0.489187	1.001841	0.004442
0.501920	1.001038	0.004110
0.514097	1.000254	0.003834
0.526807	0.999840	0.004087
0.539363	1.000189	0.004646
0.553039	1.000892	0.004440
0.566518	1.001057	0.003680
0.578768	0.998988	0.004819
0.592001	1.001785	0.004299
0.606074	1.000096	0.003635
0.617316	1.003426	0.015323
0.629778	1.001945	0.003464
0.642781	1.000663	0.005949
0.654911	1.002097	0.005309
0.667244	1.000813	0.005002
0.678255	1.000942	0.005512
0.690584	1.002403	0.005749
0.701795	1.000199	0.004536
0.713922	1.002942	0.005390
0.725519	1.001318	0.005186
0.737063	1.004828	0.007637
0.748856	1.001618	0.006175
0.759659	1.002618	0.005595
0.771796	1.002169	0.005394
0.783005	1.002027	0.006141
0.795528	1.003896	0.006941
0.807881	1.002296	0.004528
0.820047	1.003796	0.004779
0.832784	1.003163	0.004657
0.843961	1.004632	0.007281
0.856669	1.003457	0.005416
0.867898	1.004032	0.006748
0.880032	1.004623	0.008790
0.892396	1.002898	0.004151
0.904335	1.002596	0.009501
0.916858	1.001713	0.004331
0.929024	1.004194	0.008536
0.942326	1.002942	0.009287
0.954532	1.000539	0.003948
0.966244	1.002084	0.009646
0.978024	0.995694	0.018533
0.989599	0.998405	0.015860
1.002108	0.989422	0.046443
1.013938	0.990485	0.041539
1.026063	0.981606	0.083102
1.038595	0.974327	0.076809
1.050546	0.921413	0.153867
1.063446	0.961911	0.107951
1.076236	0.937059	0.140122
1.089330	0.960095	0.104450
1.102422	0.928293	0.143927
1.114404	0.897452	0.167084
1.127117	0.959236	0.097339
1.140292	0.938525	0.126989
1.152976	0.944999	0.101020
1.165919	0.908083	0.138161
1.178447	0.961982	0.086630
1.192295	0.945943	0.120005
1.205668	0.948268	0.117046
1.219541	0.976523	0.082713
1.233185	0.963140	0.095375
1.246340	0.971359	0.075731
1.259485	0.988569	0.029862
0.011336	0.991388	0.028367
0.038443	0.998003	0.006343
0.065794	0.996864	0.009594
0.092541	0.998630	0.003290
0.117368	0.998947	0.013895
0.143951	0.999400	0.009773
0.170131	0.991974	0.023096
0.195254	0.995127	0.020368
0.221430	0.990248	0.038217
0.246201	0.978776	0.063144
0.272775	0.984932	0.052030
0.299367	0.976406	0.074986
0.324533	0.975451	0.070197
0.351467	0.934288	0.120111
0.380775	0.959107	0.103336
0.407477	0.979329	0.059898
0.435542	0.916252	0.137840
0.464494	0.948120	0.107079
0.491163	0.943156	0.111581
0.520411	0.917616	0.130506
0.549387	0.940900	0.105575
0.575676	0.934843	0.115564
0.600680	0.915967	0.120947
0.626158	0.925388	0.123755
0.650537	0.957136	0.096591
0.676245	0.946445	0.110722
0.701830	0.948035	0.109498
0.726863	0.949946	0.096473
0.751146	0.956992	0.088991
0.775141	0.982647	0.057022
0.799726	0.973394	0.066634
0.823374	0.989262	0.041138
0.849469	0.976930	0.052885
0.874610	0.989779	0.030401
0.899352	0.997719	0.015895
0.927425	0.995069	0.016918
0.953723	0.997902	0.009416
0.978374	1.001841	0.004442
1.003839	1.001038	0.004110
1.028194	1.000254	0.003834
1.053614	0.999840	0.004087
1.078726	1.000189	0.004646
1.106077	1.000892	0.004440
1.133036	1.001057	0.003680
1.157536	0.998988	0.004819
1.184001	1.001785	0.004299
1.212148	1.000096	0.003635
1.234631	1.003426	0.015323
1.259556	1.001945	0.003464
1.285562	1.000663	0.005949
1.309822	1.002097	0.005309
1.334488	1.000813	0.005002
1.356509	1.000942	0.005512
1.381168	1.002403	0.005749
1.403590	1.000199	0.004536
1.427844	1.002942	0.005390
1.451038	1.001318	0.005186
1.474125	1.004828	0.007637
1.497712	1.001618	0.006175
1.519318	1.002618	0.005595
1.543591	1.002169	0.005394
1.566011	1.002027	0.006141
1.591056	1.003896	0.006941
1.615761	1.002296	0.004528
1.640094	1.003796	0.004779
1.665569	1.003163	0.004657
1.687922	1.004632	0.007281
1.713339	1.003457	0.005416
1.735796	1.004032	0.006748
1.760064	1.004623	0.008790
1.784792	1.002898	0.004151
1.808670	1.002596	0.009501
1.833716	1.001713	0.004331
1.858048	1.004194	0.008536
1.884652	1.002942	0.009287
1.909064	1.000539	0.003948
1.932489	1.002084	0.009646
1.956048	0.995694	0.018533
1.979198	0.998405	0.015860
2.004216	0.989422	0.046443
2.027875	0.990485	0.041539
2.052126	0.981606	0.083102
2.077190	0.974327	0.076809
2.101092	0.921413	0.153867
2.126891	0.961911	0.107951
2.152472	0.937059	0.140122
2.178661	0.960095	0.104450
2.204843	0.928293	0.143927
2.228808	0.897452	0.167084
2.254233	0.959236	0.097339
2.280583	0.938525	0.126989
2.305952	0.944999	0.101020
2.331837	0.908083	0.138161
2.356894	0.961982	0.086630
2.384589	0.945943	0.120005
2.411337	0.948268	0.117046
2.439082	0.976523	0.082713
2.466369	0.963140	0.095375
2.492680	0.971359	0.075731
2.518969	0.988569	0.029862
