100
0.020700	0.999873	0.002137
0.062360	0.999725	0.001732
0.104040	0.999862	0.001912
0.145710	0.999552	0.001525
0.191540	0.998462	0.001731
0.238614	0.998931	0.001398
0.281932	0.992380	0.017623
0.318142	0.986346	0.023220
0.354040	0.997495	0.002538
0.390249	0.987273	0.023346
0.429895	0.997961	0.002113
0.483210	0.998579	0.002528
0.529050	0.999029	0.003112
0.570710	0.999927	0.002246
0.612380	1.001618	0.003596
0.657808	1.001803	0.004739
0.698991	0.994486	0.015383
0.734812	1.002994	0.008483
0.769452	1.004206	0.008078
0.806909	1.004400	0.007778
0.844854	1.006048	0.010273
0.880642	1.009849	0.014459
0.917362	1.010262	0.019123
0.952749	1.006359	0.016863
0.987738	1.014573	0.024772
1.022777	1.018236	0.031953
1.056909	1.010091	0.028527
1.093998	1.025047	0.045868
1.132765	1.030979	0.058700
1.168975	1.021826	0.057739
1.213156	1.001693	0.004103
1.258164	1.001209	0.004272
1.300646	1.001877	0.004184
1.342316	1.002122	0.003689
1.382762	1.001610	0.003745
1.420631	1.001361	0.004051
1.457351	1.001743	0.003617
1.493162	1.000647	0.003615
1.533575	1.002367	0.003581
1.573165	1.000868	0.003551
1.608141	1.001742	0.003069
1.640558	1.001466	0.003366
1.673824	1.000877	0.003303
1.706752	1.002292	0.002510
1.738190	1.000660	0.003060
1.769252	1.001555	0.002153
1.800690	0.999712	0.002723
1.831752	1.000939	0.002981
1.863190	1.000451	0.003367
1.894252	1.000615	0.003353
1.925690	0.999363	0.003349
1.956752	1.000596	0.003430
1.988190	1.000058	0.003120
2.019252	1.000690	0.004350
2.050690	1.000097	0.002775
2.085434	1.001677	0.004703
2.126644	1.000945	0.003475
2.164160	1.002384	0.005090
2.201661	1.002349	0.005210
2.239598	1.002540	0.005517
2.277099	1.000466	0.004446
2.314601	1.001948	0.005801
2.351660	1.002461	0.005897
2.392386	1.003005	0.005133
2.430817	1.003416	0.005306
2.468764	1.001796	0.005353
2.508131	1.002202	0.004897
2.550737	1.002198	0.004977
2.589599	1.001483	0.003611
2.627101	1.002151	0.003667
2.664628	1.002001	0.003826
2.705837	1.001886	0.003173
2.743328	1.001476	0.002166
2.783598	1.000892	0.002287
2.826178	1.000027	0.002277
2.864609	1.001056	0.002453
2.902110	0.999406	0.003240
2.939601	1.000129	0.003192
2.976671	1.000048	0.003008
3.014161	1.001015	0.002499
3.052109	1.000815	0.002850
3.089610	1.000536	0.003076
3.127101	0.999507	0.002833
3.164171	1.000797	0.003493
3.201661	1.000629	0.003985
3.242871	1.000075	0.002933
3.281275	0.998926	0.003736
3.318777	0.999159	0.003118
3.356267	0.998780	0.003042
3.393337	0.999807	0.003509
3.430828	1.000646	0.002904
3.468775	0.999220	0.003672
3.506277	1.000286	0.002392
3.543767	0.999618	0.002311
3.581294	0.999930	0.002018
3.622504	0.999744	0.001920
3.663220	1.000300	0.002295
3.701661	1.000452	0.002312
3.739609	1.000220	0.002303
3.777110	1.000293	0.001459
0.041399	0.999873	0.002137
0.124719	0.999725	0.001732
0.208079	0.999862	0.001912
0.291419	0.999552	0.001525
0.383079	0.998462	0.001731
0.477228	0.998931	0.001398
0.563865	0.992380	0.017623
0.636284	0.986346	0.023220
0.708079	0.997495	0.002538
0.780499	0.987273	0.023346
0.859791	0.997961	0.002113
0.966419	0.998579	0.002528
1.058099	0.999029	0.003112
1.141419	0.999927	0.002246
1.224759	1.001618	0.003596
1.315616	1.001803	0.004739
1.397982	0.994486	0.015383
1.469624	1.002994	0.008483
1.538905	1.004206	0.008078
1.613819	1.004400	0.007778
1.689708	1.006048	0.010273
1.761284	1.009849	0.014459
1.834725	1.010262	0.019123
1.905499	1.006359	0.016863
1.975476	1.014573	0.024772
2.045553	1.018236	0.031953
2.113819	1.010091	0.028527
2.187996	1.025047	0.045868
2.265530	1.030979	0.058700
2.337950	1.021826	0.057739
2.426313	1.001693	0.004103
2.516327	1.001209	0.004272
2.601293	1.001877	0.004184
2.684633	1.002122	0.003689
2.765524	1.001610	0.003745
2.841261	1.001361	0.004051
2.914702	1.001743	0.003617
2.986324	1.000647	0.003615
3.067150	1.002367	0.003581
3.146330	1.000868	0.003551
3.216281	1.001742	0.003069
3.281116	1.001466	0.003366
3.347649	1.000877	0.003303
3.413503	1.002292	0.002510
3.476379	1.000660	0.003060
3.538503	1.001555	0.002153
3.601379	0.999712	0.002723
3.663503	1.000939	0.002981
3.726379	1.000451	0.003367
3.788503	1.000615	0.003353
3.851379	0.999363	0.003349
3.913503	1.000596	0.003430
3.976379	1.000058	0.003120
4.038503	1.000690	0.004350
4.101379	1.000097	0.002775
4.170868	1.001677	0.004703
4.253287	1.000945	0.003475
4.328319	1.002384	0.005090
4.403322	1.002349	0.005210
4.479195	1.002540	0.005517
4.554198	1.000466	0.004446
4.629201	1.001948	0.005801
4.703319	1.002461	0.005897
4.784773	1.003005	0.005133
4.861633	1.003416	0.005306
4.937528	1.001796	0.005353
5.016262	1.002202	0.004897
5.101475	1.002198	0.004977
5.179198	1.001483	0.003611
5.254201	1.002151	0.003667
5.329255	1.002001	0.003826
5.411675	1.001886	0.003173
5.486655	1.001476	0.002166
5.567195	1.000892	0.002287
5.652357	1.000027	0.002277
5.729217	1.001056	0.002453
5.804220	0.999406	0.003240
5.879201	1.000129	0.003192
5.953341	1.000048	0.003008
6.028322	1.001015	0.002499
6.104217	1.000815	0.002850
6.179220	1.000536	0.003076
6.254201	0.999507	0.002833
6.328341	1.000797	0.003493
6.403322	1.000629	0.003985
6.485741	1.000075	0.002933
6.562551	0.998926	0.003736
6.637554	0.999159	0.003118
6.712535	0.998780	0.003042
6.786675	0.999807	0.003509
6.861655	1.000646	0.002904
6.937551	0.999220	0.003672
7.012554	1.000286	0.002392
7.087535	0.999618	0.002311
7.162589	0.999930	0.002018
7.245008	0.999744	0.001920
7.326439	1.000300	0.002295
7.403322	1.000452	0.002312
7.479217	1.000220	0.002303
7.554220	1.000293	0.001459
