100
0.034160	0.998784	0.000520
0.103346	0.998935	0.000512
0.172928	0.999231	0.000605
0.242084	0.998943	0.001637
0.300424	0.999424	0.001458
0.356238	0.998977	0.002048
0.410834	1.000033	0.001979
0.478346	1.003542	0.003693
0.547938	1.004487	0.005403
0.617510	1.001888	0.002794
0.683358	1.000108	0.000796
0.736260	1.000182	0.000745
0.788776	0.999725	0.000737
0.840440	0.999716	0.000976
0.892936	0.999386	0.000970
0.944600	0.999369	0.000856
0.997106	0.999388	0.000667
1.048760	0.999336	0.000841
1.105010	0.999212	0.000732
1.158368	0.999388	0.000659
1.210428	0.999234	0.000966
1.262528	0.999712	0.000611
1.314598	0.999935	0.000374
1.366688	1.000346	0.000643
1.418758	1.000748	0.000626
1.470858	1.001450	0.000879
1.522918	1.001307	0.000945
1.575018	1.001503	0.000783
1.627088	1.000945	0.000356
1.679198	1.000699	0.000332
1.731258	1.001411	0.001409
1.783358	1.000512	0.000955
1.835428	0.999014	0.002221
1.887528	1.001865	0.004958
1.939598	1.005961	0.009656
1.995026	0.985683	0.031984
2.060479	0.999860	0.000322
2.130061	1.000032	0.000552
2.199237	0.999893	0.000841
2.280061	0.999281	0.000660
2.383379	1.000267	0.000432
2.494225	1.001700	0.000711
2.602139	1.002082	0.000414
2.706299	1.000635	0.000676
2.810489	0.999258	0.000391
2.914649	0.998880	0.000378
3.018819	0.998970	0.000313
3.122989	0.999334	0.000351
3.227149	0.999683	0.000271
3.331339	0.999834	0.000303
3.435499	1.000292	0.000348
3.539669	1.000391	0.000264
3.643839	1.000555	0.000222
3.747999	1.000743	0.000166
3.852169	1.000605	0.000289
3.956349	1.000631	0.000240
4.060519	1.000427	0.000276
4.164689	0.999922	0.000329
4.276763	0.999557	0.000358
4.383439	0.999450	0.000201
4.487599	1.000044	0.000633
4.591769	1.001361	0.000493
4.695939	1.002008	0.000211
4.800099	1.001154	0.000773
4.904269	0.999742	0.000436
5.026763	0.999236	0.000519
5.151773	0.999144	0.000327
5.258449	0.999509	0.000250
5.356379	1.000915	0.002433
5.428467	1.000059	0.000535
5.498049	1.000177	0.000691
5.567621	1.000430	0.000620
5.636797	1.000754	0.000894
5.706379	1.001549	0.001320
5.775961	1.001401	0.001192
5.845137	1.001248	0.000820
5.914719	1.000957	0.000336
5.984291	1.000591	0.000397
6.053467	1.000417	0.000483
6.119574	1.000184	0.000848
6.182074	1.000051	0.000628
6.244574	0.999989	0.000387
6.307074	0.999799	0.000509
6.369574	0.999733	0.000257
6.432074	0.999629	0.000267
6.494574	0.999644	0.000302
6.557086	0.999904	0.000286
6.619597	1.000225	0.000283
6.682097	1.000584	0.000738
6.744597	1.001104	0.000805
6.807097	1.001411	0.000818
6.869597	1.000978	0.000716
6.932097	1.000689	0.000519
7.000628	0.999831	0.000419
7.064041	0.999418	0.000908
7.126541	0.999263	0.000705
7.189041	0.999139	0.000694
7.251541	0.999182	0.000704
7.314041	0.998984	0.000545
7.376541	0.998928	0.000268
0.068319	0.998784	0.000520
0.206692	0.998935	0.000512
0.345856	0.999231	0.000605
0.484168	0.998943	0.001637
0.600848	0.999424	0.001458
0.712477	0.998977	0.002048
0.821668	1.000033	0.001979
0.956692	1.003542	0.003693
1.095876	1.004487	0.005403
1.235019	1.001888	0.002794
1.366717	1.000108	0.000796
1.472520	1.000182	0.000745
1.577553	0.999725	0.000737
1.680880	0.999716	0.000976
1.785873	0.999386	0.000970
1.889200	0.999369	0.000856
1.994213	0.999388	0.000667
2.097520	0.999336	0.000841
2.210020	0.999212	0.000732
2.316737	0.999388	0.000659
2.420857	0.999234	0.000966
2.525057	0.999712	0.000611
2.629197	0.999935	0.000374
2.733377	1.000346	0.000643
2.837517	1.000748	0.000626
2.941717	1.001450	0.000879
3.045837	1.001307	0.000945
3.150037	1.001503	0.000783
3.254177	1.000945	0.000356
3.358397	1.000699	0.000332
3.462517	1.001411	0.001409
3.566717	1.000512	0.000955
3.670857	0.999014	0.002221
3.775057	1.001865	0.004958
3.879197	1.005961	0.009656
3.990053	0.985683	0.031984
4.120958	0.999860	0.000322
4.260122	1.000032	0.000552
4.398474	0.999893	0.000841
4.560122	0.999281	0.000660
4.766758	1.000267	0.000432
4.988450	1.001700	0.000711
5.204278	1.002082	0.000414
5.412598	1.000635	0.000676
5.620978	0.999258	0.000391
5.829298	0.998880	0.000378
6.037638	0.998970	0.000313
6.245978	0.999334	0.000351
6.454298	0.999683	0.000271
6.662678	0.999834	0.000303
6.870998	1.000292	0.000348
7.079338	1.000391	0.000264
7.287678	1.000555	0.000222
7.495998	1.000743	0.000166
7.704338	1.000605	0.000289
7.912698	1.000631	0.000240
8.121038	1.000427	0.000276
8.329378	0.999922	0.000329
8.553525	0.999557	0.000358
8.766878	0.999450	0.000201
8.975198	1.000044	0.000633
9.183538	1.001361	0.000493
9.391878	1.002008	0.000211
9.600198	1.001154	0.000773
9.808538	0.999742	0.000436
10.053525	0.999236	0.000519
10.303545	0.999144	0.000327
10.516898	0.999509	0.000250
10.712758	1.000915	0.002433
10.856934	1.000059	0.000535
10.996098	1.000177	0.000691
11.135242	1.000430	0.000620
11.273594	1.000754	0.000894
11.412758	1.001549	0.001320
11.551922	1.001401	0.001192
11.690274	1.001248	0.000820
11.829438	1.000957	0.000336
11.968582	1.000591	0.000397
12.106934	1.000417	0.000483
12.239149	1.000184	0.000848
12.364149	1.000051	0.000628
12.489149	0.999989	0.000387
12.614149	0.999799	0.000509
12.739149	0.999733	0.000257
12.864149	0.999629	0.000267
12.989149	0.999644	0.000302
13.114171	0.999904	0.000286
13.239193	1.000225	0.000283
13.364193	1.000584	0.000738
13.489193	1.001104	0.000805
13.614193	1.001411	0.000818
13.739193	1.000978	0.000716
13.864193	1.000689	0.000519
14.001256	0.999831	0.000419
14.128082	0.999418	0.000908
14.253082	0.999263	0.000705
14.378082	0.999139	0.000694
14.503082	0.999182	0.000704
14.628082	0.998984	0.000545
14.753082	0.998928	0.000268
