100
0.033337	1.002771	0.001290
0.094659	1.002778	0.001262
0.153709	1.002446	0.001435
0.214700	1.001481	0.001532
0.274445	1.000850	0.001503
0.333296	1.000854	0.001297
0.391187	1.000939	0.001337
0.447944	1.001002	0.001225
0.505811	1.000932	0.001465
0.563573	1.000594	0.001215
0.622528	0.999902	0.001262
0.683723	0.999878	0.001675
0.743185	0.999431	0.001390
0.803394	0.999646	0.001296
0.861127	0.999793	0.001262
0.918714	0.999767	0.001292
0.974746	1.000337	0.001249
1.034366	1.000512	0.001872
1.092866	1.000054	0.001394
1.150568	0.999531	0.001275
1.205894	0.999073	0.001350
1.262445	0.999198	0.001575
1.320251	0.999557	0.001241
1.377911	0.999416	0.001501
1.435080	1.000167	0.001455
1.498220	1.000718	0.001342
1.560496	1.000767	0.001596
1.621301	1.000590	0.002310
1.681815	1.008888	0.023366
1.750382	0.999051	0.001704
1.826325	0.999584	0.001708
1.902700	1.000182	0.001617
2.010924	1.000023	0.001300
2.128181	0.999690	0.001320
2.244226	0.999562	0.001562
2.363749	1.000431	0.001317
2.484500	1.000819	0.001700
2.608613	1.000630	0.001197
2.726058	1.002807	0.001657
2.841033	1.005031	0.001500
2.961817	1.004949	0.002044
3.076229	1.005476	0.016718
3.166627	1.004209	0.009949
3.245168	1.003344	0.006325
3.323679	1.004195	0.004144
3.388562	1.004717	0.003712
3.454187	1.003516	0.003634
3.520657	1.003141	0.002981
3.584778	1.001655	0.002663
3.648891	1.001253	0.002251
3.709216	1.000716	0.001748
3.772362	1.000833	0.001682
3.833247	1.000769	0.001672
3.896143	1.000566	0.001654
3.958718	0.999908	0.001683
4.018761	0.999945	0.001648
4.084488	0.999488	0.001706
4.149913	0.998902	0.001827
4.211805	0.998841	0.001191
4.270868	0.998953	0.001345
4.332836	0.999572	0.001235
4.396514	0.999200	0.001194
4.461325	0.999082	0.001293
4.525419	0.998222	0.001342
4.591558	0.998322	0.001317
4.655402	0.997814	0.001362
4.719613	0.998547	0.001450
4.784345	0.998946	0.001139
4.844511	0.998835	0.001568
4.905624	0.998933	0.001259
4.964375	0.998306	0.001438
5.022538	0.998181	0.001538
5.081858	0.997844	0.001405
5.144846	0.998114	0.001511
5.201946	0.998314	0.001556
5.260917	0.998514	0.001393
5.318629	0.998826	0.001320
5.380365	0.998837	0.001453
5.441656	0.998683	0.001335
5.503780	0.998651	0.001273
5.565771	0.998430	0.001452
5.627443	0.997984	0.001404
5.686916	0.998369	0.001732
5.746197	0.999417	0.001682
5.803721	0.999919	0.001506
5.863361	0.999522	0.001648
5.923638	1.000034	0.001562
5.984041	1.000697	0.001608
6.043573	1.001385	0.001866
6.102158	1.002074	0.001798
6.163705	1.003843	0.001802
6.226751	1.005234	0.001607
6.289633	1.005623	0.001539
6.353894	1.004890	0.001834
6.421414	1.002459	0.002575
6.484780	0.999566	0.002047
6.546997	0.998276	0.001477
6.607805	0.999127	0.001501
6.669652	1.000352	0.001727
6.730456	1.001840	0.001467
0.066675	1.002771	0.001290
0.189319	1.002778	0.001262
0.307419	1.002446	0.001435
0.429400	1.001481	0.001532
0.548890	1.000850	0.001503
0.666593	1.000854	0.001297
0.782374	1.000939	0.001337
0.895889	1.001002	0.001225
1.011622	1.000932	0.001465
1.127147	1.000594	0.001215
1.245057	0.999902	0.001262
1.367446	0.999878	0.001675
1.486371	0.999431	0.001390
1.606789	0.999646	0.001296
1.722254	0.999793	0.001262
1.837427	0.999767	0.001292
1.949492	1.000337	0.001249
2.068733	1.000512	0.001872
2.185732	1.000054	0.001394
2.301136	0.999531	0.001275
2.411789	0.999073	0.001350
2.524890	0.999198	0.001575
2.640501	0.999557	0.001241
2.755822	0.999416	0.001501
2.870160	1.000167	0.001455
2.996439	1.000718	0.001342
3.120992	1.000767	0.001596
3.242602	1.000590	0.002310
3.363629	1.008888	0.023366
3.500764	0.999051	0.001704
3.652650	0.999584	0.001708
3.805400	1.000182	0.001617
4.021847	1.000023	0.001300
4.256363	0.999690	0.001320
4.488452	0.999562	0.001562
4.727498	1.000431	0.001317
4.969001	1.000819	0.001700
5.217227	1.000630	0.001197
5.452115	1.002807	0.001657
5.682067	1.005031	0.001500
5.923634	1.004949	0.002044
6.152458	1.005476	0.016718
6.333254	1.004209	0.009949
6.490336	1.003344	0.006325
6.647358	1.004195	0.004144
6.777123	1.004717	0.003712
6.908375	1.003516	0.003634
7.041315	1.003141	0.002981
7.169557	1.001655	0.002663
7.297781	1.001253	0.002251
7.418432	1.000716	0.001748
7.544724	1.000833	0.001682
7.666494	1.000769	0.001672
7.792285	1.000566	0.001654
7.917437	0.999908	0.001683
8.037523	0.999945	0.001648
8.168976	0.999488	0.001706
8.299827	0.998902	0.001827
8.423609	0.998841	0.001191
8.541737	0.998953	0.001345
8.665671	0.999572	0.001235
8.793028	0.999200	0.001194
8.922651	0.999082	0.001293
9.050837	0.998222	0.001342
9.183115	0.998322	0.001317
9.310804	0.997814	0.001362
9.439226	0.998547	0.001450
9.568690	0.998946	0.001139
9.689023	0.998835	0.001568
9.811247	0.998933	0.001259
9.928749	0.998306	0.001438
10.045077	0.998181	0.001538
10.163716	0.997844	0.001405
10.289691	0.998114	0.001511
10.403892	0.998314	0.001556
10.521833	0.998514	0.001393
10.637257	0.998826	0.001320
10.760730	0.998837	0.001453
10.883312	0.998683	0.001335
11.007560	0.998651	0.001273
11.131542	0.998430	0.001452
11.254887	0.997984	0.001404
11.373832	0.998369	0.001732
11.492394	0.999417	0.001682
11.607443	0.999919	0.001506
11.726722	0.999522	0.001648
11.847275	1.000034	0.001562
11.968083	1.000697	0.001608
12.087145	1.001385	0.001866
12.204316	1.002074	0.001798
12.327409	1.003843	0.001802
12.453502	1.005234	0.001607
12.579267	1.005623	0.001539
12.707788	1.004890	0.001834
12.842829	1.002459	0.002575
12.969560	0.999566	0.002047
13.093994	0.998276	0.001477
13.215609	0.999127	0.001501
13.339304	1.000352	0.001727
13.460912	1.001840	0.001467
