100
0.006852	1.001001	0.014368
0.020267	1.000843	0.007890
0.034014	1.001948	0.017648
0.047461	1.002676	0.014385
0.060709	1.001971	0.006705
0.074535	1.000581	0.008657
0.087840	1.000782	0.013342
0.100473	1.002434	0.007886
0.114089	0.999593	0.011538
0.127616	1.002430	0.007739
0.140418	1.001236	0.012504
0.153149	0.999166	0.012090
0.166929	1.002840	0.010209
0.180271	1.002334	0.021518
0.193616	1.002218	0.008174
0.206859	1.002713	0.011666
0.220535	1.000294	0.012383
0.233787	1.000566	0.010666
0.246552	1.000540	0.010413
0.260430	0.998730	0.008624
0.274071	0.999646	0.010792
0.286808	0.997822	0.015166
0.299675	1.000415	0.006483
0.313190	0.999332	0.016199
0.326501	0.998082	0.016418
0.339491	0.998893	0.009238
0.352442	0.998197	0.020254
0.365753	0.997322	0.019290
0.378885	1.001292	0.014219
0.391808	0.999495	0.019686
0.404673	0.996685	0.023860
0.418389	0.993838	0.027073
0.431544	0.997288	0.017799
0.445244	0.998127	0.015956
0.459329	0.995150	0.023032
0.473168	0.999005	0.023064
0.486369	0.995237	0.021604
0.500523	0.996274	0.018096
0.514406	0.993104	0.025856
0.527430	0.996371	0.021645
0.541742	0.994750	0.019082
0.555828	0.995982	0.021276
0.569122	0.991247	0.026041
0.583356	0.994496	0.022521
0.597477	0.996267	0.033775
0.611058	0.987574	0.029079
0.626193	0.990050	0.027634
0.639827	0.991286	0.024894
0.653023	0.990081	0.026095
0.666917	0.991572	0.024643
0.680531	0.993966	0.039878
0.693926	0.990362	0.039536
0.708190	0.991397	0.025914
0.722736	0.987037	0.030384
0.736873	0.987792	0.038284
0.751578	0.987298	0.029034
0.765793	0.987026	0.030799
0.779815	0.990610	0.034646
0.794012	0.986432	0.031272
0.807285	0.988858	0.037708
0.821051	0.989655	0.032264
0.835123	0.988677	0.031571
0.848763	0.988352	0.036744
0.862385	0.991593	0.029080
0.875948	0.990592	0.029606
0.889358	0.987850	0.032509
0.902044	0.988551	0.032674
0.915391	0.990056	0.028806
0.929453	0.990787	0.027881
0.942512	0.987224	0.033235
0.954935	0.989545	0.027288
0.967785	0.991175	0.027457
0.980690	0.990479	0.026665
0.993369	0.988980	0.030320
1.006012	0.992896	0.027384
1.018860	0.988765	0.027363
1.032355	0.994819	0.035021
1.045941	0.989101	0.031137
1.058576	0.991568	0.037981
1.072188	0.991792	0.024362
1.085650	0.989120	0.033726
1.098454	0.993367	0.032441
1.111291	0.990533	0.026395
1.125040	0.993436	0.027148
1.139451	0.992269	0.039820
1.152028	0.991770	0.026168
1.165079	0.996267	0.024449
1.179386	0.991074	0.026632
1.192757	0.994231	0.028107
1.205994	0.997275	0.022806
1.219545	0.992073	0.021946
1.232396	0.998100	0.021346
1.245138	0.996037	0.022136
1.257763	0.996295	0.016695
1.270850	0.998573	0.017668
1.284167	0.997065	0.014859
1.297116	0.999655	0.014929
1.310264	0.999028	0.017014
1.324171	0.998825	0.011084
1.337471	0.999453	0.015659
0.013705	1.001001	0.014368
0.040533	1.000843	0.007890
0.068029	1.001948	0.017648
0.094921	1.002676	0.014385
0.121419	1.001971	0.006705
0.149071	1.000581	0.008657
0.175679	1.000782	0.013342
0.200945	1.002434	0.007886
0.228178	0.999593	0.011538
0.255231	1.002430	0.007739
0.280835	1.001236	0.012504
0.306297	0.999166	0.012090
0.333859	1.002840	0.010209
0.360541	1.002334	0.021518
0.387232	1.002218	0.008174
0.413719	1.002713	0.011666
0.441070	1.000294	0.012383
0.467575	1.000566	0.010666
0.493105	1.000540	0.010413
0.520860	0.998730	0.008624
0.548141	0.999646	0.010792
0.573617	0.997822	0.015166
0.599351	1.000415	0.006483
0.626379	0.999332	0.016199
0.653002	0.998082	0.016418
0.678982	0.998893	0.009238
0.704884	0.998197	0.020254
0.731507	0.997322	0.019290
0.757769	1.001292	0.014219
0.783616	0.999495	0.019686
0.809346	0.996685	0.023860
0.836778	0.993838	0.027073
0.863088	0.997288	0.017799
0.890488	0.998127	0.015956
0.918659	0.995150	0.023032
0.946337	0.999005	0.023064
0.972738	0.995237	0.021604
1.001045	0.996274	0.018096
1.028812	0.993104	0.025856
1.054860	0.996371	0.021645
1.083484	0.994750	0.019082
1.111655	0.995982	0.021276
1.138244	0.991247	0.026041
1.166712	0.994496	0.022521
1.194954	0.996267	0.033775
1.222116	0.987574	0.029079
1.252385	0.990050	0.027634
1.279654	0.991286	0.024894
1.306045	0.990081	0.026095
1.333835	0.991572	0.024643
1.361061	0.993966	0.039878
1.387853	0.990362	0.039536
1.416381	0.991397	0.025914
1.445472	0.987037	0.030384
1.473747	0.987792	0.038284
1.503157	0.987298	0.029034
1.531587	0.987026	0.030799
1.559631	0.990610	0.034646
1.588025	0.986432	0.031272
1.614571	0.988858	0.037708
1.642102	0.989655	0.032264
1.670247	0.988677	0.031571
1.697527	0.988352	0.036744
1.724769	0.991593	0.029080
1.751897	0.990592	0.029606
1.778716	0.987850	0.032509
1.804087	0.988551	0.032674
1.830782	0.990056	0.028806
1.858906	0.990787	0.027881
1.885024	0.987224	0.033235
1.909870	0.989545	0.027288
1.935571	0.991175	0.027457
1.961380	0.990479	0.026665
1.986738	0.988980	0.030320
2.012024	0.992896	0.027384
2.037721	0.988765	0.027363
2.064710	0.994819	0.035021
2.091881	0.989101	0.031137
2.117153	0.991568	0.037981
2.144375	0.991792	0.024362
2.171300	0.989120	0.033726
2.196908	0.993367	0.032441
2.222582	0.990533	0.026395
2.250079	0.993436	0.027148
2.278901	0.992269	0.039820
2.304057	0.991770	0.026168
2.330158	0.996267	0.024449
2.358772	0.991074	0.026632
2.385514	0.994231	0.028107
2.411989	0.997275	0.022806
2.439090	0.992073	0.021946
2.464792	0.998100	0.021346
2.490276	0.996037	0.022136
2.515527	0.996295	0.016695
2.541701	0.998573	0.017668
2.568334	0.997065	0.014859
2.594231	0.999655	0.014929
2.620529	0.999028	0.017014
2.648342	0.998825	0.011084
2.674943	0.999453	0.015659
