100
0.003723	1.000193	0.002889
0.011631	0.996748	0.007776
0.019306	1.000760	0.002219
0.027323	0.999843	0.004080
0.034889	0.996039	0.011536
0.042544	1.000993	0.002505
0.050496	0.996290	0.012362
0.057992	0.997635	0.011283
0.065777	0.998426	0.009187
0.074207	0.992767	0.018800
0.081739	1.000412	0.002115
0.089372	0.997883	0.011125
0.097039	0.992093	0.023846
0.104806	1.000975	0.002592
0.112667	0.995863	0.013487
0.120396	0.989855	0.027221
0.128277	0.996546	0.015204
0.135967	0.986713	0.028144
0.143079	0.998824	0.012507
0.150833	0.992974	0.018973
0.158168	0.982017	0.033789
0.165118	1.000329	0.007393
0.172469	0.990414	0.022497
0.179937	0.987617	0.034602
0.187407	0.997597	0.010056
0.194529	0.987884	0.027176
0.202022	0.981940	0.040905
0.209760	0.995489	0.016082
0.217058	0.985551	0.032779
0.224102	0.981595	0.042798
0.232187	0.994361	0.018176
0.239528	0.977440	0.043661
0.246552	0.989031	0.035967
0.254256	0.986564	0.034302
0.261554	0.981060	0.041114
0.268834	0.982337	0.043136
0.275855	0.973616	0.049721
0.283655	0.984077	0.039987
0.291375	0.983523	0.041298
0.298524	0.976668	0.046546
0.305931	0.983438	0.041101
0.312979	0.979561	0.043956
0.320571	0.975617	0.048285
0.328194	0.983824	0.039498
0.335032	0.976878	0.046599
0.342860	0.974637	0.049357
0.349959	0.986355	0.038404
0.357480	0.971259	0.048848
0.365341	0.975594	0.048722
0.372205	0.983573	0.043733
0.379908	0.970341	0.049382
0.387693	0.986885	0.040137
0.394483	0.976208	0.049402
0.401598	0.973872	0.046188
0.409526	0.989569	0.031322
0.416552	0.977250	0.050896
0.424909	0.972176	0.051645
0.432441	0.993652	0.023418
0.439920	0.974117	0.051397
0.447326	0.972801	0.052062
0.454629	0.993345	0.019677
0.461480	0.972436	0.051857
0.468929	0.973683	0.052149
0.475548	0.992522	0.021130
0.482228	0.972524	0.052223
0.489763	0.975717	0.052198
0.496937	0.990799	0.027536
0.504202	0.973054	0.052377
0.511340	0.978855	0.051272
0.517749	0.988711	0.035538
0.524623	0.974183	0.051685
0.531798	0.982377	0.048338
0.538352	0.986514	0.041802
0.545087	0.976354	0.050481
0.552263	0.985629	0.043680
0.558795	0.986029	0.046997
0.565567	0.980152	0.048301
0.573156	0.987433	0.036758
0.580559	0.983747	0.048583
0.588087	0.983602	0.043804
0.595961	0.983745	0.039535
0.603560	0.985515	0.044381
0.610333	0.989681	0.032953
0.617730	0.990540	0.031238
0.624773	0.987578	0.039900
0.632023	0.989914	0.026896
0.639361	0.987828	0.037996
0.646296	0.992879	0.022080
0.653444	0.999065	0.004989
0.660949	0.990568	0.030315
0.667868	0.995343	0.014471
0.675112	1.000792	0.003086
0.682569	0.992872	0.021629
0.689514	0.997837	0.007259
0.697155	1.001097	0.003411
0.704586	0.995968	0.013511
0.711523	0.999424	0.003531
0.719352	1.000540	0.002748
0.727891	0.998139	0.006665
0.734915	0.999749	0.002823
0.007445	1.000193	0.002889
0.023262	0.996748	0.007776
0.038612	1.000760	0.002219
0.054645	0.999843	0.004080
0.069778	0.996039	0.011536
0.085089	1.000993	0.002505
0.100991	0.996290	0.012362
0.115985	0.997635	0.011283
0.131555	0.998426	0.009187
0.148414	0.992767	0.018800
0.163478	1.000412	0.002115
0.178744	0.997883	0.011125
0.194078	0.992093	0.023846
0.209612	1.000975	0.002592
0.225334	0.995863	0.013487
0.240791	0.989855	0.027221
0.256555	0.996546	0.015204
0.271934	0.986713	0.028144
0.286158	0.998824	0.012507
0.301665	0.992974	0.018973
0.316337	0.982017	0.033789
0.330237	1.000329	0.007393
0.344938	0.990414	0.022497
0.359875	0.987617	0.034602
0.374814	0.997597	0.010056
0.389057	0.987884	0.027176
0.404043	0.981940	0.040905
0.419519	0.995489	0.016082
0.434116	0.985551	0.032779
0.448203	0.981595	0.042798
0.464373	0.994361	0.018176
0.479056	0.977440	0.043661
0.493105	0.989031	0.035967
0.508511	0.986564	0.034302
0.523108	0.981060	0.041114
0.537668	0.982337	0.043136
0.551710	0.973616	0.049721
0.567310	0.984077	0.039987
0.582749	0.983523	0.041298
0.597048	0.976668	0.046546
0.611862	0.983438	0.041101
0.625959	0.979561	0.043956
0.641141	0.975617	0.048285
0.656387	0.983824	0.039498
0.670064	0.976878	0.046599
0.685719	0.974637	0.049357
0.699918	0.986355	0.038404
0.714959	0.971259	0.048848
0.730681	0.975594	0.048722
0.744410	0.983573	0.043733
0.759816	0.970341	0.049382
0.775386	0.986885	0.040137
0.788965	0.976208	0.049402
0.803197	0.973872	0.046188
0.819051	0.989569	0.031322
0.833103	0.977250	0.050896
0.849818	0.972176	0.051645
0.864881	0.993652	0.023418
0.879840	0.974117	0.051397
0.894652	0.972801	0.052062
0.909257	0.993345	0.019677
0.922961	0.972436	0.051857
0.937859	0.973683	0.052149
0.951095	0.992522	0.021130
0.964456	0.972524	0.052223
0.979526	0.975717	0.052198
0.993873	0.990799	0.027536
1.008403	0.973054	0.052377
1.022680	0.978855	0.051272
1.035499	0.988711	0.035538
1.049246	0.974183	0.051685
1.063597	0.982377	0.048338
1.076703	0.986514	0.041802
1.090175	0.976354	0.050481
1.104526	0.985629	0.043680
1.117591	0.986029	0.046997
1.131134	0.980152	0.048301
1.146311	0.987433	0.036758
1.161118	0.983747	0.048583
1.176173	0.983602	0.043804
1.191923	0.983745	0.039535
1.207119	0.985515	0.044381
1.220665	0.989681	0.032953
1.235461	0.990540	0.031238
1.249546	0.987578	0.039900
1.264046	0.989914	0.026896
1.278722	0.987828	0.037996
1.292592	0.992879	0.022080
1.306887	0.999065	0.004989
1.321899	0.990568	0.030315
1.335735	0.995343	0.014471
1.350224	1.000792	0.003086
1.365138	0.992872	0.021629
1.379027	0.997837	0.007259
1.394310	1.001097	0.003411
1.409172	0.995968	0.013511
1.423046	0.999424	0.003531
1.438705	1.000540	0.002748
1.455781	0.998139	0.006665
1.469830	0.999749	0.002823
