100
0.083534	0.999732	0.000643
0.257090	1.001467	0.000967
0.358923	1.003203	0.000770
0.463078	1.005704	0.000795
0.560289	1.005641	0.000873
0.666778	1.002937	0.001315
0.766312	1.000824	0.000716
0.865845	1.000355	0.003639
0.930668	1.001601	0.004141
1.011678	0.999363	0.001777
1.129745	0.998664	0.000525
1.252423	0.998986	0.000899
1.358912	0.998713	0.000843
1.463056	0.999698	0.000710
1.557967	0.999459	0.000538
1.650567	0.999459	0.000553
1.745467	0.999387	0.000695
1.838067	0.999436	0.000496
1.937589	1.000419	0.000741
2.037134	1.000981	0.000647
2.129745	1.002774	0.000672
2.224656	1.004790	0.000814
2.317245	1.005612	0.000506
2.412156	1.003327	0.001184
2.504745	1.001172	0.000819
2.599656	0.999531	0.000482
2.692245	0.999175	0.000544
2.782512	1.000992	0.003844
2.847334	1.002555	0.005836
2.909834	1.003746	0.007464
2.983901	0.998515	0.000848
3.078800	0.998282	0.000633
3.171401	0.999039	0.000474
3.266300	0.999137	0.000500
3.358901	0.999315	0.001135
3.453800	0.999233	0.000923
3.546401	0.999629	0.000845
3.641300	0.999456	0.000337
3.743145	1.000550	0.000459
3.840378	1.001905	0.000978
3.942234	1.003541	0.000761
4.037134	1.005301	0.000655
4.129734	1.004621	0.000922
4.224634	1.002753	0.001226
4.317234	1.000994	0.000833
4.412134	0.999401	0.000759
4.504734	0.998783	0.000500
4.599634	0.998689	0.000365
4.699156	0.998426	0.001157
4.796378	0.998391	0.001285
4.891289	0.998147	0.001277
4.983878	0.999393	0.000913
5.074167	1.001388	0.002441
5.138989	1.000062	0.001107
5.201489	0.999561	0.001684
5.263989	0.998929	0.001517
5.326489	0.999050	0.000888
5.393338	0.999889	0.001240
5.455825	0.999708	0.000857
5.513126	0.999706	0.001008
5.580813	1.000171	0.001336
5.638113	1.000146	0.002125
5.698001	1.001738	0.002019
5.752701	1.002304	0.002911
5.809988	1.002692	0.002931
5.864676	1.004102	0.002793
5.919363	1.002859	0.002221
5.976650	1.002104	0.001637
6.031338	1.001588	0.000517
6.093838	1.000378	0.000731
6.148526	0.999678	0.000798
6.205813	0.999487	0.000777
6.260501	0.998830	0.001017
6.315201	0.999360	0.001266
6.377688	0.999584	0.001513
6.434975	0.999892	0.001603
6.489663	0.999601	0.001503
6.544351	1.000302	0.002307
6.601638	1.000242	0.002689
6.656326	1.000415	0.002560
6.711013	1.001530	0.002943
6.768301	1.000624	0.002608
6.823000	1.001271	0.002317
6.877688	1.001188	0.002069
6.934975	1.000301	0.001190
6.989663	1.000016	0.000634
7.044351	0.999848	0.000708
7.101638	0.999915	0.000711
7.156326	0.999182	0.000452
7.211013	0.999440	0.000532
7.268301	0.999510	0.000955
7.323000	1.000144	0.000989
7.377688	1.000798	0.001030
7.434976	1.001461	0.001493
7.510501	1.001374	0.002265
7.593838	1.001780	0.002033
7.679763	1.001438	0.002276
7.778738	0.999598	0.000884
7.864663	0.999985	0.000374
7.947988	0.999082	0.001440
0.167069	0.999732	0.000643
0.514179	1.001467	0.000967
0.717846	1.003203	0.000770
0.926157	1.005704	0.000795
1.120579	1.005641	0.000873
1.333557	1.002937	0.001315
1.532623	1.000824	0.000716
1.731690	1.000355	0.003639
1.861335	1.001601	0.004141
2.023357	0.999363	0.001777
2.259490	0.998664	0.000525
2.504846	0.998986	0.000899
2.717823	0.998713	0.000843
2.926112	0.999698	0.000710
3.115934	0.999459	0.000538
3.301135	0.999459	0.000553
3.490934	0.999387	0.000695
3.676135	0.999436	0.000496
3.875179	1.000419	0.000741
4.074268	1.000981	0.000647
4.259490	1.002774	0.000672
4.449312	1.004790	0.000814
4.634490	1.005612	0.000506
4.824312	1.003327	0.001184
5.009490	1.001172	0.000819
5.199312	0.999531	0.000482
5.384490	0.999175	0.000544
5.565023	1.000992	0.003844
5.694668	1.002555	0.005836
5.819668	1.003746	0.007464
5.967801	0.998515	0.000848
6.157601	0.998282	0.000633
6.342801	0.999039	0.000474
6.532601	0.999137	0.000500
6.717801	0.999315	0.001135
6.907601	0.999233	0.000923
7.092801	0.999629	0.000845
7.282601	0.999456	0.000337
7.486290	1.000550	0.000459
7.680757	1.001905	0.000978
7.884468	1.003541	0.000761
8.074268	1.005301	0.000655
8.259468	1.004621	0.000922
8.449268	1.002753	0.001226
8.634468	1.000994	0.000833
8.824268	0.999401	0.000759
9.009468	0.998783	0.000500
9.199268	0.998689	0.000365
9.398312	0.998426	0.001157
9.592757	0.998391	0.001285
9.782579	0.998147	0.001277
9.967757	0.999393	0.000913
10.148334	1.001388	0.002441
10.277979	1.000062	0.001107
10.402979	0.999561	0.001684
10.527979	0.998929	0.001517
10.652979	0.999050	0.000888
10.786676	0.999889	0.001240
10.911651	0.999708	0.000857
11.026251	0.999706	0.001008
11.161626	1.000171	0.001336
11.276226	1.000146	0.002125
11.396001	1.001738	0.002019
11.505401	1.002304	0.002911
11.619976	1.002692	0.002931
11.729351	1.004102	0.002793
11.838726	1.002859	0.002221
11.953301	1.002104	0.001637
12.062676	1.001588	0.000517
12.187676	1.000378	0.000731
12.297051	0.999678	0.000798
12.411626	0.999487	0.000777
12.521001	0.998830	0.001017
12.630401	0.999360	0.001266
12.755376	0.999584	0.001513
12.869951	0.999892	0.001603
12.979326	0.999601	0.001503
13.088701	1.000302	0.002307
13.203276	1.000242	0.002689
13.312651	1.000415	0.002560
13.422026	1.001530	0.002943
13.536601	1.000624	0.002608
13.646001	1.001271	0.002317
13.755376	1.001188	0.002069
13.869951	1.000301	0.001190
13.979326	1.000016	0.000634
14.088701	0.999848	0.000708
14.203276	0.999915	0.000711
14.312651	0.999182	0.000452
14.422026	0.999440	0.000532
14.536601	0.999510	0.000955
14.646001	1.000144	0.000989
14.755376	1.000798	0.001030
14.869951	1.001461	0.001493
15.021002	1.001374	0.002265
15.187677	1.001780	0.002033
15.359527	1.001438	0.002276
15.557477	0.999598	0.000884
15.729327	0.999985	0.000374
15.895977	0.999082	0.001440
