100
0.012135	0.999804	0.000496
0.041323	0.999986	0.000135
0.073246	0.999948	0.000433
0.107983	0.999852	0.000330
0.139924	1.000134	0.000642
0.172565	0.999883	0.000466
0.205175	1.000078	0.000554
0.240635	0.999986	0.000409
0.270463	1.000168	0.000393
0.301725	0.999804	0.000427
0.330202	1.000101	0.000417
0.361455	0.999856	0.000261
0.395445	1.000060	0.000455
0.427444	1.000124	0.000248
0.467659	0.999965	0.000355
0.500361	0.999981	0.000491
0.534309	0.999741	0.000498
0.566285	1.000002	0.000611
0.597563	0.999932	0.000477
0.632275	1.000021	0.000477
0.668330	1.000121	0.000459
0.698917	0.999916	0.000331
0.728795	1.000115	0.000479
0.760754	0.999942	0.000485
0.792647	0.999826	0.000409
0.820455	0.999938	0.000406
0.854494	0.999883	0.000423
0.886399	1.000005	0.000357
0.915567	0.999824	0.000505
0.941288	1.000576	0.001338
0.964185	1.000260	0.000852
0.990534	0.999813	0.001057
1.019737	1.000249	0.000854
1.045418	1.000545	0.001258
1.076758	1.000277	0.000856
1.108636	1.000387	0.000970
1.141268	1.000164	0.001056
1.174635	1.000722	0.001093
1.212733	1.000475	0.000968
1.241941	1.000381	0.001109
1.272528	1.001125	0.001527
1.303733	1.000535	0.001089
1.339105	1.000962	0.001606
1.369722	1.000226	0.001597
1.398173	1.000559	0.001531
1.427379	1.000889	0.001510
1.456559	1.000291	0.001123
1.491250	1.000484	0.001031
1.527361	1.000466	0.000811
1.570357	1.000231	0.000336
1.605149	1.000298	0.000783
1.637073	1.000123	0.000147
1.669702	0.999755	0.000560
1.700909	1.000383	0.000896
1.737055	0.999986	0.000488
1.764861	1.000403	0.001298
1.792614	1.000753	0.001913
1.819692	1.000068	0.001533
1.847483	1.000020	0.000421
1.880848	1.000427	0.001349
1.916959	1.000202	0.000997
1.947455	1.000211	0.000578
1.973191	1.000218	0.000466
2.002369	1.000288	0.000641
2.034990	0.999893	0.000426
2.064833	1.000256	0.001038
2.093303	1.000573	0.001743
2.125289	1.000499	0.001554
2.153758	1.000235	0.001570
2.184292	1.000479	0.001870
2.210663	1.000491	0.001685
2.237118	1.000314	0.001386
2.263372	1.001035	0.001636
2.290424	1.000664	0.001075
2.315849	1.000435	0.000982
2.339013	1.000133	0.000902
2.363634	1.000475	0.000751
2.389935	1.000422	0.000602
2.414615	1.000302	0.000524
2.438527	1.000351	0.000695
2.464781	0.999801	0.000356
2.494043	1.000376	0.001126
2.518782	1.000051	0.001083
2.542674	1.000726	0.002023
2.568936	0.999524	0.000547
2.598299	0.999720	0.000603
2.625996	1.001143	0.002343
2.649222	0.999561	0.000773
2.676134	0.999855	0.002313
2.700870	1.000222	0.001803
2.724784	0.999949	0.002012
2.750220	1.000332	0.002173
2.779533	0.999939	0.001667
2.806563	0.999785	0.001861
2.831282	0.999775	0.002300
2.855174	0.999702	0.002152
2.883728	0.999527	0.002479
2.913071	1.000346	0.000425
2.940040	0.999974	0.000486
2.967061	1.000257	0.000450
0.024271	0.999804	0.000496
0.082646	0.999986	0.000135
0.146492	0.999948	0.000433
0.215966	0.999852	0.000330
0.279847	1.000134	0.000642
0.345131	0.999883	0.000466
0.410349	1.000078	0.000554
0.481269	0.999986	0.000409
0.540926	1.000168	0.000393
0.603451	0.999804	0.000427
0.660404	1.000101	0.000417
0.722909	0.999856	0.000261
0.790891	1.000060	0.000455
0.854887	1.000124	0.000248
0.935319	0.999965	0.000355
1.000723	0.999981	0.000491
1.068619	0.999741	0.000498
1.132571	1.000002	0.000611
1.195126	0.999932	0.000477
1.264549	1.000021	0.000477
1.336660	1.000121	0.000459
1.397834	0.999916	0.000331
1.457591	1.000115	0.000479
1.521507	0.999942	0.000485
1.585294	0.999826	0.000409
1.640911	0.999938	0.000406
1.708987	0.999883	0.000423
1.772799	1.000005	0.000357
1.831134	0.999824	0.000505
1.882576	1.000576	0.001338
1.928371	1.000260	0.000852
1.981068	0.999813	0.001057
2.039474	1.000249	0.000854
2.090836	1.000545	0.001258
2.153516	1.000277	0.000856
2.217272	1.000387	0.000970
2.282536	1.000164	0.001056
2.349271	1.000722	0.001093
2.425467	1.000475	0.000968
2.483882	1.000381	0.001109
2.545056	1.001125	0.001527
2.607465	1.000535	0.001089
2.678210	1.000962	0.001606
2.739444	1.000226	0.001597
2.796347	1.000559	0.001531
2.854757	1.000889	0.001510
2.913117	1.000291	0.001123
2.982500	1.000484	0.001031
3.054722	1.000466	0.000811
3.140715	1.000231	0.000336
3.210299	1.000298	0.000783
3.274145	1.000123	0.000147
3.339404	0.999755	0.000560
3.401818	1.000383	0.000896
3.474110	0.999986	0.000488
3.529722	1.000403	0.001298
3.585228	1.000753	0.001913
3.639384	1.000068	0.001533
3.694965	1.000020	0.000421
3.761696	1.000427	0.001349
3.833917	1.000202	0.000997
3.894910	1.000211	0.000578
3.946382	1.000218	0.000466
4.004737	1.000288	0.000641
4.069980	0.999893	0.000426
4.129667	1.000256	0.001038
4.186605	1.000573	0.001743
4.250577	1.000499	0.001554
4.307516	1.000235	0.001570
4.368584	1.000479	0.001870
4.421327	1.000491	0.001685
4.474237	1.000314	0.001386
4.526744	1.001035	0.001636
4.580848	1.000664	0.001075
4.631698	1.000435	0.000982
4.678026	1.000133	0.000902
4.727268	1.000475	0.000751
4.779871	1.000422	0.000602
4.829230	1.000302	0.000524
4.877054	1.000351	0.000695
4.929561	0.999801	0.000356
4.988087	1.000376	0.001126
5.037563	1.000051	0.001083
5.085348	1.000726	0.002023
5.137872	0.999524	0.000547
5.196599	0.999720	0.000603
5.251992	1.001143	0.002343
5.298443	0.999561	0.000773
5.352268	0.999855	0.002313
5.401739	1.000222	0.001803
5.449568	0.999949	0.002012
5.500441	1.000332	0.002173
5.559066	0.999939	0.001667
5.613126	0.999785	0.001861
5.662563	0.999775	0.002300
5.710348	0.999702	0.002152
5.767456	0.999527	0.002479
5.826143	1.000346	0.000425
5.880080	0.999974	0.000486
5.934122	1.000257	0.000450
