100
0.020984	0.999955	0.000979
0.059143	0.999918	0.000688
0.097629	1.000160	0.000677
0.136751	1.000076	0.000679
0.174096	0.999924	0.000889
0.211333	0.999891	0.000698
0.249374	0.999933	0.000667
0.284178	0.999864	0.000986
0.318931	0.999702	0.000938
0.354455	1.000066	0.001228
0.389303	1.000137	0.001136
0.426334	1.000301	0.001243
0.461616	1.000034	0.001229
0.495755	1.000646	0.001846
0.533117	1.000854	0.002712
0.568953	1.001209	0.003740
0.603155	1.000595	0.003204
0.637744	1.001174	0.004736
0.673302	1.001382	0.004980
0.708752	1.001878	0.004805
0.745037	1.003399	0.008992
0.784292	1.000569	0.001206
0.827597	1.000613	0.001381
0.869007	1.000629	0.001649
0.912260	1.000753	0.001615
0.954519	1.000604	0.001678
0.995939	1.000644	0.001764
1.037860	1.000629	0.001750
1.079372	1.000914	0.002063
1.123335	1.000476	0.001402
1.170057	1.000557	0.001771
1.213644	1.000244	0.001512
1.257591	1.000187	0.001480
1.303524	1.000158	0.001413
1.348102	1.000088	0.001171
1.391378	1.001515	0.008951
1.429327	1.000904	0.004632
1.469219	0.999529	0.001193
1.508972	0.999738	0.001202
1.549742	1.000094	0.002136
1.595406	1.000096	0.001721
1.634526	0.999897	0.001066
1.672804	0.999729	0.000831
1.708291	0.999686	0.001388
1.745834	1.000190	0.000692
1.785299	1.000055	0.000730
1.823951	1.000093	0.000801
1.864085	1.000040	0.000818
1.902473	1.000287	0.000831
1.943666	1.000040	0.000767
1.985584	0.999966	0.000893
2.026777	1.000300	0.000929
2.066635	1.000145	0.000963
2.105910	1.000263	0.000931
2.143406	1.000190	0.000708
2.182027	1.000034	0.000794
2.221109	1.000009	0.000825
2.260157	1.000044	0.000711
2.299520	0.999920	0.000840
2.338164	0.999788	0.001073
2.378179	0.999902	0.000872
2.418323	1.000000	0.000910
2.456672	0.999768	0.000759
2.496863	0.999817	0.000805
2.535547	0.999859	0.000623
2.573244	0.999922	0.000683
2.610455	0.999987	0.000528
2.651610	0.999664	0.000609
2.692191	0.999948	0.000785
2.728515	1.001419	0.008286
2.766682	1.000438	0.003228
2.805137	0.998811	0.003344
2.841475	0.999371	0.002109
2.878532	0.999793	0.000788
2.917897	0.999797	0.000780
2.955922	0.999575	0.001125
2.991768	0.999436	0.001857
3.028456	0.999363	0.001894
3.062442	0.999951	0.001292
3.096898	0.999799	0.001911
3.133647	0.999687	0.001995
3.172442	1.000374	0.001646
3.211136	1.000254	0.000960
3.248674	1.000133	0.001093
3.286985	1.000379	0.001180
3.324201	1.000373	0.001166
3.359065	1.000278	0.001180
3.396162	1.000203	0.001424
3.436454	0.999596	0.004284
3.472147	0.998825	0.005597
3.507149	0.999166	0.004795
3.541854	0.999937	0.002944
3.576811	1.000016	0.003855
3.613582	0.999681	0.003197
3.651584	0.999331	0.003536
3.694887	1.000136	0.002712
3.734062	1.001250	0.006478
3.774156	1.000186	0.001717
3.812447	1.000007	0.001428
3.850507	1.000033	0.000895
0.041967	0.999955	0.000979
0.118286	0.999918	0.000688
0.195258	1.000160	0.000677
0.273502	1.000076	0.000679
0.348192	0.999924	0.000889
0.422667	0.999891	0.000698
0.498748	0.999933	0.000667
0.568357	0.999864	0.000986
0.637863	0.999702	0.000938
0.708910	1.000066	0.001228
0.778606	1.000137	0.001136
0.852667	1.000301	0.001243
0.923233	1.000034	0.001229
0.991511	1.000646	0.001846
1.066233	1.000854	0.002712
1.137907	1.001209	0.003740
1.206309	1.000595	0.003204
1.275487	1.001174	0.004736
1.346603	1.001382	0.004980
1.417504	1.001878	0.004805
1.490073	1.003399	0.008992
1.568585	1.000569	0.001206
1.655193	1.000613	0.001381
1.738015	1.000629	0.001649
1.824520	1.000753	0.001615
1.909037	1.000604	0.001678
1.991878	1.000644	0.001764
2.075720	1.000629	0.001750
2.158744	1.000914	0.002063
2.246670	1.000476	0.001402
2.340115	1.000557	0.001771
2.427287	1.000244	0.001512
2.515182	1.000187	0.001480
2.607048	1.000158	0.001413
2.696204	1.000088	0.001171
2.782756	1.001515	0.008951
2.858654	1.000904	0.004632
2.938438	0.999529	0.001193
3.017944	0.999738	0.001202
3.099483	1.000094	0.002136
3.190812	1.000096	0.001721
3.269052	0.999897	0.001066
3.345607	0.999729	0.000831
3.416582	0.999686	0.001388
3.491668	1.000190	0.000692
3.570599	1.000055	0.000730
3.647902	1.000093	0.000801
3.728169	1.000040	0.000818
3.804945	1.000287	0.000831
3.887332	1.000040	0.000767
3.971167	0.999966	0.000893
4.053553	1.000300	0.000929
4.133271	1.000145	0.000963
4.211821	1.000263	0.000931
4.286812	1.000190	0.000708
4.364054	1.000034	0.000794
4.442219	1.000009	0.000825
4.520314	1.000044	0.000711
4.599041	0.999920	0.000840
4.676327	0.999788	0.001073
4.756358	0.999902	0.000872
4.836646	1.000000	0.000910
4.913344	0.999768	0.000759
4.993725	0.999817	0.000805
5.071094	0.999859	0.000623
5.146489	0.999922	0.000683
5.220910	0.999987	0.000528
5.303221	0.999664	0.000609
5.384383	0.999948	0.000785
5.457031	1.001419	0.008286
5.533363	1.000438	0.003228
5.610273	0.998811	0.003344
5.682950	0.999371	0.002109
5.757064	0.999793	0.000788
5.835794	0.999797	0.000780
5.911844	0.999575	0.001125
5.983536	0.999436	0.001857
6.056913	0.999363	0.001894
6.124884	0.999951	0.001292
6.193796	0.999799	0.001911
6.267294	0.999687	0.001995
6.344885	1.000374	0.001646
6.422272	1.000254	0.000960
6.497348	1.000133	0.001093
6.573970	1.000379	0.001180
6.648402	1.000373	0.001166
6.718130	1.000278	0.001180
6.792323	1.000203	0.001424
6.872908	0.999596	0.004284
6.944294	0.998825	0.005597
7.014297	0.999166	0.004795
7.083708	0.999937	0.002944
7.153622	1.000016	0.003855
7.227163	0.999681	0.003197
7.303167	0.999331	0.003536
7.389774	1.000136	0.002712
7.468124	1.001250	0.006478
7.548311	1.000186	0.001717
7.624894	1.000007	0.001428
7.701014	1.000033	0.000895
