100
0.024262	1.000654	0.001287
0.069191	1.000768	0.000961
0.118802	1.000605	0.001077
0.162395	1.000600	0.000966
0.204729	1.000793	0.001288
0.247168	1.000586	0.001317
0.288117	1.000720	0.001596
0.330751	1.000899	0.001241
0.372589	1.000946	0.001799
0.415495	1.000990	0.001405
0.456269	1.000986	0.001545
0.497015	1.001150	0.001723
0.537548	1.001054	0.001375
0.580243	1.000596	0.001698
0.621703	1.000217	0.001607
0.666603	1.000118	0.001694
0.706369	1.000389	0.001707
0.751448	0.999824	0.001303
0.794346	0.999708	0.000885
0.836347	0.999954	0.001261
0.876677	0.999820	0.001242
0.916567	0.999983	0.001779
0.956544	1.000150	0.001522
0.998124	1.000221	0.001639
1.041744	1.000482	0.001754
1.086440	1.000406	0.001331
1.128869	1.000442	0.001411
1.171255	1.000167	0.001895
1.214193	0.999823	0.001789
1.257565	0.999595	0.002569
1.301472	0.997618	0.007375
1.346595	0.993745	0.012790
1.390930	0.989255	0.016370
1.435263	0.980431	0.033031
1.484643	0.981137	0.017922
1.530352	0.982808	0.018633
1.573456	0.984278	0.018591
1.616917	0.989450	0.016444
1.664531	0.992228	0.012960
1.713010	0.996344	0.007773
1.761916	0.997971	0.002643
1.810565	0.999126	0.002141
1.854654	0.999866	0.002183
1.898057	1.000852	0.002460
1.944239	1.001663	0.003044
1.989549	1.002506	0.003210
2.032702	1.003428	0.003524
2.077763	1.004755	0.004011
2.127029	1.005680	0.004501
2.174772	1.006031	0.004590
2.223494	1.005709	0.005085
2.272230	1.005649	0.004616
2.323905	1.004148	0.005289
2.372500	0.999232	0.011628
2.421856	0.993327	0.017499
2.470871	0.988308	0.020981
2.521384	0.983237	0.020798
2.566433	0.981347	0.019667
2.612687	0.979677	0.023242
2.659838	0.974843	0.028754
2.707253	0.967602	0.033097
2.759677	0.965581	0.033497
2.809116	0.966031	0.035594
2.858946	0.968234	0.035747
2.910997	0.980219	0.031764
2.962188	0.986623	0.024208
3.016279	1.000902	0.004683
3.071567	1.001755	0.005296
3.121765	1.006460	0.008641
3.169641	1.007047	0.009742
3.214587	1.006780	0.009013
3.258646	1.005205	0.007250
3.304056	1.004847	0.006029
3.347896	1.004247	0.006569
3.393228	1.003071	0.005143
3.438355	1.002116	0.004382
3.480119	1.000741	0.004152
3.521790	0.999772	0.003702
3.564570	0.999946	0.004934
3.605345	0.999183	0.009462
3.650568	0.990610	0.023435
3.691964	0.979191	0.037974
3.731988	0.972258	0.044211
3.773655	0.966192	0.045372
3.813717	0.971366	0.043543
3.852630	0.978204	0.039950
3.896906	0.991648	0.024334
3.939515	0.997612	0.012625
3.980440	1.000788	0.005720
4.024129	0.999633	0.002130
4.067232	0.999752	0.001954
4.107727	0.999969	0.001785
4.150094	1.000115	0.001266
4.192756	0.999891	0.001527
4.238939	0.999790	0.001742
4.283503	1.001065	0.005019
4.326223	1.001572	0.005484
4.365830	1.001802	0.004537
4.410578	1.001258	0.002482
4.454067	1.000672	0.001904
0.048523	1.000654	0.001287
0.138382	1.000768	0.000961
0.237604	1.000605	0.001077
0.324790	1.000600	0.000966
0.409458	1.000793	0.001288
0.494335	1.000586	0.001317
0.576234	1.000720	0.001596
0.661502	1.000899	0.001241
0.745178	1.000946	0.001799
0.830990	1.000990	0.001405
0.912538	1.000986	0.001545
0.994031	1.001150	0.001723
1.075096	1.001054	0.001375
1.160487	1.000596	0.001698
1.243406	1.000217	0.001607
1.333207	1.000118	0.001694
1.412738	1.000389	0.001707
1.502896	0.999824	0.001303
1.588693	0.999708	0.000885
1.672694	0.999954	0.001261
1.753354	0.999820	0.001242
1.833133	0.999983	0.001779
1.913089	1.000150	0.001522
1.996248	1.000221	0.001639
2.083487	1.000482	0.001754
2.172881	1.000406	0.001331
2.257738	1.000442	0.001411
2.342510	1.000167	0.001895
2.428386	0.999823	0.001789
2.515130	0.999595	0.002569
2.602944	0.997618	0.007375
2.693190	0.993745	0.012790
2.781861	0.989255	0.016370
2.870526	0.980431	0.033031
2.969285	0.981137	0.017922
3.060704	0.982808	0.018633
3.146911	0.984278	0.018591
3.233834	0.989450	0.016444
3.329062	0.992228	0.012960
3.426020	0.996344	0.007773
3.523832	0.997971	0.002643
3.621129	0.999126	0.002141
3.709308	0.999866	0.002183
3.796114	1.000852	0.002460
3.888479	1.001663	0.003044
3.979098	1.002506	0.003210
4.065403	1.003428	0.003524
4.155525	1.004755	0.004011
4.254058	1.005680	0.004501
4.349544	1.006031	0.004590
4.446988	1.005709	0.005085
4.544461	1.005649	0.004616
4.647809	1.004148	0.005289
4.744999	0.999232	0.011628
4.843711	0.993327	0.017499
4.941743	0.988308	0.020981
5.042768	0.983237	0.020798
5.132866	0.981347	0.019667
5.225375	0.979677	0.023242
5.319675	0.974843	0.028754
5.414507	0.967602	0.033097
5.519353	0.965581	0.033497
5.618232	0.966031	0.035594
5.717893	0.968234	0.035747
5.821995	0.980219	0.031764
5.924377	0.986623	0.024208
6.032558	1.000902	0.004683
6.143134	1.001755	0.005296
6.243529	1.006460	0.008641
6.339283	1.007047	0.009742
6.429174	1.006780	0.009013
6.517291	1.005205	0.007250
6.608112	1.004847	0.006029
6.695792	1.004247	0.006569
6.786456	1.003071	0.005143
6.876709	1.002116	0.004382
6.960238	1.000741	0.004152
7.043581	0.999772	0.003702
7.129139	0.999946	0.004934
7.210689	0.999183	0.009462
7.301136	0.990610	0.023435
7.383928	0.979191	0.037974
7.463975	0.972258	0.044211
7.547311	0.966192	0.045372
7.627434	0.971366	0.043543
7.705260	0.978204	0.039950
7.793811	0.991648	0.024334
7.879031	0.997612	0.012625
7.960881	1.000788	0.005720
8.048258	0.999633	0.002130
8.134464	0.999752	0.001954
8.215454	0.999969	0.001785
8.300187	1.000115	0.001266
8.385512	0.999891	0.001527
8.477877	0.999790	0.001742
8.567006	1.001065	0.005019
8.652446	1.001572	0.005484
8.731660	1.001802	0.004537
8.821156	1.001258	0.002482
8.908134	1.000672	0.001904
