100
0.021144	1.000585	0.001040
0.061908	1.000497	0.000988
0.105732	1.000563	0.001245
0.146485	1.000854	0.001115
0.190090	1.000949	0.000970
0.235642	1.000567	0.000924
0.280433	1.000761	0.001571
0.320960	1.000748	0.001127
0.361612	1.000840	0.001494
0.402321	1.000950	0.001281
0.441569	1.000639	0.001431
0.484609	1.000727	0.001459
0.526850	1.000053	0.000912
0.570948	1.000226	0.001443
0.616684	0.999944	0.001687
0.660831	1.000028	0.001142
0.699159	0.999921	0.001245
0.740835	1.000100	0.001260
0.783030	1.000126	0.001156
0.825817	0.999993	0.001393
0.871457	0.999835	0.001473
0.914611	0.999746	0.001536
0.960704	0.999700	0.001581
1.004083	1.000541	0.001700
1.048865	1.000177	0.001090
1.093217	0.999950	0.001086
1.137509	0.999903	0.001537
1.180009	0.999514	0.001382
1.220256	0.999573	0.001498
1.265139	0.998294	0.003123
1.314641	0.988984	0.011310
1.360091	0.977885	0.017222
1.404336	0.966112	0.032268
1.452471	0.972995	0.019147
1.500750	0.986845	0.012241
1.549059	0.994509	0.005724
1.597557	0.992058	0.008341
1.646099	0.983965	0.017461
1.695123	0.984461	0.020213
1.744944	0.986505	0.016580
1.790994	0.996699	0.008804
1.837200	0.999574	0.003100
1.885311	1.001680	0.003067
1.934136	1.002848	0.004251
1.985974	1.005021	0.004282
2.037156	1.006352	0.004551
2.089984	1.007653	0.004588
2.142042	1.007908	0.003783
2.194150	1.007914	0.002293
2.245494	1.006908	0.002224
2.296110	1.005749	0.003801
2.346559	1.008138	0.011998
2.391654	1.003206	0.006283
2.434731	1.001558	0.006219
2.477393	1.000819	0.006690
2.522594	0.999362	0.006900
2.568715	0.990809	0.015357
2.613865	0.973064	0.028827
2.658046	0.955070	0.038489
2.701139	0.950055	0.041440
2.743598	0.960164	0.033881
2.786250	0.977412	0.020599
2.831467	0.991488	0.008039
2.874488	0.980836	0.022039
2.915853	0.967394	0.036453
2.964192	0.961581	0.043364
3.010191	0.967054	0.035680
3.055445	0.987637	0.016668
3.102049	0.997536	0.005318
3.148689	0.999287	0.001703
3.192115	0.999448	0.001441
3.238879	0.999566	0.001522
3.283155	0.999711	0.001229
3.328985	0.999934	0.001291
3.374336	1.000109	0.001191
3.422518	1.000278	0.001480
3.468354	1.001252	0.003611
3.511661	1.001555	0.004637
3.551791	1.001506	0.004337
3.595283	1.001643	0.004584
3.638904	1.001630	0.004530
3.682189	1.001146	0.003761
3.726691	1.002035	0.004663
3.769861	1.002216	0.004783
3.812261	1.002064	0.004857
3.853291	1.001849	0.004877
3.897637	1.002029	0.005098
3.939786	1.000562	0.001336
3.986082	1.000986	0.001473
4.029758	1.000672	0.001050
4.073207	1.000611	0.001292
4.117308	1.000658	0.001689
4.161274	1.000793	0.001569
4.206984	1.001999	0.006586
4.248587	1.001255	0.005268
4.293886	1.001446	0.003166
4.340540	1.000974	0.001514
4.383045	1.000983	0.001257
4.426356	1.000631	0.001072
4.471744	1.000489	0.001322
0.042289	1.000585	0.001040
0.123815	1.000497	0.000988
0.211464	1.000563	0.001245
0.292969	1.000854	0.001115
0.380181	1.000949	0.000970
0.471285	1.000567	0.000924
0.560866	1.000761	0.001571
0.641921	1.000748	0.001127
0.723224	1.000840	0.001494
0.804643	1.000950	0.001281
0.883137	1.000639	0.001431
0.969217	1.000727	0.001459
1.053701	1.000053	0.000912
1.141895	1.000226	0.001443
1.233367	0.999944	0.001687
1.321661	1.000028	0.001142
1.398318	0.999921	0.001245
1.481670	1.000100	0.001260
1.566061	1.000126	0.001156
1.651633	0.999993	0.001393
1.742914	0.999835	0.001473
1.829221	0.999746	0.001536
1.921408	0.999700	0.001581
2.008166	1.000541	0.001700
2.097730	1.000177	0.001090
2.186433	0.999950	0.001086
2.275018	0.999903	0.001537
2.360018	0.999514	0.001382
2.440513	0.999573	0.001498
2.530277	0.998294	0.003123
2.629282	0.988984	0.011310
2.720182	0.977885	0.017222
2.808673	0.966112	0.032268
2.904942	0.972995	0.019147
3.001500	0.986845	0.012241
3.098118	0.994509	0.005724
3.195114	0.992058	0.008341
3.292198	0.983965	0.017461
3.390245	0.984461	0.020213
3.489888	0.986505	0.016580
3.581989	0.996699	0.008804
3.674401	0.999574	0.003100
3.770623	1.001680	0.003067
3.868271	1.002848	0.004251
3.971948	1.005021	0.004282
4.074311	1.006352	0.004551
4.179969	1.007653	0.004588
4.284084	1.007908	0.003783
4.388300	1.007914	0.002293
4.490987	1.006908	0.002224
4.592219	1.005749	0.003801
4.693119	1.008138	0.011998
4.783308	1.003206	0.006283
4.869463	1.001558	0.006219
4.954786	1.000819	0.006690
5.045188	0.999362	0.006900
5.137429	0.990809	0.015357
5.227731	0.973064	0.028827
5.316092	0.955070	0.038489
5.402278	0.950055	0.041440
5.487197	0.960164	0.033881
5.572500	0.977412	0.020599
5.662933	0.991488	0.008039
5.748976	0.980836	0.022039
5.831707	0.967394	0.036453
5.928384	0.961581	0.043364
6.020383	0.967054	0.035680
6.110890	0.987637	0.016668
6.204098	0.997536	0.005318
6.297379	0.999287	0.001703
6.384229	0.999448	0.001441
6.477757	0.999566	0.001522
6.566310	0.999711	0.001229
6.657970	0.999934	0.001291
6.748672	1.000109	0.001191
6.845036	1.000278	0.001480
6.936708	1.001252	0.003611
7.023322	1.001555	0.004637
7.103581	1.001506	0.004337
7.190566	1.001643	0.004584
7.277808	1.001630	0.004530
7.364379	1.001146	0.003761
7.453382	1.002035	0.004663
7.539722	1.002216	0.004783
7.624522	1.002064	0.004857
7.706581	1.001849	0.004877
7.795275	1.002029	0.005098
7.879572	1.000562	0.001336
7.972163	1.000986	0.001473
8.059516	1.000672	0.001050
8.146414	1.000611	0.001292
8.234616	1.000658	0.001689
8.322548	1.000793	0.001569
8.413968	1.001999	0.006586
8.497174	1.001255	0.005268
8.587773	1.001446	0.003166
8.681081	1.000974	0.001514
8.766091	1.000983	0.001257
8.852712	1.000631	0.001072
8.943488	1.000489	0.001322
