100
0.062031	0.999035	0.002444
0.190029	0.999867	0.001041
0.306344	1.000050	0.001403
0.414947	1.000272	0.000962
0.517465	1.000103	0.000654
0.620392	0.999617	0.001085
0.721719	0.998993	0.001492
0.822902	0.992409	0.007915
0.917032	0.995623	0.005427
1.011352	0.999635	0.001729
1.104527	1.000451	0.001269
1.196007	1.002297	0.001730
1.288241	1.003354	0.002375
1.384457	1.004069	0.005545
1.479527	1.002074	0.001500
1.569060	1.002594	0.006199
1.649481	0.999659	0.002025
1.727271	0.999798	0.001382
1.808637	0.999147	0.001718
1.895764	0.998952	0.001703
1.979162	0.998950	0.001757
2.060533	0.999930	0.001620
2.149272	1.000679	0.005334
2.241414	0.999647	0.000833
2.326642	0.999882	0.000810
2.410776	0.999558	0.001365
2.487559	0.999267	0.001968
2.569658	0.998139	0.003799
2.647883	0.995603	0.007702
2.729894	0.998375	0.003435
2.814472	0.999416	0.001660
2.898605	1.000506	0.000870
2.983824	1.001041	0.001472
3.065941	1.001194	0.002901
3.147943	1.001830	0.002411
3.230561	1.001230	0.001734
3.308090	1.000944	0.000871
3.390476	1.000251	0.000865
3.471171	0.999885	0.001189
3.551462	1.000049	0.001784
3.637992	1.000373	0.001522
3.728360	1.000151	0.001081
3.812437	1.000422	0.001120
3.899838	1.000141	0.001540
3.989344	1.000600	0.000829
4.082872	1.000427	0.000690
4.177493	1.000052	0.000896
4.270372	0.999330	0.001107
4.385546	0.990748	0.006902
4.510782	0.993212	0.005463
4.657416	0.999979	0.001209
4.792775	1.003698	0.001127
4.939412	1.004763	0.000747
5.060526	1.002745	0.001399
5.163018	1.000922	0.001007
5.269038	0.999028	0.000946
5.363568	0.998727	0.001087
5.457350	0.998788	0.001069
5.561700	0.999244	0.001109
5.654741	0.999268	0.001410
5.738512	0.999541	0.001132
5.822281	0.999452	0.001670
5.898963	0.999616	0.000863
5.978626	0.999444	0.001996
6.055546	0.999459	0.001251
6.134766	0.999072	0.002357
6.218156	0.995349	0.007767
6.297640	0.999451	0.002272
6.373647	0.999581	0.001744
6.455689	1.000193	0.001354
6.534143	1.000890	0.001583
6.609792	1.001235	0.001672
6.689808	1.001353	0.002415
6.764403	1.002113	0.002127
6.839996	1.001061	0.001697
6.914135	1.000770	0.001168
6.989312	1.000911	0.002334
7.062124	0.999940	0.001307
7.135150	0.998096	0.008701
7.208359	0.999909	0.001793
7.285415	1.000035	0.001355
7.360830	1.001057	0.003882
7.435434	0.999111	0.004715
7.513008	1.000203	0.001328
7.589429	1.000433	0.001169
7.664013	1.000038	0.001052
7.742170	0.999783	0.001167
7.821852	0.999797	0.000944
7.899520	0.999251	0.001091
7.980280	0.992609	0.007021
8.060371	0.994139	0.005907
8.139596	0.999068	0.002559
8.222332	1.002465	0.009438
8.308256	1.001001	0.001084
8.402728	1.001662	0.002739
8.510605	1.002943	0.002374
8.610818	1.001701	0.001857
8.705682	1.000818	0.000987
8.796949	0.998836	0.002850
8.893441	0.999836	0.003299
0.124063	0.999035	0.002444
0.380059	0.999867	0.001041
0.612688	1.000050	0.001403
0.829895	1.000272	0.000962
1.034931	1.000103	0.000654
1.240783	0.999617	0.001085
1.443438	0.998993	0.001492
1.645804	0.992409	0.007915
1.834064	0.995623	0.005427
2.022704	0.999635	0.001729
2.209054	1.000451	0.001269
2.392013	1.002297	0.001730
2.576482	1.003354	0.002375
2.768913	1.004069	0.005545
2.959054	1.002074	0.001500
3.138120	1.002594	0.006199
3.298963	0.999659	0.002025
3.454542	0.999798	0.001382
3.617274	0.999147	0.001718
3.791529	0.998952	0.001703
3.958324	0.998950	0.001757
4.121065	0.999930	0.001620
4.298545	1.000679	0.005334
4.482829	0.999647	0.000833
4.653284	0.999882	0.000810
4.821551	0.999558	0.001365
4.975117	0.999267	0.001968
5.139315	0.998139	0.003799
5.295765	0.995603	0.007702
5.459788	0.998375	0.003435
5.628944	0.999416	0.001660
5.797211	1.000506	0.000870
5.967647	1.001041	0.001472
6.131881	1.001194	0.002901
6.295886	1.001830	0.002411
6.461122	1.001230	0.001734
6.616179	1.000944	0.000871
6.780952	1.000251	0.000865
6.942342	0.999885	0.001189
7.102925	1.000049	0.001784
7.275984	1.000373	0.001522
7.456720	1.000151	0.001081
7.624874	1.000422	0.001120
7.799677	1.000141	0.001540
7.978688	1.000600	0.000829
8.165744	1.000427	0.000690
8.354987	1.000052	0.000896
8.540744	0.999330	0.001107
8.771092	0.990748	0.006902
9.021565	0.993212	0.005463
9.314832	0.999979	0.001209
9.585550	1.003698	0.001127
9.878824	1.004763	0.000747
10.121052	1.002745	0.001399
10.326035	1.000922	0.001007
10.538076	0.999028	0.000946
10.727136	0.998727	0.001087
10.914700	0.998788	0.001069
11.123400	0.999244	0.001109
11.309482	0.999268	0.001410
11.477024	0.999541	0.001132
11.644561	0.999452	0.001670
11.797925	0.999616	0.000863
11.957251	0.999444	0.001996
12.111091	0.999459	0.001251
12.269532	0.999072	0.002357
12.436312	0.995349	0.007767
12.595281	0.999451	0.002272
12.747295	0.999581	0.001744
12.911378	1.000193	0.001354
13.068286	1.000890	0.001583
13.219584	1.001235	0.001672
13.379616	1.001353	0.002415
13.528806	1.002113	0.002127
13.679993	1.001061	0.001697
13.828270	1.000770	0.001168
13.978623	1.000911	0.002334
14.124247	0.999940	0.001307
14.270299	0.998096	0.008701
14.416719	0.999909	0.001793
14.570831	1.000035	0.001355
14.721659	1.001057	0.003882
14.870868	0.999111	0.004715
15.026017	1.000203	0.001328
15.178859	1.000433	0.001169
15.328026	1.000038	0.001052
15.484340	0.999783	0.001167
15.643705	0.999797	0.000944
15.799040	0.999251	0.001091
15.960559	0.992609	0.007021
16.120742	0.994139	0.005907
16.279193	0.999068	0.002559
16.444664	1.002465	0.009438
16.616513	1.001001	0.001084
16.805455	1.001662	0.002739
17.021209	1.002943	0.002374
17.221636	1.001701	0.001857
17.411365	1.000818	0.000987
17.593898	0.998836	0.002850
17.786881	0.999836	0.003299
