100
0.024995	0.999827	0.000511
0.087495	0.999682	0.000458
0.149995	0.999602	0.000402
0.218315	0.999718	0.000329
0.276046	0.999886	0.000772
0.323431	0.999948	0.000714
0.370845	1.000230	0.000994
0.417196	0.999808	0.000714
0.463546	0.999917	0.000545
0.517938	0.999949	0.000390
0.567713	0.999887	0.000640
0.615076	1.000011	0.000517
0.662500	0.999965	0.000751
0.708862	0.999757	0.000661
0.755213	0.999688	0.000640
0.804898	0.999828	0.000648
0.857119	0.999538	0.000689
0.906753	0.999543	0.000477
0.956540	0.999698	0.000545
1.013282	0.999852	0.000504
1.064266	1.000038	0.000346
1.115076	0.999940	0.000487
1.162500	1.000193	0.000248
1.208862	1.000093	0.000313
1.255213	1.000270	0.000319
1.302576	1.000369	0.000212
1.350000	1.000420	0.000366
1.406731	1.000951	0.000536
1.469231	1.001190	0.000774
1.531731	1.001686	0.000941
1.594231	1.002063	0.001151
1.656731	1.002418	0.001175
1.722627	1.002545	0.001377
1.804887	1.002362	0.001374
1.872009	1.001912	0.001367
1.938018	1.001844	0.001050
2.003953	1.001021	0.000906
2.066453	1.000750	0.000686
2.128953	1.000214	0.000564
2.191465	0.999911	0.000321
2.248207	0.998693	0.002199
2.294608	0.998734	0.002076
2.341982	0.998758	0.002079
2.388333	0.998888	0.001708
2.436933	0.999462	0.001071
2.491386	0.999376	0.000831
2.539873	1.000081	0.000365
2.586264	0.999913	0.000456
2.633649	1.000011	0.000355
2.680011	1.000063	0.000373
2.730922	1.000096	0.000331
2.779482	0.999907	0.000316
2.823482	1.000052	0.000216
2.865170	0.999858	0.000221
2.913298	0.999997	0.000136
2.958895	1.000065	0.000103
3.000582	0.999927	0.000164
3.042359	1.000065	0.000222
3.089107	0.999958	0.000280
3.130782	0.999876	0.000232
3.172457	1.000010	0.000329
3.214107	0.999902	0.000409
3.255782	0.999873	0.000303
3.297457	0.999676	0.000554
3.339107	0.999932	0.000541
3.385982	0.999900	0.000599
3.427727	0.999957	0.000649
3.474532	0.999481	0.000696
3.516182	0.999628	0.000464
3.557870	0.999520	0.000365
3.599520	0.999562	0.000624
3.641182	0.999507	0.000460
3.682870	0.999471	0.000388
3.724520	0.999657	0.000273
3.769990	0.999643	0.000467
3.813082	0.999668	0.000384
3.854720	0.999860	0.000209
3.896382	0.999822	0.000403
3.938070	1.000020	0.000276
3.979720	1.000033	0.000327
4.021382	1.000024	0.000407
4.063070	1.000134	0.000529
4.108553	0.999946	0.000432
4.163183	0.999729	0.000356
4.225683	0.999645	0.000300
4.281706	0.999809	0.000241
4.337601	0.999824	0.000311
4.396293	1.000021	0.000187
4.454846	0.999930	0.000209
4.510881	0.999934	0.000302
4.566776	0.999838	0.000428
4.621521	0.999839	0.000405
4.677543	0.999553	0.000193
4.733439	0.999481	0.000328
4.788183	0.999881	0.000281
4.850683	0.999748	0.000251
4.906706	0.999769	0.000210
4.962601	0.999826	0.000392
5.019971	0.999596	0.000358
5.079858	0.999742	0.000342
0.049990	0.999827	0.000511
0.174990	0.999682	0.000458
0.299990	0.999602	0.000402
0.436629	0.999718	0.000329
0.552093	0.999886	0.000772
0.646862	0.999948	0.000714
0.741689	1.000230	0.000994
0.834391	0.999808	0.000714
0.927093	0.999917	0.000545
1.035875	0.999949	0.000390
1.135426	0.999887	0.000640
1.230151	1.000011	0.000517
1.325000	0.999965	0.000751
1.417724	0.999757	0.000661
1.510426	0.999688	0.000640
1.609796	0.999828	0.000648
1.714239	0.999538	0.000689
1.813507	0.999543	0.000477
1.913080	0.999698	0.000545
2.026564	0.999852	0.000504
2.128532	1.000038	0.000346
2.230151	0.999940	0.000487
2.325000	1.000193	0.000248
2.417724	1.000093	0.000313
2.510426	1.000270	0.000319
2.605151	1.000369	0.000212
2.700000	1.000420	0.000366
2.813462	1.000951	0.000536
2.938462	1.001190	0.000774
3.063462	1.001686	0.000941
3.188462	1.002063	0.001151
3.313462	1.002418	0.001175
3.445254	1.002545	0.001377
3.609774	1.002362	0.001374
3.744018	1.001912	0.001367
3.876035	1.001844	0.001050
4.007907	1.001021	0.000906
4.132907	1.000750	0.000686
4.257907	1.000214	0.000564
4.382929	0.999911	0.000321
4.496413	0.998693	0.002199
4.589217	0.998734	0.002076
4.683964	0.998758	0.002079
4.776666	0.998888	0.001708
4.873866	0.999462	0.001071
4.982772	0.999376	0.000831
5.079747	1.000081	0.000365
5.172528	0.999913	0.000456
5.267297	1.000011	0.000355
5.360021	1.000063	0.000373
5.461843	1.000096	0.000331
5.558964	0.999907	0.000316
5.646965	1.000052	0.000216
5.730340	0.999858	0.000221
5.826595	0.999997	0.000136
5.917790	1.000065	0.000103
6.001165	0.999927	0.000164
6.084719	1.000065	0.000222
6.178215	0.999958	0.000280
6.261565	0.999876	0.000232
6.344915	1.000010	0.000329
6.428215	0.999902	0.000409
6.511565	0.999873	0.000303
6.594915	0.999676	0.000554
6.678215	0.999932	0.000541
6.771965	0.999900	0.000599
6.855454	0.999957	0.000649
6.949065	0.999481	0.000696
7.032365	0.999628	0.000464
7.115740	0.999520	0.000365
7.199040	0.999562	0.000624
7.282365	0.999507	0.000460
7.365740	0.999471	0.000388
7.449040	0.999657	0.000273
7.539981	0.999643	0.000467
7.626165	0.999668	0.000384
7.709440	0.999860	0.000209
7.792765	0.999822	0.000403
7.876140	1.000020	0.000276
7.959440	1.000033	0.000327
8.042765	1.000024	0.000407
8.126140	1.000134	0.000529
8.217106	0.999946	0.000432
8.326366	0.999729	0.000356
8.451366	0.999645	0.000300
8.563411	0.999809	0.000241
8.675202	0.999824	0.000311
8.792586	1.000021	0.000187
8.909691	0.999930	0.000209
9.021761	0.999934	0.000302
9.133552	0.999838	0.000428
9.243041	0.999839	0.000405
9.355086	0.999553	0.000193
9.466877	0.999481	0.000328
9.576366	0.999881	0.000281
9.701366	0.999748	0.000251
9.813411	0.999769	0.000210
9.925202	0.999826	0.000392
10.039941	0.999596	0.000358
10.159716	0.999742	0.000342
