100
0.020109	0.999768	0.001372
0.056015	1.000574	0.001721
0.090580	0.999865	0.001352
0.123654	1.000526	0.001434
0.155682	1.000349	0.001134
0.189189	0.999829	0.001106
0.221811	0.999856	0.001147
0.254630	0.999609	0.001106
0.284977	0.999443	0.001615
0.317864	0.999589	0.001190
0.348639	0.999133	0.001904
0.380036	0.999555	0.001478
0.411629	0.999105	0.001661
0.445744	1.003703	0.027857
0.479464	1.003394	0.024165
0.511164	1.005332	0.026002
0.544282	1.003008	0.015347
0.576233	0.999632	0.001222
0.610093	1.000984	0.005077
0.645159	1.000237	0.001870
0.681673	1.000631	0.001758
0.717325	1.000173	0.002301
0.751065	1.000456	0.001704
0.784901	1.000507	0.001800
0.818700	1.000609	0.001670
0.851203	0.999910	0.001762
0.883907	0.999893	0.002375
0.916934	1.000034	0.001787
0.949940	1.000307	0.001486
0.982538	0.999965	0.001659
1.014712	0.999474	0.001171
1.048876	0.999902	0.001333
1.082275	1.000043	0.001339
1.114347	1.000177	0.001845
1.145147	1.000646	0.002069
1.174306	1.000586	0.002219
1.203391	1.000675	0.002522
1.233192	1.001162	0.002777
1.261766	1.001150	0.003214
1.291716	1.001409	0.002871
1.320578	1.001453	0.003059
1.351329	1.002332	0.003545
1.382091	1.001678	0.003081
1.411935	1.002397	0.003523
1.443137	1.002018	0.003443
1.472802	1.002333	0.003170
1.503035	1.002543	0.003143
1.533267	1.002138	0.003444
1.563048	1.002590	0.003257
1.592772	1.001950	0.003107
1.622900	1.002128	0.003382
1.653293	1.002228	0.003467
1.682563	1.001781	0.003916
1.712181	1.001481	0.003294
1.741673	1.002016	0.003674
1.772975	1.001066	0.003387
1.804260	1.001158	0.003037
1.834819	1.000655	0.002556
1.864006	1.000776	0.002582
1.893280	1.000626	0.002076
1.923262	1.000375	0.002556
1.952684	1.000141	0.002145
1.983349	1.000189	0.002404
2.013181	0.999717	0.002082
2.043883	0.999533	0.003684
2.075199	0.999659	0.002446
2.107387	1.000340	0.002697
2.136242	0.999930	0.002197
2.165863	0.999662	0.002564
2.195295	1.000098	0.002251
2.225170	0.999991	0.001892
2.255745	0.999782	0.002372
2.285329	0.999959	0.001780
2.315537	1.000108	0.001908
2.344225	1.000071	0.001512
2.373995	1.000313	0.001605
2.403915	1.000204	0.001442
2.433240	1.000204	0.001231
2.463424	0.999882	0.001241
2.493017	1.000114	0.001382
2.524137	1.000236	0.001328
2.553250	1.000289	0.001690
2.583686	1.000126	0.002492
2.613933	1.007272	0.028683
2.645161	0.999942	0.002552
2.679159	0.999396	0.001247
2.714526	0.999627	0.001598
2.750086	0.999439	0.001744
2.784436	0.999607	0.001667
2.819034	0.999409	0.001604
2.854898	0.999324	0.001710
2.889194	0.999174	0.001287
2.924213	0.999754	0.001565
2.961267	1.000099	0.001240
2.995237	1.000292	0.001419
3.029923	1.000041	0.001470
3.064363	1.000044	0.001581
3.099374	1.000268	0.001578
3.134176	1.000262	0.001543
3.171805	1.000240	0.001563
0.040219	0.999768	0.001372
0.112030	1.000574	0.001721
0.181159	0.999865	0.001352
0.247309	1.000526	0.001434
0.311363	1.000349	0.001134
0.378378	0.999829	0.001106
0.443622	0.999856	0.001147
0.509259	0.999609	0.001106
0.569953	0.999443	0.001615
0.635729	0.999589	0.001190
0.697277	0.999133	0.001904
0.760072	0.999555	0.001478
0.823259	0.999105	0.001661
0.891488	1.003703	0.027857
0.958929	1.003394	0.024165
1.022328	1.005332	0.026002
1.088564	1.003008	0.015347
1.152467	0.999632	0.001222
1.220185	1.000984	0.005077
1.290319	1.000237	0.001870
1.363345	1.000631	0.001758
1.434650	1.000173	0.002301
1.502129	1.000456	0.001704
1.569802	1.000507	0.001800
1.637400	1.000609	0.001670
1.702405	0.999910	0.001762
1.767814	0.999893	0.002375
1.833869	1.000034	0.001787
1.899879	1.000307	0.001486
1.965076	0.999965	0.001659
2.029425	0.999474	0.001171
2.097752	0.999902	0.001333
2.164550	1.000043	0.001339
2.228693	1.000177	0.001845
2.290295	1.000646	0.002069
2.348612	1.000586	0.002219
2.406782	1.000675	0.002522
2.466383	1.001162	0.002777
2.523533	1.001150	0.003214
2.583432	1.001409	0.002871
2.641156	1.001453	0.003059
2.702658	1.002332	0.003545
2.764182	1.001678	0.003081
2.823871	1.002397	0.003523
2.886275	1.002018	0.003443
2.945603	1.002333	0.003170
3.006070	1.002543	0.003143
3.066535	1.002138	0.003444
3.126096	1.002590	0.003257
3.185544	1.001950	0.003107
3.245800	1.002128	0.003382
3.306586	1.002228	0.003467
3.365126	1.001781	0.003916
3.424363	1.001481	0.003294
3.483346	1.002016	0.003674
3.545951	1.001066	0.003387
3.608521	1.001158	0.003037
3.669638	1.000655	0.002556
3.728011	1.000776	0.002582
3.786561	1.000626	0.002076
3.846525	1.000375	0.002556
3.905367	1.000141	0.002145
3.966698	1.000189	0.002404
4.026361	0.999717	0.002082
4.087767	0.999533	0.003684
4.150399	0.999659	0.002446
4.214774	1.000340	0.002697
4.272484	0.999930	0.002197
4.331725	0.999662	0.002564
4.390590	1.000098	0.002251
4.450340	0.999991	0.001892
4.511489	0.999782	0.002372
4.570657	0.999959	0.001780
4.631074	1.000108	0.001908
4.688450	1.000071	0.001512
4.747989	1.000313	0.001605
4.807829	1.000204	0.001442
4.866479	1.000204	0.001231
4.926847	0.999882	0.001241
4.986034	1.000114	0.001382
5.048275	1.000236	0.001328
5.106500	1.000289	0.001690
5.167373	1.000126	0.002492
5.227866	1.007272	0.028683
5.290323	0.999942	0.002552
5.358317	0.999396	0.001247
5.429053	0.999627	0.001598
5.500173	0.999439	0.001744
5.568872	0.999607	0.001667
5.638068	0.999409	0.001604
5.709796	0.999324	0.001710
5.778389	0.999174	0.001287
5.848426	0.999754	0.001565
5.922534	1.000099	0.001240
5.990474	1.000292	0.001419
6.059846	1.000041	0.001470
6.128726	1.000044	0.001581
6.198748	1.000268	0.001578
6.268352	1.000262	0.001543
6.343610	1.000240	0.001563
