100
0.026732	1.000312	0.000509
0.076596	1.000114	0.000662
0.126500	1.000431	0.000628
0.170740	1.000269	0.000448
0.218115	1.000176	0.000440
0.270075	1.000139	0.000949
0.319662	0.999908	0.000384
0.365983	0.999641	0.001064
0.411154	0.999678	0.000883
0.451481	0.999711	0.000917
0.489296	0.999758	0.000755
0.525661	0.999946	0.000907
0.561750	0.999786	0.000860
0.597306	0.999897	0.000693
0.637278	0.999759	0.000984
0.674554	0.999845	0.000675
0.708885	0.999572	0.002053
0.740097	0.998663	0.002838
0.772694	1.000071	0.000911
0.807805	0.999068	0.002299
0.839047	0.999515	0.002221
0.872538	0.998563	0.003277
0.907692	0.999132	0.002251
0.936664	0.999462	0.002137
0.969308	0.999438	0.001992
1.003880	0.999478	0.001946
1.036977	0.999377	0.001914
1.069195	0.999807	0.001645
1.100915	0.999629	0.001726
1.129342	0.999867	0.001637
1.160549	0.999840	0.001378
1.189438	0.999867	0.001403
1.217838	0.999925	0.001051
1.246760	0.999798	0.000955
1.276538	0.999907	0.001042
1.306426	1.000003	0.000931
1.335266	1.000355	0.001008
1.363656	1.000043	0.001291
1.394991	1.000459	0.000791
1.428519	1.000447	0.000850
1.457482	1.000515	0.000920
1.486253	1.000526	0.000684
1.514772	1.000324	0.000951
1.545012	1.000609	0.000826
1.574836	1.001002	0.000665
1.603300	1.000541	0.000928
1.633998	1.000541	0.000858
1.665800	1.000224	0.000813
1.694607	1.000222	0.000785
1.723552	1.000738	0.001107
1.755711	1.000430	0.000571
1.788447	1.000288	0.000632
1.821036	1.000000	0.000987
1.851410	0.999489	0.002130
1.882107	0.997341	0.006116
1.912943	0.998293	0.005801
1.943211	0.997520	0.006012
1.975947	0.999468	0.002018
2.008536	0.998213	0.004433
2.038910	0.998479	0.005157
2.069607	0.996954	0.007279
2.100947	0.998580	0.003422
2.132107	0.998895	0.002865
2.160590	0.998450	0.003884
2.191362	0.998893	0.005026
2.227838	0.999080	0.003663
2.258536	0.999577	0.001833
2.291725	0.999880	0.000742
2.323902	0.998547	0.004737
2.354216	1.000042	0.000783
2.384511	0.999114	0.002879
2.413397	0.999223	0.002290
2.443641	0.997752	0.005116
2.483396	0.998348	0.004623
2.522312	0.997466	0.004606
2.556806	0.998960	0.002376
2.591821	0.997116	0.005622
2.629241	0.997095	0.006301
2.665306	0.998163	0.002950
2.702651	0.998117	0.004441
2.741911	0.998363	0.004933
2.783112	0.998849	0.004680
2.820582	0.998181	0.003069
2.862219	0.999799	0.001056
2.895833	1.000118	0.000716
2.933697	1.000106	0.000686
2.971570	1.000090	0.000697
3.008064	1.000287	0.000873
3.042155	1.000018	0.000679
3.077138	1.000213	0.000796
3.112732	1.000000	0.000608
3.157303	1.000297	0.000751
3.210793	1.000559	0.000472
3.260418	1.000445	0.000537
3.304526	1.000369	0.000860
3.354738	1.000575	0.000829
3.406808	1.000731	0.000594
3.457432	1.000446	0.000632
3.512400	1.000336	0.000605
3.563999	1.000743	0.000603
0.053465	1.000312	0.000509
0.153191	1.000114	0.000662
0.253001	1.000431	0.000628
0.341479	1.000269	0.000448
0.436229	1.000176	0.000440
0.540151	1.000139	0.000949
0.639324	0.999908	0.000384
0.731965	0.999641	0.001064
0.822308	0.999678	0.000883
0.902963	0.999711	0.000917
0.978591	0.999758	0.000755
1.051323	0.999946	0.000907
1.123501	0.999786	0.000860
1.194613	0.999897	0.000693
1.274556	0.999759	0.000984
1.349108	0.999845	0.000675
1.417770	0.999572	0.002053
1.480194	0.998663	0.002838
1.545389	1.000071	0.000911
1.615611	0.999068	0.002299
1.678094	0.999515	0.002221
1.745077	0.998563	0.003277
1.815383	0.999132	0.002251
1.873328	0.999462	0.002137
1.938617	0.999438	0.001992
2.007760	0.999478	0.001946
2.073954	0.999377	0.001914
2.138391	0.999807	0.001645
2.201830	0.999629	0.001726
2.258684	0.999867	0.001637
2.321097	0.999840	0.001378
2.378877	0.999867	0.001403
2.435677	0.999925	0.001051
2.493521	0.999798	0.000955
2.553077	0.999907	0.001042
2.612853	1.000003	0.000931
2.670531	1.000355	0.001008
2.727313	1.000043	0.001291
2.789983	1.000459	0.000791
2.857038	1.000447	0.000850
2.914965	1.000515	0.000920
2.972505	1.000526	0.000684
3.029544	1.000324	0.000951
3.090025	1.000609	0.000826
3.149671	1.001002	0.000665
3.206601	1.000541	0.000928
3.267996	1.000541	0.000858
3.331601	1.000224	0.000813
3.389214	1.000222	0.000785
3.447105	1.000738	0.001107
3.511422	1.000430	0.000571
3.576894	1.000288	0.000632
3.642071	1.000000	0.000987
3.702819	0.999489	0.002130
3.764214	0.997341	0.006116
3.825887	0.998293	0.005801
3.886422	0.997520	0.006012
3.951894	0.999468	0.002018
4.017071	0.998213	0.004433
4.077819	0.998479	0.005157
4.139214	0.996954	0.007279
4.201894	0.998580	0.003422
4.264214	0.998895	0.002865
4.321180	0.998450	0.003884
4.382723	0.998893	0.005026
4.455676	0.999080	0.003663
4.517071	0.999577	0.001833
4.583450	0.999880	0.000742
4.647804	0.998547	0.004737
4.708432	1.000042	0.000783
4.769022	0.999114	0.002879
4.826793	0.999223	0.002290
4.887282	0.997752	0.005116
4.966791	0.998348	0.004623
5.044625	0.997466	0.004606
5.113612	0.998960	0.002376
5.183643	0.997116	0.005622
5.258482	0.997095	0.006301
5.330611	0.998163	0.002950
5.405303	0.998117	0.004441
5.483822	0.998363	0.004933
5.566225	0.998849	0.004680
5.641165	0.998181	0.003069
5.724438	0.999799	0.001056
5.791666	1.000118	0.000716
5.867394	1.000106	0.000686
5.943139	1.000090	0.000697
6.016129	1.000287	0.000873
6.084310	1.000018	0.000679
6.154277	1.000213	0.000796
6.225463	1.000000	0.000608
6.314606	1.000297	0.000751
6.421585	1.000559	0.000472
6.520835	1.000445	0.000537
6.609053	1.000369	0.000860
6.709476	1.000575	0.000829
6.813617	1.000731	0.000594
6.914863	1.000446	0.000632
7.024801	1.000336	0.000605
7.127998	1.000743	0.000603
