100
0.054093	1.002475	0.003860
0.158258	1.001662	0.004139
0.254830	0.988021	0.030372
0.327740	0.981946	0.027191
0.397494	0.986617	0.020080
0.466757	0.988398	0.016824
0.537664	0.991273	0.014305
0.609221	0.993501	0.011873
0.681859	0.994555	0.009873
0.751664	0.996529	0.007803
0.820969	0.996877	0.006544
0.898873	0.997754	0.004819
0.970450	0.998000	0.003327
1.045210	0.999303	0.002332
1.115988	1.000167	0.002577
1.188682	1.000839	0.002984
1.258437	1.000542	0.003940
1.327755	1.000755	0.003642
1.397504	1.001515	0.004293
1.469410	1.001086	0.003297
1.548773	1.001704	0.003037
1.619415	1.001050	0.003173
1.689174	1.001140	0.002848
1.756681	1.001003	0.002601
1.840474	1.000788	0.001461
1.964102	1.000713	0.001079
2.095945	1.000637	0.001929
2.228047	1.000024	0.001733
2.350137	1.000205	0.001371
2.449910	1.000888	0.001536
2.560675	1.002284	0.003146
2.673644	1.002724	0.005257
2.772835	1.001535	0.003560
2.871788	1.000000	0.001680
2.970747	0.999081	0.000970
3.070570	0.999046	0.001021
3.181548	0.999154	0.001338
3.288462	0.999364	0.001898
3.387421	0.999435	0.001909
3.486149	0.999666	0.002218
3.585345	0.998897	0.001741
3.684299	0.999097	0.001815
3.783252	0.999890	0.001714
3.881980	1.001703	0.003261
3.981182	1.002575	0.004027
4.080130	1.003264	0.002469
4.179089	1.003334	0.002342
4.277812	1.003306	0.002931
4.377024	1.003252	0.003883
4.475973	1.001584	0.002804
4.574926	0.999773	0.001193
4.673649	0.999209	0.001062
4.772840	0.999801	0.001360
4.872640	1.000361	0.001549
4.995662	1.001091	0.001274
5.127280	1.000940	0.001605
5.259133	1.001632	0.003364
5.397022	1.001888	0.004859
5.529980	1.002174	0.003714
5.663161	1.000239	0.000877
5.805152	1.000024	0.001217
5.939780	0.999399	0.001698
6.071633	0.999009	0.001609
6.211947	0.998212	0.000970
6.356448	0.999279	0.000813
6.488296	1.000653	0.002245
6.622857	1.002565	0.003788
6.754467	0.997613	0.017010
6.867701	0.995601	0.013881
6.970768	0.995405	0.008399
7.072198	0.997145	0.007412
7.173644	0.997241	0.008639
7.272861	0.999679	0.005959
7.371804	0.999229	0.004510
7.470768	0.999534	0.002676
7.576038	1.000138	0.001269
7.682384	0.999939	0.001410
7.779984	1.004529	0.013991
7.861088	1.007407	0.014758
7.940315	1.001947	0.005051
8.019301	0.999590	0.001564
8.098502	1.000131	0.003906
8.177713	1.000905	0.005141
8.256924	1.000747	0.004165
8.336157	1.001383	0.002979
8.415391	1.000661	0.002641
8.498459	1.000869	0.003096
8.581460	0.999821	0.002042
8.676316	0.999983	0.001557
8.775259	0.999965	0.000784
8.874202	0.999875	0.001469
8.973440	0.999971	0.001614
9.072147	0.999296	0.001743
9.171090	0.999436	0.001088
9.272233	0.999565	0.001543
9.385725	1.000821	0.002497
9.490983	1.002557	0.003090
9.592995	1.004055	0.002396
9.691927	1.003939	0.002980
9.790875	1.003034	0.003094
0.108186	1.002475	0.003860
0.316516	1.001662	0.004139
0.509661	0.988021	0.030372
0.655481	0.981946	0.027191
0.794988	0.986617	0.020080
0.933514	0.988398	0.016824
1.075327	0.991273	0.014305
1.218442	0.993501	0.011873
1.363718	0.994555	0.009873
1.503328	0.996529	0.007803
1.641937	0.996877	0.006544
1.797746	0.997754	0.004819
1.940901	0.998000	0.003327
2.090419	0.999303	0.002332
2.231976	1.000167	0.002577
2.377364	1.000839	0.002984
2.516874	1.000542	0.003940
2.655511	1.000755	0.003642
2.795008	1.001515	0.004293
2.938821	1.001086	0.003297
3.097546	1.001704	0.003037
3.238831	1.001050	0.003173
3.378348	1.001140	0.002848
3.513362	1.001003	0.002601
3.680949	1.000788	0.001461
3.928204	1.000713	0.001079
4.191890	1.000637	0.001929
4.456093	1.000024	0.001733
4.700273	1.000205	0.001371
4.899821	1.000888	0.001536
5.121350	1.002284	0.003146
5.347287	1.002724	0.005257
5.545670	1.001535	0.003560
5.743577	1.000000	0.001680
5.941494	0.999081	0.000970
6.141140	0.999046	0.001021
6.363096	0.999154	0.001338
6.576924	0.999364	0.001898
6.774842	0.999435	0.001909
6.972298	0.999666	0.002218
7.170691	0.998897	0.001741
7.368598	0.999097	0.001815
7.566505	0.999890	0.001714
7.763961	1.001703	0.003261
7.962364	1.002575	0.004027
8.160261	1.003264	0.002469
8.358179	1.003334	0.002342
8.555624	1.003306	0.002931
8.754049	1.003252	0.003883
8.951945	1.001584	0.002804
9.149852	0.999773	0.001193
9.347298	0.999209	0.001062
9.545680	0.999801	0.001360
9.745280	1.000361	0.001549
9.991324	1.001091	0.001274
10.254559	1.000940	0.001605
10.518266	1.001632	0.003364
10.794043	1.001888	0.004859
11.059961	1.002174	0.003714
11.326322	1.000239	0.000877
11.610305	1.000024	0.001217
11.879559	0.999399	0.001698
12.143266	0.999009	0.001609
12.423894	0.998212	0.000970
12.712896	0.999279	0.000813
12.976592	1.000653	0.002245
13.245714	1.002565	0.003788
13.508935	0.997613	0.017010
13.735403	0.995601	0.013881
13.941536	0.995405	0.008399
14.144396	0.997145	0.007412
14.347287	0.997241	0.008639
14.545722	0.999679	0.005959
14.743608	0.999229	0.004510
14.941536	0.999534	0.002676
15.152077	1.000138	0.001269
15.364768	0.999939	0.001410
15.559968	1.004529	0.013991
15.722175	1.007407	0.014758
15.880630	1.001947	0.005051
16.038601	0.999590	0.001564
16.197003	1.000131	0.003906
16.355426	1.000905	0.005141
16.513849	1.000747	0.004165
16.672314	1.001383	0.002979
16.830782	1.000661	0.002641
16.996917	1.000869	0.003096
17.162919	0.999821	0.002042
17.352632	0.999983	0.001557
17.550518	0.999965	0.000784
17.748404	0.999875	0.001469
17.946881	0.999971	0.001614
18.144295	0.999296	0.001743
18.342181	0.999436	0.001088
18.544467	0.999565	0.001543
18.771449	1.000821	0.002497
18.981965	1.002557	0.003090
19.185989	1.004055	0.002396
19.383854	1.003939	0.002980
19.581751	1.003034	0.003094
