100
0.042613	0.998237	0.002203
0.114798	0.998586	0.002230
0.196102	1.000314	0.002308
0.292370	0.998928	0.003380
0.375717	0.998216	0.003175
0.460299	0.998337	0.003303
0.562685	1.002746	0.002672
0.660983	1.005209	0.002808
0.743719	1.006166	0.003793
0.828005	1.006123	0.002953
0.911337	0.998004	0.003910
0.992923	0.941499	0.051952
1.073387	0.870753	0.046233
1.156601	0.994217	0.007065
1.243115	0.998504	0.002572
1.331691	1.000960	0.002456
1.417142	1.002338	0.002919
1.498359	1.001303	0.002950
1.578128	1.000403	0.002793
1.654986	1.000574	0.002277
1.735919	1.001788	0.002354
1.817772	1.002685	0.004769
1.892125	0.998755	0.002047
1.963140	0.998845	0.001493
2.038522	1.001152	0.001714
2.107589	1.003448	0.004619
2.167423	1.001449	0.001824
2.230084	1.000059	0.001257
2.287626	0.999606	0.001404
2.345130	0.999584	0.001193
2.407976	1.001336	0.001050
2.472955	1.002105	0.001136
2.536491	1.000932	0.001486
2.601158	0.999151	0.001520
2.662739	0.998654	0.001312
2.726158	0.999314	0.001585
2.791000	1.000552	0.001637
2.853999	1.001481	0.001233
2.916381	1.000368	0.001860
2.976749	0.998845	0.001175
3.039599	0.997751	0.001147
3.100126	0.998604	0.001248
3.158804	0.999878	0.001160
3.222858	1.000286	0.000747
3.281672	0.999407	0.001391
3.339689	0.997473	0.001050
3.396753	0.996935	0.000929
3.454289	0.997939	0.001615
3.511799	0.999341	0.001433
3.568857	1.000316	0.001208
3.626517	1.000033	0.000987
3.686622	0.999154	0.000969
3.745962	0.999439	0.000894
3.806199	1.001246	0.001081
3.863258	1.003216	0.001491
3.920413	1.005532	0.001323
3.980094	1.006777	0.001461
4.039526	1.008306	0.001181
4.097862	1.009587	0.001156
4.154921	1.007945	0.001591
4.211985	1.002829	0.002403
4.269043	0.996993	0.001864
4.327372	0.926054	0.046418
4.389530	0.848323	0.025386
4.446589	0.971489	0.029371
4.504336	0.998000	0.001480
4.570609	0.999252	0.001266
4.631366	1.001258	0.001399
4.692545	1.002469	0.000873
4.750916	1.002887	0.000687
4.810353	1.002434	0.001120
4.868690	1.000626	0.001120
4.931400	1.000477	0.001262
4.998259	1.000960	0.001437
5.062208	1.001956	0.001064
5.121903	1.001749	0.001329
5.183072	1.000286	0.001388
5.241794	0.998364	0.001102
5.303454	0.998611	0.001170
5.360526	1.000280	0.001519
5.418416	1.002307	0.001092
5.477931	1.001304	0.001177
5.537621	0.999872	0.000936
5.597131	0.998513	0.001050
5.664367	0.998967	0.001146
5.728378	1.000226	0.001079
5.790676	1.001400	0.000904
5.853531	1.001020	0.001009
5.913422	0.999321	0.001184
5.975126	0.998562	0.001406
6.037314	0.998731	0.001265
6.104944	1.000796	0.001747
6.166968	1.001831	0.001257
6.227371	1.000678	0.001615
6.285353	0.999307	0.001598
6.345341	0.997603	0.001501
6.413382	0.998201	0.001661
6.479468	0.999972	0.001775
6.547233	1.000485	0.001814
6.619026	0.998907	0.001687
0.085225	0.998237	0.002203
0.229595	0.998586	0.002230
0.392205	1.000314	0.002308
0.584740	0.998928	0.003380
0.751434	0.998216	0.003175
0.920598	0.998337	0.003303
1.125370	1.002746	0.002672
1.321966	1.005209	0.002808
1.487438	1.006166	0.003793
1.656011	1.006123	0.002953
1.822674	0.998004	0.003910
1.985845	0.941499	0.051952
2.146774	0.870753	0.046233
2.313202	0.994217	0.007065
2.486230	0.998504	0.002572
2.663382	1.000960	0.002456
2.834283	1.002338	0.002919
2.996718	1.001303	0.002950
3.156256	1.000403	0.002793
3.309972	1.000574	0.002277
3.471838	1.001788	0.002354
3.635544	1.002685	0.004769
3.784251	0.998755	0.002047
3.926279	0.998845	0.001493
4.077044	1.001152	0.001714
4.215177	1.003448	0.004619
4.334845	1.001449	0.001824
4.460169	1.000059	0.001257
4.575251	0.999606	0.001404
4.690261	0.999584	0.001193
4.815953	1.001336	0.001050
4.945909	1.002105	0.001136
5.072982	1.000932	0.001486
5.202316	0.999151	0.001520
5.325478	0.998654	0.001312
5.452316	0.999314	0.001585
5.582000	1.000552	0.001637
5.707998	1.001481	0.001233
5.832762	1.000368	0.001860
5.953499	0.998845	0.001175
6.079198	0.997751	0.001147
6.200251	0.998604	0.001248
6.317607	0.999878	0.001160
6.445715	1.000286	0.000747
6.563344	0.999407	0.001391
6.679378	0.997473	0.001050
6.793505	0.996935	0.000929
6.908578	0.997939	0.001615
7.023597	0.999341	0.001433
7.137715	1.000316	0.001208
7.253033	1.000033	0.000987
7.373243	0.999154	0.000969
7.491924	0.999439	0.000894
7.612397	1.001246	0.001081
7.726515	1.003216	0.001491
7.840825	1.005532	0.001323
7.960187	1.006777	0.001461
8.079051	1.008306	0.001181
8.195724	1.009587	0.001156
8.309842	1.007945	0.001591
8.423969	1.002829	0.002403
8.538087	0.996993	0.001864
8.654744	0.926054	0.046418
8.779061	0.848323	0.025386
8.893179	0.971489	0.029371
9.008671	0.998000	0.001480
9.141218	0.999252	0.001266
9.262733	1.001258	0.001399
9.385090	1.002469	0.000873
9.501833	1.002887	0.000687
9.620706	1.002434	0.001120
9.737379	1.000626	0.001120
9.862800	1.000477	0.001262
9.996519	1.000960	0.001437
10.124416	1.001956	0.001064
10.243806	1.001749	0.001329
10.366144	1.000286	0.001388
10.483588	0.998364	0.001102
10.606908	0.998611	0.001170
10.721051	1.000280	0.001519
10.836833	1.002307	0.001092
10.955862	1.001304	0.001177
11.075242	0.999872	0.000936
11.194262	0.998513	0.001050
11.328735	0.998967	0.001146
11.456755	1.000226	0.001079
11.581352	1.001400	0.000904
11.707062	1.001020	0.001009
11.826844	0.999321	0.001184
11.950251	0.998562	0.001406
12.074627	0.998731	0.001265
12.209889	1.000796	0.001747
12.333935	1.001831	0.001257
12.454741	1.000678	0.001615
12.570706	0.999307	0.001598
12.690682	0.997603	0.001501
12.826764	0.998201	0.001661
12.958935	0.999972	0.001775
13.094466	1.000485	0.001814
13.238053	0.998907	0.001687
