100
0.002969	1.001818	0.003270
0.008922	1.002286	0.006257
0.015594	0.997515	0.002061
0.022370	1.003216	0.011482
0.028541	1.003060	0.005212
0.035079	0.998067	0.001956
0.041711	1.002311	0.012503
0.048173	1.003519	0.005113
0.054171	0.998598	0.002513
0.061169	1.002034	0.013167
0.067784	1.002603	0.002537
0.073889	0.998466	0.003814
0.080419	1.000696	0.014056
0.087052	1.002112	0.002959
0.093289	0.999413	0.005368
0.099692	0.995075	0.004638
0.106893	1.005206	0.013673
0.113106	0.999912	0.004253
0.119731	0.990983	0.009809
0.126603	1.004466	0.014258
0.132895	0.999949	0.007095
0.139193	0.988483	0.015269
0.146077	1.004167	0.017600
0.152741	1.002010	0.001483
0.159359	0.984099	0.020181
0.166926	1.002135	0.020426
0.173459	0.999520	0.010821
0.180375	0.976432	0.025789
0.187976	1.002356	0.020368
0.194130	0.998810	0.013692
0.200675	0.976985	0.029255
0.208325	0.996551	0.025536
0.215004	0.998202	0.016519
0.221701	0.967784	0.036282
0.229060	0.994765	0.028281
0.235263	0.999494	0.020289
0.241536	0.966446	0.041038
0.248998	0.988856	0.035061
0.255233	1.004155	0.007476
0.261537	0.966997	0.043881
0.269988	0.987594	0.031987
0.276494	1.003748	0.006341
0.283016	0.958526	0.049469
0.290563	0.982125	0.039017
0.297286	1.001973	0.002826
0.304026	0.955482	0.052614
0.312100	0.986444	0.036792
0.318842	0.996331	0.025417
0.325444	0.949196	0.055007
0.332869	0.986479	0.038175
0.339144	1.003312	0.006592
0.345393	0.952742	0.056024
0.352961	0.982766	0.045284
0.359231	1.003342	0.006466
0.365652	0.958388	0.054457
0.373358	0.976351	0.046792
0.379992	1.003230	0.006680
0.386856	0.953983	0.054706
0.394374	0.977622	0.044469
0.400557	1.003323	0.006337
0.407194	0.967115	0.047656
0.414691	0.973139	0.046509
0.421059	1.003709	0.005946
0.427260	0.973483	0.042099
0.434504	0.970193	0.045841
0.441289	1.003712	0.005861
0.447642	0.980837	0.034777
0.454829	0.972099	0.047674
0.461336	1.004372	0.005734
0.467549	0.985329	0.030592
0.474530	0.974297	0.040798
0.481127	1.003642	0.005934
0.486737	0.997144	0.013544
0.493651	0.971675	0.035651
0.500435	0.998119	0.021148
0.506225	0.999542	0.012157
0.512469	0.979516	0.029509
0.519257	0.993671	0.018110
0.525092	1.003146	0.005838
0.531447	0.991048	0.015981
0.538246	0.985624	0.023753
0.544415	1.003452	0.005554
0.550167	0.997879	0.007618
0.557195	0.989048	0.019828
0.563580	1.000798	0.006579
0.569514	0.999752	0.003804
0.576747	0.991912	0.015635
0.582974	1.000586	0.005304
0.588711	1.002350	0.006109
0.594974	0.993541	0.009701
0.601790	1.001777	0.006354
0.607863	1.003156	0.005598
0.613796	0.998023	0.002985
0.620385	0.998806	0.011054
0.626368	1.004852	0.005766
0.632468	0.999911	0.002807
0.639467	0.999212	0.010943
0.645994	1.002686	0.001981
0.652058	1.001343	0.005735
0.658430	0.999358	0.011340
0.005938	1.001818	0.003270
0.017844	1.002286	0.006257
0.031188	0.997515	0.002061
0.044741	1.003216	0.011482
0.057081	1.003060	0.005212
0.070157	0.998067	0.001956
0.083422	1.002311	0.012503
0.096347	1.003519	0.005113
0.108341	0.998598	0.002513
0.122339	1.002034	0.013167
0.135568	1.002603	0.002537
0.147778	0.998466	0.003814
0.160839	1.000696	0.014056
0.174105	1.002112	0.002959
0.186579	0.999413	0.005368
0.199385	0.995075	0.004638
0.213786	1.005206	0.013673
0.226213	0.999912	0.004253
0.239463	0.990983	0.009809
0.253205	1.004466	0.014258
0.265789	0.999949	0.007095
0.278387	0.988483	0.015269
0.292155	1.004167	0.017600
0.305482	1.002010	0.001483
0.318719	0.984099	0.020181
0.333853	1.002135	0.020426
0.346918	0.999520	0.010821
0.360749	0.976432	0.025789
0.375951	1.002356	0.020368
0.388259	0.998810	0.013692
0.401350	0.976985	0.029255
0.416650	0.996551	0.025536
0.430007	0.998202	0.016519
0.443402	0.967784	0.036282
0.458120	0.994765	0.028281
0.470526	0.999494	0.020289
0.483072	0.966446	0.041038
0.497996	0.988856	0.035061
0.510465	1.004155	0.007476
0.523075	0.966997	0.043881
0.539976	0.987594	0.031987
0.552989	1.003748	0.006341
0.566032	0.958526	0.049469
0.581127	0.982125	0.039017
0.594573	1.001973	0.002826
0.608051	0.955482	0.052614
0.624200	0.986444	0.036792
0.637684	0.996331	0.025417
0.650887	0.949196	0.055007
0.665738	0.986479	0.038175
0.678287	1.003312	0.006592
0.690785	0.952742	0.056024
0.705921	0.982766	0.045284
0.718462	1.003342	0.006466
0.731304	0.958388	0.054457
0.746716	0.976351	0.046792
0.759984	1.003230	0.006680
0.773711	0.953983	0.054706
0.788749	0.977622	0.044469
0.801114	1.003323	0.006337
0.814387	0.967115	0.047656
0.829382	0.973139	0.046509
0.842118	1.003709	0.005946
0.854520	0.973483	0.042099
0.869008	0.970193	0.045841
0.882578	1.003712	0.005861
0.895284	0.980837	0.034777
0.909657	0.972099	0.047674
0.922672	1.004372	0.005734
0.935098	0.985329	0.030592
0.949060	0.974297	0.040798
0.962254	1.003642	0.005934
0.973474	0.997144	0.013544
0.987302	0.971675	0.035651
1.000870	0.998119	0.021148
1.012450	0.999542	0.012157
1.024938	0.979516	0.029509
1.038515	0.993671	0.018110
1.050184	1.003146	0.005838
1.062893	0.991048	0.015981
1.076493	0.985624	0.023753
1.088829	1.003452	0.005554
1.100333	0.997879	0.007618
1.114391	0.989048	0.019828
1.127160	1.000798	0.006579
1.139027	0.999752	0.003804
1.153494	0.991912	0.015635
1.165948	1.000586	0.005304
1.177422	1.002350	0.006109
1.189949	0.993541	0.009701
1.203580	1.001777	0.006354
1.215727	1.003156	0.005598
1.227591	0.998023	0.002985
1.240770	0.998806	0.011054
1.252736	1.004852	0.005766
1.264935	0.999911	0.002807
1.278933	0.999212	0.010943
1.291987	1.002686	0.001981
1.304116	1.001343	0.005735
1.316861	0.999358	0.011340
