100
0.065368	0.969184	0.002283
0.194342	0.981521	0.007117
0.315417	0.991945	0.001681
0.417872	0.992800	0.001078
0.523744	0.995424	0.001281
0.624682	0.998733	0.002029
0.723151	1.002712	0.002497
0.827557	1.006837	0.002574
0.929236	1.009046	0.001935
1.029992	1.010275	0.001381
1.121809	1.010014	0.001365
1.213148	1.009726	0.001001
1.295703	1.008619	0.002060
1.373792	1.006450	0.001927
1.451986	1.004310	0.001471
1.533778	1.002416	0.001823
1.616923	1.000649	0.001683
1.695714	0.999231	0.001391
1.778096	0.998455	0.001129
1.861428	0.997752	0.000749
1.945714	0.997599	0.000901
2.027635	0.997098	0.001095
2.106403	0.997182	0.001326
2.179220	0.997272	0.001822
2.252232	0.997873	0.001376
2.325058	0.997738	0.001196
2.401610	0.997760	0.001081
2.481767	0.998141	0.001286
2.561559	0.998341	0.001404
2.642103	0.998446	0.001554
2.721882	0.998734	0.001150
2.802205	0.998736	0.001654
2.883356	0.998347	0.001549
2.957010	0.999064	0.001125
3.032764	0.999391	0.001457
3.108370	0.999922	0.001214
3.185241	0.999737	0.001184
3.276243	0.999763	0.001105
3.362513	1.000010	0.001523
3.439526	0.999975	0.001120
3.519065	0.998959	0.001134
3.608351	0.999689	0.001317
3.692473	1.000217	0.001077
3.774674	1.000183	0.001218
3.863773	1.000732	0.001329
3.955197	1.002103	0.001414
4.044733	1.001814	0.001814
4.134597	1.001706	0.001999
4.227840	1.001374	0.001730
4.340298	1.000495	0.000980
4.450824	1.000038	0.001069
4.560344	1.000562	0.001054
4.669655	1.000995	0.001139
4.784952	1.000940	0.001052
4.906696	1.000800	0.001472
5.007155	1.001035	0.001579
5.107135	1.001624	0.001672
5.201956	1.001033	0.001366
5.298636	1.000759	0.001188
5.398213	1.000593	0.000942
5.500374	1.001475	0.002766
5.591886	1.000975	0.001952
5.671253	1.000712	0.002336
5.748648	1.001062	0.002353
5.823647	1.001522	0.002329
5.910564	1.001322	0.001444
5.986313	1.000991	0.001302
6.062144	1.000645	0.001786
6.141079	1.000563	0.001525
6.221432	1.000406	0.001318
6.301789	1.000068	0.001133
6.379758	1.000588	0.001104
6.458546	1.000706	0.001216
6.534760	1.001058	0.001215
6.612117	1.001378	0.001020
6.689703	1.001346	0.000988
6.764113	1.001605	0.000913
6.840278	1.001092	0.001101
6.915301	1.000038	0.001207
6.988284	0.999832	0.001400
7.061134	0.999775	0.001721
7.136898	1.000861	0.001190
7.212876	1.000691	0.001130
7.286732	1.000304	0.001223
7.359901	1.000659	0.001337
7.433551	1.000951	0.001288
7.515849	1.001490	0.001008
7.597619	1.000943	0.001288
7.674779	1.000750	0.001130
7.751385	1.001438	0.001405
7.826408	1.000149	0.001280
7.902548	0.999347	0.001498
7.985308	0.998699	0.001143
8.068028	0.998763	0.001824
8.147405	0.998238	0.001202
8.230924	0.998122	0.001369
8.310129	0.997455	0.000983
8.390060	0.996884	0.001709
8.489461	0.996443	0.002637
8.606934	0.987182	0.007406
0.130737	0.969184	0.002283
0.388684	0.981521	0.007117
0.630833	0.991945	0.001681
0.835744	0.992800	0.001078
1.047488	0.995424	0.001281
1.249365	0.998733	0.002029
1.446301	1.002712	0.002497
1.655114	1.006837	0.002574
1.858471	1.009046	0.001935
2.059983	1.010275	0.001381
2.243618	1.010014	0.001365
2.426297	1.009726	0.001001
2.591406	1.008619	0.002060
2.747585	1.006450	0.001927
2.903971	1.004310	0.001471
3.067556	1.002416	0.001823
3.233845	1.000649	0.001683
3.391429	0.999231	0.001391
3.556192	0.998455	0.001129
3.722856	0.997752	0.000749
3.891429	0.997599	0.000901
4.055270	0.997098	0.001095
4.212806	0.997182	0.001326
4.358439	0.997272	0.001822
4.504463	0.997873	0.001376
4.650116	0.997738	0.001196
4.803220	0.997760	0.001081
4.963533	0.998141	0.001286
5.123119	0.998341	0.001404
5.284206	0.998446	0.001554
5.443763	0.998734	0.001150
5.604409	0.998736	0.001654
5.766712	0.998347	0.001549
5.914020	0.999064	0.001125
6.065528	0.999391	0.001457
6.216739	0.999922	0.001214
6.370481	0.999737	0.001184
6.552486	0.999763	0.001105
6.725027	1.000010	0.001523
6.879052	0.999975	0.001120
7.038130	0.998959	0.001134
7.216701	0.999689	0.001317
7.384946	1.000217	0.001077
7.549348	1.000183	0.001218
7.727546	1.000732	0.001329
7.910393	1.002103	0.001414
8.089465	1.001814	0.001814
8.269194	1.001706	0.001999
8.455679	1.001374	0.001730
8.680595	1.000495	0.000980
8.901647	1.000038	0.001069
9.120689	1.000562	0.001054
9.339309	1.000995	0.001139
9.569903	1.000940	0.001052
9.813392	1.000800	0.001472
10.014311	1.001035	0.001579
10.214269	1.001624	0.001672
10.403912	1.001033	0.001366
10.597271	1.000759	0.001188
10.796427	1.000593	0.000942
11.000749	1.001475	0.002766
11.183773	1.000975	0.001952
11.342506	1.000712	0.002336
11.497297	1.001062	0.002353
11.647294	1.001522	0.002329
11.821128	1.001322	0.001444
11.972625	1.000991	0.001302
12.124287	1.000645	0.001786
12.282158	1.000563	0.001525
12.442863	1.000406	0.001318
12.603578	1.000068	0.001133
12.759516	1.000588	0.001104
12.917092	1.000706	0.001216
13.069521	1.001058	0.001215
13.224233	1.001378	0.001020
13.379406	1.001346	0.000988
13.528227	1.001605	0.000913
13.680557	1.001092	0.001101
13.830601	1.000038	0.001207
13.976568	0.999832	0.001400
14.122268	0.999775	0.001721
14.273795	1.000861	0.001190
14.425752	1.000691	0.001130
14.573463	1.000304	0.001223
14.719801	1.000659	0.001337
14.867101	1.000951	0.001288
15.031698	1.001490	0.001008
15.195238	1.000943	0.001288
15.349558	1.000750	0.001130
15.502770	1.001438	0.001405
15.652816	1.000149	0.001280
15.805096	0.999347	0.001498
15.970616	0.998699	0.001143
16.136057	0.998763	0.001824
16.294809	0.998238	0.001202
16.461849	0.998122	0.001369
16.620259	0.997455	0.000983
16.780120	0.996884	0.001709
16.978922	0.996443	0.002637
17.213868	0.987182	0.007406
