100
0.033975	1.001088	0.001736
0.113472	1.001140	0.001563
0.196812	1.001007	0.001759
0.273120	1.001563	0.002348
0.348359	1.000723	0.001954
0.426782	1.000928	0.001762
0.506899	1.000583	0.001203
0.587109	1.000334	0.000694
0.665857	1.000028	0.000741
0.748054	1.000029	0.000638
0.828175	0.999989	0.000664
0.905327	0.999909	0.000541
0.983614	1.000038	0.000558
1.060105	1.000166	0.000489
1.135719	1.000238	0.000525
1.212567	1.000525	0.000786
1.297151	1.000801	0.001056
1.382235	1.002334	0.004340
1.456173	1.002336	0.004299
1.531074	1.002363	0.003125
1.604478	1.000917	0.001502
1.680531	1.000786	0.002413
1.759167	0.999756	0.003886
1.836750	1.000299	0.003887
1.921444	1.000566	0.003788
2.004162	1.001247	0.001694
2.089449	1.001188	0.001609
2.175417	1.001017	0.001616
2.261762	1.000882	0.001546
2.344056	1.001034	0.003062
2.414947	1.000285	0.004095
2.490362	0.999145	0.002451
2.568354	0.999858	0.001644
2.640909	0.999054	0.001702
2.721395	0.999144	0.001441
2.797094	0.999344	0.001020
2.872704	0.999091	0.000832
2.944765	0.999373	0.000770
3.014224	0.999481	0.000769
3.092459	0.999549	0.000752
3.163228	0.999850	0.001028
3.232272	1.000254	0.001155
3.303176	1.000066	0.000971
3.385182	1.000362	0.001122
3.470812	1.000795	0.001378
3.551690	1.000641	0.001319
3.648277	1.000964	0.001580
3.734583	1.000819	0.001723
3.824648	1.000877	0.001787
3.910867	1.001145	0.001526
3.994208	1.000968	0.001488
4.077539	1.001298	0.002382
4.160870	1.000899	0.001380
4.244208	1.000746	0.001473
4.330477	1.000631	0.001324
4.418662	1.000463	0.001217
4.507290	1.000396	0.000948
4.593167	1.000117	0.000763
4.676501	0.999852	0.000678
4.760721	0.999664	0.000416
4.846008	0.999475	0.000522
4.927915	0.999607	0.000524
5.008591	0.999699	0.000647
5.088902	0.998903	0.002961
5.163657	0.999051	0.002524
5.237770	0.999138	0.002251
5.313020	0.999556	0.001430
5.386420	1.000058	0.001273
5.460534	1.000753	0.001693
5.537754	1.001077	0.001731
5.615786	1.001247	0.001981
5.702349	1.001364	0.001985
5.793124	1.001002	0.001724
5.877894	1.000997	0.001410
5.958626	1.000800	0.001412
6.042261	1.000803	0.001129
6.127984	1.001001	0.001388
6.213830	1.000920	0.001274
6.297196	1.001203	0.001682
6.381957	1.000801	0.001880
6.469934	1.000727	0.001677
6.554525	1.000368	0.001089
6.636603	1.001766	0.005768
6.720149	1.004208	0.011859
6.810222	1.004077	0.013280
6.899542	1.010321	0.024463
6.987424	1.005597	0.022648
7.073750	1.011261	0.029861
7.154420	1.008307	0.022337
7.236379	1.006264	0.016819
7.313227	1.003958	0.011443
7.394213	1.004409	0.010998
7.476275	1.003713	0.008501
7.554852	1.002839	0.005667
7.628174	1.002050	0.003605
7.712654	1.002159	0.002927
7.790999	1.001309	0.001869
7.867383	1.001180	0.001355
7.950569	1.000631	0.001287
8.037249	1.001334	0.001696
0.067950	1.001088	0.001736
0.226943	1.001140	0.001563
0.393624	1.001007	0.001759
0.546241	1.001563	0.002348
0.696718	1.000723	0.001954
0.853563	1.000928	0.001762
1.013799	1.000583	0.001203
1.174218	1.000334	0.000694
1.331714	1.000028	0.000741
1.496108	1.000029	0.000638
1.656349	0.999989	0.000664
1.810655	0.999909	0.000541
1.967228	1.000038	0.000558
2.120209	1.000166	0.000489
2.271437	1.000238	0.000525
2.425135	1.000525	0.000786
2.594302	1.000801	0.001056
2.764469	1.002334	0.004340
2.912346	1.002336	0.004299
3.062148	1.002363	0.003125
3.208956	1.000917	0.001502
3.361062	1.000786	0.002413
3.518334	0.999756	0.003886
3.673499	1.000299	0.003887
3.842888	1.000566	0.003788
4.008323	1.001247	0.001694
4.178898	1.001188	0.001609
4.350833	1.001017	0.001616
4.523524	1.000882	0.001546
4.688112	1.001034	0.003062
4.829894	1.000285	0.004095
4.980723	0.999145	0.002451
5.136708	0.999858	0.001644
5.281817	0.999054	0.001702
5.442790	0.999144	0.001441
5.594188	0.999344	0.001020
5.745408	0.999091	0.000832
5.889529	0.999373	0.000770
6.028449	0.999481	0.000769
6.184918	0.999549	0.000752
6.326456	0.999850	0.001028
6.464545	1.000254	0.001155
6.606352	1.000066	0.000971
6.770365	1.000362	0.001122
6.941623	1.000795	0.001378
7.103379	1.000641	0.001319
7.296554	1.000964	0.001580
7.469166	1.000819	0.001723
7.649296	1.000877	0.001787
7.821734	1.001145	0.001526
7.988415	1.000968	0.001488
8.155078	1.001298	0.002382
8.321740	1.000899	0.001380
8.488415	1.000746	0.001473
8.660955	1.000631	0.001324
8.837324	1.000463	0.001217
9.014579	1.000396	0.000948
9.186334	1.000117	0.000763
9.353003	0.999852	0.000678
9.521443	0.999664	0.000416
9.692016	0.999475	0.000522
9.855830	0.999607	0.000524
10.017182	0.999699	0.000647
10.177803	0.998903	0.002961
10.327313	0.999051	0.002524
10.475541	0.999138	0.002251
10.626040	0.999556	0.001430
10.772840	1.000058	0.001273
10.921068	1.000753	0.001693
11.075508	1.001077	0.001731
11.231571	1.001247	0.001981
11.404697	1.001364	0.001985
11.586247	1.001002	0.001724
11.755788	1.000997	0.001410
11.917251	1.000800	0.001412
12.084523	1.000803	0.001129
12.255967	1.001001	0.001388
12.427660	1.000920	0.001274
12.594393	1.001203	0.001682
12.763914	1.000801	0.001880
12.939868	1.000727	0.001677
13.109050	1.000368	0.001089
13.273206	1.001766	0.005768
13.440298	1.004208	0.011859
13.620444	1.004077	0.013280
13.799083	1.010321	0.024463
13.974848	1.005597	0.022648
14.147501	1.011261	0.029861
14.308840	1.008307	0.022337
14.472759	1.006264	0.016819
14.626455	1.003958	0.011443
14.788427	1.004409	0.010998
14.952551	1.003713	0.008501
15.109704	1.002839	0.005667
15.256348	1.002050	0.003605
15.425308	1.002159	0.002927
15.581998	1.001309	0.001869
15.734766	1.001180	0.001355
15.901138	1.000631	0.001287
16.074498	1.001334	0.001696
