100
0.059046	0.998944	0.003480
0.168919	0.999013	0.001402
0.268698	1.000177	0.004289
0.356035	1.001238	0.004985
0.464133	1.000410	0.002574
0.562432	0.999397	0.005643
0.666775	1.001919	0.005506
0.780665	1.000752	0.002226
0.901197	1.000749	0.003772
1.012177	1.002146	0.004654
1.115772	1.002275	0.004543
1.213134	1.003014	0.004203
1.311772	1.001280	0.003226
1.410410	1.000963	0.002208
1.507786	1.000677	0.002006
1.614257	0.999710	0.001223
1.707514	0.999296	0.001067
1.799619	0.998882	0.001361
1.887753	0.998663	0.001536
1.981839	0.998485	0.001707
2.081523	0.998508	0.000990
2.175443	0.998851	0.001162
2.267462	0.999301	0.001961
2.368076	1.000165	0.001326
2.461881	1.000406	0.001666
2.558386	1.000753	0.002223
2.651619	1.001138	0.003162
2.741915	1.003191	0.003712
2.830285	1.003338	0.005104
2.920891	1.003956	0.004675
3.011757	1.003606	0.004045
3.100205	1.002549	0.003242
3.194696	1.001408	0.002503
3.287705	1.000571	0.001819
3.385991	0.999826	0.001620
3.495207	0.999368	0.000901
3.596192	0.999957	0.001821
3.703540	0.999503	0.001419
3.806477	0.999246	0.002190
3.911869	0.999130	0.001580
4.018373	0.998795	0.001512
4.108871	0.999454	0.002458
4.200536	0.999287	0.003978
4.299051	1.000548	0.003312
4.385610	1.005759	0.011791
4.476313	1.009430	0.014127
4.574509	1.008409	0.011380
4.670924	1.005620	0.008766
4.770324	1.007433	0.010489
4.871364	1.004062	0.006611
4.954699	1.002653	0.004742
5.040094	1.001213	0.003307
5.131445	1.001434	0.003384
5.222404	1.001184	0.005257
5.308859	1.003340	0.008448
5.394438	1.003693	0.010161
5.488105	1.001583	0.006711
5.570400	1.004788	0.008544
5.639846	1.002864	0.007251
5.714074	1.001276	0.005242
5.788031	1.001838	0.005376
5.869539	1.000419	0.002817
5.958340	1.001185	0.003770
6.044539	1.001356	0.002162
6.127189	1.001202	0.002736
6.202351	1.000981	0.002662
6.282730	1.001102	0.003708
6.359985	1.003781	0.003645
6.431516	1.002831	0.005234
6.503570	1.003434	0.004425
6.577346	1.002780	0.004671
6.647679	1.003050	0.003994
6.719780	1.001422	0.003408
6.801809	1.000689	0.002861
6.879610	1.000160	0.002422
6.952771	0.999705	0.003045
7.032115	0.999335	0.001711
7.108920	0.999264	0.001241
7.192014	0.999931	0.000986
7.267095	0.999782	0.001519
7.340795	0.999708	0.001312
7.413365	1.000503	0.001663
7.486265	0.999684	0.001648
7.559980	1.000151	0.002384
7.631685	1.000007	0.001778
7.702331	1.000590	0.001998
7.776394	1.000845	0.001828
7.851716	1.002171	0.002190
7.928710	1.002215	0.002724
8.010149	1.003028	0.003893
8.090000	1.003078	0.002960
8.166225	1.003710	0.004157
8.241645	1.003943	0.004376
8.321840	1.004620	0.004052
8.413490	1.002429	0.003131
8.508885	1.001268	0.003279
8.607060	1.001595	0.002431
8.711334	1.001225	0.004308
8.809401	0.999566	0.001406
8.904740	0.999950	0.003306
0.118092	0.998944	0.003480
0.337839	0.999013	0.001402
0.537396	1.000177	0.004289
0.712069	1.001238	0.004985
0.928267	1.000410	0.002574
1.124864	0.999397	0.005643
1.333549	1.001919	0.005506
1.561329	1.000752	0.002226
1.802393	1.000749	0.003772
2.024353	1.002146	0.004654
2.231544	1.002275	0.004543
2.426267	1.003014	0.004203
2.623544	1.001280	0.003226
2.820820	1.000963	0.002208
3.015572	1.000677	0.002006
3.228513	0.999710	0.001223
3.415028	0.999296	0.001067
3.599238	0.998882	0.001361
3.775505	0.998663	0.001536
3.963678	0.998485	0.001707
4.163047	0.998508	0.000990
4.350886	0.998851	0.001162
4.534923	0.999301	0.001961
4.736152	1.000165	0.001326
4.923761	1.000406	0.001666
5.116772	1.000753	0.002223
5.303239	1.001138	0.003162
5.483829	1.003191	0.003712
5.660569	1.003338	0.005104
5.841782	1.003956	0.004675
6.023515	1.003606	0.004045
6.200409	1.002549	0.003242
6.389392	1.001408	0.002503
6.575409	1.000571	0.001819
6.771983	0.999826	0.001620
6.990413	0.999368	0.000901
7.192384	0.999957	0.001821
7.407080	0.999503	0.001419
7.612955	0.999246	0.002190
7.823737	0.999130	0.001580
8.036745	0.998795	0.001512
8.217742	0.999454	0.002458
8.401072	0.999287	0.003978
8.598102	1.000548	0.003312
8.771219	1.005759	0.011791
8.952626	1.009430	0.014127
9.149018	1.008409	0.011380
9.341847	1.005620	0.008766
9.540648	1.007433	0.010489
9.742728	1.004062	0.006611
9.909398	1.002653	0.004742
10.080188	1.001213	0.003307
10.262889	1.001434	0.003384
10.444808	1.001184	0.005257
10.617718	1.003340	0.008448
10.788877	1.003693	0.010161
10.976210	1.001583	0.006711
11.140800	1.004788	0.008544
11.279691	1.002864	0.007251
11.428148	1.001276	0.005242
11.576062	1.001838	0.005376
11.739079	1.000419	0.002817
11.916680	1.001185	0.003770
12.089079	1.001356	0.002162
12.254377	1.001202	0.002736
12.404701	1.000981	0.002662
12.565460	1.001102	0.003708
12.719970	1.003781	0.003645
12.863031	1.002831	0.005234
13.007140	1.003434	0.004425
13.154691	1.002780	0.004671
13.295359	1.003050	0.003994
13.439560	1.001422	0.003408
13.603619	1.000689	0.002861
13.759220	1.000160	0.002422
13.905542	0.999705	0.003045
14.064231	0.999335	0.001711
14.217840	0.999264	0.001241
14.384028	0.999931	0.000986
14.534190	0.999782	0.001519
14.681589	0.999708	0.001312
14.826731	1.000503	0.001663
14.972531	0.999684	0.001648
15.119960	1.000151	0.002384
15.263370	1.000007	0.001778
15.404661	1.000590	0.001998
15.552788	1.000845	0.001828
15.703432	1.002171	0.002190
15.857420	1.002215	0.002724
16.020299	1.003028	0.003893
16.180000	1.003078	0.002960
16.332450	1.003710	0.004157
16.483290	1.003943	0.004376
16.643680	1.004620	0.004052
16.826980	1.002429	0.003131
17.017770	1.001268	0.003279
17.214121	1.001595	0.002431
17.422668	1.001225	0.004308
17.618802	0.999566	0.001406
17.809480	0.999950	0.003306
