100
0.004093	0.999992	0.000411
0.012212	0.999938	0.000573
0.021085	0.999246	0.000926
0.030229	1.000081	0.000313
0.039815	0.999645	0.000550
0.049169	1.000547	0.000321
0.057771	0.999671	0.000500
0.067407	1.000150	0.000725
0.076752	1.000155	0.000681
0.086479	1.000475	0.000754
0.097401	1.000184	0.001138
0.108263	1.000263	0.000461
0.116809	1.000131	0.000358
0.126355	1.001278	0.001339
0.134996	1.000264	0.000569
0.143470	1.001253	0.001873
0.152881	1.000412	0.000426
0.161993	1.001310	0.002045
0.171181	1.000238	0.000406
0.179610	1.000580	0.001272
0.189156	1.000989	0.001970
0.197496	0.999898	0.000685
0.205970	1.001536	0.002084
0.214834	1.000017	0.000486
0.222996	1.000945	0.001832
0.231961	1.000319	0.001628
0.241541	0.999976	0.000336
0.250752	1.001403	0.002311
0.259483	0.999869	0.000506
0.269251	1.001525	0.001817
0.277903	0.999975	0.000441
0.288309	1.001374	0.001808
0.295611	1.017470	0.050095
0.303739	0.999897	0.000364
0.312615	1.015891	0.040851
0.319894	0.999681	0.000327
0.328893	1.001227	0.001461
0.336976	1.011773	0.034129
0.345082	0.999901	0.000408
0.353455	1.001037	0.001287
0.360712	1.009889	0.028579
0.369712	1.000949	0.001092
0.378040	1.008635	0.024640
0.386447	0.999988	0.000535
0.395133	1.000737	0.001033
0.402368	1.007755	0.022242
0.410496	1.000478	0.000738
0.418870	1.007254	0.020253
0.426662	1.000239	0.000427
0.435628	1.000323	0.000602
0.443454	1.006426	0.018612
0.453580	1.000409	0.000523
0.461463	1.005757	0.016529
0.470082	1.000260	0.000526
0.478455	1.000071	0.000362
0.485679	1.005207	0.014521
0.494376	1.000352	0.000393
0.503945	1.004305	0.012693
0.511771	1.000162	0.000437
0.520133	1.000104	0.000525
0.527647	1.003706	0.010618
0.537215	1.000316	0.000528
0.546437	1.002838	0.008800
0.554309	0.999843	0.000415
0.562615	1.002660	0.006435
0.569905	0.999672	0.000412
0.579150	1.000414	0.000601
0.586463	1.001539	0.004815
0.594211	0.999619	0.000731
0.602584	1.000365	0.000602
0.611550	0.999434	0.000629
0.619712	1.000151	0.000593
0.628063	1.000817	0.002456
0.636771	0.999361	0.000932
0.645479	1.000639	0.001413
0.653540	0.999143	0.001148
0.662472	1.000047	0.000466
0.670890	1.000344	0.000834
0.679610	0.999235	0.001233
0.688564	1.000038	0.000491
0.696670	0.999264	0.001397
0.705891	0.999968	0.000272
0.714276	0.999827	0.000965
0.722996	0.999169	0.001162
0.731426	1.000162	0.000420
0.740569	0.999374	0.001358
0.751656	1.000096	0.000616
0.760889	0.998428	0.001981
0.769262	0.999661	0.000521
0.777368	0.999886	0.001154
0.786389	0.999108	0.001103
0.794774	1.000056	0.000383
0.803370	0.998716	0.001897
0.812358	0.999760	0.000467
0.820474	0.999149	0.001647
0.830032	0.999570	0.000395
0.837568	1.000206	0.000473
0.845975	0.998757	0.001612
0.854304	0.999941	0.000529
0.861572	0.999492	0.001194
0.008186	0.999992	0.000411
0.024425	0.999938	0.000573
0.042169	0.999246	0.000926
0.060458	1.000081	0.000313
0.079629	0.999645	0.000550
0.098339	1.000547	0.000321
0.115542	0.999671	0.000500
0.134814	1.000150	0.000725
0.153503	1.000155	0.000681
0.172958	1.000475	0.000754
0.194802	1.000184	0.001138
0.216526	1.000263	0.000461
0.233617	1.000131	0.000358
0.252709	1.001278	0.001339
0.269991	1.000264	0.000569
0.286941	1.001253	0.001873
0.305761	1.000412	0.000426
0.323985	1.001310	0.002045
0.342361	1.000238	0.000406
0.359220	1.000580	0.001272
0.378312	1.000989	0.001970
0.394991	0.999898	0.000685
0.411941	1.001536	0.002084
0.429668	1.000017	0.000486
0.445992	1.000945	0.001832
0.463923	1.000319	0.001628
0.483082	0.999976	0.000336
0.501503	1.001403	0.002311
0.518965	0.999869	0.000506
0.538502	1.001525	0.001817
0.555806	0.999975	0.000441
0.576618	1.001374	0.001808
0.591223	1.017470	0.050095
0.607479	0.999897	0.000364
0.625229	1.015891	0.040851
0.639788	0.999681	0.000327
0.657787	1.001227	0.001461
0.673952	1.011773	0.034129
0.690164	0.999901	0.000408
0.706911	1.001037	0.001287
0.721425	1.009889	0.028579
0.739423	1.000949	0.001092
0.756080	1.008635	0.024640
0.772894	0.999988	0.000535
0.790266	1.000737	0.001033
0.804735	1.007755	0.022242
0.820992	1.000478	0.000738
0.837739	1.007254	0.020253
0.853324	1.000239	0.000427
0.871256	1.000323	0.000602
0.886908	1.006426	0.018612
0.907160	1.000409	0.000523
0.922926	1.005757	0.016529
0.940164	1.000260	0.000526
0.956911	1.000071	0.000362
0.971357	1.005207	0.014521
0.988753	1.000352	0.000393
1.007889	1.004305	0.012693
1.023541	1.000162	0.000437
1.040266	1.000104	0.000525
1.055293	1.003706	0.010618
1.074430	1.000316	0.000528
1.092874	1.002838	0.008800
1.108617	0.999843	0.000415
1.125229	1.002660	0.006435
1.139810	0.999672	0.000412
1.158299	1.000414	0.000601
1.172926	1.001539	0.004815
1.188422	0.999619	0.000731
1.205169	1.000365	0.000602
1.223099	0.999434	0.000629
1.239423	1.000151	0.000593
1.256125	1.000817	0.002456
1.273541	0.999361	0.000932
1.290959	1.000639	0.001413
1.307080	0.999143	0.001148
1.324944	1.000047	0.000466
1.341780	1.000344	0.000834
1.359220	0.999235	0.001233
1.377128	1.000038	0.000491
1.393339	0.999264	0.001397
1.411783	0.999968	0.000272
1.428552	0.999827	0.000965
1.445992	0.999169	0.001162
1.462852	1.000162	0.000420
1.481137	0.999374	0.001358
1.503312	1.000096	0.000616
1.521777	0.998428	0.001981
1.538524	0.999661	0.000521
1.554735	0.999886	0.001154
1.572779	0.999108	0.001103
1.589548	1.000056	0.000383
1.606741	0.998716	0.001897
1.624716	0.999760	0.000467
1.640949	0.999149	0.001647
1.660063	0.999570	0.000395
1.675136	1.000206	0.000473
1.691951	0.998757	0.001612
1.708607	0.999941	0.000529
1.723144	0.999492	0.001194
