100
0.021582	1.001035	0.001705
0.068251	1.000658	0.001591
0.114091	1.000432	0.001333
0.160750	1.000216	0.001295
0.202420	1.000092	0.000828
0.248672	1.000085	0.001310
0.299942	1.001010	0.002241
0.344090	1.002952	0.006175
0.387399	1.001168	0.002890
0.434901	1.001941	0.003206
0.482409	1.002093	0.002850
0.527808	1.001939	0.002646
0.569080	1.000799	0.000857
0.612389	1.001959	0.003251
0.652420	1.000034	0.001001
0.694899	1.000844	0.002699
0.734489	1.000710	0.002259
0.779500	0.999212	0.001121
0.822367	1.000835	0.002663
0.859048	1.001124	0.003317
0.898207	1.000394	0.002232
0.941947	1.000381	0.002171
0.991161	0.999549	0.001322
1.041612	1.000507	0.001763
1.088248	0.999816	0.000901
1.131139	0.999941	0.001851
1.175340	1.000885	0.001926
1.216147	1.000665	0.001827
1.257787	1.000582	0.001857
1.297377	0.999943	0.001677
1.335727	0.999720	0.001669
1.374511	0.999411	0.001216
1.420705	0.999963	0.001475
1.464499	0.999858	0.001731
1.504888	0.999384	0.001446
1.545739	1.000249	0.000938
1.593625	0.999992	0.001548
1.632797	1.000172	0.001466
1.670695	0.999998	0.001367
1.706557	0.999926	0.001218
1.743197	1.000210	0.001437
1.781523	0.999718	0.001480
1.824079	0.999532	0.001218
1.867819	1.000085	0.001126
1.906523	1.000228	0.000999
1.945254	0.999769	0.000998
1.990653	0.999399	0.000908
2.035727	0.999807	0.001234
2.076892	0.999853	0.001110
2.134015	1.000182	0.000868
2.174424	0.999818	0.000971
2.214499	1.000433	0.001066
2.261924	0.999901	0.000985
2.307346	0.999242	0.001268
2.347354	0.999789	0.000754
2.386546	0.999749	0.000813
2.429845	0.999647	0.001347
2.476116	0.999778	0.001181
2.519498	0.999177	0.001095
2.555707	0.999234	0.000981
2.592796	1.000153	0.001214
2.634025	0.999304	0.001427
2.682784	0.999402	0.001149
2.719488	0.999316	0.001480
2.760285	0.999784	0.001213
2.811566	0.999676	0.001781
2.847397	0.999417	0.000823
2.887385	1.000188	0.001660
2.925307	1.000643	0.003099
2.962375	1.002867	0.006843
2.997829	1.000897	0.003160
3.037375	0.999507	0.001928
3.073227	0.999601	0.001335
3.109897	0.999941	0.001336
3.151557	0.999914	0.001486
3.200307	0.999760	0.001353
3.244886	1.000099	0.000957
3.293237	0.999874	0.001394
3.334887	1.000114	0.001598
3.384864	1.000270	0.001389
3.436513	0.999444	0.001056
3.486404	0.999870	0.001392
3.533135	0.999818	0.001147
3.579914	1.000190	0.001238
3.626634	0.999616	0.001546
3.673904	1.000632	0.001745
3.720635	1.000090	0.001564
3.767414	0.999740	0.001422
3.814134	1.000056	0.001739
3.861404	0.999763	0.001543
3.908135	0.999298	0.001373
3.954914	0.999720	0.001426
4.001645	0.999030	0.001274
4.048915	1.000050	0.001259
4.095646	0.998835	0.001203
4.141013	0.999997	0.002198
4.179470	1.000431	0.002291
4.216934	1.000924	0.001757
4.255848	1.000730	0.002005
4.297046	1.000330	0.001149
0.043163	1.001035	0.001705
0.136502	1.000658	0.001591
0.228182	1.000432	0.001333
0.321500	1.000216	0.001295
0.404840	1.000092	0.000828
0.497343	1.000085	0.001310
0.599884	1.001010	0.002241
0.688180	1.002952	0.006175
0.774798	1.001168	0.002890
0.869802	1.001941	0.003206
0.964819	1.002093	0.002850
1.055616	1.001939	0.002646
1.138160	1.000799	0.000857
1.224778	1.001959	0.003251
1.304840	1.000034	0.001001
1.389799	1.000844	0.002699
1.468979	1.000710	0.002259
1.559000	0.999212	0.001121
1.644735	1.000835	0.002663
1.718096	1.001124	0.003317
1.796414	1.000394	0.002232
1.883894	1.000381	0.002171
1.982322	0.999549	0.001322
2.083224	1.000507	0.001763
2.176496	0.999816	0.000901
2.262278	0.999941	0.001851
2.350680	1.000885	0.001926
2.432295	1.000665	0.001827
2.515575	1.000582	0.001857
2.594755	0.999943	0.001677
2.671454	0.999720	0.001669
2.749022	0.999411	0.001216
2.841411	0.999963	0.001475
2.928998	0.999858	0.001731
3.009776	0.999384	0.001446
3.091478	1.000249	0.000938
3.187251	0.999992	0.001548
3.265595	1.000172	0.001466
3.341391	0.999998	0.001367
3.413114	0.999926	0.001218
3.486395	1.000210	0.001437
3.563047	0.999718	0.001480
3.648159	0.999532	0.001218
3.735639	1.000085	0.001126
3.813047	1.000228	0.000999
3.890508	0.999769	0.000998
3.981306	0.999399	0.000908
4.071454	0.999807	0.001234
4.153784	0.999853	0.001110
4.268030	1.000182	0.000868
4.348848	0.999818	0.000971
4.428998	1.000433	0.001066
4.523848	0.999901	0.000985
4.614692	0.999242	0.001268
4.694708	0.999789	0.000754
4.773092	0.999749	0.000813
4.859690	0.999647	0.001347
4.952232	0.999778	0.001181
5.038996	0.999177	0.001095
5.111415	0.999234	0.000981
5.185592	1.000153	0.001214
5.268050	0.999304	0.001427
5.365568	0.999402	0.001149
5.438976	0.999316	0.001480
5.520571	0.999784	0.001213
5.623132	0.999676	0.001781
5.694795	0.999417	0.000823
5.774771	1.000188	0.001660
5.850614	1.000643	0.003099
5.924751	1.002867	0.006843
5.995658	1.000897	0.003160
6.074751	0.999507	0.001928
6.146454	0.999601	0.001335
6.219795	0.999941	0.001336
6.303115	0.999914	0.001486
6.400614	0.999760	0.001353
6.489772	1.000099	0.000957
6.586475	0.999874	0.001394
6.669775	1.000114	0.001598
6.769728	1.000270	0.001389
6.873026	0.999444	0.001056
6.972808	0.999870	0.001392
7.066270	0.999818	0.001147
7.159828	1.000190	0.001238
7.253268	0.999616	0.001546
7.347808	1.000632	0.001745
7.441270	1.000090	0.001564
7.534828	0.999740	0.001422
7.628268	1.000056	0.001739
7.722808	0.999763	0.001543
7.816270	0.999298	0.001373
7.909828	0.999720	0.001426
8.003291	0.999030	0.001274
8.097830	1.000050	0.001259
8.191292	0.998835	0.001203
8.282027	0.999997	0.002198
8.358939	1.000431	0.002291
8.433868	1.000924	0.001757
8.511695	1.000730	0.002005
8.594092	1.000330	0.001149
