100
0.010795	1.000038	0.000578
0.038630	0.999822	0.000934
0.066407	0.999725	0.000547
0.094203	0.999628	0.000588
0.120795	0.999602	0.000697
0.148681	0.999710	0.000616
0.177410	0.999749	0.000579
0.210396	0.999657	0.000566
0.241187	0.999772	0.000626
0.272860	0.999935	0.000855
0.302198	1.000130	0.000980
0.328972	1.000073	0.001334
0.356872	0.999648	0.001050
0.385562	0.999952	0.001131
0.412905	0.999874	0.001292
0.441852	0.999916	0.001110
0.468982	0.999586	0.001201
0.496180	0.999776	0.001239
0.523538	0.999678	0.000936
0.551053	0.999825	0.001137
0.577264	1.000019	0.001137
0.606326	0.999485	0.000935
0.635515	0.999867	0.000951
0.661791	0.999863	0.000873
0.689659	0.999532	0.000967
0.720068	0.999853	0.000914
0.746783	0.999977	0.000899
0.773984	0.999784	0.001062
0.802304	0.999779	0.001105
0.828977	0.999909	0.001376
0.856872	0.999930	0.001320
0.884995	0.999561	0.000880
0.911791	0.999848	0.001201
0.937752	1.000856	0.002652
0.963831	1.000159	0.002193
0.991076	1.000113	0.002056
1.017665	1.000415	0.002101
1.043768	1.000878	0.002946
1.072017	1.000153	0.001998
1.101094	1.001007	0.002976
1.129401	1.000475	0.002600
1.155888	1.000376	0.002811
1.180341	1.000538	0.002759
1.206888	1.001422	0.003962
1.234729	1.000130	0.003119
1.261321	1.000321	0.003386
1.288472	1.000149	0.001542
1.314029	1.001248	0.004561
1.341069	1.000406	0.003368
1.367903	0.999709	0.001442
1.398400	0.999953	0.001603
1.428574	0.999972	0.001152
1.459835	0.999942	0.001710
1.489173	0.999783	0.001206
1.515941	0.999849	0.001135
1.544202	1.000363	0.001437
1.574949	0.999874	0.001142
1.605142	0.999849	0.001365
1.634370	1.001711	0.007465
1.660662	1.001995	0.007386
1.689637	1.003591	0.009375
1.717152	1.001690	0.006198
1.742373	1.001684	0.005710
1.771658	1.002279	0.006497
1.799396	1.000763	0.004313
1.826719	1.000845	0.003644
1.855023	1.001543	0.004039
1.882873	1.000427	0.002744
1.911235	1.000637	0.002368
1.938373	1.001208	0.002380
1.964988	1.000569	0.001684
1.992866	1.000465	0.001258
2.022324	1.000617	0.001314
2.052356	1.000417	0.001030
2.079576	1.000423	0.000913
2.106257	1.000685	0.000923
2.133325	1.000306	0.000818
2.160057	1.000324	0.000765
2.188378	1.000450	0.000941
2.216069	1.000338	0.001195
2.242897	1.000243	0.000907
2.271038	1.000418	0.000848
2.300017	1.000471	0.001182
2.331831	1.000269	0.000986
2.361923	1.000426	0.001290
2.391807	1.000453	0.000874
2.421189	1.000331	0.001240
2.448657	0.999896	0.001138
2.473822	0.999950	0.001157
2.500700	0.999923	0.001040
2.527683	1.000249	0.001234
2.554123	0.999992	0.000910
2.582164	1.000048	0.000824
2.606321	1.000139	0.001081
2.631956	1.000372	0.002464
2.656391	1.000543	0.002041
2.681069	0.999931	0.001085
2.707839	0.999940	0.001027
2.735541	0.999768	0.001079
2.762491	0.999922	0.000815
0.021590	1.000038	0.000578
0.077259	0.999822	0.000934
0.132815	0.999725	0.000547
0.188407	0.999628	0.000588
0.241591	0.999602	0.000697
0.297362	0.999710	0.000616
0.354820	0.999749	0.000579
0.420792	0.999657	0.000566
0.482374	0.999772	0.000626
0.545719	0.999935	0.000855
0.604396	1.000130	0.000980
0.657944	1.000073	0.001334
0.713744	0.999648	0.001050
0.771124	0.999952	0.001131
0.825810	0.999874	0.001292
0.883705	0.999916	0.001110
0.937964	0.999586	0.001201
0.992359	0.999776	0.001239
1.047077	0.999678	0.000936
1.102105	0.999825	0.001137
1.154529	1.000019	0.001137
1.212652	0.999485	0.000935
1.271029	0.999867	0.000951
1.323583	0.999863	0.000873
1.379317	0.999532	0.000967
1.440135	0.999853	0.000914
1.493566	0.999977	0.000899
1.547967	0.999784	0.001062
1.604608	0.999779	0.001105
1.657954	0.999909	0.001376
1.713744	0.999930	0.001320
1.769990	0.999561	0.000880
1.823583	0.999848	0.001201
1.875505	1.000856	0.002652
1.927662	1.000159	0.002193
1.982152	1.000113	0.002056
2.035330	1.000415	0.002101
2.087537	1.000878	0.002946
2.144035	1.000153	0.001998
2.202188	1.001007	0.002976
2.258802	1.000475	0.002600
2.311776	1.000376	0.002811
2.360681	1.000538	0.002759
2.413777	1.001422	0.003962
2.469457	1.000130	0.003119
2.522642	1.000321	0.003386
2.576944	1.000149	0.001542
2.628058	1.001248	0.004561
2.682139	1.000406	0.003368
2.735806	0.999709	0.001442
2.796800	0.999953	0.001603
2.857149	0.999972	0.001152
2.919669	0.999942	0.001710
2.978346	0.999783	0.001206
3.031883	0.999849	0.001135
3.088405	1.000363	0.001437
3.149899	0.999874	0.001142
3.210284	0.999849	0.001365
3.268740	1.001711	0.007465
3.321324	1.001995	0.007386
3.379274	1.003591	0.009375
3.434304	1.001690	0.006198
3.484746	1.001684	0.005710
3.543317	1.002279	0.006497
3.598793	1.000763	0.004313
3.653437	1.000845	0.003644
3.710047	1.001543	0.004039
3.765746	1.000427	0.002744
3.822469	1.000637	0.002368
3.876745	1.001208	0.002380
3.929975	1.000569	0.001684
3.985732	1.000465	0.001258
4.044649	1.000617	0.001314
4.104713	1.000417	0.001030
4.159153	1.000423	0.000913
4.212514	1.000685	0.000923
4.266649	1.000306	0.000818
4.320114	1.000324	0.000765
4.376756	1.000450	0.000941
4.432139	1.000338	0.001195
4.485795	1.000243	0.000907
4.542076	1.000418	0.000848
4.600033	1.000471	0.001182
4.663661	1.000269	0.000986
4.723847	1.000426	0.001290
4.783614	1.000453	0.000874
4.842379	1.000331	0.001240
4.897313	0.999896	0.001138
4.947645	0.999950	0.001157
5.001400	0.999923	0.001040
5.055366	1.000249	0.001234
5.108246	0.999992	0.000910
5.164329	1.000048	0.000824
5.212642	1.000139	0.001081
5.263912	1.000372	0.002464
5.312781	1.000543	0.002041
5.362138	0.999931	0.001085
5.415677	0.999940	0.001027
5.471082	0.999768	0.001079
5.524981	0.999922	0.000815
