100
0.049389	0.999497	0.001248
0.143950	0.999735	0.001060
0.240903	1.000674	0.001843
0.326736	1.001735	0.002946
0.409917	1.001479	0.003319
0.494096	0.999627	0.006409
0.580558	1.001221	0.004277
0.669751	1.002431	0.002810
0.756056	1.001295	0.001744
0.841967	1.000784	0.001443
0.931268	1.000275	0.001970
1.018807	1.000759	0.001765
1.113045	0.999783	0.001696
1.205910	0.999550	0.001503
1.291694	0.999347	0.001598
1.380171	1.000036	0.001456
1.468312	1.000702	0.001682
1.562651	1.000531	0.002455
1.649617	1.001086	0.003513
1.735698	1.002238	0.002792
1.828472	1.000829	0.002268
1.921672	1.000192	0.001786
2.016975	0.999247	0.001416
2.107922	0.998887	0.001711
2.187459	0.999742	0.001140
2.267925	0.999451	0.000856
2.345610	0.999257	0.001865
2.423137	0.999080	0.001030
2.512869	0.999856	0.001349
2.603215	1.000296	0.001205
2.692042	1.000704	0.001822
2.776121	1.001054	0.002457
2.857687	1.001020	0.002433
2.935792	1.001376	0.002449
3.021587	1.000440	0.001128
3.115571	0.999590	0.001445
3.208130	0.998934	0.001201
3.295490	0.999002	0.001422
3.383338	0.999626	0.001235
3.473081	0.999300	0.001354
3.572703	0.999249	0.000971
3.671144	0.999690	0.001242
3.763540	1.001300	0.002663
3.851483	1.002743	0.003884
3.943678	1.002315	0.003868
4.035964	1.002972	0.004335
4.126700	1.001286	0.002981
4.218820	0.999869	0.002216
4.311098	0.998602	0.001868
4.401818	0.997662	0.004502
4.495537	0.996735	0.006580
4.586823	0.996759	0.006364
4.679980	0.998859	0.002720
4.762596	0.999817	0.001439
4.833471	1.000370	0.001427
4.910576	1.000314	0.001511
4.990820	1.000655	0.001916
5.071844	1.000868	0.002820
5.149811	1.001023	0.002902
5.227367	1.000202	0.004144
5.311951	0.998900	0.004559
5.394406	1.000055	0.002446
5.474676	1.001210	0.005894
5.561233	1.001341	0.006090
5.640668	1.001012	0.003605
5.720521	0.999943	0.002059
5.807866	1.000856	0.002742
5.903481	1.000281	0.001744
5.994005	1.000661	0.001482
6.083034	1.000972	0.001771
6.185169	1.001648	0.002834
6.300396	1.000826	0.002085
6.404599	1.000972	0.002248
6.513425	1.000055	0.001692
6.619406	0.998950	0.001586
6.726447	0.999275	0.001474
6.832963	0.998852	0.002466
6.943180	0.997701	0.005006
7.054040	0.998657	0.002282
7.165580	1.000398	0.001183
7.287708	1.001493	0.001982
7.398501	1.001984	0.002474
7.510176	1.002225	0.002692
7.619386	1.001141	0.001530
7.717447	0.999971	0.001317
7.812419	0.999441	0.001892
7.906913	0.999171	0.001800
8.005290	1.000036	0.001355
8.105307	0.999529	0.001235
8.210914	0.999450	0.001405
8.315134	1.000380	0.001165
8.417437	0.999297	0.003625
8.518050	0.998932	0.004409
8.620448	1.000539	0.002079
8.723128	1.000650	0.001843
8.823711	0.999643	0.001338
8.923977	0.999180	0.001677
9.022633	0.999368	0.001178
9.113255	0.999663	0.001330
9.194956	0.999893	0.001610
0.098779	0.999497	0.001248
0.287900	0.999735	0.001060
0.481806	1.000674	0.001843
0.653473	1.001735	0.002946
0.819833	1.001479	0.003319
0.988193	0.999627	0.006409
1.161115	1.001221	0.004277
1.339501	1.002431	0.002810
1.512113	1.001295	0.001744
1.683935	1.000784	0.001443
1.862535	1.000275	0.001970
2.037613	1.000759	0.001765
2.226091	0.999783	0.001696
2.411819	0.999550	0.001503
2.583388	0.999347	0.001598
2.760341	1.000036	0.001456
2.936625	1.000702	0.001682
3.125303	1.000531	0.002455
3.299235	1.001086	0.003513
3.471396	1.002238	0.002792
3.656944	1.000829	0.002268
3.843343	1.000192	0.001786
4.033949	0.999247	0.001416
4.215843	0.998887	0.001711
4.374919	0.999742	0.001140
4.535849	0.999451	0.000856
4.691221	0.999257	0.001865
4.846273	0.999080	0.001030
5.025738	0.999856	0.001349
5.206430	1.000296	0.001205
5.384085	1.000704	0.001822
5.552243	1.001054	0.002457
5.715374	1.001020	0.002433
5.871585	1.001376	0.002449
6.043174	1.000440	0.001128
6.231142	0.999590	0.001445
6.416260	0.998934	0.001201
6.590980	0.999002	0.001422
6.766676	0.999626	0.001235
6.946162	0.999300	0.001354
7.145406	0.999249	0.000971
7.342288	0.999690	0.001242
7.527080	1.001300	0.002663
7.702967	1.002743	0.003884
7.887355	1.002315	0.003868
8.071928	1.002972	0.004335
8.253400	1.001286	0.002981
8.437641	0.999869	0.002216
8.622197	0.998602	0.001868
8.803636	0.997662	0.004502
8.991075	0.996735	0.006580
9.173645	0.996759	0.006364
9.359960	0.998859	0.002720
9.525192	0.999817	0.001439
9.666943	1.000370	0.001427
9.821152	1.000314	0.001511
9.981639	1.000655	0.001916
10.143688	1.000868	0.002820
10.299621	1.001023	0.002902
10.454734	1.000202	0.004144
10.623901	0.998900	0.004559
10.788812	1.000055	0.002446
10.949352	1.001210	0.005894
11.122467	1.001341	0.006090
11.281336	1.001012	0.003605
11.441041	0.999943	0.002059
11.615732	1.000856	0.002742
11.806962	1.000281	0.001744
11.988011	1.000661	0.001482
12.166068	1.000972	0.001771
12.370338	1.001648	0.002834
12.600793	1.000826	0.002085
12.809198	1.000972	0.002248
13.026850	1.000055	0.001692
13.238811	0.998950	0.001586
13.452894	0.999275	0.001474
13.665926	0.998852	0.002466
13.886360	0.997701	0.005006
14.108080	0.998657	0.002282
14.331161	1.000398	0.001183
14.575416	1.001493	0.001982
14.797002	1.001984	0.002474
15.020351	1.002225	0.002692
15.238772	1.001141	0.001530
15.434894	0.999971	0.001317
15.624838	0.999441	0.001892
15.813827	0.999171	0.001800
16.010580	1.000036	0.001355
16.210615	0.999529	0.001235
16.421828	0.999450	0.001405
16.630268	1.000380	0.001165
16.834874	0.999297	0.003625
17.036100	0.998932	0.004409
17.240895	1.000539	0.002079
17.446256	1.000650	0.001843
17.647421	0.999643	0.001338
17.847953	0.999180	0.001677
18.045266	0.999368	0.001178
18.226509	0.999663	0.001330
18.389911	0.999893	0.001610
