100
0.034307	1.000051	0.001149
0.103816	1.000093	0.000675
0.171781	0.999893	0.000702
0.238490	0.999337	0.000956
0.301082	0.999508	0.000770
0.359916	0.999851	0.001045
0.419589	1.000294	0.000956
0.481075	0.999387	0.001412
0.543628	0.999544	0.000662
0.608658	0.999778	0.001088
0.674389	0.999998	0.000636
0.746620	1.000316	0.001008
0.820931	1.000167	0.000765
0.893195	0.999889	0.000920
0.963422	0.999929	0.000829
1.033890	0.999873	0.000973
1.105708	1.000125	0.001070
1.177783	1.000141	0.000877
1.250420	1.000079	0.000772
1.321638	1.000147	0.001101
1.392596	1.000179	0.000839
1.460786	1.000340	0.000985
1.522389	1.000449	0.000845
1.579831	1.000323	0.000797
1.639034	1.000266	0.000880
1.706592	1.000394	0.001184
1.774049	1.000339	0.000881
1.839552	0.999692	0.000766
1.903301	0.999810	0.000704
1.969412	0.999846	0.000900
2.039548	1.000021	0.001001
2.111275	1.000277	0.000958
2.180289	1.000199	0.001059
2.248263	0.999956	0.001203
2.317390	1.000068	0.001010
2.390435	0.999844	0.001161
2.458779	0.999970	0.000923
2.527624	0.999685	0.000665
2.599187	0.999228	0.000749
2.667623	0.999207	0.000885
2.735920	0.999603	0.001007
2.806968	0.999711	0.001571
2.885130	0.999267	0.000903
2.953360	0.999083	0.001000
3.019706	0.999484	0.000890
3.087486	1.000195	0.001140
3.158320	1.000424	0.001520
3.227806	1.000600	0.002037
3.297207	1.000547	0.002791
3.364725	1.001095	0.003154
3.437561	1.001833	0.003610
3.527175	1.001492	0.003947
3.623970	1.000675	0.003448
3.716832	1.000708	0.003392
3.803963	1.000993	0.002755
3.887867	1.000547	0.001972
3.973689	1.001317	0.001406
4.056632	1.002673	0.001446
4.137283	1.003995	0.001718
4.215164	1.004240	0.002536
4.294097	1.004342	0.003121
4.375931	1.003924	0.002764
4.455054	1.003830	0.002726
4.532013	1.001727	0.003683
4.606858	1.001784	0.002662
4.688078	1.001428	0.001745
4.773955	1.001316	0.001615
4.854522	1.001073	0.001052
4.934606	1.000666	0.001346
5.007019	1.000760	0.001513
5.078186	1.000900	0.001887
5.146911	1.000507	0.001657
5.213346	0.999962	0.001817
5.287714	1.000070	0.001771
5.359998	1.000039	0.001748
5.429558	0.999809	0.001584
5.496565	0.999588	0.001615
5.566491	0.999054	0.001649
5.639002	0.999156	0.001741
5.712338	0.999157	0.002046
5.789362	1.000194	0.001712
5.866023	1.000078	0.001463
5.936097	1.000624	0.001180
6.000287	1.000746	0.001751
6.065167	1.000539	0.001616
6.129403	1.000683	0.001486
6.191505	0.999963	0.001200
6.255818	0.999943	0.001272
6.321636	0.999837	0.001290
6.386354	1.000262	0.001381
6.450032	1.000219	0.001045
6.513542	1.000163	0.001383
6.575427	1.000284	0.001008
6.641948	0.999649	0.001128
6.705974	1.000344	0.001116
6.769487	1.000376	0.001151
6.835383	1.000449	0.001103
6.898704	1.000513	0.000869
6.967381	1.000146	0.000928
7.032126	0.999997	0.001202
0.068614	1.000051	0.001149
0.207633	1.000093	0.000675
0.343563	0.999893	0.000702
0.476980	0.999337	0.000956
0.602163	0.999508	0.000770
0.719832	0.999851	0.001045
0.839179	1.000294	0.000956
0.962150	0.999387	0.001412
1.087256	0.999544	0.000662
1.217315	0.999778	0.001088
1.348778	0.999998	0.000636
1.493240	1.000316	0.001008
1.641862	1.000167	0.000765
1.786390	0.999889	0.000920
1.926843	0.999929	0.000829
2.067780	0.999873	0.000973
2.211416	1.000125	0.001070
2.355567	1.000141	0.000877
2.500840	1.000079	0.000772
2.643276	1.000147	0.001101
2.785192	1.000179	0.000839
2.921572	1.000340	0.000985
3.044777	1.000449	0.000845
3.159661	1.000323	0.000797
3.278068	1.000266	0.000880
3.413183	1.000394	0.001184
3.548097	1.000339	0.000881
3.679104	0.999692	0.000766
3.806602	0.999810	0.000704
3.938824	0.999846	0.000900
4.079096	1.000021	0.001001
4.222549	1.000277	0.000958
4.360577	1.000199	0.001059
4.496526	0.999956	0.001203
4.634780	1.000068	0.001010
4.780869	0.999844	0.001161
4.917557	0.999970	0.000923
5.055248	0.999685	0.000665
5.198374	0.999228	0.000749
5.335246	0.999207	0.000885
5.471841	0.999603	0.001007
5.613935	0.999711	0.001571
5.770259	0.999267	0.000903
5.906720	0.999083	0.001000
6.039412	0.999484	0.000890
6.174973	1.000195	0.001140
6.316640	1.000424	0.001520
6.455613	1.000600	0.002037
6.594415	1.000547	0.002791
6.729449	1.001095	0.003154
6.875123	1.001833	0.003610
7.054350	1.001492	0.003947
7.247940	1.000675	0.003448
7.433663	1.000708	0.003392
7.607926	1.000993	0.002755
7.775735	1.000547	0.001972
7.947378	1.001317	0.001406
8.113263	1.002673	0.001446
8.274566	1.003995	0.001718
8.430328	1.004240	0.002536
8.588194	1.004342	0.003121
8.751862	1.003924	0.002764
8.910107	1.003830	0.002726
9.064025	1.001727	0.003683
9.213716	1.001784	0.002662
9.376157	1.001428	0.001745
9.547909	1.001316	0.001615
9.709045	1.001073	0.001052
9.869211	1.000666	0.001346
10.014037	1.000760	0.001513
10.156372	1.000900	0.001887
10.293821	1.000507	0.001657
10.426692	0.999962	0.001817
10.575429	1.000070	0.001771
10.719996	1.000039	0.001748
10.859116	0.999809	0.001584
10.993130	0.999588	0.001615
11.132981	0.999054	0.001649
11.278004	0.999156	0.001741
11.424676	0.999157	0.002046
11.578723	1.000194	0.001712
11.732046	1.000078	0.001463
11.872194	1.000624	0.001180
12.000575	1.000746	0.001751
12.130335	1.000539	0.001616
12.258807	1.000683	0.001486
12.383009	0.999963	0.001200
12.511635	0.999943	0.001272
12.643273	0.999837	0.001290
12.772707	1.000262	0.001381
12.900065	1.000219	0.001045
13.027083	1.000163	0.001383
13.150853	1.000284	0.001008
13.283896	0.999649	0.001128
13.411949	1.000344	0.001116
13.538974	1.000376	0.001151
13.670766	1.000449	0.001103
13.797409	1.000513	0.000869
13.934762	1.000146	0.000928
14.064252	0.999997	0.001202
