100
0.015864	1.000726	0.002763
0.032947	1.001166	0.002299
0.049038	0.999831	0.002351
0.066052	1.001321	0.002251
0.079353	1.001011	0.001330
0.095433	1.000499	0.002284
0.109630	0.998909	0.002729
0.125735	0.998570	0.002163
0.140897	0.999052	0.002498
0.159817	1.001888	0.001856
0.174045	0.998693	0.002560
0.190107	1.001368	0.002810
0.204333	1.000664	0.002990
0.221385	0.999214	0.001237
0.239373	0.999805	0.002228
0.255469	0.998671	0.001929
0.271578	1.000601	0.002544
0.284846	0.999588	0.002317
0.300936	1.000303	0.003652
0.320823	0.999750	0.001794
0.337857	0.998319	0.002001
0.350206	1.000901	0.001991
0.368138	1.000824	0.003602
0.381440	1.001450	0.005438
0.395643	1.004123	0.008909
0.411733	1.000748	0.002414
0.428774	0.999831	0.002022
0.442519	1.001947	0.001829
0.456070	0.999750	0.002587
0.471664	1.000942	0.002314
0.486272	1.000274	0.002894
0.499821	0.999404	0.002559
0.516459	1.001142	0.003300
0.531065	0.999923	0.003196
0.545627	1.001446	0.001953
0.560249	1.000303	0.002472
0.576879	1.000396	0.003320
0.591506	1.000900	0.004111
0.608135	1.001977	0.002330
0.623791	1.000101	0.001940
0.639363	1.000785	0.003247
0.653987	1.003123	0.002617
0.670633	1.001038	0.003788
0.683167	1.000812	0.002327
0.700847	0.999473	0.003403
0.715470	0.998856	0.004382
0.733133	1.000550	0.002544
0.745674	0.997514	0.008577
0.761245	0.993862	0.020259
0.775849	1.000578	0.002750
0.794602	0.990819	0.030059
0.809211	0.984224	0.034675
0.822725	0.992845	0.027990
0.837303	0.990431	0.026048
0.852958	0.984792	0.035279
0.868563	0.983325	0.030610
0.884200	0.992048	0.023055
0.898765	0.993028	0.020589
0.917534	0.986011	0.031568
0.932104	0.991527	0.022619
0.945664	0.999939	0.002117
0.962307	0.982865	0.030997
0.977955	0.999298	0.001476
0.993563	0.985731	0.031248
1.008166	0.991781	0.026230
1.022717	0.981989	0.033515
1.037313	0.995149	0.014922
1.055052	0.991973	0.028920
1.075838	0.982887	0.036522
1.091508	1.000452	0.008796
1.107091	0.991611	0.031319
1.119629	0.995126	0.025001
1.137307	0.998359	0.013495
1.152970	1.002925	0.004995
1.169587	1.003641	0.004079
1.184219	1.001280	0.006945
1.199786	1.002912	0.003802
1.212321	1.001329	0.005783
1.226920	1.001145	0.005577
1.241460	1.002541	0.004753
1.253991	1.003272	0.006799
1.268567	1.003154	0.003908
1.284182	1.001168	0.003913
1.296685	1.002007	0.004617
1.309193	1.002187	0.003498
1.323787	1.002416	0.004777
1.337330	1.001079	0.004065
1.352949	1.001136	0.005682
1.369596	1.003271	0.004504
1.383159	1.002091	0.004529
1.398762	1.003587	0.004682
1.411281	1.000211	0.002644
1.426903	1.000749	0.002561
1.442541	1.001236	0.004600
1.455041	1.001508	0.003376
1.470632	1.001968	0.002751
1.483149	1.001718	0.003932
1.497759	1.002252	0.003174
1.513337	0.999940	0.002393
1.525888	1.000451	0.002936
0.031729	1.000726	0.002763
0.065894	1.001166	0.002299
0.098077	0.999831	0.002351
0.132105	1.001321	0.002251
0.158706	1.001011	0.001330
0.190867	1.000499	0.002284
0.219260	0.998909	0.002729
0.251470	0.998570	0.002163
0.281795	0.999052	0.002498
0.319635	1.001888	0.001856
0.348091	0.998693	0.002560
0.380213	1.001368	0.002810
0.408666	1.000664	0.002990
0.442771	0.999214	0.001237
0.478747	0.999805	0.002228
0.510939	0.998671	0.001929
0.543156	1.000601	0.002544
0.569691	0.999588	0.002317
0.601872	1.000303	0.003652
0.641646	0.999750	0.001794
0.675714	0.998319	0.002001
0.700412	1.000901	0.001991
0.736275	1.000824	0.003602
0.762879	1.001450	0.005438
0.791286	1.004123	0.008909
0.823466	1.000748	0.002414
0.857549	0.999831	0.002022
0.885038	1.001947	0.001829
0.912141	0.999750	0.002587
0.943327	1.000942	0.002314
0.972545	1.000274	0.002894
0.999642	0.999404	0.002559
1.032918	1.001142	0.003300
1.062130	0.999923	0.003196
1.091255	1.001446	0.001953
1.120497	1.000303	0.002472
1.153758	1.000396	0.003320
1.183012	1.000900	0.004111
1.216270	1.001977	0.002330
1.247581	1.000101	0.001940
1.278727	1.000785	0.003247
1.307974	1.003123	0.002617
1.341267	1.001038	0.003788
1.366334	1.000812	0.002327
1.401694	0.999473	0.003403
1.430940	0.998856	0.004382
1.466267	1.000550	0.002544
1.491349	0.997514	0.008577
1.522491	0.993862	0.020259
1.551698	1.000578	0.002750
1.589204	0.990819	0.030059
1.618421	0.984224	0.034675
1.645450	0.992845	0.027990
1.674607	0.990431	0.026048
1.705917	0.984792	0.035279
1.737127	0.983325	0.030610
1.768400	0.992048	0.023055
1.797531	0.993028	0.020589
1.835068	0.986011	0.031568
1.864207	0.991527	0.022619
1.891329	0.999939	0.002117
1.924615	0.982865	0.030997
1.955910	0.999298	0.001476
1.987127	0.985731	0.031248
2.016332	0.991781	0.026230
2.045435	0.981989	0.033515
2.074627	0.995149	0.014922
2.110105	0.991973	0.028920
2.151677	0.982887	0.036522
2.183016	1.000452	0.008796
2.214183	0.991611	0.031319
2.239258	0.995126	0.025001
2.274615	0.998359	0.013495
2.305940	1.002925	0.004995
2.339174	1.003641	0.004079
2.368438	1.001280	0.006945
2.399571	1.002912	0.003802
2.424642	1.001329	0.005783
2.453841	1.001145	0.005577
2.482920	1.002541	0.004753
2.507982	1.003272	0.006799
2.537134	1.003154	0.003908
2.568364	1.001168	0.003913
2.593370	1.002007	0.004617
2.618386	1.002187	0.003498
2.647573	1.002416	0.004777
2.674661	1.001079	0.004065
2.705898	1.001136	0.005682
2.739192	1.003271	0.004504
2.766317	1.002091	0.004529
2.797524	1.003587	0.004682
2.822563	1.000211	0.002644
2.853805	1.000749	0.002561
2.885083	1.001236	0.004600
2.910081	1.001508	0.003376
2.941263	1.001968	0.002751
2.966298	1.001718	0.003932
2.995517	1.002252	0.003174
3.026674	0.999940	0.002393
3.051777	1.000451	0.002936
