100
0.007655	0.999793	0.001242
0.018800	1.000282	0.001368
0.030324	0.999816	0.001288
0.041212	0.999839	0.001372
0.054143	0.999727	0.000868
0.063559	1.000041	0.001449
0.076667	0.999772	0.001181
0.085466	1.000075	0.001283
0.098715	0.999498	0.001217
0.108128	0.999895	0.001072
0.120668	0.999520	0.001181
0.130227	0.999737	0.001323
0.142266	0.999741	0.001278
0.151758	0.999805	0.001470
0.163354	1.000199	0.001068
0.173770	0.999431	0.001282
0.184463	1.001248	0.008552
0.194392	0.999828	0.001751
0.205269	0.999487	0.002596
0.214458	0.999214	0.003511
0.225959	0.999709	0.001297
0.235242	0.999744	0.001800
0.246221	0.999636	0.001134
0.255127	0.999674	0.002192
0.266664	1.000926	0.009515
0.274709	0.999765	0.001975
0.286336	0.999807	0.001589
0.294712	1.001175	0.007879
0.306713	0.999828	0.001595
0.314902	1.000893	0.006364
0.326937	1.000171	0.001684
0.334808	1.000947	0.005259
0.346787	1.000370	0.002162
0.355234	1.000819	0.004274
0.367437	1.000652	0.002142
0.375850	1.000682	0.003784
0.387620	1.000806	0.001948
0.396148	1.000606	0.003533
0.407979	1.000426	0.002005
0.416623	1.000458	0.003149
0.427880	1.000055	0.002206
0.436967	1.000400	0.003062
0.447589	1.000596	0.001956
0.457519	1.000625	0.002705
0.468145	1.000091	0.001906
0.478156	1.000665	0.002258
0.488812	1.000741	0.002255
0.498734	1.000952	0.003081
0.508982	1.000362	0.001937
0.519254	1.000857	0.002173
0.530057	1.000669	0.002148
0.540647	1.000419	0.002119
0.551410	1.000174	0.001745
0.561345	1.000626	0.001728
0.571792	1.000535	0.002180
0.582050	1.000754	0.001880
0.593007	1.000773	0.002130
0.603022	1.000575	0.001871
0.614243	1.000706	0.002083
0.624491	1.000636	0.001821
0.636157	1.000519	0.002092
0.646091	1.000364	0.001680
0.658466	1.000581	0.001858
0.668010	1.000270	0.001614
0.681084	1.000795	0.001827
0.690408	1.000222	0.001377
0.703432	1.000990	0.002153
0.713466	1.000235	0.001785
0.725794	1.000567	0.001891
0.735741	1.000446	0.002002
0.747358	1.000834	0.001922
0.758033	1.000363	0.002163
0.769586	1.000693	0.001834
0.781517	1.000454	0.002130
0.791347	1.000633	0.001840
0.802998	1.000843	0.001933
0.813131	1.000613	0.001883
0.825439	1.000393	0.001819
0.834322	1.000816	0.002185
0.846713	1.000170	0.001680
0.855304	1.000594	0.002182
0.867878	1.000347	0.001575
0.876686	1.000483	0.002402
0.889379	1.000460	0.002026
0.898081	1.001024	0.002144
0.910879	1.000108	0.001879
0.919573	1.000797	0.002091
0.932170	1.000341	0.001764
0.940562	1.000703	0.002256
0.953175	1.000107	0.001373
0.962066	1.000347	0.002185
0.974283	1.000171	0.001667
0.982973	1.000739	0.002017
0.995766	1.000466	0.003373
1.004940	1.000423	0.001928
1.017010	0.999983	0.001583
1.027177	1.000043	0.001729
1.038834	0.999951	0.001859
1.049031	0.999912	0.001798
1.060142	1.000179	0.001537
0.015309	0.999793	0.001242
0.037599	1.000282	0.001368
0.060648	0.999816	0.001288
0.082423	0.999839	0.001372
0.108287	0.999727	0.000868
0.127118	1.000041	0.001449
0.153334	0.999772	0.001181
0.170932	1.000075	0.001283
0.197430	0.999498	0.001217
0.216257	0.999895	0.001072
0.241337	0.999520	0.001181
0.260454	0.999737	0.001323
0.284531	0.999741	0.001278
0.303516	0.999805	0.001470
0.326709	1.000199	0.001068
0.347540	0.999431	0.001282
0.368927	1.001248	0.008552
0.388785	0.999828	0.001751
0.410538	0.999487	0.002596
0.428917	0.999214	0.003511
0.451919	0.999709	0.001297
0.470484	0.999744	0.001800
0.492442	0.999636	0.001134
0.510253	0.999674	0.002192
0.533327	1.000926	0.009515
0.549417	0.999765	0.001975
0.572671	0.999807	0.001589
0.589423	1.001175	0.007879
0.613425	0.999828	0.001595
0.629804	1.000893	0.006364
0.653873	1.000171	0.001684
0.669617	1.000947	0.005259
0.693575	1.000370	0.002162
0.710468	1.000819	0.004274
0.734875	1.000652	0.002142
0.751699	1.000682	0.003784
0.775241	1.000806	0.001948
0.792297	1.000606	0.003533
0.815959	1.000426	0.002005
0.833246	1.000458	0.003149
0.855760	1.000055	0.002206
0.873934	1.000400	0.003062
0.895177	1.000596	0.001956
0.915038	1.000625	0.002705
0.936290	1.000091	0.001906
0.956312	1.000665	0.002258
0.977625	1.000741	0.002255
0.997468	1.000952	0.003081
1.017965	1.000362	0.001937
1.038508	1.000857	0.002173
1.060113	1.000669	0.002148
1.081294	1.000419	0.002119
1.102821	1.000174	0.001745
1.122691	1.000626	0.001728
1.143585	1.000535	0.002180
1.164101	1.000754	0.001880
1.186014	1.000773	0.002130
1.206044	1.000575	0.001871
1.228486	1.000706	0.002083
1.248983	1.000636	0.001821
1.272313	1.000519	0.002092
1.292181	1.000364	0.001680
1.316932	1.000581	0.001858
1.336021	1.000270	0.001614
1.362167	1.000795	0.001827
1.380816	1.000222	0.001377
1.406865	1.000990	0.002153
1.426932	1.000235	0.001785
1.451588	1.000567	0.001891
1.471481	1.000446	0.002002
1.494715	1.000834	0.001922
1.516066	1.000363	0.002163
1.539173	1.000693	0.001834
1.563033	1.000454	0.002130
1.582693	1.000633	0.001840
1.605996	1.000843	0.001933
1.626262	1.000613	0.001883
1.650878	1.000393	0.001819
1.668644	1.000816	0.002185
1.693427	1.000170	0.001680
1.710607	1.000594	0.002182
1.735755	1.000347	0.001575
1.753372	1.000483	0.002402
1.778757	1.000460	0.002026
1.796162	1.001024	0.002144
1.821758	1.000108	0.001879
1.839147	1.000797	0.002091
1.864340	1.000341	0.001764
1.881124	1.000703	0.002256
1.906350	1.000107	0.001373
1.924133	1.000347	0.002185
1.948565	1.000171	0.001667
1.965945	1.000739	0.002017
1.991532	1.000466	0.003373
2.009881	1.000423	0.001928
2.034020	0.999983	0.001583
2.054355	1.000043	0.001729
2.077667	0.999951	0.001859
2.098062	0.999912	0.001798
2.120284	1.000179	0.001537
