100
0.048244	1.000019	0.000878
0.154202	0.999993	0.000973
0.262377	1.000373	0.000941
0.360003	1.000416	0.000938
0.455177	1.000863	0.001482
0.550338	1.000316	0.001192
0.647116	1.000305	0.002002
0.743586	0.999530	0.002250
0.843033	0.999600	0.002014
0.946002	0.999942	0.001192
1.048396	1.000399	0.001798
1.161403	0.999674	0.000818
1.275817	0.999843	0.000864
1.389580	0.999895	0.000811
1.507451	0.999889	0.000864
1.630048	1.000159	0.001002
1.750872	1.000376	0.001031
1.868725	1.000786	0.001843
1.991483	1.000662	0.001528
2.100461	1.001317	0.003468
2.197471	1.000134	0.001434
2.293196	1.000215	0.001004
2.386816	0.999468	0.001085
2.490260	0.999918	0.000820
2.591575	0.999559	0.001044
2.686614	0.999979	0.000961
2.780593	0.999774	0.001064
2.879194	1.000044	0.000857
2.979335	0.999939	0.000902
3.075652	1.000228	0.000823
3.174294	1.000581	0.001727
3.267281	1.000638	0.001431
3.357433	1.000688	0.001564
3.448663	1.000224	0.001079
3.532711	1.000368	0.000791
3.618724	1.000063	0.000868
3.705156	0.999958	0.000772
3.793396	1.000654	0.002954
3.876823	0.999680	0.001694
3.953151	0.999594	0.001086
4.033919	0.999738	0.001468
4.112783	0.999020	0.001986
4.198411	1.000018	0.001621
4.289806	0.999693	0.001256
4.385739	0.999686	0.001163
4.483997	0.999949	0.000981
4.576234	1.000400	0.001275
4.669062	1.000853	0.001659
4.766552	1.001076	0.001553
4.860048	1.000524	0.001581
4.958359	1.000358	0.001178
5.060312	0.999865	0.000913
5.151554	1.000509	0.003980
5.238338	0.999986	0.002357
5.330971	0.999551	0.001537
5.419001	0.999642	0.001355
5.506054	0.999524	0.001701
5.591875	0.999846	0.001481
5.680801	0.999875	0.001396
5.774991	1.000074	0.001675
5.860432	1.000022	0.001598
5.942370	1.000348	0.001186
6.026575	1.000740	0.001435
6.115598	1.000918	0.001562
6.211571	1.000709	0.002329
6.300164	0.999427	0.003410
6.384709	0.999771	0.002516
6.468424	0.999790	0.002601
6.555077	0.999104	0.003466
6.643905	0.999301	0.002285
6.741422	0.999913	0.000879
6.839421	0.999776	0.000935
6.937597	0.999715	0.001314
7.040048	0.999620	0.001336
7.135895	1.000038	0.001206
7.228806	0.999989	0.000909
7.329175	1.000141	0.000901
7.431188	1.000337	0.001182
7.538463	1.000412	0.001371
7.654666	1.000635	0.001296
7.765342	1.000125	0.001175
7.866422	1.000077	0.001040
7.971618	1.000353	0.001551
8.085749	1.000085	0.000869
8.198602	0.999703	0.000822
8.312648	0.999489	0.000829
8.423521	0.999855	0.001039
8.529555	0.999806	0.000843
8.637049	0.999862	0.000882
8.742574	1.000025	0.001064
8.862620	1.000853	0.001345
8.981393	1.000933	0.001366
9.101103	1.000805	0.000968
9.207012	1.000022	0.001053
9.308353	1.000160	0.000934
9.406992	0.999813	0.001120
9.506615	0.999870	0.000912
9.610445	0.999780	0.000817
9.709736	0.999780	0.000899
9.807465	1.000096	0.000835
0.096488	1.000019	0.000878
0.308404	0.999993	0.000973
0.524754	1.000373	0.000941
0.720006	1.000416	0.000938
0.910353	1.000863	0.001482
1.100675	1.000316	0.001192
1.294232	1.000305	0.002002
1.487173	0.999530	0.002250
1.686066	0.999600	0.002014
1.892003	0.999942	0.001192
2.096792	1.000399	0.001798
2.322806	0.999674	0.000818
2.551634	0.999843	0.000864
2.779161	0.999895	0.000811
3.014902	0.999889	0.000864
3.260096	1.000159	0.001002
3.501744	1.000376	0.001031
3.737450	1.000786	0.001843
3.982965	1.000662	0.001528
4.200922	1.001317	0.003468
4.394942	1.000134	0.001434
4.586392	1.000215	0.001004
4.773633	0.999468	0.001085
4.980521	0.999918	0.000820
5.183150	0.999559	0.001044
5.373228	0.999979	0.000961
5.561187	0.999774	0.001064
5.758389	1.000044	0.000857
5.958670	0.999939	0.000902
6.151305	1.000228	0.000823
6.348587	1.000581	0.001727
6.534563	1.000638	0.001431
6.714866	1.000688	0.001564
6.897326	1.000224	0.001079
7.065421	1.000368	0.000791
7.237447	1.000063	0.000868
7.410313	0.999958	0.000772
7.586791	1.000654	0.002954
7.753647	0.999680	0.001694
7.906303	0.999594	0.001086
8.067838	0.999738	0.001468
8.225566	0.999020	0.001986
8.396821	1.000018	0.001621
8.579613	0.999693	0.001256
8.771477	0.999686	0.001163
8.967994	0.999949	0.000981
9.152469	1.000400	0.001275
9.338123	1.000853	0.001659
9.533104	1.001076	0.001553
9.720097	1.000524	0.001581
9.916719	1.000358	0.001178
10.120624	0.999865	0.000913
10.303108	1.000509	0.003980
10.476675	0.999986	0.002357
10.661942	0.999551	0.001537
10.838002	0.999642	0.001355
11.012109	0.999524	0.001701
11.183751	0.999846	0.001481
11.361601	0.999875	0.001396
11.549983	1.000074	0.001675
11.720865	1.000022	0.001598
11.884740	1.000348	0.001186
12.053150	1.000740	0.001435
12.231196	1.000918	0.001562
12.423142	1.000709	0.002329
12.600328	0.999427	0.003410
12.769418	0.999771	0.002516
12.936847	0.999790	0.002601
13.110155	0.999104	0.003466
13.287809	0.999301	0.002285
13.482845	0.999913	0.000879
13.678842	0.999776	0.000935
13.875193	0.999715	0.001314
14.080096	0.999620	0.001336
14.271791	1.000038	0.001206
14.457612	0.999989	0.000909
14.658350	1.000141	0.000901
14.862376	1.000337	0.001182
15.076927	1.000412	0.001371
15.309332	1.000635	0.001296
15.530683	1.000125	0.001175
15.732844	1.000077	0.001040
15.943236	1.000353	0.001551
16.171497	1.000085	0.000869
16.397204	0.999703	0.000822
16.625296	0.999489	0.000829
16.847042	0.999855	0.001039
17.059110	0.999806	0.000843
17.274098	0.999862	0.000882
17.485148	1.000025	0.001064
17.725241	1.000853	0.001345
17.962787	1.000933	0.001366
18.202207	1.000805	0.000968
18.414025	1.000022	0.001053
18.616705	1.000160	0.000934
18.813983	0.999813	0.001120
19.013231	0.999870	0.000912
19.220890	0.999780	0.000817
19.419473	0.999780	0.000899
19.614931	1.000096	0.000835
