100
0.013467	1.000223	0.002144
0.040222	0.999660	0.002123
0.067067	0.999314	0.002045
0.091624	0.999345	0.001716
0.117253	1.000181	0.002335
0.143299	0.999881	0.001757
0.169833	0.999530	0.001948
0.195057	0.999295	0.002135
0.220798	0.999435	0.002274
0.246498	1.000031	0.002427
0.269456	0.998221	0.003349
0.292951	0.998475	0.003369
0.317190	0.998261	0.002703
0.341843	0.998894	0.002679
0.368376	0.998164	0.002366
0.395908	0.998662	0.002294
0.424203	0.999832	0.002536
0.452586	0.998826	0.002496
0.480300	0.999976	0.002044
0.506460	0.999797	0.002970
0.532458	1.001041	0.002861
0.557114	0.999979	0.004287
0.581636	1.000413	0.004278
0.606098	1.001191	0.004045
0.631038	1.001188	0.005321
0.657737	1.001767	0.005023
0.682210	1.001798	0.005036
0.705791	1.002901	0.004074
0.731098	1.002582	0.005844
0.758390	1.003368	0.005550
0.782579	1.003443	0.004829
0.805613	1.003249	0.005585
0.828586	1.003212	0.005014
0.852837	1.003901	0.004657
0.878794	1.004315	0.003466
0.903598	1.004822	0.003727
0.929406	1.004805	0.003136
0.953586	1.004148	0.004442
0.976621	1.003928	0.003833
0.999838	1.004028	0.004104
1.024621	1.003896	0.004450
1.049116	1.001959	0.004608
1.072759	1.003090	0.004461
1.095947	1.002487	0.004207
1.119239	1.002977	0.004382
1.143437	1.002232	0.004709
1.167250	1.002259	0.003790
1.190606	1.001100	0.003481
1.212199	1.000967	0.003201
1.235109	0.999915	0.003153
1.257004	0.999582	0.002869
1.278245	0.999102	0.001875
1.300251	1.000154	0.002053
1.323790	1.000013	0.004000
1.347143	0.999757	0.002057
1.369350	0.999430	0.001718
1.390994	0.999331	0.002583
1.413778	0.998596	0.002220
1.435267	0.998697	0.001845
1.456087	0.999535	0.001430
1.477705	0.999944	0.002592
1.499468	0.999747	0.002709
1.519988	0.999406	0.002143
1.541509	0.999642	0.002511
1.563530	0.999784	0.002427
1.585691	1.000115	0.002709
1.607932	0.998111	0.008356
1.627460	0.999534	0.004090
1.648314	1.000485	0.002305
1.671482	1.000749	0.003101
1.692099	1.000421	0.002472
1.715492	1.000021	0.002918
1.737236	1.000203	0.002810
1.760166	0.999635	0.002705
1.783362	1.000430	0.002837
1.806005	1.000628	0.003745
1.828289	1.001430	0.004116
1.852080	1.000529	0.003163
1.877112	1.001149	0.003408
1.900568	1.000631	0.003127
1.924887	1.000549	0.002635
1.948859	0.999733	0.001741
1.971913	1.000594	0.002384
1.997514	1.000298	0.001794
2.022188	0.999905	0.002144
2.047036	1.000415	0.001828
2.070335	0.999833	0.001951
2.094305	1.000659	0.004012
2.116695	1.000225	0.002039
2.140940	1.000138	0.002046
2.163009	1.000397	0.001921
2.187109	1.000831	0.002319
2.214184	1.000311	0.002384
2.239110	1.000970	0.002189
2.262907	0.999718	0.002504
2.286086	1.000237	0.002060
2.311064	1.000137	0.002027
2.337620	0.999807	0.002733
2.363565	0.999461	0.002247
2.386337	1.000233	0.002047
0.026933	1.000223	0.002144
0.080444	0.999660	0.002123
0.134134	0.999314	0.002045
0.183248	0.999345	0.001716
0.234506	1.000181	0.002335
0.286598	0.999881	0.001757
0.339665	0.999530	0.001948
0.390115	0.999295	0.002135
0.441597	0.999435	0.002274
0.492995	1.000031	0.002427
0.538912	0.998221	0.003349
0.585902	0.998475	0.003369
0.634380	0.998261	0.002703
0.683686	0.998894	0.002679
0.736752	0.998164	0.002366
0.791816	0.998662	0.002294
0.848407	0.999832	0.002536
0.905173	0.998826	0.002496
0.960601	0.999976	0.002044
1.012920	0.999797	0.002970
1.064916	1.001041	0.002861
1.114228	0.999979	0.004287
1.163272	1.000413	0.004278
1.212195	1.001191	0.004045
1.262076	1.001188	0.005321
1.315475	1.001767	0.005023
1.364420	1.001798	0.005036
1.411582	1.002901	0.004074
1.462195	1.002582	0.005844
1.516779	1.003368	0.005550
1.565159	1.003443	0.004829
1.611225	1.003249	0.005585
1.657173	1.003212	0.005014
1.705674	1.003901	0.004657
1.757587	1.004315	0.003466
1.807197	1.004822	0.003727
1.858813	1.004805	0.003136
1.907173	1.004148	0.004442
1.953242	1.003928	0.003833
1.999676	1.004028	0.004104
2.049241	1.003896	0.004450
2.098231	1.001959	0.004608
2.145517	1.003090	0.004461
2.191894	1.002487	0.004207
2.238479	1.002977	0.004382
2.286875	1.002232	0.004709
2.334500	1.002259	0.003790
2.381212	1.001100	0.003481
2.424399	1.000967	0.003201
2.470219	0.999915	0.003153
2.514009	0.999582	0.002869
2.556491	0.999102	0.001875
2.600503	1.000154	0.002053
2.647580	1.000013	0.004000
2.694286	0.999757	0.002057
2.738700	0.999430	0.001718
2.781987	0.999331	0.002583
2.827555	0.998596	0.002220
2.870534	0.998697	0.001845
2.912174	0.999535	0.001430
2.955410	0.999944	0.002592
2.998936	0.999747	0.002709
3.039975	0.999406	0.002143
3.083017	0.999642	0.002511
3.127059	0.999784	0.002427
3.171383	1.000115	0.002709
3.215864	0.998111	0.008356
3.254921	0.999534	0.004090
3.296627	1.000485	0.002305
3.342964	1.000749	0.003101
3.384198	1.000421	0.002472
3.430984	1.000021	0.002918
3.474473	1.000203	0.002810
3.520333	0.999635	0.002705
3.566723	1.000430	0.002837
3.612009	1.000628	0.003745
3.656578	1.001430	0.004116
3.704159	1.000529	0.003163
3.754223	1.001149	0.003408
3.801136	1.000631	0.003127
3.849775	1.000549	0.002635
3.897718	0.999733	0.001741
3.943826	1.000594	0.002384
3.995027	1.000298	0.001794
4.044377	0.999905	0.002144
4.094071	1.000415	0.001828
4.140670	0.999833	0.001951
4.188610	1.000659	0.004012
4.233389	1.000225	0.002039
4.281880	1.000138	0.002046
4.326019	1.000397	0.001921
4.374217	1.000831	0.002319
4.428367	1.000311	0.002384
4.478220	1.000970	0.002189
4.525814	0.999718	0.002504
4.572171	1.000237	0.002060
4.622127	1.000137	0.002027
4.675241	0.999807	0.002733
4.727130	0.999461	0.002247
4.772674	1.000233	0.002047
