100
0.005631	0.999540	0.000616
0.023225	0.999659	0.000620
0.040267	0.999668	0.000834
0.055570	0.999605	0.000858
0.071612	0.999697	0.000656
0.087747	1.000209	0.001929
0.104988	0.999964	0.000675
0.122268	0.999942	0.001177
0.138127	0.999952	0.000693
0.153409	1.000045	0.001267
0.169906	1.000204	0.001339
0.186695	1.000349	0.001104
0.203150	1.000176	0.000849
0.218476	1.000359	0.001210
0.234076	1.000514	0.001619
0.250861	1.000478	0.001335
0.266696	1.000494	0.001270
0.280749	1.000506	0.001087
0.296384	1.000674	0.001294
0.313233	1.000608	0.001467
0.329541	1.000784	0.001288
0.343543	1.000713	0.001361
0.358192	1.000780	0.001431
0.374496	1.000788	0.001429
0.387742	1.000684	0.001385
0.401178	1.001092	0.001462
0.417189	1.001059	0.001465
0.431692	1.000881	0.001427
0.446590	1.000994	0.001724
0.462334	1.001335	0.001539
0.478690	1.001291	0.001632
0.492585	1.001109	0.001561
0.506777	1.001426	0.001649
0.522539	1.001355	0.001766
0.537655	1.001250	0.001692
0.551595	1.001271	0.001610
0.567194	1.001404	0.001782
0.583320	1.001440	0.001848
0.597686	1.001495	0.001773
0.611722	1.001423	0.001777
0.627549	1.001542	0.001802
0.643332	1.001513	0.001891
0.658381	1.001275	0.002007
0.672863	1.001615	0.001762
0.689380	1.001467	0.001866
0.704352	1.001457	0.001970
0.717245	1.001395	0.001941
0.732766	1.001239	0.001790
0.749259	1.001351	0.001996
0.764526	1.001488	0.001871
0.778130	1.001152	0.001887
0.794883	1.001082	0.001873
0.811694	1.001181	0.001816
0.826600	1.001278	0.001903
0.840919	1.001036	0.001832
0.857137	1.000930	0.001578
0.873534	1.000838	0.001599
0.887807	1.000966	0.001639
0.902974	1.000752	0.001549
0.919542	1.000609	0.001712
0.936671	1.000449	0.001584
0.951754	1.000625	0.001355
0.966844	1.000522	0.001284
0.983363	1.000001	0.001500
1.000735	1.000219	0.001117
1.018566	1.000113	0.001113
1.035660	0.999997	0.001261
1.051344	0.999787	0.000931
1.067106	0.999657	0.001255
1.084256	0.999518	0.001210
1.100273	0.999534	0.001238
1.115443	0.999560	0.000992
1.132818	0.999536	0.001041
1.150114	0.999295	0.001035
1.167314	0.998984	0.001689
1.183520	0.998661	0.002607
1.198087	0.998708	0.002338
1.214618	0.998483	0.002987
1.231852	0.998091	0.003463
1.248584	0.998404	0.002299
1.263795	0.998530	0.002247
1.279592	0.998361	0.002389
1.295537	0.998001	0.003352
1.312257	0.998135	0.003135
1.327130	0.998542	0.002061
1.342512	0.997886	0.002668
1.358465	0.998249	0.002707
1.375330	0.997940	0.003251
1.391730	0.997369	0.004243
1.408725	0.996826	0.004366
1.424839	0.997638	0.003314
1.441569	0.998354	0.002197
1.458928	0.998791	0.001307
1.475501	0.999239	0.000923
1.490981	0.999237	0.000726
1.506311	0.999168	0.000836
1.523162	0.999120	0.002515
1.540317	0.999271	0.000885
1.556488	0.999436	0.000767
1.571938	0.999581	0.000707
0.011262	0.999540	0.000616
0.046451	0.999659	0.000620
0.080533	0.999668	0.000834
0.111140	0.999605	0.000858
0.143224	0.999697	0.000656
0.175493	1.000209	0.001929
0.209976	0.999964	0.000675
0.244537	0.999942	0.001177
0.276254	0.999952	0.000693
0.306817	1.000045	0.001267
0.339811	1.000204	0.001339
0.373389	1.000349	0.001104
0.406301	1.000176	0.000849
0.436952	1.000359	0.001210
0.468152	1.000514	0.001619
0.501721	1.000478	0.001335
0.533392	1.000494	0.001270
0.561498	1.000506	0.001087
0.592767	1.000674	0.001294
0.626467	1.000608	0.001467
0.659082	1.000784	0.001288
0.687085	1.000713	0.001361
0.716384	1.000780	0.001431
0.748992	1.000788	0.001429
0.775484	1.000684	0.001385
0.802356	1.001092	0.001462
0.834379	1.001059	0.001465
0.863383	1.000881	0.001427
0.893180	1.000994	0.001724
0.924667	1.001335	0.001539
0.957379	1.001291	0.001632
0.985169	1.001109	0.001561
1.013554	1.001426	0.001649
1.045078	1.001355	0.001766
1.075309	1.001250	0.001692
1.103191	1.001271	0.001610
1.134389	1.001404	0.001782
1.166641	1.001440	0.001848
1.195372	1.001495	0.001773
1.223444	1.001423	0.001777
1.255098	1.001542	0.001802
1.286664	1.001513	0.001891
1.316762	1.001275	0.002007
1.345727	1.001615	0.001762
1.378759	1.001467	0.001866
1.408704	1.001457	0.001970
1.434490	1.001395	0.001941
1.465532	1.001239	0.001790
1.498519	1.001351	0.001996
1.529052	1.001488	0.001871
1.556259	1.001152	0.001887
1.589766	1.001082	0.001873
1.623387	1.001181	0.001816
1.653200	1.001278	0.001903
1.681837	1.001036	0.001832
1.714273	1.000930	0.001578
1.747068	1.000838	0.001599
1.775613	1.000966	0.001639
1.805948	1.000752	0.001549
1.839083	1.000609	0.001712
1.873342	1.000449	0.001584
1.903508	1.000625	0.001355
1.933688	1.000522	0.001284
1.966727	1.000001	0.001500
2.001471	1.000219	0.001117
2.037133	1.000113	0.001113
2.071319	0.999997	0.001261
2.102689	0.999787	0.000931
2.134211	0.999657	0.001255
2.168512	0.999518	0.001210
2.200546	0.999534	0.001238
2.230887	0.999560	0.000992
2.265635	0.999536	0.001041
2.300227	0.999295	0.001035
2.334627	0.998984	0.001689
2.367040	0.998661	0.002607
2.396174	0.998708	0.002338
2.429237	0.998483	0.002987
2.463704	0.998091	0.003463
2.497168	0.998404	0.002299
2.527591	0.998530	0.002247
2.559184	0.998361	0.002389
2.591073	0.998001	0.003352
2.624514	0.998135	0.003135
2.654261	0.998542	0.002061
2.685025	0.997886	0.002668
2.716929	0.998249	0.002707
2.750660	0.997940	0.003251
2.783459	0.997369	0.004243
2.817450	0.996826	0.004366
2.849679	0.997638	0.003314
2.883138	0.998354	0.002197
2.917856	0.998791	0.001307
2.951002	0.999239	0.000923
2.981963	0.999237	0.000726
3.012621	0.999168	0.000836
3.046323	0.999120	0.002515
3.080634	0.999271	0.000885
3.112977	0.999436	0.000767
3.143876	0.999581	0.000707
