100
0.044955	0.999910	0.000975
0.136960	1.000096	0.000618
0.239026	0.999919	0.001025
0.317296	1.000695	0.001492
0.386469	1.000869	0.001314
0.455976	1.000743	0.001687
0.523827	1.000441	0.001317
0.589774	1.000210	0.001500
0.654935	0.999707	0.001458
0.715890	1.000166	0.001168
0.777447	0.999978	0.001259
0.836180	0.999889	0.001280
0.892258	1.000053	0.001015
0.941448	0.999647	0.000886
0.991110	0.999406	0.001111
1.042946	0.999244	0.001517
1.092612	0.999132	0.000804
1.142258	0.999133	0.001213
1.191448	0.999397	0.000904
1.241110	0.999498	0.000769
1.290593	0.999435	0.001264
1.339951	0.999308	0.000902
1.392882	0.999372	0.000873
1.444114	0.999269	0.000709
1.494861	0.999096	0.000686
1.546559	0.998846	0.000830
1.597939	0.999274	0.000949
1.651347	0.999325	0.000897
1.708520	0.999490	0.000933
1.767573	0.999132	0.000915
1.831168	0.999292	0.000886
1.892877	0.999181	0.000923
1.951150	0.998814	0.000943
2.010522	0.998512	0.000745
2.075054	0.998825	0.001032
2.134428	0.998882	0.001118
2.193937	0.998832	0.000962
2.251125	0.999209	0.001376
2.310163	0.998971	0.000909
2.366718	0.999086	0.000765
2.426096	0.999308	0.001124
2.482787	0.999086	0.001153
2.539652	0.999146	0.001368
2.601209	0.999916	0.001380
2.661367	0.999602	0.001294
2.725434	0.999626	0.001472
2.788714	0.999706	0.001162
2.852926	1.000374	0.001419
2.911514	1.001081	0.001291
2.973547	1.001432	0.001275
3.030726	1.001866	0.001600
3.096212	1.002111	0.001554
3.162163	1.002661	0.001682
3.227633	1.003732	0.001905
3.286351	1.004571	0.001839
3.345420	1.004570	0.001904
3.406495	1.005381	0.001473
3.466036	1.005594	0.001328
3.529164	1.005708	0.001290
3.590570	1.005670	0.000955
3.658215	1.004683	0.001068
3.722751	1.003533	0.001312
3.785418	1.002749	0.001699
3.849344	1.001788	0.001559
3.908386	1.000575	0.001635
3.968535	1.000529	0.001454
4.028840	0.999645	0.001322
4.090245	0.999676	0.001423
4.152274	0.999506	0.001378
4.211815	0.999850	0.001227
4.278515	0.999131	0.000738
4.336950	0.999559	0.001225
4.393500	0.998563	0.001171
4.453339	0.999009	0.001450
4.515514	0.999110	0.001451
4.571928	0.999786	0.002156
4.629237	1.002663	0.006735
4.688133	1.003265	0.009116
4.745143	1.006417	0.014768
4.804207	1.007333	0.018683
4.861072	1.008018	0.017995
4.921529	1.006671	0.013783
4.979807	1.003983	0.007672
5.032763	1.005664	0.013102
5.082241	1.003451	0.016414
5.131593	1.003514	0.020767
5.182643	1.005509	0.028759
5.238580	1.005694	0.028862
5.297303	1.007952	0.023972
5.365916	1.007798	0.018117
5.434376	1.004945	0.011933
5.503771	1.000504	0.004097
5.596657	0.999697	0.000821
5.699882	1.000139	0.001144
5.798729	0.999946	0.000738
5.904616	1.000273	0.000926
6.007065	0.999995	0.000787
6.108547	0.999977	0.001060
6.215397	0.999782	0.001110
6.314705	1.000034	0.000958
0.089909	0.999910	0.000975
0.273920	1.000096	0.000618
0.478051	0.999919	0.001025
0.634593	1.000695	0.001492
0.772938	1.000869	0.001314
0.911952	1.000743	0.001687
1.047655	1.000441	0.001317
1.179548	1.000210	0.001500
1.309870	0.999707	0.001458
1.431779	1.000166	0.001168
1.554893	0.999978	0.001259
1.672361	0.999889	0.001280
1.784517	1.000053	0.001015
1.882896	0.999647	0.000886
1.982220	0.999406	0.001111
2.085891	0.999244	0.001517
2.185224	0.999132	0.000804
2.284517	0.999133	0.001213
2.382896	0.999397	0.000904
2.482220	0.999498	0.000769
2.581186	0.999435	0.001264
2.679902	0.999308	0.000902
2.785764	0.999372	0.000873
2.888228	0.999269	0.000709
2.989722	0.999096	0.000686
3.093117	0.998846	0.000830
3.195879	0.999274	0.000949
3.302693	0.999325	0.000897
3.417040	0.999490	0.000933
3.535146	0.999132	0.000915
3.662335	0.999292	0.000886
3.785754	0.999181	0.000923
3.902299	0.998814	0.000943
4.021045	0.998512	0.000745
4.150108	0.998825	0.001032
4.268855	0.998882	0.001118
4.387874	0.998832	0.000962
4.502249	0.999209	0.001376
4.620327	0.998971	0.000909
4.733436	0.999086	0.000765
4.852192	0.999308	0.001124
4.965573	0.999086	0.001153
5.079303	0.999146	0.001368
5.202417	0.999916	0.001380
5.322735	0.999602	0.001294
5.450867	0.999626	0.001472
5.577428	0.999706	0.001162
5.705853	1.000374	0.001419
5.823028	1.001081	0.001291
5.947094	1.001432	0.001275
6.061451	1.001866	0.001600
6.192423	1.002111	0.001554
6.324327	1.002661	0.001682
6.455266	1.003732	0.001905
6.572702	1.004571	0.001839
6.690841	1.004570	0.001904
6.812990	1.005381	0.001473
6.932072	1.005594	0.001328
7.058327	1.005708	0.001290
7.181140	1.005670	0.000955
7.316429	1.004683	0.001068
7.445502	1.003533	0.001312
7.570837	1.002749	0.001699
7.698688	1.001788	0.001559
7.816771	1.000575	0.001635
7.937070	1.000529	0.001454
8.057680	0.999645	0.001322
8.180491	0.999676	0.001423
8.304548	0.999506	0.001378
8.423630	0.999850	0.001227
8.557030	0.999131	0.000738
8.673900	0.999559	0.001225
8.787000	0.998563	0.001171
8.906678	0.999009	0.001450
9.031028	0.999110	0.001451
9.143855	0.999786	0.002156
9.258474	1.002663	0.006735
9.376266	1.003265	0.009116
9.490287	1.006417	0.014768
9.608414	1.007333	0.018683
9.722143	1.008018	0.017995
9.843057	1.006671	0.013783
9.959613	1.003983	0.007672
10.065525	1.005664	0.013102
10.164481	1.003451	0.016414
10.263186	1.003514	0.020767
10.365287	1.005509	0.028759
10.477161	1.005694	0.028862
10.594605	1.007952	0.023972
10.731832	1.007798	0.018117
10.868753	1.004945	0.011933
11.007541	1.000504	0.004097
11.193314	0.999697	0.000821
11.399764	1.000139	0.001144
11.597457	0.999946	0.000738
11.809232	1.000273	0.000926
12.014131	0.999995	0.000787
12.217095	0.999977	0.001060
12.430794	0.999782	0.001110
12.629410	1.000034	0.000958
