100
0.018833	1.000892	0.001022
0.050612	1.000991	0.001115
0.082114	1.000891	0.001479
0.114879	1.000767	0.001132
0.150921	1.000422	0.000910
0.181913	1.000568	0.001221
0.213497	1.000337	0.001246
0.244459	1.000481	0.001466
0.275106	1.000515	0.001278
0.305028	1.000591	0.001022
0.336071	1.000973	0.001425
0.365774	0.999879	0.001498
0.399621	1.000629	0.001644
0.429287	1.000252	0.001480
0.457911	1.000503	0.001162
0.486410	0.999996	0.001965
0.515765	1.000471	0.001541
0.544352	1.000352	0.001757
0.572135	0.999832	0.001613
0.598597	0.999706	0.002380
0.624344	1.000006	0.002137
0.649222	1.000565	0.002431
0.675010	1.000077	0.002655
0.699986	0.999661	0.002829
0.726993	1.000518	0.002390
0.755749	1.000786	0.003511
0.782355	1.000202	0.003005
0.811594	1.000407	0.002973
0.839611	1.000261	0.002859
0.868670	1.000537	0.002544
0.896168	1.000479	0.001871
0.923839	1.000866	0.001949
0.952518	1.000593	0.001921
0.983694	1.000178	0.001606
1.014051	1.000793	0.002153
1.048710	0.999867	0.001992
1.082430	1.000914	0.002725
1.115871	1.001096	0.002733
1.148157	1.000243	0.003269
1.178820	1.000158	0.003151
1.209240	1.000136	0.003106
1.239684	0.999633	0.001685
1.270287	1.000048	0.003142
1.299032	0.999845	0.002181
1.327518	1.000791	0.002270
1.355061	0.999663	0.001910
1.382493	0.999674	0.002087
1.410486	0.999929	0.001808
1.438393	0.999177	0.001538
1.465036	0.999590	0.001874
1.494744	0.999440	0.001696
1.526465	0.998898	0.001570
1.557214	0.999729	0.001547
1.587825	0.999331	0.001215
1.616607	0.999787	0.001834
1.648474	0.999126	0.001544
1.678651	0.999561	0.001505
1.708380	0.999445	0.001682
1.736358	0.999389	0.001170
1.764808	0.999807	0.001221
1.795798	0.998966	0.001227
1.824580	0.999928	0.000959
1.855787	0.999715	0.001278
1.883479	0.999706	0.001288
1.912399	0.999816	0.001455
1.942382	1.000127	0.001461
1.972480	0.999882	0.001449
2.002299	0.999414	0.001072
2.033429	1.000170	0.001442
2.062538	0.999525	0.001304
2.090608	1.000367	0.000939
2.121704	0.999616	0.000995
2.150315	0.999707	0.001158
2.178171	1.000063	0.001380
2.208692	0.999997	0.001195
2.237658	0.999955	0.001229
2.268409	1.000268	0.001343
2.297574	1.000119	0.001352
2.326638	1.000173	0.001732
2.356058	1.000247	0.001705
2.384783	1.000323	0.002030
2.413372	1.000367	0.002796
2.442060	1.000297	0.002262
2.468729	1.000649	0.002411
2.496300	1.000053	0.002370
2.524297	1.000697	0.002015
2.553340	1.000573	0.001848
2.580275	1.000074	0.001736
2.607322	1.000625	0.001940
2.634139	1.000510	0.001392
2.660972	1.000289	0.001321
2.689783	1.000316	0.001263
2.719368	1.000755	0.001711
2.749281	1.000341	0.001450
2.778399	1.000326	0.001371
2.810288	1.000863	0.001921
2.844322	1.000750	0.002150
2.878138	1.000731	0.001697
2.913264	1.000848	0.002137
2.945569	1.000934	0.001515
0.037666	1.000892	0.001022
0.101224	1.000991	0.001115
0.164227	1.000891	0.001479
0.229758	1.000767	0.001132
0.301842	1.000422	0.000910
0.363827	1.000568	0.001221
0.426995	1.000337	0.001246
0.488917	1.000481	0.001466
0.550212	1.000515	0.001278
0.610056	1.000591	0.001022
0.672142	1.000973	0.001425
0.731548	0.999879	0.001498
0.799241	1.000629	0.001644
0.858573	1.000252	0.001480
0.915821	1.000503	0.001162
0.972821	0.999996	0.001965
1.031530	1.000471	0.001541
1.088705	1.000352	0.001757
1.144270	0.999832	0.001613
1.197195	0.999706	0.002380
1.248688	1.000006	0.002137
1.298444	1.000565	0.002431
1.350021	1.000077	0.002655
1.399972	0.999661	0.002829
1.453986	1.000518	0.002390
1.511497	1.000786	0.003511
1.564710	1.000202	0.003005
1.623187	1.000407	0.002973
1.679222	1.000261	0.002859
1.737340	1.000537	0.002544
1.792335	1.000479	0.001871
1.847678	1.000866	0.001949
1.905037	1.000593	0.001921
1.967387	1.000178	0.001606
2.028102	1.000793	0.002153
2.097420	0.999867	0.001992
2.164860	1.000914	0.002725
2.231742	1.001096	0.002733
2.296314	1.000243	0.003269
2.357640	1.000158	0.003151
2.418480	1.000136	0.003106
2.479368	0.999633	0.001685
2.540574	1.000048	0.003142
2.598064	0.999845	0.002181
2.655037	1.000791	0.002270
2.710123	0.999663	0.001910
2.764985	0.999674	0.002087
2.820973	0.999929	0.001808
2.876786	0.999177	0.001538
2.930071	0.999590	0.001874
2.989487	0.999440	0.001696
3.052931	0.998898	0.001570
3.114429	0.999729	0.001547
3.175651	0.999331	0.001215
3.233215	0.999787	0.001834
3.296947	0.999126	0.001544
3.357302	0.999561	0.001505
3.416761	0.999445	0.001682
3.472716	0.999389	0.001170
3.529616	0.999807	0.001221
3.591597	0.998966	0.001227
3.649161	0.999928	0.000959
3.711574	0.999715	0.001278
3.766958	0.999706	0.001288
3.824798	0.999816	0.001455
3.884763	1.000127	0.001461
3.944959	0.999882	0.001449
4.004598	0.999414	0.001072
4.066858	1.000170	0.001442
4.125077	0.999525	0.001304
4.181216	1.000367	0.000939
4.243407	0.999616	0.000995
4.300630	0.999707	0.001158
4.356342	1.000063	0.001380
4.417384	0.999997	0.001195
4.475316	0.999955	0.001229
4.536817	1.000268	0.001343
4.595147	1.000119	0.001352
4.653275	1.000173	0.001732
4.712117	1.000247	0.001705
4.769566	1.000323	0.002030
4.826744	1.000367	0.002796
4.884120	1.000297	0.002262
4.937458	1.000649	0.002411
4.992600	1.000053	0.002370
5.048593	1.000697	0.002015
5.106680	1.000573	0.001848
5.160551	1.000074	0.001736
5.214644	1.000625	0.001940
5.268278	1.000510	0.001392
5.321944	1.000289	0.001321
5.379567	1.000316	0.001263
5.438735	1.000755	0.001711
5.498563	1.000341	0.001450
5.556798	1.000326	0.001371
5.620576	1.000863	0.001921
5.688645	1.000750	0.002150
5.756276	1.000731	0.001697
5.826528	1.000848	0.002137
5.891137	1.000934	0.001515
