100
0.055756	0.999232	0.001482
0.167318	0.993921	0.008594
0.279673	0.993087	0.008595
0.376970	1.000336	0.009948
0.464480	0.997898	0.005231
0.550499	0.999780	0.003622
0.631108	1.001734	0.002490
0.715397	1.004115	0.002734
0.803696	1.006132	0.003007
0.891136	1.007134	0.003403
0.980628	1.006751	0.003608
1.069605	1.005542	0.003650
1.159308	1.002352	0.003642
1.245870	1.000329	0.003920
1.331584	0.998287	0.005004
1.424378	0.994215	0.006438
1.509157	0.987502	0.007914
1.600558	0.989849	0.008774
1.695992	0.994983	0.007483
1.782830	0.998313	0.002288
1.870754	0.999098	0.002535
1.958082	0.999349	0.002810
2.045274	0.999480	0.002200
2.132308	0.999359	0.001836
2.221825	0.999426	0.001400
2.308194	0.997461	0.005802
2.398957	0.994764	0.009436
2.478862	0.999940	0.004515
2.557339	1.000645	0.002080
2.624683	1.003018	0.006479
2.693608	1.002238	0.004211
2.764816	1.003427	0.003380
2.839009	1.005029	0.003004
2.907789	1.005871	0.002709
2.978808	1.006685	0.002756
3.055136	1.006704	0.003566
3.134390	1.005916	0.003894
3.216755	1.004619	0.004037
3.306069	1.001538	0.004070
3.398263	1.000295	0.004500
3.496355	0.996936	0.005078
3.592447	0.994206	0.006140
3.691762	0.989815	0.008567
3.798629	0.991846	0.009351
3.900477	0.997116	0.003332
3.999604	0.998560	0.002774
4.098644	0.999114	0.002617
4.198343	0.999183	0.002596
4.301718	0.998943	0.002300
4.407288	0.997048	0.005505
4.496006	0.992347	0.008474
4.578627	0.996779	0.007017
4.663080	1.000178	0.003826
4.747732	0.999512	0.004271
4.824282	0.999467	0.003804
4.899813	1.000576	0.003480
4.972646	1.002193	0.003375
5.046141	1.003944	0.002325
5.121027	1.005614	0.002896
5.192706	1.006224	0.003382
5.265039	1.007098	0.003324
5.341507	1.005403	0.003272
5.415505	1.004025	0.003709
5.491600	1.001551	0.003746
5.564432	0.999101	0.004457
5.636602	0.997413	0.004893
5.708445	0.995891	0.004248
5.785809	0.989315	0.008903
5.869089	0.985581	0.009117
5.942210	0.989965	0.010045
6.013935	0.994639	0.005296
6.085726	0.997227	0.002669
6.160085	0.997209	0.003002
6.231935	0.997759	0.003473
6.305317	0.998120	0.002746
6.375875	0.997857	0.002604
6.446950	0.998417	0.002212
6.522107	0.998649	0.001835
6.600120	0.996213	0.007665
6.678988	0.997576	0.006301
6.756028	0.999621	0.004404
6.831296	1.001383	0.001195
6.909038	1.000644	0.001817
6.990207	0.999800	0.001654
7.071240	1.001708	0.002339
7.150108	1.003958	0.002049
7.238683	1.005933	0.002614
7.327060	1.007275	0.003041
7.414915	1.007023	0.003527
7.505063	1.004468	0.005124
7.602259	1.001197	0.005324
7.694497	0.999345	0.005120
7.793136	0.995138	0.006427
7.902995	0.991357	0.006794
8.005709	0.989278	0.008039
8.100721	0.993545	0.007560
8.206715	0.997419	0.002109
8.313322	0.998873	0.002219
8.422446	0.999392	0.002337
8.528829	0.999480	0.002234
0.111512	0.999232	0.001482
0.334636	0.993921	0.008594
0.559347	0.993087	0.008595
0.753940	1.000336	0.009948
0.928959	0.997898	0.005231
1.100998	0.999780	0.003622
1.262217	1.001734	0.002490
1.430795	1.004115	0.002734
1.607392	1.006132	0.003007
1.782272	1.007134	0.003403
1.961256	1.006751	0.003608
2.139211	1.005542	0.003650
2.318617	1.002352	0.003642
2.491739	1.000329	0.003920
2.663168	0.998287	0.005004
2.848756	0.994215	0.006438
3.018315	0.987502	0.007914
3.201116	0.989849	0.008774
3.391984	0.994983	0.007483
3.565660	0.998313	0.002288
3.741509	0.999098	0.002535
3.916163	0.999349	0.002810
4.090548	0.999480	0.002200
4.264616	0.999359	0.001836
4.443651	0.999426	0.001400
4.616388	0.997461	0.005802
4.797914	0.994764	0.009436
4.957724	0.999940	0.004515
5.114678	1.000645	0.002080
5.249366	1.003018	0.006479
5.387217	1.002238	0.004211
5.529632	1.003427	0.003380
5.678018	1.005029	0.003004
5.815578	1.005871	0.002709
5.957617	1.006685	0.002756
6.110273	1.006704	0.003566
6.268781	1.005916	0.003894
6.433509	1.004619	0.004037
6.612138	1.001538	0.004070
6.796526	1.000295	0.004500
6.992709	0.996936	0.005078
7.184893	0.994206	0.006140
7.383525	0.989815	0.008567
7.597259	0.991846	0.009351
7.800954	0.997116	0.003332
7.999208	0.998560	0.002774
8.197288	0.999114	0.002617
8.396686	0.999183	0.002596
8.603436	0.998943	0.002300
8.814576	0.997048	0.005505
8.992012	0.992347	0.008474
9.157254	0.996779	0.007017
9.326160	1.000178	0.003826
9.495465	0.999512	0.004271
9.648565	0.999467	0.003804
9.799626	1.000576	0.003480
9.945292	1.002193	0.003375
10.092282	1.003944	0.002325
10.242054	1.005614	0.002896
10.385413	1.006224	0.003382
10.530077	1.007098	0.003324
10.683013	1.005403	0.003272
10.831009	1.004025	0.003709
10.983201	1.001551	0.003746
11.128865	0.999101	0.004457
11.273204	0.997413	0.004893
11.416889	0.995891	0.004248
11.571618	0.989315	0.008903
11.738179	0.985581	0.009117
11.884419	0.989965	0.010045
12.027869	0.994639	0.005296
12.171453	0.997227	0.002669
12.320169	0.997209	0.003002
12.463869	0.997759	0.003473
12.610635	0.998120	0.002746
12.751750	0.997857	0.002604
12.893901	0.998417	0.002212
13.044214	0.998649	0.001835
13.200241	0.996213	0.007665
13.357976	0.997576	0.006301
13.512055	0.999621	0.004404
13.662592	1.001383	0.001195
13.818075	1.000644	0.001817
13.980413	0.999800	0.001654
14.142480	1.001708	0.002339
14.300215	1.003958	0.002049
14.477367	1.005933	0.002614
14.654119	1.007275	0.003041
14.829829	1.007023	0.003527
15.010125	1.004468	0.005124
15.204519	1.001197	0.005324
15.388995	0.999345	0.005120
15.586272	0.995138	0.006427
15.805991	0.991357	0.006794
16.011418	0.989278	0.008039
16.201442	0.993545	0.007560
16.413430	0.997419	0.002109
16.626643	0.998873	0.002219
16.844893	0.999392	0.002337
17.057657	0.999480	0.002234
