100
0.062603	1.002977	0.001870
0.167866	1.003838	0.003395
0.267093	1.003852	0.003669
0.359259	1.001156	0.002988
0.448459	1.000899	0.002676
0.533460	1.000579	0.001375
0.608678	1.000278	0.001188
0.690791	1.000232	0.000817
0.777372	0.999990	0.000983
0.870567	0.999166	0.001354
0.957244	0.999911	0.000727
1.042894	0.999977	0.000704
1.134345	0.999636	0.000761
1.224131	0.999228	0.000975
1.323588	1.000222	0.000705
1.432080	1.000287	0.000802
1.559365	0.999608	0.000821
1.674401	0.999518	0.000813
1.791231	1.000089	0.000608
1.902192	0.999623	0.000787
2.014029	0.998698	0.000647
2.116499	0.999400	0.000630
2.226914	0.999766	0.001006
2.332177	0.999327	0.000734
2.450440	1.000353	0.000698
2.570114	1.000583	0.000995
2.675428	0.999516	0.000757
2.766461	0.999853	0.000822
2.846503	1.000221	0.001005
2.931634	0.999577	0.001792
3.014108	0.999538	0.001539
3.101773	0.999199	0.000860
3.188444	0.999633	0.000583
3.271781	1.000027	0.000873
3.356371	0.999607	0.001073
3.454676	0.999456	0.000974
3.565418	1.000043	0.000677
3.681650	1.000180	0.000843
3.791184	0.999580	0.001023
3.908510	0.999037	0.000916
4.019534	0.999290	0.000674
4.130118	0.998873	0.001283
4.241018	0.999154	0.001162
4.342169	1.000344	0.001062
4.448306	1.001050	0.001069
4.569802	1.000885	0.000737
4.680718	1.001400	0.001091
4.791184	1.002607	0.002251
4.890850	1.003895	0.002782
4.997173	1.004225	0.002186
5.108350	1.004872	0.001402
5.223329	1.005409	0.002929
5.341750	1.002955	0.004040
5.449100	1.001662	0.002671
5.564344	1.001070	0.001104
5.676068	1.000664	0.000702
5.781658	0.999974	0.001502
5.874192	0.998422	0.002429
5.962184	0.998660	0.001857
6.046339	0.998772	0.000917
6.134224	0.998186	0.000996
6.225179	0.998119	0.001560
6.312950	0.998527	0.001822
6.398584	0.999058	0.001221
6.491682	1.000061	0.001126
6.577039	1.000164	0.001028
6.662679	1.000425	0.000994
6.754072	1.000636	0.000921
6.845676	1.000333	0.001301
6.929131	0.999857	0.000918
7.021123	0.999403	0.000787
7.105826	0.999309	0.000923
7.194534	0.999631	0.001054
7.289060	0.999685	0.000944
7.388281	1.000418	0.001029
7.494616	1.000788	0.000822
7.608444	1.001042	0.000853
7.723621	1.000690	0.000636
7.838605	1.000279	0.001194
7.948416	1.000346	0.001247
8.074144	0.999592	0.000541
8.213269	0.998762	0.000838
8.343599	0.998937	0.000910
8.473227	0.999833	0.000829
8.598227	0.999936	0.000869
8.732947	0.999783	0.000442
8.878780	0.999601	0.000856
9.002375	1.001226	0.004450
9.110359	1.001414	0.003372
9.229398	0.999728	0.001159
9.334725	0.999685	0.001717
9.442478	1.000317	0.002097
9.548728	1.000725	0.001384
9.646184	1.001162	0.001179
9.753584	1.001700	0.001931
9.851747	1.001520	0.002316
9.951620	1.002522	0.003907
10.058103	1.002436	0.003425
10.155158	1.002876	0.002242
10.252428	1.003338	0.002494
0.125206	1.002977	0.001870
0.335732	1.003838	0.003395
0.534186	1.003852	0.003669
0.718518	1.001156	0.002988
0.896919	1.000899	0.002676
1.066920	1.000579	0.001375
1.217355	1.000278	0.001188
1.381582	1.000232	0.000817
1.554744	0.999990	0.000983
1.741134	0.999166	0.001354
1.914487	0.999911	0.000727
2.085787	0.999977	0.000704
2.268689	0.999636	0.000761
2.448262	0.999228	0.000975
2.647177	1.000222	0.000705
2.864159	1.000287	0.000802
3.118730	0.999608	0.000821
3.348801	0.999518	0.000813
3.582462	1.000089	0.000608
3.804385	0.999623	0.000787
4.028058	0.998698	0.000647
4.232998	0.999400	0.000630
4.453828	0.999766	0.001006
4.664354	0.999327	0.000734
4.900880	1.000353	0.000698
5.140228	1.000583	0.000995
5.350855	0.999516	0.000757
5.532921	0.999853	0.000822
5.693005	1.000221	0.001005
5.863268	0.999577	0.001792
6.028215	0.999538	0.001539
6.203546	0.999199	0.000860
6.376889	0.999633	0.000583
6.543562	1.000027	0.000873
6.712742	0.999607	0.001073
6.909352	0.999456	0.000974
7.130836	1.000043	0.000677
7.363299	1.000180	0.000843
7.582368	0.999580	0.001023
7.817020	0.999037	0.000916
8.039068	0.999290	0.000674
8.260236	0.998873	0.001283
8.482037	0.999154	0.001162
8.684338	1.000344	0.001062
8.896612	1.001050	0.001069
9.139604	1.000885	0.000737
9.361437	1.001400	0.001091
9.582368	1.002607	0.002251
9.781700	1.003895	0.002782
9.994346	1.004225	0.002186
10.216700	1.004872	0.001402
10.446657	1.005409	0.002929
10.683499	1.002955	0.004040
10.898199	1.001662	0.002671
11.128689	1.001070	0.001104
11.352136	1.000664	0.000702
11.563317	0.999974	0.001502
11.748384	0.998422	0.002429
11.924369	0.998660	0.001857
12.092679	0.998772	0.000917
12.268448	0.998186	0.000996
12.450357	0.998119	0.001560
12.625900	0.998527	0.001822
12.797169	0.999058	0.001221
12.983364	1.000061	0.001126
13.154079	1.000164	0.001028
13.325357	1.000425	0.000994
13.508144	1.000636	0.000921
13.691352	1.000333	0.001301
13.858262	0.999857	0.000918
14.042247	0.999403	0.000787
14.211653	0.999309	0.000923
14.389069	0.999631	0.001054
14.578121	0.999685	0.000944
14.776562	1.000418	0.001029
14.989233	1.000788	0.000822
15.216889	1.001042	0.000853
15.447242	1.000690	0.000636
15.677210	1.000279	0.001194
15.896832	1.000346	0.001247
16.148287	0.999592	0.000541
16.426538	0.998762	0.000838
16.687198	0.998937	0.000910
16.946454	0.999833	0.000829
17.196454	0.999936	0.000869
17.465894	0.999783	0.000442
17.757561	0.999601	0.000856
18.004750	1.001226	0.004450
18.220719	1.001414	0.003372
18.458795	0.999728	0.001159
18.669451	0.999685	0.001717
18.884956	1.000317	0.002097
19.097457	1.000725	0.001384
19.292367	1.001162	0.001179
19.507168	1.001700	0.001931
19.703494	1.001520	0.002316
19.903240	1.002522	0.003907
20.116207	1.002436	0.003425
20.310317	1.002876	0.002242
20.504857	1.003338	0.002494
