100
0.031622	0.999549	0.001542
0.096589	0.999439	0.001470
0.168875	0.998733	0.001195
0.240875	0.999335	0.001060
0.306213	0.999599	0.000812
0.369420	1.000081	0.000821
0.428334	1.000641	0.000732
0.486373	1.000829	0.001550
0.547443	1.001416	0.001463
0.609201	1.001498	0.001624
0.668436	1.001736	0.002129
0.728738	1.001885	0.001945
0.788277	1.001961	0.001792
0.849691	1.001625	0.001637
0.912174	1.001494	0.001143
0.973224	1.001120	0.001126
1.038269	1.000903	0.000860
1.104800	1.000415	0.000634
1.166233	1.000167	0.000720
1.226960	0.999938	0.000700
1.288277	0.999953	0.000778
1.344998	0.999897	0.000888
1.407785	0.999718	0.000727
1.468062	0.999928	0.001036
1.526912	1.000154	0.001128
1.590909	1.000076	0.000933
1.647542	1.000136	0.000692
1.703830	1.000098	0.000752
1.760512	0.999262	0.001519
1.819651	0.998821	0.002188
1.878520	0.998593	0.002375
1.944287	0.998257	0.002335
2.008615	0.998508	0.002152
2.070042	0.999385	0.000973
2.129647	0.999920	0.000503
2.188116	0.999724	0.000507
2.239699	0.999571	0.000392
2.291203	0.999754	0.000600
2.343843	0.999432	0.000596
2.404833	0.999647	0.000451
2.465488	0.999611	0.000551
2.523967	0.998970	0.002333
2.585047	0.985971	0.017811
2.642033	0.979616	0.023727
2.704183	0.978951	0.024978
2.765580	0.980059	0.023552
2.825918	0.989745	0.014937
2.882572	0.998902	0.001677
2.940294	0.999215	0.001585
3.005750	0.998994	0.001437
3.056545	0.999498	0.001362
3.106207	0.999511	0.001278
3.155612	0.999560	0.000998
3.204930	0.999900	0.000790
3.254641	1.000054	0.000642
3.303982	1.000220	0.000583
3.353310	1.000646	0.000691
3.403054	1.001050	0.000981
3.452377	1.000933	0.001134
3.505381	1.001392	0.001534
3.556535	1.001003	0.001461
3.608063	1.001294	0.001710
3.659250	1.000804	0.001428
3.711878	1.001127	0.001569
3.764163	1.000599	0.001083
3.818561	1.000757	0.000962
3.875965	1.000410	0.000933
3.934027	1.000215	0.000645
3.990714	1.000278	0.000560
4.047314	1.000211	0.000332
4.103632	1.000039	0.000544
4.164005	0.999903	0.000512
4.225701	1.000113	0.000551
4.282382	0.999881	0.000703
4.338982	0.999905	0.000522
4.393861	0.999814	0.001044
4.443605	0.999431	0.001127
4.493295	0.999960	0.000851
4.542623	0.999962	0.000704
4.592688	0.999668	0.001837
4.648240	0.999409	0.001604
4.705287	0.998201	0.003771
4.756126	0.997876	0.003907
4.809758	0.999598	0.001687
4.867868	0.999355	0.001891
4.927123	0.999603	0.001512
4.983722	0.999688	0.001015
5.040059	0.999953	0.000505
5.097784	0.999700	0.000481
5.159537	0.999750	0.000519
5.218050	0.999559	0.000357
5.275391	0.999447	0.000703
5.331728	0.999543	0.000758
5.388711	0.999479	0.000790
5.445025	0.995094	0.008271
5.506745	0.978896	0.022308
5.563813	0.976283	0.025098
5.625922	0.979387	0.024645
5.683310	0.983973	0.020220
5.745437	0.996501	0.006865
0.063244	0.999549	0.001542
0.193179	0.999439	0.001470
0.337751	0.998733	0.001195
0.481750	0.999335	0.001060
0.612426	0.999599	0.000812
0.738839	1.000081	0.000821
0.856669	1.000641	0.000732
0.972747	1.000829	0.001550
1.094886	1.001416	0.001463
1.218403	1.001498	0.001624
1.336873	1.001736	0.002129
1.457476	1.001885	0.001945
1.576555	1.001961	0.001792
1.699383	1.001625	0.001637
1.824348	1.001494	0.001143
1.946448	1.001120	0.001126
2.076538	1.000903	0.000860
2.209600	1.000415	0.000634
2.332466	1.000167	0.000720
2.453919	0.999938	0.000700
2.576555	0.999953	0.000778
2.689995	0.999897	0.000888
2.815569	0.999718	0.000727
2.936124	0.999928	0.001036
3.053824	1.000154	0.001128
3.181818	1.000076	0.000933
3.295084	1.000136	0.000692
3.407660	1.000098	0.000752
3.521024	0.999262	0.001519
3.639302	0.998821	0.002188
3.757040	0.998593	0.002375
3.888574	0.998257	0.002335
4.017229	0.998508	0.002152
4.140085	0.999385	0.000973
4.259293	0.999920	0.000503
4.376231	0.999724	0.000507
4.479399	0.999571	0.000392
4.582406	0.999754	0.000600
4.687687	0.999432	0.000596
4.809665	0.999647	0.000451
4.930975	0.999611	0.000551
5.047934	0.998970	0.002333
5.170094	0.985971	0.017811
5.284066	0.979616	0.023727
5.408367	0.978951	0.024978
5.531160	0.980059	0.023552
5.651837	0.989745	0.014937
5.765144	0.998902	0.001677
5.880589	0.999215	0.001585
6.011500	0.998994	0.001437
6.113091	0.999498	0.001362
6.212415	0.999511	0.001278
6.311225	0.999560	0.000998
6.409860	0.999900	0.000790
6.509282	1.000054	0.000642
6.607963	1.000220	0.000583
6.706619	1.000646	0.000691
6.806108	1.001050	0.000981
6.904754	1.000933	0.001134
7.010762	1.001392	0.001534
7.113070	1.001003	0.001461
7.216126	1.001294	0.001710
7.318500	1.000804	0.001428
7.423756	1.001127	0.001569
7.528327	1.000599	0.001083
7.637123	1.000757	0.000962
7.751931	1.000410	0.000933
7.868054	1.000215	0.000645
7.981428	1.000278	0.000560
8.094627	1.000211	0.000332
8.207263	1.000039	0.000544
8.328010	0.999903	0.000512
8.451401	1.000113	0.000551
8.564765	0.999881	0.000703
8.677964	0.999905	0.000522
8.787721	0.999814	0.001044
8.887210	0.999431	0.001127
8.986590	0.999960	0.000851
9.085247	0.999962	0.000704
9.185375	0.999668	0.001837
9.296479	0.999409	0.001604
9.410574	0.998201	0.003771
9.512252	0.997876	0.003907
9.619516	0.999598	0.001687
9.735737	0.999355	0.001891
9.854245	0.999603	0.001512
9.967445	0.999688	0.001015
10.080119	0.999953	0.000505
10.195567	0.999700	0.000481
10.319074	0.999750	0.000519
10.436099	0.999559	0.000357
10.550781	0.999447	0.000703
10.663456	0.999543	0.000758
10.777421	0.999479	0.000790
10.890050	0.995094	0.008271
11.013490	0.978896	0.022308
11.127627	0.976283	0.025098
11.251843	0.979387	0.024645
11.366620	0.983973	0.020220
11.490875	0.996501	0.006865
