100
0.011534	1.002709	0.001548
0.040226	1.001900	0.001534
0.070971	1.000630	0.001260
0.097853	0.999957	0.001158
0.126623	0.999132	0.001295
0.157888	0.998180	0.001208
0.185978	0.993550	0.003587
0.215843	0.981139	0.002828
0.245018	0.982847	0.003872
0.273595	0.995209	0.004558
0.301632	1.000336	0.001402
0.329637	1.001095	0.001263
0.360560	1.000926	0.001230
0.387401	1.000926	0.001139
0.413857	1.000837	0.001196
0.444009	1.000363	0.001049
0.472086	1.000663	0.001070
0.500956	1.000517	0.000999
0.531127	1.000516	0.000947
0.559873	1.000853	0.001354
0.587523	1.000836	0.001175
0.615473	1.001007	0.000984
0.642924	1.001261	0.001008
0.672686	1.001035	0.000968
0.700706	1.000957	0.000915
0.728221	1.000325	0.000955
0.758254	0.999634	0.000969
0.785676	0.999169	0.000997
0.814614	0.998684	0.000943
0.843848	0.998937	0.001049
0.871181	0.999345	0.001195
0.899036	1.000014	0.000962
0.927807	1.000614	0.000873
0.955213	1.001024	0.001015
0.984799	1.000912	0.000956
1.013316	1.000654	0.000949
1.042033	1.000198	0.000845
1.072253	0.999916	0.000925
1.101207	0.999806	0.000874
1.131429	1.000061	0.000777
1.160730	1.000347	0.000791
1.192376	1.000432	0.000753
1.223045	1.000351	0.000770
1.255611	1.000200	0.000711
1.285082	0.999812	0.000746
1.315079	0.999700	0.000749
1.345932	0.999699	0.000841
1.375330	0.999739	0.000935
1.406524	0.999901	0.000852
1.435559	0.999998	0.000815
1.466369	0.999838	0.000698
1.494622	0.999511	0.000906
1.525446	0.999329	0.000804
1.554323	0.998912	0.001078
1.583358	0.999212	0.000954
1.613403	0.999859	0.001099
1.641608	1.000313	0.002143
1.671371	1.000995	0.001945
1.699589	1.000838	0.001586
1.727964	1.001039	0.001873
1.757570	1.000769	0.001378
1.785398	1.000156	0.001608
1.813751	1.000117	0.002097
1.842957	0.999907	0.001530
1.870419	1.000222	0.001992
1.900639	1.000716	0.001308
1.930135	1.000861	0.001381
1.957903	1.001448	0.001809
1.989544	1.001007	0.001429
2.016215	1.000358	0.001860
2.045022	0.999832	0.001624
2.073681	0.999045	0.001494
2.102200	0.998676	0.001241
2.131241	0.998418	0.001226
2.158984	0.998711	0.001063
2.186491	0.998881	0.001145
2.215605	0.999288	0.001197
2.242269	0.999548	0.001056
2.269254	0.999671	0.001385
2.297847	0.999445	0.001250
2.325263	0.999178	0.001125
2.351740	0.998744	0.001324
2.379312	0.996010	0.003202
2.406230	0.976554	0.008167
2.434602	0.959176	0.003267
2.463956	0.967740	0.006838
2.490964	0.990254	0.005026
2.517126	0.997251	0.002286
2.543499	0.998066	0.002500
2.572626	0.999731	0.001811
2.599243	1.001279	0.001801
2.628292	1.002374	0.001998
2.656130	1.004317	0.001580
2.683778	1.005730	0.001953
2.712957	1.007176	0.001722
2.741651	1.008023	0.001671
2.769334	1.008024	0.001722
2.799687	1.006829	0.001638
2.826906	1.005325	0.001684
2.855484	1.003983	0.001742
0.023068	1.002709	0.001548
0.080451	1.001900	0.001534
0.141942	1.000630	0.001260
0.195707	0.999957	0.001158
0.253246	0.999132	0.001295
0.315776	0.998180	0.001208
0.371956	0.993550	0.003587
0.431687	0.981139	0.002828
0.490036	0.982847	0.003872
0.547190	0.995209	0.004558
0.603265	1.000336	0.001402
0.659275	1.001095	0.001263
0.721120	1.000926	0.001230
0.774802	1.000926	0.001139
0.827714	1.000837	0.001196
0.888019	1.000363	0.001049
0.944173	1.000663	0.001070
1.001912	1.000517	0.000999
1.062255	1.000516	0.000947
1.119747	1.000853	0.001354
1.175046	1.000836	0.001175
1.230946	1.001007	0.000984
1.285847	1.001261	0.001008
1.345372	1.001035	0.000968
1.401412	1.000957	0.000915
1.456442	1.000325	0.000955
1.516508	0.999634	0.000969
1.571353	0.999169	0.000997
1.629228	0.998684	0.000943
1.687696	0.998937	0.001049
1.742363	0.999345	0.001195
1.798073	1.000014	0.000962
1.855614	1.000614	0.000873
1.910427	1.001024	0.001015
1.969599	1.000912	0.000956
2.026632	1.000654	0.000949
2.084065	1.000198	0.000845
2.144505	0.999916	0.000925
2.202414	0.999806	0.000874
2.262858	1.000061	0.000777
2.321460	1.000347	0.000791
2.384751	1.000432	0.000753
2.446090	1.000351	0.000770
2.511221	1.000200	0.000711
2.570164	0.999812	0.000746
2.630157	0.999700	0.000749
2.691863	0.999699	0.000841
2.750660	0.999739	0.000935
2.813048	0.999901	0.000852
2.871117	0.999998	0.000815
2.932739	0.999838	0.000698
2.989244	0.999511	0.000906
3.050892	0.999329	0.000804
3.108645	0.998912	0.001078
3.166715	0.999212	0.000954
3.226806	0.999859	0.001099
3.283215	1.000313	0.002143
3.342741	1.000995	0.001945
3.399179	1.000838	0.001586
3.455928	1.001039	0.001873
3.515141	1.000769	0.001378
3.570797	1.000156	0.001608
3.627501	1.000117	0.002097
3.685914	0.999907	0.001530
3.740838	1.000222	0.001992
3.801278	1.000716	0.001308
3.860270	1.000861	0.001381
3.915806	1.001448	0.001809
3.979088	1.001007	0.001429
4.032429	1.000358	0.001860
4.090045	0.999832	0.001624
4.147362	0.999045	0.001494
4.204400	0.998676	0.001241
4.262483	0.998418	0.001226
4.317967	0.998711	0.001063
4.372982	0.998881	0.001145
4.431209	0.999288	0.001197
4.484538	0.999548	0.001056
4.538508	0.999671	0.001385
4.595694	0.999445	0.001250
4.650527	0.999178	0.001125
4.703481	0.998744	0.001324
4.758623	0.996010	0.003202
4.812460	0.976554	0.008167
4.869203	0.959176	0.003267
4.927913	0.967740	0.006838
4.981928	0.990254	0.005026
5.034251	0.997251	0.002286
5.086998	0.998066	0.002500
5.145252	0.999731	0.001811
5.198486	1.001279	0.001801
5.256585	1.002374	0.001998
5.312261	1.004317	0.001580
5.367557	1.005730	0.001953
5.425914	1.007176	0.001722
5.483302	1.008023	0.001671
5.538668	1.008024	0.001722
5.599373	1.006829	0.001638
5.653812	1.005325	0.001684
5.710967	1.003983	0.001742
