100
0.066671	1.000513	0.001732
0.198149	0.998415	0.001626
0.312510	0.999009	0.001146
0.422328	0.999101	0.001014
0.529566	0.999776	0.001556
0.628668	0.999693	0.001247
0.727573	0.999778	0.001024
0.823271	1.000760	0.000975
0.919091	1.001875	0.001498
1.003625	1.002101	0.001958
1.085290	1.000027	0.001237
1.166051	0.997493	0.001508
1.251438	0.998024	0.001348
1.335029	0.999441	0.000875
1.420897	1.000223	0.001525
1.508904	1.000680	0.001812
1.591637	1.000753	0.001125
1.672269	1.000686	0.001119
1.753568	1.000637	0.000690
1.833234	1.000687	0.001086
1.914374	1.001102	0.001843
2.003908	1.001049	0.001508
2.088268	0.999549	0.001302
2.176426	0.998989	0.001925
2.262705	0.999097	0.001174
2.350000	0.999505	0.000876
2.437423	0.999794	0.001434
2.529147	1.000271	0.001191
2.620842	1.000197	0.001111
2.703686	1.000595	0.000793
2.787121	1.001367	0.000972
2.874597	1.002503	0.001472
2.960342	1.002559	0.001436
3.049352	0.999714	0.001451
3.142218	0.997791	0.001873
3.230221	0.998587	0.001299
3.311878	0.999688	0.000992
3.393053	1.000291	0.001639
3.476416	1.000579	0.001668
3.557941	1.000486	0.001600
3.639087	1.000472	0.001499
3.727509	1.000251	0.001011
3.816835	1.000779	0.001451
3.917634	1.000735	0.001903
4.019600	0.999442	0.001222
4.122324	0.998233	0.001665
4.224123	0.998970	0.001040
4.325700	0.999382	0.000941
4.427177	0.999718	0.001536
4.534657	1.000008	0.001119
4.638337	1.000137	0.000925
4.748685	1.001054	0.000977
4.850071	1.002314	0.001719
4.939119	1.001312	0.001427
5.028484	0.999006	0.001472
5.111091	0.997931	0.001846
5.190842	0.998722	0.001123
5.270440	0.999835	0.000732
5.351083	1.000494	0.001549
5.433516	1.000613	0.001478
5.508371	1.000514	0.001309
5.583555	1.000623	0.000993
5.658633	1.000601	0.000909
5.739900	1.000855	0.001435
5.821512	1.001558	0.002003
5.897580	1.001445	0.001856
5.974261	0.999801	0.001105
6.049220	0.998735	0.001360
6.127043	0.998642	0.001375
6.205563	0.999517	0.000772
6.278928	0.999763	0.001102
6.353261	1.000191	0.001619
6.426354	1.000306	0.001354
6.504451	0.999915	0.001224
6.578336	1.000235	0.001016
6.655186	1.000698	0.000615
6.732513	1.001491	0.001401
6.809782	1.002039	0.001900
6.885353	1.001589	0.001616
6.958878	0.999533	0.001216
7.034355	0.998165	0.001802
7.114727	0.998428	0.001349
7.193725	0.999486	0.000772
7.277196	1.000371	0.002307
7.355459	1.000952	0.002495
7.433105	1.001141	0.002604
7.513329	1.000653	0.002148
7.591420	1.001008	0.002094
7.668479	1.001421	0.002020
7.746409	1.002248	0.002246
7.823774	1.002125	0.002149
7.902343	0.996521	0.028072
7.977468	0.986945	0.041609
8.064179	0.998533	0.001894
8.158923	0.999275	0.000993
8.257052	1.000048	0.001225
8.361742	1.000408	0.001398
8.472293	1.000463	0.000983
8.595633	1.000334	0.000737
8.721718	1.000930	0.001801
0.133343	1.000513	0.001732
0.396297	0.998415	0.001626
0.625019	0.999009	0.001146
0.844655	0.999101	0.001014
1.059131	0.999776	0.001556
1.257335	0.999693	0.001247
1.455146	0.999778	0.001024
1.646542	1.000760	0.000975
1.838181	1.001875	0.001498
2.007250	1.002101	0.001958
2.170581	1.000027	0.001237
2.332103	0.997493	0.001508
2.502876	0.998024	0.001348
2.670059	0.999441	0.000875
2.841793	1.000223	0.001525
3.017809	1.000680	0.001812
3.183273	1.000753	0.001125
3.344538	1.000686	0.001119
3.507136	1.000637	0.000690
3.666468	1.000687	0.001086
3.828748	1.001102	0.001843
4.007815	1.001049	0.001508
4.176535	0.999549	0.001302
4.352852	0.998989	0.001925
4.525411	0.999097	0.001174
4.700000	0.999505	0.000876
4.874846	0.999794	0.001434
5.058294	1.000271	0.001191
5.241683	1.000197	0.001111
5.407372	1.000595	0.000793
5.574242	1.001367	0.000972
5.749194	1.002503	0.001472
5.920685	1.002559	0.001436
6.098703	0.999714	0.001451
6.284436	0.997791	0.001873
6.460443	0.998587	0.001299
6.623757	0.999688	0.000992
6.786105	1.000291	0.001639
6.952831	1.000579	0.001668
7.115883	1.000486	0.001600
7.278175	1.000472	0.001499
7.455018	1.000251	0.001011
7.633671	1.000779	0.001451
7.835268	1.000735	0.001903
8.039199	0.999442	0.001222
8.244647	0.998233	0.001665
8.448246	0.998970	0.001040
8.651400	0.999382	0.000941
8.854355	0.999718	0.001536
9.069313	1.000008	0.001119
9.276674	1.000137	0.000925
9.497371	1.001054	0.000977
9.700143	1.002314	0.001719
9.878239	1.001312	0.001427
10.056967	0.999006	0.001472
10.222181	0.997931	0.001846
10.381684	0.998722	0.001123
10.540880	0.999835	0.000732
10.702167	1.000494	0.001549
10.867031	1.000613	0.001478
11.016741	1.000514	0.001309
11.167109	1.000623	0.000993
11.317266	1.000601	0.000909
11.479800	1.000855	0.001435
11.643025	1.001558	0.002003
11.795159	1.001445	0.001856
11.948523	0.999801	0.001105
12.098441	0.998735	0.001360
12.254086	0.998642	0.001375
12.411127	0.999517	0.000772
12.557856	0.999763	0.001102
12.706522	1.000191	0.001619
12.852708	1.000306	0.001354
13.008901	0.999915	0.001224
13.156672	1.000235	0.001016
13.310373	1.000698	0.000615
13.465027	1.001491	0.001401
13.619564	1.002039	0.001900
13.770707	1.001589	0.001616
13.917756	0.999533	0.001216
14.068710	0.998165	0.001802
14.229453	0.998428	0.001349
14.387450	0.999486	0.000772
14.554391	1.000371	0.002307
14.710918	1.000952	0.002495
14.866211	1.001141	0.002604
15.026657	1.000653	0.002148
15.182840	1.001008	0.002094
15.336958	1.001421	0.002020
15.492817	1.002248	0.002246
15.647547	1.002125	0.002149
15.804685	0.996521	0.028072
15.954936	0.986945	0.041609
16.128358	0.998533	0.001894
16.317847	0.999275	0.000993
16.514104	1.000048	0.001225
16.723484	1.000408	0.001398
16.944585	1.000463	0.000983
17.191266	1.000334	0.000737
17.443436	1.000930	0.001801
