100
0.046893	1.004248	0.002793
0.137082	1.002779	0.002432
0.235697	1.000586	0.002224
0.330310	0.998281	0.003495
0.429734	0.997684	0.003274
0.527620	0.993972	0.007187
0.617665	0.969000	0.016863
0.707232	0.984662	0.013292
0.792200	0.998111	0.003033
0.880735	0.998827	0.002834
0.966160	0.997793	0.002561
1.049490	0.997865	0.002357
1.135945	0.991759	0.017997
1.220330	0.985755	0.028678
1.303655	0.996576	0.009830
1.386985	0.999876	0.002908
1.470330	1.001007	0.002293
1.554863	1.001446	0.002823
1.641155	1.003039	0.003132
1.728483	1.003366	0.003526
1.816150	1.003173	0.003407
1.899495	1.002419	0.003041
1.984901	1.001886	0.002260
2.070315	1.001654	0.002310
2.153650	1.001636	0.002226
2.234914	1.001063	0.002603
2.306957	1.000769	0.002776
2.379729	0.996845	0.008644
2.449202	0.986780	0.020540
2.518858	0.991094	0.015077
2.588222	0.999355	0.002786
2.657547	0.999435	0.002291
2.736113	0.999710	0.001478
2.810528	0.999512	0.002590
2.879887	0.999419	0.002948
2.949212	0.989233	0.013450
3.018858	0.957638	0.032691
3.089262	0.962531	0.030051
3.161587	0.997001	0.005862
3.239291	0.999246	0.002249
3.322179	1.000103	0.002594
3.406253	1.002827	0.001812
3.493589	1.003245	0.003600
3.580961	1.004543	0.003404
3.664419	1.003832	0.002921
3.751613	1.003142	0.002842
3.839414	1.000592	0.002312
3.929137	0.999578	0.002218
4.014866	0.999347	0.003418
4.116348	0.998880	0.003135
4.223241	0.986191	0.015150
4.340046	0.979276	0.016773
4.440606	0.998756	0.002846
4.531241	0.998332	0.003000
4.618578	0.997616	0.004282
4.701081	0.998214	0.003645
4.785372	0.992872	0.015648
4.876679	0.978222	0.034141
4.959706	0.949890	0.084289
5.037222	0.989123	0.038213
5.126523	0.999620	0.004414
5.213775	1.001142	0.001868
5.295841	1.001614	0.002867
5.384999	1.003764	0.002515
5.470641	1.003296	0.003046
5.549755	1.002218	0.003164
5.633097	1.001544	0.002279
5.712499	1.000332	0.002118
5.795835	0.999384	0.003145
5.893400	0.999017	0.002385
5.994258	0.998113	0.003774
6.097962	0.984414	0.018711
6.203846	0.990366	0.013926
6.316012	0.999042	0.002449
6.420951	0.999254	0.001896
6.530759	0.998953	0.002479
6.644161	0.984389	0.023688
6.749278	0.972785	0.030884
6.848448	0.999254	0.003930
6.947142	1.000221	0.002937
7.051576	1.002117	0.002131
7.155473	1.003787	0.002452
7.257577	1.005192	0.003226
7.358461	1.004716	0.002871
7.470615	1.001800	0.001996
7.583892	1.001357	0.002397
7.692777	1.001891	0.002383
7.793661	1.001914	0.002924
7.901593	0.995940	0.012898
8.000887	0.993615	0.015010
8.099879	1.000860	0.002303
8.200456	1.000012	0.001824
8.303519	0.999000	0.001565
8.408777	0.996560	0.006155
8.522375	0.948386	0.027062
8.645800	0.983860	0.019077
8.762022	0.999916	0.002253
8.879176	1.001792	0.001740
8.998859	1.005669	0.002361
9.102230	1.006651	0.003593
0.093786	1.004248	0.002793
0.274164	1.002779	0.002432
0.471393	1.000586	0.002224
0.660619	0.998281	0.003495
0.859469	0.997684	0.003274
1.055240	0.993972	0.007187
1.235330	0.969000	0.016863
1.414463	0.984662	0.013292
1.584400	0.998111	0.003033
1.761470	0.998827	0.002834
1.932320	0.997793	0.002561
2.098980	0.997865	0.002357
2.271890	0.991759	0.017997
2.440660	0.985755	0.028678
2.607310	0.996576	0.009830
2.773970	0.999876	0.002908
2.940660	1.001007	0.002293
3.109726	1.001446	0.002823
3.282310	1.003039	0.003132
3.456966	1.003366	0.003526
3.632300	1.003173	0.003407
3.798990	1.002419	0.003041
3.969802	1.001886	0.002260
4.140630	1.001654	0.002310
4.307300	1.001636	0.002226
4.469829	1.001063	0.002603
4.613915	1.000769	0.002776
4.759457	0.996845	0.008644
4.898403	0.986780	0.020540
5.037716	0.991094	0.015077
5.176445	0.999355	0.002786
5.315093	0.999435	0.002291
5.472226	0.999710	0.001478
5.621056	0.999512	0.002590
5.759775	0.999419	0.002948
5.898423	0.989233	0.013450
6.037716	0.957638	0.032691
6.178525	0.962531	0.030051
6.323174	0.997001	0.005862
6.478583	0.999246	0.002249
6.644358	1.000103	0.002594
6.812506	1.002827	0.001812
6.987179	1.003245	0.003600
7.161921	1.004543	0.003404
7.328839	1.003832	0.002921
7.503225	1.003142	0.002842
7.678829	1.000592	0.002312
7.858275	0.999578	0.002218
8.029732	0.999347	0.003418
8.232696	0.998880	0.003135
8.446482	0.986191	0.015150
8.680091	0.979276	0.016773
8.881212	0.998756	0.002846
9.062482	0.998332	0.003000
9.237156	0.997616	0.004282
9.402163	0.998214	0.003645
9.570744	0.992872	0.015648
9.753358	0.978222	0.034141
9.919412	0.949890	0.084289
10.074444	0.989123	0.038213
10.253047	0.999620	0.004414
10.427549	1.001142	0.001868
10.591682	1.001614	0.002867
10.769997	1.003764	0.002515
10.941283	1.003296	0.003046
11.099510	1.002218	0.003164
11.266194	1.001544	0.002279
11.424997	1.000332	0.002118
11.591669	0.999384	0.003145
11.786799	0.999017	0.002385
11.988517	0.998113	0.003774
12.195924	0.984414	0.018711
12.407691	0.990366	0.013926
12.632023	0.999042	0.002449
12.841902	0.999254	0.001896
13.061519	0.998953	0.002479
13.288322	0.984389	0.023688
13.498556	0.972785	0.030884
13.696896	0.999254	0.003930
13.894283	1.000221	0.002937
14.103152	1.002117	0.002131
14.310946	1.003787	0.002452
14.515155	1.005192	0.003226
14.716923	1.004716	0.002871
14.941230	1.001800	0.001996
15.167783	1.001357	0.002397
15.385553	1.001891	0.002383
15.587322	1.001914	0.002924
15.803186	0.995940	0.012898
16.001774	0.993615	0.015010
16.199759	1.000860	0.002303
16.400911	1.000012	0.001824
16.607038	0.999000	0.001565
16.817553	0.996560	0.006155
17.044750	0.948386	0.027062
17.291600	0.983860	0.019077
17.524044	0.999916	0.002253
17.758352	1.001792	0.001740
17.997718	1.005669	0.002361
18.204460	1.006651	0.003593
