100
0.056359	0.997862	0.000786
0.161571	0.998602	0.001461
0.273006	0.992899	0.012869
0.350096	0.991775	0.011431
0.433443	0.993341	0.008765
0.536571	0.998092	0.001427
0.640725	0.997799	0.002697
0.721958	0.999773	0.003578
0.791760	1.003099	0.006648
0.875070	1.005782	0.011646
0.979230	1.007550	0.010404
1.085480	1.008249	0.006656
1.197980	1.007756	0.001677
1.302150	1.007474	0.001371
1.412576	1.004561	0.002136
1.535484	1.005466	0.002642
1.656330	1.003199	0.002131
1.760496	1.000845	0.001226
1.864664	0.999253	0.001787
1.968830	0.997217	0.003743
2.072996	0.997687	0.001779
2.177164	0.995841	0.004282
2.281330	0.999357	0.002153
2.385496	0.998180	0.001285
2.493830	0.999477	0.002227
2.614664	1.002328	0.003281
2.718830	1.000759	0.001765
2.822996	1.001934	0.002108
2.927164	1.002392	0.002606
3.031330	0.999723	0.001185
3.135486	0.998632	0.001263
3.245900	0.998632	0.001404
3.354230	0.999830	0.001884
3.458400	1.001871	0.001349
3.562560	1.001022	0.001397
3.666730	0.998326	0.001960
3.770900	0.995848	0.003147
3.875070	0.995484	0.003129
3.965718	0.998037	0.002541
4.034472	0.999339	0.002651
4.107392	1.001853	0.001679
4.187600	1.001652	0.001047
4.267808	0.997020	0.005349
4.340718	0.998594	0.002440
4.410520	0.998747	0.000978
4.486548	0.998720	0.001582
4.555302	0.998729	0.003520
4.629266	1.002348	0.004570
4.701142	1.003881	0.005175
4.770930	1.005318	0.003998
4.840718	1.004331	0.001956
4.909472	1.002364	0.001341
4.986548	1.001167	0.001092
5.057382	0.999599	0.002161
5.132388	0.999006	0.002162
5.198014	0.998956	0.001779
5.260514	1.000130	0.002054
5.324171	1.000275	0.002468
5.392458	1.001748	0.002157
5.454958	1.002407	0.001983
5.517458	1.001728	0.002230
5.583438	0.999716	0.001359
5.649392	0.997924	0.000763
5.711892	0.996761	0.001601
5.774392	0.995352	0.000986
5.843836	0.997830	0.003807
5.906336	0.998000	0.003277
5.968836	0.999725	0.003491
6.031336	1.002368	0.003496
6.093836	1.002945	0.003350
6.156336	1.001843	0.001548
6.222305	0.999900	0.001465
6.288280	0.998986	0.000999
6.350780	0.994877	0.005676
6.413280	0.996684	0.004221
6.479256	0.999239	0.001300
6.548689	1.000672	0.002242
6.625114	1.001572	0.001638
6.718867	1.003180	0.001856
6.812614	1.002151	0.001191
6.916780	1.000093	0.001290
7.010534	0.999020	0.000853
7.104280	0.997605	0.001358
7.198034	0.997147	0.001583
7.291780	0.998677	0.001935
7.390167	1.000242	0.002172
7.500114	0.998467	0.001049
7.593867	0.996458	0.002330
7.687636	0.992470	0.006025
7.781378	0.998135	0.001217
7.879758	0.998854	0.000613
7.979302	1.002882	0.002427
8.082300	1.005106	0.001666
8.177222	1.001299	0.001784
8.270947	0.999404	0.001286
8.369334	0.999752	0.000749
8.478122	0.999936	0.001277
8.583447	1.000107	0.001314
8.677200	1.001457	0.002288
8.770947	0.999699	0.001460
0.112717	0.997862	0.000786
0.323141	0.998602	0.001461
0.546013	0.992899	0.012869
0.700193	0.991775	0.011431
0.866885	0.993341	0.008765
1.073141	0.998092	0.001427
1.281449	0.997799	0.002697
1.443917	0.999773	0.003578
1.583521	1.003099	0.006648
1.750141	1.005782	0.011646
1.958461	1.007550	0.010404
2.170961	1.008249	0.006656
2.395961	1.007756	0.001677
2.604301	1.007474	0.001371
2.825153	1.004561	0.002136
3.070969	1.005466	0.002642
3.312661	1.003199	0.002131
3.520993	1.000845	0.001226
3.729329	0.999253	0.001787
3.937661	0.997217	0.003743
4.145993	0.997687	0.001779
4.354329	0.995841	0.004282
4.562661	0.999357	0.002153
4.770993	0.998180	0.001285
4.987661	0.999477	0.002227
5.229329	1.002328	0.003281
5.437661	1.000759	0.001765
5.645993	1.001934	0.002108
5.854329	1.002392	0.002606
6.062661	0.999723	0.001185
6.270973	0.998632	0.001263
6.491801	0.998632	0.001404
6.708461	0.999830	0.001884
6.916801	1.001871	0.001349
7.125121	1.001022	0.001397
7.333461	0.998326	0.001960
7.541801	0.995848	0.003147
7.750141	0.995484	0.003129
7.931437	0.998037	0.002541
8.068945	0.999339	0.002651
8.214785	1.001853	0.001679
8.375201	1.001652	0.001047
8.535617	0.997020	0.005349
8.681437	0.998594	0.002440
8.821041	0.998747	0.000978
8.973097	0.998720	0.001582
9.110605	0.998729	0.003520
9.258533	1.002348	0.004570
9.402285	1.003881	0.005175
9.541861	1.005318	0.003998
9.681437	1.004331	0.001956
9.818945	1.002364	0.001341
9.973097	1.001167	0.001092
10.114765	0.999599	0.002161
10.264777	0.999006	0.002162
10.396027	0.998956	0.001779
10.521027	1.000130	0.002054
10.648343	1.000275	0.002468
10.784916	1.001748	0.002157
10.909916	1.002407	0.001983
11.034916	1.001728	0.002230
11.166876	0.999716	0.001359
11.298783	0.997924	0.000763
11.423783	0.996761	0.001601
11.548783	0.995352	0.000986
11.687672	0.997830	0.003807
11.812672	0.998000	0.003277
11.937672	0.999725	0.003491
12.062672	1.002368	0.003496
12.187672	1.002945	0.003350
12.312672	1.001843	0.001548
12.444610	0.999900	0.001465
12.576561	0.998986	0.000999
12.701561	0.994877	0.005676
12.826561	0.996684	0.004221
12.958512	0.999239	0.001300
13.097379	1.000672	0.002242
13.250227	1.001572	0.001638
13.437734	1.003180	0.001856
13.625227	1.002151	0.001191
13.833560	1.000093	0.001290
14.021067	0.999020	0.000853
14.208560	0.997605	0.001358
14.396067	0.997147	0.001583
14.583560	0.998677	0.001935
14.780334	1.000242	0.002172
15.000227	0.998467	0.001049
15.187734	0.996458	0.002330
15.375271	0.992470	0.006025
15.562756	0.998135	0.001217
15.759516	0.998854	0.000613
15.958605	1.002882	0.002427
16.164600	1.005106	0.001666
16.354445	1.001299	0.001784
16.541894	0.999404	0.001286
16.738667	0.999752	0.000749
16.956245	0.999936	0.001277
17.166894	1.000107	0.001314
17.354400	1.001457	0.002288
17.541894	0.999699	0.001460
