100
0.058744	1.000577	0.001472
0.176538	1.000400	0.001542
0.295280	0.997731	0.006361
0.397726	0.998853	0.005954
0.526142	1.000356	0.001437
0.663425	1.002760	0.012422
0.780786	1.001522	0.008889
0.883550	0.997515	0.012946
0.987655	0.999014	0.010373
1.081608	0.997539	0.008627
1.175467	0.998879	0.007324
1.269406	0.998167	0.005568
1.368857	0.999661	0.003563
1.463837	0.998161	0.004570
1.553282	0.999098	0.003241
1.645535	0.999789	0.002364
1.741229	0.999871	0.002068
1.841800	1.000667	0.001521
1.935234	1.001457	0.003423
2.024682	1.001534	0.002306
2.119452	1.001207	0.001351
2.207804	1.001321	0.001995
2.302089	1.000534	0.001804
2.393182	1.000015	0.001140
2.480080	1.000465	0.001164
2.567088	1.000012	0.001246
2.657434	0.999663	0.001434
2.742659	1.000040	0.001183
2.826349	0.999870	0.001766
2.912529	0.999750	0.001741
2.996249	0.999985	0.001605
3.081239	0.999797	0.001787
3.173278	1.000220	0.001576
3.265575	0.999700	0.001421
3.351631	0.999963	0.001409
3.451204	0.999915	0.001444
3.547866	0.999821	0.001714
3.633818	0.999142	0.001850
3.718348	0.998915	0.002380
3.794446	0.999164	0.001421
3.868771	0.998715	0.001792
3.954609	0.999189	0.001616
4.037431	0.999295	0.001449
4.123602	0.999603	0.001046
4.216554	0.999570	0.001282
4.308308	0.999658	0.001330
4.396604	0.999714	0.001144
4.483109	1.000113	0.001616
4.572496	0.999477	0.000883
4.665541	0.999914	0.000950
4.753949	0.999918	0.000697
4.842224	1.000094	0.000879
4.932982	1.002357	0.008183
5.017494	1.004295	0.009554
5.099059	1.003724	0.008208
5.180135	1.001956	0.003803
5.253307	1.003420	0.005995
5.327526	1.001941	0.003802
5.397879	1.002133	0.003980
5.472390	1.001896	0.003387
5.538736	1.001831	0.002943
5.612410	1.001631	0.002730
5.684909	1.001530	0.002094
5.754456	1.001332	0.002111
5.829133	1.001044	0.001520
5.906134	1.000974	0.001285
5.996451	1.000786	0.001488
6.086629	1.000373	0.001108
6.175949	0.999916	0.001271
6.271122	0.999788	0.001006
6.355587	0.999689	0.001183
6.445754	0.999586	0.001249
6.531302	0.999681	0.001332
6.625960	0.999451	0.001583
6.713930	0.999551	0.001335
6.801543	0.998864	0.001382
6.888898	0.999238	0.002051
6.985412	0.999463	0.002056
7.079842	0.999783	0.001810
7.174554	0.999319	0.001158
7.256585	0.999513	0.001124
7.335084	0.999467	0.001508
7.422325	0.999434	0.001113
7.515725	0.999351	0.001550
7.608700	0.999995	0.000977
7.701058	0.999880	0.000965
7.798612	0.999619	0.001115
7.886830	0.999701	0.001144
7.981052	0.999602	0.000846
8.065262	1.000770	0.003154
8.152267	1.000822	0.002615
8.245965	0.999888	0.001755
8.336837	1.000476	0.003132
8.428306	0.999573	0.001434
8.527864	1.000109	0.001441
8.629521	1.000215	0.001061
8.736751	1.000618	0.002076
8.846838	1.000254	0.001119
8.969005	0.999553	0.001318
9.088100	1.000524	0.001352
0.117489	1.000577	0.001472
0.353075	1.000400	0.001542
0.590559	0.997731	0.006361
0.795452	0.998853	0.005954
1.052284	1.000356	0.001437
1.326851	1.002760	0.012422
1.561572	1.001522	0.008889
1.767101	0.997515	0.012946
1.975310	0.999014	0.010373
2.163215	0.997539	0.008627
2.350934	0.998879	0.007324
2.538812	0.998167	0.005568
2.737714	0.999661	0.003563
2.927674	0.998161	0.004570
3.106565	0.999098	0.003241
3.291070	0.999789	0.002364
3.482457	0.999871	0.002068
3.683600	1.000667	0.001521
3.870467	1.001457	0.003423
4.049363	1.001534	0.002306
4.238904	1.001207	0.001351
4.415607	1.001321	0.001995
4.604178	1.000534	0.001804
4.786365	1.000015	0.001140
4.960159	1.000465	0.001164
5.134175	1.000012	0.001246
5.314868	0.999663	0.001434
5.485318	1.000040	0.001183
5.652697	0.999870	0.001766
5.825057	0.999750	0.001741
5.992498	0.999985	0.001605
6.162478	0.999797	0.001787
6.346555	1.000220	0.001576
6.531149	0.999700	0.001421
6.703262	0.999963	0.001409
6.902408	0.999915	0.001444
7.095732	0.999821	0.001714
7.267635	0.999142	0.001850
7.436696	0.998915	0.002380
7.588892	0.999164	0.001421
7.737542	0.998715	0.001792
7.909218	0.999189	0.001616
8.074861	0.999295	0.001449
8.247205	0.999603	0.001046
8.433108	0.999570	0.001282
8.616615	0.999658	0.001330
8.793208	0.999714	0.001144
8.966218	1.000113	0.001616
9.144991	0.999477	0.000883
9.331081	0.999914	0.000950
9.507897	0.999918	0.000697
9.684448	1.000094	0.000879
9.865963	1.002357	0.008183
10.034988	1.004295	0.009554
10.198119	1.003724	0.008208
10.360270	1.001956	0.003803
10.506614	1.003420	0.005995
10.655053	1.001941	0.003802
10.795757	1.002133	0.003980
10.944780	1.001896	0.003387
11.077473	1.001831	0.002943
11.224820	1.001631	0.002730
11.369818	1.001530	0.002094
11.508911	1.001332	0.002111
11.658267	1.001044	0.001520
11.812269	1.000974	0.001285
11.992902	1.000786	0.001488
12.173259	1.000373	0.001108
12.351899	0.999916	0.001271
12.542245	0.999788	0.001006
12.711174	0.999689	0.001183
12.891508	0.999586	0.001249
13.062604	0.999681	0.001332
13.251921	0.999451	0.001583
13.427860	0.999551	0.001335
13.603086	0.998864	0.001382
13.777796	0.999238	0.002051
13.970823	0.999463	0.002056
14.159684	0.999783	0.001810
14.349107	0.999319	0.001158
14.513170	0.999513	0.001124
14.670169	0.999467	0.001508
14.844650	0.999434	0.001113
15.031449	0.999351	0.001550
15.217401	0.999995	0.000977
15.402116	0.999880	0.000965
15.597225	0.999619	0.001115
15.773659	0.999701	0.001144
15.962103	0.999602	0.000846
16.130524	1.000770	0.003154
16.304534	1.000822	0.002615
16.491930	0.999888	0.001755
16.673674	1.000476	0.003132
16.856611	0.999573	0.001434
17.055727	1.000109	0.001441
17.259042	1.000215	0.001061
17.473501	1.000618	0.002076
17.693675	1.000254	0.001119
17.938010	0.999553	0.001318
18.176201	1.000524	0.001352
