100
0.017715	0.999540	0.003075
0.053435	0.999636	0.003223
0.092253	0.999645	0.002610
0.132723	1.000329	0.002692
0.169085	0.999978	0.001465
0.207817	1.000183	0.001558
0.244762	1.000356	0.001819
0.281083	1.000249	0.001879
0.315664	0.999726	0.001796
0.351820	0.999956	0.001371
0.394183	0.999781	0.002610
0.435548	1.000370	0.002993
0.482548	1.000763	0.002739
0.525410	1.000225	0.001880
0.568065	1.000750	0.001970
0.607753	1.000368	0.002333
0.651730	1.000702	0.002517
0.692700	1.000282	0.002215
0.737283	1.000649	0.002430
0.781064	1.000998	0.002337
0.820392	1.000893	0.002256
0.861115	1.000750	0.002031
0.906395	1.000573	0.002276
0.947402	1.000851	0.001495
0.982588	1.000465	0.001690
1.020209	1.000865	0.001557
1.058740	1.000741	0.001634
1.097015	1.000314	0.001543
1.136631	1.000316	0.002758
1.178321	1.000364	0.002481
1.218231	1.000118	0.002715
1.253660	1.000325	0.002542
1.286665	1.000617	0.002528
1.323604	1.000651	0.003037
1.360810	1.000561	0.002909
1.395503	1.000670	0.003625
1.430862	1.001403	0.003584
1.467186	1.000999	0.003232
1.502469	1.001593	0.003372
1.540625	1.001167	0.003804
1.576063	1.001235	0.003301
1.610262	1.000728	0.003134
1.645212	1.002131	0.003542
1.682661	1.001557	0.003392
1.722456	1.002026	0.003416
1.759500	1.001296	0.003555
1.797538	1.002009	0.003578
1.830745	1.001222	0.002438
1.863256	1.000973	0.003314
1.892869	1.000617	0.003064
1.922160	1.000504	0.004724
1.951127	1.000777	0.002937
1.983718	1.000794	0.004945
2.018015	1.000441	0.003625
2.048227	1.000787	0.004431
2.076740	1.000116	0.003955
2.106576	1.000588	0.003850
2.137232	1.000500	0.003787
2.167229	0.999925	0.003750
2.197802	1.000500	0.003302
2.229164	0.999822	0.003360
2.257960	1.000290	0.003107
2.286814	0.999889	0.002737
2.320121	0.999900	0.002563
2.351953	1.000190	0.002558
2.381960	0.999770	0.002521
2.410955	1.000010	0.002184
2.440436	0.999409	0.002056
2.471014	0.999586	0.002447
2.499828	1.000080	0.002807
2.530678	0.999468	0.002996
2.562892	1.000368	0.003133
2.593304	0.999758	0.003290
2.622839	1.000413	0.002560
2.653140	0.999614	0.003307
2.680776	1.000047	0.002550
2.710396	1.000340	0.002959
2.742566	1.000448	0.002598
2.773560	1.000234	0.002958
2.808434	1.000549	0.002749
2.839532	1.000375	0.002988
2.868210	1.000949	0.003314
2.901780	1.000862	0.003225
2.934294	1.000664	0.003340
2.961367	1.000191	0.002950
2.991785	1.001398	0.002624
3.024375	1.000816	0.003028
3.056468	1.000613	0.002572
3.086973	1.000480	0.002500
3.117652	1.000697	0.002290
3.151074	1.000556	0.003047
3.184143	0.999797	0.002110
3.217325	0.999990	0.002779
3.248100	1.000072	0.002389
3.280818	0.999762	0.003405
3.311292	1.000282	0.003087
3.346502	0.999982	0.003621
3.385513	0.999294	0.003980
3.420104	1.000243	0.003872
3.452427	0.999379	0.003393
0.035429	0.999540	0.003075
0.106869	0.999636	0.003223
0.184505	0.999645	0.002610
0.265447	1.000329	0.002692
0.338170	0.999978	0.001465
0.415633	1.000183	0.001558
0.489523	1.000356	0.001819
0.562167	1.000249	0.001879
0.631329	0.999726	0.001796
0.703640	0.999956	0.001371
0.788367	0.999781	0.002610
0.871096	1.000370	0.002993
0.965096	1.000763	0.002739
1.050819	1.000225	0.001880
1.136130	1.000750	0.001970
1.215506	1.000368	0.002333
1.303461	1.000702	0.002517
1.385400	1.000282	0.002215
1.474565	1.000649	0.002430
1.562128	1.000998	0.002337
1.640785	1.000893	0.002256
1.722230	1.000750	0.002031
1.812790	1.000573	0.002276
1.894804	1.000851	0.001495
1.965177	1.000465	0.001690
2.040419	1.000865	0.001557
2.117480	1.000741	0.001634
2.194030	1.000314	0.001543
2.273261	1.000316	0.002758
2.356642	1.000364	0.002481
2.436461	1.000118	0.002715
2.507321	1.000325	0.002542
2.573331	1.000617	0.002528
2.647208	1.000651	0.003037
2.721621	1.000561	0.002909
2.791005	1.000670	0.003625
2.861723	1.001403	0.003584
2.934373	1.000999	0.003232
3.004939	1.001593	0.003372
3.081250	1.001167	0.003804
3.152126	1.001235	0.003301
3.220525	1.000728	0.003134
3.290425	1.002131	0.003542
3.365322	1.001557	0.003392
3.444913	1.002026	0.003416
3.519000	1.001296	0.003555
3.595075	1.002009	0.003578
3.661489	1.001222	0.002438
3.726511	1.000973	0.003314
3.785738	1.000617	0.003064
3.844321	1.000504	0.004724
3.902253	1.000777	0.002937
3.967437	1.000794	0.004945
4.036029	1.000441	0.003625
4.096454	1.000787	0.004431
4.153480	1.000116	0.003955
4.213151	1.000588	0.003850
4.274464	1.000500	0.003787
4.334458	0.999925	0.003750
4.395604	1.000500	0.003302
4.458329	0.999822	0.003360
4.515919	1.000290	0.003107
4.573629	0.999889	0.002737
4.640242	0.999900	0.002563
4.703905	1.000190	0.002558
4.763919	0.999770	0.002521
4.821910	1.000010	0.002184
4.880872	0.999409	0.002056
4.942029	0.999586	0.002447
4.999657	1.000080	0.002807
5.061355	0.999468	0.002996
5.125785	1.000368	0.003133
5.186608	0.999758	0.003290
5.245678	1.000413	0.002560
5.306281	0.999614	0.003307
5.361553	1.000047	0.002550
5.420793	1.000340	0.002959
5.485131	1.000448	0.002598
5.547120	1.000234	0.002958
5.616868	1.000549	0.002749
5.679065	1.000375	0.002988
5.736421	1.000949	0.003314
5.803560	1.000862	0.003225
5.868589	1.000664	0.003340
5.922734	1.000191	0.002950
5.983570	1.001398	0.002624
6.048751	1.000816	0.003028
6.112935	1.000613	0.002572
6.173946	1.000480	0.002500
6.235303	1.000697	0.002290
6.302147	1.000556	0.003047
6.368287	0.999797	0.002110
6.434649	0.999990	0.002779
6.496199	1.000072	0.002389
6.561635	0.999762	0.003405
6.622583	1.000282	0.003087
6.693004	0.999982	0.003621
6.771027	0.999294	0.003980
6.840208	1.000243	0.003872
6.904854	0.999379	0.003393
