100
0.047462	1.004248	0.006179
0.138332	1.005235	0.006568
0.225164	1.005079	0.005851
0.306619	1.005217	0.005698
0.376362	1.006040	0.007420
0.444754	1.006766	0.006980
0.515455	1.003573	0.004547
0.589089	1.003080	0.003389
0.661898	1.001764	0.001743
0.732478	1.001006	0.000996
0.804241	1.000343	0.001301
0.881010	1.000256	0.001380
0.950073	0.999728	0.001526
1.019420	0.999015	0.003341
1.089094	0.987662	0.012766
1.157310	0.976431	0.024820
1.224612	0.967701	0.033312
1.297838	0.952587	0.035476
1.366747	0.969134	0.032442
1.432755	0.978187	0.023146
1.502692	0.989645	0.011704
1.571756	0.998311	0.002397
1.637583	0.999242	0.001299
1.703587	0.999151	0.001287
1.769575	0.999372	0.001708
1.835612	0.999277	0.001423
1.904856	0.999139	0.001207
1.972664	0.999561	0.000947
2.041506	1.000176	0.001318
2.109941	1.000953	0.000903
2.175924	1.002016	0.001234
2.241752	1.002643	0.001984
2.307761	1.003669	0.003222
2.373749	1.004986	0.005061
2.439780	1.006411	0.006367
2.508854	1.007439	0.007501
2.578592	1.006542	0.007845
2.644585	1.005454	0.007129
2.710622	1.004739	0.005645
2.776615	1.002907	0.003803
2.857087	1.001395	0.001466
2.956415	0.998988	0.001800
3.055357	0.997669	0.002907
3.159482	0.997218	0.002459
3.258204	0.997489	0.002231
3.357087	0.982317	0.021990
3.456415	0.942470	0.056673
3.555313	0.922751	0.074354
3.654041	0.946088	0.059575
3.752913	0.978358	0.027748
3.852257	0.997860	0.002631
3.951171	0.998571	0.001414
4.050082	0.998682	0.001344
4.157347	0.999539	0.000903
4.256911	0.999972	0.001713
4.340689	1.000862	0.001926
4.419855	1.000328	0.001218
4.503187	1.000216	0.001046
4.588950	1.000045	0.000605
4.683443	1.000029	0.001107
4.765476	0.999837	0.001289
4.844638	1.000310	0.001306
4.926869	1.000375	0.001137
5.007357	1.000559	0.000928
5.089599	1.000792	0.000827
5.174025	1.000726	0.000742
5.253192	1.001017	0.001001
5.333267	1.000790	0.001078
5.415509	1.000398	0.001310
5.494650	0.999704	0.000902
5.577783	0.999482	0.001202
5.665257	0.999702	0.001485
5.744650	0.999256	0.001380
5.825115	0.999257	0.000804
5.919608	0.999380	0.000749
6.018941	0.999189	0.000645
6.117845	0.998429	0.004977
6.218752	1.000102	0.000890
6.320715	1.000758	0.000755
6.415504	1.000848	0.000739
6.494645	1.001105	0.000871
6.576859	1.000859	0.001245
6.661324	1.000837	0.000891
6.740475	1.000827	0.000589
6.819857	1.000731	0.000582
6.899475	1.000629	0.000723
7.013043	1.000519	0.000524
7.145684	1.000485	0.000729
7.294805	1.000223	0.000613
7.429706	0.999800	0.000895
7.561698	0.999805	0.001392
7.693524	0.999189	0.001116
7.825543	0.999406	0.000847
7.957529	0.999707	0.000834
8.090901	1.000376	0.000505
8.228377	1.000772	0.000682
8.364169	1.000864	0.000996
8.505347	1.000178	0.001442
8.638054	1.000177	0.001093
8.768714	1.002553	0.005484
0.094924	1.004248	0.006179
0.276664	1.005235	0.006568
0.450328	1.005079	0.005851
0.613237	1.005217	0.005698
0.752725	1.006040	0.007420
0.889508	1.006766	0.006980
1.030910	1.003573	0.004547
1.178178	1.003080	0.003389
1.323795	1.001764	0.001743
1.464957	1.001006	0.000996
1.608483	1.000343	0.001301
1.762019	1.000256	0.001380
1.900146	0.999728	0.001526
2.038840	0.999015	0.003341
2.178188	0.987662	0.012766
2.314619	0.976431	0.024820
2.449223	0.967701	0.033312
2.595676	0.952587	0.035476
2.733493	0.969134	0.032442
2.865511	0.978187	0.023146
3.005385	0.989645	0.011704
3.143511	0.998311	0.002397
3.275167	0.999242	0.001299
3.407174	0.999151	0.001287
3.539150	0.999372	0.001708
3.671223	0.999277	0.001423
3.809711	0.999139	0.001207
3.945328	0.999561	0.000947
4.083013	1.000176	0.001318
4.219883	1.000953	0.000903
4.351848	1.002016	0.001234
4.483504	1.002643	0.001984
4.615521	1.003669	0.003222
4.747497	1.004986	0.005061
4.879560	1.006411	0.006367
5.017707	1.007439	0.007501
5.157185	1.006542	0.007845
5.289171	1.005454	0.007129
5.421244	1.004739	0.005645
5.553230	1.002907	0.003803
5.714174	1.001395	0.001466
5.912830	0.998988	0.001800
6.110714	0.997669	0.002907
6.318964	0.997218	0.002459
6.516409	0.997489	0.002231
6.714174	0.982317	0.021990
6.912830	0.942470	0.056673
7.110627	0.922751	0.074354
7.308083	0.946088	0.059575
7.505827	0.978358	0.027748
7.704514	0.997860	0.002631
7.902343	0.998571	0.001414
8.100163	0.998682	0.001344
8.314693	0.999539	0.000903
8.513823	0.999972	0.001713
8.681377	1.000862	0.001926
8.839711	1.000328	0.001218
9.006374	1.000216	0.001046
9.177900	1.000045	0.000605
9.366886	1.000029	0.001107
9.530952	0.999837	0.001289
9.689275	1.000310	0.001306
9.853739	1.000375	0.001137
10.014714	1.000559	0.000928
10.179198	1.000792	0.000827
10.348051	1.000726	0.000742
10.506384	1.001017	0.001001
10.666535	1.000790	0.001078
10.831019	1.000398	0.001310
10.989300	0.999704	0.000902
11.155566	0.999482	0.001202
11.330514	0.999702	0.001485
11.489300	0.999256	0.001380
11.650230	0.999257	0.000804
11.839216	0.999380	0.000749
12.037883	0.999189	0.000645
12.235690	0.998429	0.004977
12.437504	1.000102	0.000890
12.641430	1.000758	0.000755
12.831008	1.000848	0.000739
12.989289	1.001105	0.000871
13.153718	1.000859	0.001245
13.322647	1.000837	0.000891
13.480949	1.000827	0.000589
13.639714	1.000731	0.000582
13.798949	1.000629	0.000723
14.026086	1.000519	0.000524
14.291368	1.000485	0.000729
14.589610	1.000223	0.000613
14.859413	0.999800	0.000895
15.123396	0.999805	0.001392
15.387048	0.999189	0.001116
15.651086	0.999406	0.000847
15.915059	0.999707	0.000834
16.181802	1.000376	0.000505
16.456754	1.000772	0.000682
16.728339	1.000864	0.000996
17.010694	1.000178	0.001442
17.276108	1.000177	0.001093
17.537428	1.002553	0.005484
