100
0.033570	0.998175	0.002303
0.105037	0.999026	0.001705
0.184583	0.999503	0.001519
0.259875	0.998080	0.005457
0.327584	0.997682	0.003889
0.394840	0.998107	0.003427
0.460419	0.998561	0.003079
0.525999	0.999210	0.002358
0.591434	1.000147	0.001242
0.656798	1.000661	0.001158
0.724717	1.000852	0.001119
0.796325	1.001014	0.000880
0.868073	1.000670	0.001188
0.930967	0.997345	0.008014
0.991552	0.999117	0.003326
1.049218	0.999111	0.002308
1.105662	1.006435	0.028346
1.157921	0.999751	0.013582
1.216953	0.997804	0.009586
1.278634	1.005811	0.013169
1.338995	1.007695	0.016601
1.396291	1.006090	0.015848
1.454888	1.008879	0.018547
1.515726	1.006885	0.016322
1.576710	1.003037	0.009202
1.641892	1.000484	0.001352
1.709507	1.001061	0.001629
1.777451	1.000573	0.001401
1.840540	0.999763	0.003391
1.905737	1.000232	0.001140
1.973689	0.999284	0.001223
2.039278	0.999762	0.001477
2.105569	0.999017	0.005432
2.166992	0.995856	0.012880
2.222064	0.996296	0.013123
2.275989	0.998453	0.008524
2.334830	0.996459	0.011229
2.389897	0.994817	0.012302
2.441853	0.996392	0.010333
2.498058	0.994773	0.011981
2.567409	0.994600	0.011669
2.627209	0.995365	0.012267
2.689929	0.996099	0.009950
2.750660	0.998644	0.003815
2.809402	1.002216	0.008403
2.872650	0.999662	0.002622
2.938605	0.999714	0.001926
3.005588	1.000156	0.002097
3.063717	1.000354	0.001685
3.123844	1.000447	0.001603
3.183522	1.000543	0.001571
3.240813	1.000242	0.001814
3.298085	1.000138	0.001456
3.355376	0.999700	0.001822
3.413973	0.999582	0.001174
3.472598	1.000005	0.001419
3.529855	0.999629	0.001236
3.587146	0.999750	0.001086
3.646688	0.999684	0.001010
3.704354	0.999909	0.001663
3.763896	0.999197	0.001366
3.826578	0.999448	0.001504
3.892902	0.999474	0.001989
3.953165	0.998876	0.001921
4.013287	0.998881	0.001491
4.076279	0.998237	0.001729
4.135577	0.999139	0.001863
4.193917	0.999606	0.002347
4.249918	0.999113	0.001843
4.308574	0.998510	0.001986
4.365008	0.998834	0.002268
4.424012	0.998120	0.002215
4.479080	0.998720	0.001820
4.533793	0.997997	0.001411
4.588443	0.998759	0.002051
4.645118	0.999146	0.001487
4.703185	0.999291	0.002047
4.762331	0.999798	0.002938
4.821090	0.999977	0.003630
4.877521	1.002134	0.004666
4.936177	1.002912	0.004326
4.992136	1.004126	0.004785
5.047036	1.004892	0.005500
5.105569	1.005154	0.004949
5.161514	1.006708	0.004189
5.219189	1.006170	0.003999
5.277198	1.006333	0.004093
5.334378	1.005797	0.003516
5.392917	1.005069	0.003757
5.450234	1.005020	0.003631
5.510086	1.004398	0.003943
5.565629	1.004204	0.004829
5.630481	1.004269	0.004084
5.698189	1.004201	0.004257
5.766769	1.002291	0.003257
5.832117	1.001346	0.002730
5.896005	0.999980	0.002053
5.963070	0.999978	0.002347
6.026560	0.999105	0.001845
6.092036	0.998001	0.002272
0.067139	0.998175	0.002303
0.210075	0.999026	0.001705
0.369166	0.999503	0.001519
0.519751	0.998080	0.005457
0.655168	0.997682	0.003889
0.789679	0.998107	0.003427
0.920839	0.998561	0.003079
1.051999	0.999210	0.002358
1.182867	1.000147	0.001242
1.313597	1.000661	0.001158
1.449435	1.000852	0.001119
1.592650	1.001014	0.000880
1.736147	1.000670	0.001188
1.861934	0.997345	0.008014
1.983105	0.999117	0.003326
2.098436	0.999111	0.002308
2.211324	1.006435	0.028346
2.315842	0.999751	0.013582
2.433907	0.997804	0.009586
2.557269	1.005811	0.013169
2.677991	1.007695	0.016601
2.792583	1.006090	0.015848
2.909776	1.008879	0.018547
3.031451	1.006885	0.016322
3.153420	1.003037	0.009202
3.283784	1.000484	0.001352
3.419014	1.001061	0.001629
3.554902	1.000573	0.001401
3.681081	0.999763	0.003391
3.811474	1.000232	0.001140
3.947378	0.999284	0.001223
4.078555	0.999762	0.001477
4.211137	0.999017	0.005432
4.333985	0.995856	0.012880
4.444128	0.996296	0.013123
4.551978	0.998453	0.008524
4.669660	0.996459	0.011229
4.779795	0.994817	0.012302
4.883706	0.996392	0.010333
4.996116	0.994773	0.011981
5.134818	0.994600	0.011669
5.254419	0.995365	0.012267
5.379858	0.996099	0.009950
5.501320	0.998644	0.003815
5.618804	1.002216	0.008403
5.745301	0.999662	0.002622
5.877209	0.999714	0.001926
6.011177	1.000156	0.002097
6.127434	1.000354	0.001685
6.247688	1.000447	0.001603
6.367045	1.000543	0.001571
6.481625	1.000242	0.001814
6.596170	1.000138	0.001456
6.710753	0.999700	0.001822
6.827946	0.999582	0.001174
6.945195	1.000005	0.001419
7.059710	0.999629	0.001236
7.174293	0.999750	0.001086
7.293377	0.999684	0.001010
7.408708	0.999909	0.001663
7.527792	0.999197	0.001366
7.653156	0.999448	0.001504
7.785804	0.999474	0.001989
7.906331	0.998876	0.001921
8.026575	0.998881	0.001491
8.152558	0.998237	0.001729
8.271155	0.999139	0.001863
8.387833	0.999606	0.002347
8.499835	0.999113	0.001843
8.617147	0.998510	0.001986
8.730016	0.998834	0.002268
8.848025	0.998120	0.002215
8.958159	0.998720	0.001820
9.067586	0.997997	0.001411
9.176886	0.998759	0.002051
9.290236	0.999146	0.001487
9.406371	0.999291	0.002047
9.524663	0.999798	0.002938
9.642180	0.999977	0.003630
9.755041	1.002134	0.004666
9.872354	1.002912	0.004326
9.984271	1.004126	0.004785
10.094072	1.004892	0.005500
10.211139	1.005154	0.004949
10.323028	1.006708	0.004189
10.438378	1.006170	0.003999
10.554396	1.006333	0.004093
10.668757	1.005797	0.003516
10.785833	1.005069	0.003757
10.900468	1.005020	0.003631
11.020172	1.004398	0.003943
11.131257	1.004204	0.004829
11.260963	1.004269	0.004084
11.396378	1.004201	0.004257
11.533538	1.002291	0.003257
11.664235	1.001346	0.002730
11.792010	0.999980	0.002053
11.926140	0.999978	0.002347
12.053121	0.999105	0.001845
12.184073	0.998001	0.002272
