100
0.015399	0.999963	0.000811
0.042446	0.999910	0.000704
0.073614	0.999941	0.000889
0.104161	0.999834	0.000846
0.132692	0.999860	0.000748
0.159784	0.999876	0.000762
0.189015	0.999889	0.000890
0.220371	1.000076	0.000960
0.249842	0.999798	0.000763
0.280339	0.999849	0.000802
0.307654	1.000571	0.003183
0.335921	1.000389	0.002824
0.365832	1.000044	0.000812
0.394049	1.000360	0.002039
0.419986	1.000362	0.002179
0.447559	1.000290	0.002508
0.477101	1.000418	0.002514
0.507119	0.999816	0.000882
0.538904	1.000262	0.002293
0.570003	1.000911	0.002723
0.601061	1.000890	0.002984
0.631000	1.001522	0.004113
0.661508	1.001810	0.004888
0.690363	1.000578	0.002778
0.719179	1.001114	0.004363
0.748919	1.000364	0.002331
0.778612	1.000587	0.002948
0.807658	1.000444	0.002166
0.836075	1.000754	0.002310
0.864985	1.000268	0.002097
0.892261	1.000069	0.001671
0.920522	1.000563	0.001876
0.949762	1.000420	0.001463
0.978557	1.000031	0.001560
1.007438	1.000310	0.001844
1.038869	1.000247	0.001530
1.067895	1.000404	0.001948
1.096211	1.000050	0.001524
1.127742	1.000169	0.001826
1.156254	1.000023	0.001472
1.184409	1.000041	0.001432
1.213711	1.000215	0.001563
1.241998	1.000098	0.001263
1.271143	0.999813	0.001210
1.300726	1.000154	0.001747
1.328733	1.000003	0.001398
1.356281	0.999944	0.001093
1.384810	0.999925	0.001006
1.415921	0.999826	0.000929
1.445316	0.999929	0.001094
1.473248	0.999845	0.001070
1.500713	0.999577	0.000962
1.528685	0.999630	0.000772
1.560255	0.999699	0.000984
1.592415	0.999763	0.000671
1.623223	0.999722	0.000940
1.653980	0.999927	0.000957
1.683552	0.999886	0.001074
1.712154	0.999809	0.001105
1.742375	0.999853	0.001135
1.772659	1.000093	0.001832
1.803008	1.000323	0.002295
1.833483	1.000983	0.003699
1.865384	1.000407	0.003270
1.894633	1.001481	0.005380
1.925206	1.000994	0.003795
1.958940	1.002146	0.006425
1.987536	1.001425	0.005229
2.015737	1.002354	0.005476
2.047138	1.001453	0.003615
2.076213	1.001340	0.003373
2.106311	1.002138	0.004165
2.135374	1.000878	0.003193
2.165948	1.001604	0.003292
2.195673	1.001182	0.003434
2.227318	1.001118	0.002885
2.260225	1.000712	0.002842
2.291544	1.001136	0.003266
2.321950	1.000575	0.003082
2.352090	1.001083	0.003948
2.381769	1.000475	0.002454
2.412738	1.000387	0.001429
2.442444	1.001013	0.002791
2.471873	1.000612	0.002968
2.501500	1.002530	0.007621
2.529971	1.001266	0.005031
2.557679	1.001248	0.004130
2.584644	1.001297	0.003905
2.612213	1.000815	0.002733
2.640829	1.001346	0.003430
2.669685	1.001324	0.003179
2.695936	1.000628	0.002634
2.722974	1.000497	0.002580
2.750042	1.001513	0.002981
2.777059	1.000804	0.002218
2.804086	1.000552	0.002115
2.831287	1.000842	0.002697
2.858636	1.000736	0.002191
2.889255	1.000459	0.002478
2.918117	1.000673	0.002476
0.030798	0.999963	0.000811
0.084892	0.999910	0.000704
0.147228	0.999941	0.000889
0.208321	0.999834	0.000846
0.265383	0.999860	0.000748
0.319567	0.999876	0.000762
0.378030	0.999889	0.000890
0.440741	1.000076	0.000960
0.499683	0.999798	0.000763
0.560678	0.999849	0.000802
0.615307	1.000571	0.003183
0.671841	1.000389	0.002824
0.731664	1.000044	0.000812
0.788097	1.000360	0.002039
0.839973	1.000362	0.002179
0.895118	1.000290	0.002508
0.954201	1.000418	0.002514
1.014237	0.999816	0.000882
1.077808	1.000262	0.002293
1.140007	1.000911	0.002723
1.202122	1.000890	0.002984
1.261999	1.001522	0.004113
1.323017	1.001810	0.004888
1.380726	1.000578	0.002778
1.438359	1.001114	0.004363
1.497839	1.000364	0.002331
1.557223	1.000587	0.002948
1.615316	1.000444	0.002166
1.672150	1.000754	0.002310
1.729970	1.000268	0.002097
1.784521	1.000069	0.001671
1.841043	1.000563	0.001876
1.899524	1.000420	0.001463
1.957114	1.000031	0.001560
2.014876	1.000310	0.001844
2.077739	1.000247	0.001530
2.135791	1.000404	0.001948
2.192421	1.000050	0.001524
2.255485	1.000169	0.001826
2.312509	1.000023	0.001472
2.368817	1.000041	0.001432
2.427423	1.000215	0.001563
2.483995	1.000098	0.001263
2.542287	0.999813	0.001210
2.601453	1.000154	0.001747
2.657466	1.000003	0.001398
2.712562	0.999944	0.001093
2.769621	0.999925	0.001006
2.831841	0.999826	0.000929
2.890633	0.999929	0.001094
2.946496	0.999845	0.001070
3.001426	0.999577	0.000962
3.057371	0.999630	0.000772
3.120509	0.999699	0.000984
3.184830	0.999763	0.000671
3.246446	0.999722	0.000940
3.307960	0.999927	0.000957
3.367103	0.999886	0.001074
3.424309	0.999809	0.001105
3.484751	0.999853	0.001135
3.545318	1.000093	0.001832
3.606017	1.000323	0.002295
3.666966	1.000983	0.003699
3.730767	1.000407	0.003270
3.789266	1.001481	0.005380
3.850413	1.000994	0.003795
3.917881	1.002146	0.006425
3.975072	1.001425	0.005229
4.031474	1.002354	0.005476
4.094276	1.001453	0.003615
4.152425	1.001340	0.003373
4.212622	1.002138	0.004165
4.270747	1.000878	0.003193
4.331896	1.001604	0.003292
4.391346	1.001182	0.003434
4.454635	1.001118	0.002885
4.520449	1.000712	0.002842
4.583089	1.001136	0.003266
4.643901	1.000575	0.003082
4.704179	1.001083	0.003948
4.763538	1.000475	0.002454
4.825476	1.000387	0.001429
4.884887	1.001013	0.002791
4.943746	1.000612	0.002968
5.003000	1.002530	0.007621
5.059943	1.001266	0.005031
5.115357	1.001248	0.004130
5.169287	1.001297	0.003905
5.224426	1.000815	0.002733
5.281658	1.001346	0.003430
5.339370	1.001324	0.003179
5.391871	1.000628	0.002634
5.445949	1.000497	0.002580
5.500083	1.001513	0.002981
5.554118	1.000804	0.002218
5.608173	1.000552	0.002115
5.662573	1.000842	0.002697
5.717272	1.000736	0.002191
5.778509	1.000459	0.002478
5.836233	1.000673	0.002476
