100
0.005186	1.000317	0.000644
0.018174	1.001095	0.001268
0.031162	1.000012	0.001199
0.044776	1.000799	0.001013
0.058402	1.000853	0.001111
0.072164	0.999860	0.000842
0.085800	1.000711	0.001221
0.098787	1.000394	0.001438
0.114461	0.999734	0.000624
0.127470	1.000261	0.000763
0.140457	1.000406	0.000923
0.154868	0.999925	0.000601
0.167855	0.999989	0.000784
0.180665	1.000038	0.000736
0.195741	0.999623	0.001008
0.209505	1.000486	0.000759
0.222345	1.000042	0.001067
0.236744	0.999997	0.001174
0.250220	1.000310	0.000745
0.264015	1.000137	0.001028
0.276972	1.000340	0.001335
0.289960	1.000132	0.001403
0.303256	1.000685	0.001076
0.316074	1.000635	0.001438
0.330186	0.999648	0.000669
0.343821	1.000574	0.001207
0.357118	1.000085	0.000948
0.369439	0.999291	0.003209
0.381470	1.000026	0.001568
0.393961	0.997672	0.006186
0.407436	1.000642	0.001246
0.419468	1.000446	0.001358
0.431789	1.000523	0.001214
0.445253	1.000665	0.001480
0.457914	1.000494	0.001367
0.471061	1.000869	0.001494
0.483845	1.000680	0.002258
0.495259	1.000216	0.001251
0.507002	1.000530	0.002372
0.518745	1.000226	0.000446
0.530699	1.000904	0.002203
0.544223	1.000928	0.001813
0.556144	1.000891	0.002114
0.567886	1.001173	0.002471
0.580019	0.999386	0.000981
0.591761	1.001948	0.002459
0.602632	1.000241	0.001419
0.615436	1.001449	0.002906
0.627191	1.001507	0.002358
0.638251	1.000822	0.002081
0.649274	1.001570	0.002828
0.660322	1.000512	0.001976
0.671345	1.001849	0.003220
0.682406	0.999988	0.001234
0.692888	1.001701	0.003281
0.704489	0.998298	0.005041
0.714085	1.002513	0.003274
0.725311	0.996935	0.008591
0.735272	1.003137	0.003720
0.747217	0.996286	0.010309
0.757720	1.003711	0.004881
0.768936	0.995992	0.010210
0.781231	1.002124	0.003414
0.794579	0.998320	0.010417
0.806862	1.000218	0.001591
0.818253	0.998754	0.009113
0.830550	0.997116	0.006345
0.841597	1.001729	0.002696
0.852269	0.997621	0.005868
0.863834	1.001215	0.003281
0.874186	0.998610	0.005752
0.886104	1.001644	0.002737
0.896269	0.999706	0.006329
0.909061	1.000385	0.001991
0.919931	1.000130	0.006420
0.933656	0.998753	0.005462
0.944325	1.001527	0.002418
0.955551	0.999065	0.005453
0.968023	1.001074	0.002070
0.978330	0.999406	0.004720
0.990249	1.000841	0.001908
1.000436	1.000007	0.004249
1.013239	1.000261	0.001300
1.025348	1.000332	0.003732
1.038330	0.999295	0.001679
1.052760	1.000984	0.001908
1.065589	1.000856	0.002794
1.077353	0.999992	0.000829
1.091408	1.000779	0.002213
1.104226	1.000583	0.002161
1.116322	0.999634	0.000987
1.128089	1.001257	0.002253
1.139842	0.999192	0.000668
1.151774	1.000907	0.002125
1.164392	1.000418	0.001587
1.176334	1.000220	0.001527
1.187747	1.001169	0.001633
1.202153	0.999658	0.001015
1.214098	1.000774	0.001387
1.227258	1.000516	0.001696
0.010371	1.000317	0.000644
0.036347	1.001095	0.001268
0.062323	1.000012	0.001199
0.089551	1.000799	0.001013
0.116804	1.000853	0.001111
0.144327	0.999860	0.000842
0.171600	1.000711	0.001221
0.197573	1.000394	0.001438
0.228921	0.999734	0.000624
0.254940	1.000261	0.000763
0.280913	1.000406	0.000923
0.309735	0.999925	0.000601
0.335709	0.999989	0.000784
0.361330	1.000038	0.000736
0.391481	0.999623	0.001008
0.419009	1.000486	0.000759
0.444690	1.000042	0.001067
0.473487	0.999997	0.001174
0.500439	1.000310	0.000745
0.528030	1.000137	0.001028
0.553943	1.000340	0.001335
0.579920	1.000132	0.001403
0.606512	1.000685	0.001076
0.632147	1.000635	0.001438
0.660371	0.999648	0.000669
0.687641	1.000574	0.001207
0.714236	1.000085	0.000948
0.738878	0.999291	0.003209
0.762939	1.000026	0.001568
0.787922	0.997672	0.006186
0.814872	1.000642	0.001246
0.838935	1.000446	0.001358
0.863577	1.000523	0.001214
0.890505	1.000665	0.001480
0.915828	1.000494	0.001367
0.942122	1.000869	0.001494
0.967690	1.000680	0.002258
0.990518	1.000216	0.001251
1.014004	1.000530	0.002372
1.037491	1.000226	0.000446
1.061397	1.000904	0.002203
1.088446	1.000928	0.001813
1.112289	1.000891	0.002114
1.135773	1.001173	0.002471
1.160038	0.999386	0.000981
1.183522	1.001948	0.002459
1.205264	1.000241	0.001419
1.230873	1.001449	0.002906
1.254382	1.001507	0.002358
1.276502	1.000822	0.002081
1.298548	1.001570	0.002828
1.320644	1.000512	0.001976
1.342690	1.001849	0.003220
1.364811	0.999988	0.001234
1.385775	1.001701	0.003281
1.408978	0.998298	0.005041
1.428171	1.002513	0.003274
1.450622	0.996935	0.008591
1.470544	1.003137	0.003720
1.494433	0.996286	0.010309
1.515439	1.003711	0.004881
1.537871	0.995992	0.010210
1.562462	1.002124	0.003414
1.589158	0.998320	0.010417
1.613724	1.000218	0.001591
1.636507	0.998754	0.009113
1.661100	0.997116	0.006345
1.683193	1.001729	0.002696
1.704538	0.997621	0.005868
1.727669	1.001215	0.003281
1.748371	0.998610	0.005752
1.772208	1.001644	0.002737
1.792538	0.999706	0.006329
1.818122	1.000385	0.001991
1.839862	1.000130	0.006420
1.867311	0.998753	0.005462
1.888651	1.001527	0.002418
1.911103	0.999065	0.005453
1.936047	1.001074	0.002070
1.956660	0.999406	0.004720
1.980497	1.000841	0.001908
2.000871	1.000007	0.004249
2.026477	1.000261	0.001300
2.050695	1.000332	0.003732
2.076660	0.999295	0.001679
2.105520	1.000984	0.001908
2.131178	1.000856	0.002794
2.154706	0.999992	0.000829
2.182815	1.000779	0.002213
2.208451	1.000583	0.002161
2.232644	0.999634	0.000987
2.256178	1.001257	0.002253
2.279684	0.999192	0.000668
2.303549	1.000907	0.002125
2.328784	1.000418	0.001587
2.352669	1.000220	0.001527
2.375493	1.001169	0.001633
2.404306	0.999658	0.001015
2.428195	1.000774	0.001387
2.454516	1.000516	0.001696
