100
0.041697	1.000175	0.000373
0.120857	1.000205	0.000298
0.197952	1.000139	0.000352
0.271884	1.000592	0.000953
0.341682	1.000555	0.001050
0.402107	0.999936	0.000678
0.475027	0.999809	0.000555
0.544824	0.999389	0.000808
0.618767	0.999601	0.000554
0.692729	1.001281	0.003469
0.747936	1.002021	0.003761
0.802112	1.000665	0.003027
0.854186	1.001064	0.002578
0.906272	1.000121	0.001748
0.958356	1.000127	0.001538
1.010432	0.999908	0.001055
1.063569	1.000036	0.000932
1.127102	1.000061	0.000701
1.182319	0.999999	0.000560
1.234399	1.000087	0.000437
1.286479	1.000009	0.000649
1.338549	1.000356	0.000750
1.390639	0.999940	0.000899
1.442719	1.000576	0.001242
1.494809	1.000411	0.001326
1.547937	1.000956	0.001705
1.609389	1.001102	0.002110
1.661479	1.000731	0.001768
1.713549	1.001103	0.001873
1.768762	1.000851	0.001693
1.828144	1.000428	0.001268
1.885422	1.000473	0.001144
1.937516	0.999863	0.000663
1.989602	0.999607	0.000791
2.044799	0.999390	0.000499
2.098969	0.999521	0.000478
2.150479	0.999495	0.000443
2.211832	0.999391	0.000542
2.275479	0.999329	0.000551
2.358807	0.998888	0.000346
2.453712	0.999180	0.000349
2.550929	0.999423	0.000357
2.655101	0.999675	0.000267
2.754640	1.000066	0.000473
2.849545	1.000607	0.000950
2.942140	1.001539	0.001595
3.037045	1.001671	0.001750
3.129640	1.002085	0.001770
3.229173	1.001768	0.001393
3.328729	1.001380	0.000991
3.442151	1.000876	0.000604
3.555579	1.000554	0.000228
3.664384	1.000290	0.000194
3.766229	1.000039	0.000241
3.877340	0.999934	0.000268
3.976873	0.999969	0.000280
4.078707	1.000091	0.000232
4.180562	1.000019	0.000204
4.284729	0.999868	0.000331
4.379645	0.999923	0.000158
4.474540	0.999824	0.000332
4.567145	0.999659	0.000425
4.662040	0.999713	0.000378
4.754645	0.999505	0.000305
4.849540	0.999216	0.000374
4.942145	0.999085	0.000381
5.037034	0.999171	0.000329
5.129629	0.999100	0.000375
5.224523	0.998999	0.000381
5.317129	0.999106	0.000374
5.405084	0.999375	0.000354
5.475692	0.999341	0.000240
5.560184	0.999735	0.000255
5.628476	1.000219	0.000475
5.690965	1.000249	0.000691
5.754618	1.000611	0.001043
5.822909	1.000887	0.001374
5.885409	1.001121	0.001740
5.947909	1.001137	0.001690
6.016201	1.001103	0.001661
6.086798	1.001085	0.001382
6.149298	1.000880	0.001322
6.211798	1.000521	0.001086
6.281237	1.000162	0.000733
6.343743	1.000286	0.000668
6.406243	1.000203	0.000534
6.468743	1.000040	0.000428
6.531243	0.999953	0.000436
6.593743	0.999979	0.000448
6.656243	0.999780	0.000446
6.718743	0.999794	0.000338
6.781243	0.999877	0.000315
6.843743	0.999824	0.000272
6.908554	0.999972	0.000153
6.983790	1.000009	0.000244
7.054392	1.000194	0.000348
7.127296	1.000154	0.000460
7.195582	1.000316	0.000274
7.267332	1.000166	0.000367
7.329832	1.000080	0.000295
0.083394	1.000175	0.000373
0.241714	1.000205	0.000298
0.395904	1.000139	0.000352
0.543769	1.000592	0.000953
0.683363	1.000555	0.001050
0.804214	0.999936	0.000678
0.950054	0.999809	0.000555
1.089649	0.999389	0.000808
1.237534	0.999601	0.000554
1.385458	1.001281	0.003469
1.495873	1.002021	0.003761
1.604223	1.000665	0.003027
1.708373	1.001064	0.002578
1.812543	1.000121	0.001748
1.916713	1.000127	0.001538
2.020863	0.999908	0.001055
2.127138	1.000036	0.000932
2.254203	1.000061	0.000701
2.364638	0.999999	0.000560
2.468798	1.000087	0.000437
2.572958	1.000009	0.000649
2.677098	1.000356	0.000750
2.781278	0.999940	0.000899
2.885438	1.000576	0.001242
2.989618	1.000411	0.001326
3.095874	1.000956	0.001705
3.218778	1.001102	0.002110
3.322958	1.000731	0.001768
3.427098	1.001103	0.001873
3.537523	1.000851	0.001693
3.656288	1.000428	0.001268
3.770843	1.000473	0.001144
3.875033	0.999863	0.000663
3.979203	0.999607	0.000791
4.089598	0.999390	0.000499
4.197938	0.999521	0.000478
4.300958	0.999495	0.000443
4.423663	0.999391	0.000542
4.550957	0.999329	0.000551
4.717613	0.998888	0.000346
4.907424	0.999180	0.000349
5.101858	0.999423	0.000357
5.310202	0.999675	0.000267
5.509280	1.000066	0.000473
5.699091	1.000607	0.000950
5.884280	1.001539	0.001595
6.074091	1.001671	0.001750
6.259280	1.002085	0.001770
6.458347	1.001768	0.001393
6.657458	1.001380	0.000991
6.884302	1.000876	0.000604
7.111158	1.000554	0.000228
7.328769	1.000290	0.000194
7.532458	1.000039	0.000241
7.754680	0.999934	0.000268
7.953747	0.999969	0.000280
8.157413	1.000091	0.000232
8.361124	1.000019	0.000204
8.569458	0.999868	0.000331
8.759291	0.999923	0.000158
8.949080	0.999824	0.000332
9.134291	0.999659	0.000425
9.324080	0.999713	0.000378
9.509291	0.999505	0.000305
9.699080	0.999216	0.000374
9.884291	0.999085	0.000381
10.074068	0.999171	0.000329
10.259258	0.999100	0.000375
10.449046	0.998999	0.000381
10.634258	0.999106	0.000374
10.810169	0.999375	0.000354
10.951385	0.999341	0.000240
11.120369	0.999735	0.000255
11.256952	1.000219	0.000475
11.381930	1.000249	0.000691
11.509236	1.000611	0.001043
11.645819	1.000887	0.001374
11.770819	1.001121	0.001740
11.895819	1.001137	0.001690
12.032402	1.001103	0.001661
12.173596	1.001085	0.001382
12.298596	1.000880	0.001322
12.423596	1.000521	0.001086
12.562475	1.000162	0.000733
12.687485	1.000286	0.000668
12.812485	1.000203	0.000534
12.937485	1.000040	0.000428
13.062485	0.999953	0.000436
13.187485	0.999979	0.000448
13.312485	0.999780	0.000446
13.437485	0.999794	0.000338
13.562485	0.999877	0.000315
13.687485	0.999824	0.000272
13.817108	0.999972	0.000153
13.967581	1.000009	0.000244
14.108785	1.000194	0.000348
14.254591	1.000154	0.000460
14.391164	1.000316	0.000274
14.534663	1.000166	0.000367
14.659663	1.000080	0.000295
