100
0.033340	1.000928	0.000592
0.122894	1.001128	0.000687
0.204170	1.000817	0.000816
0.274982	1.004211	0.007262
0.331236	1.004420	0.006932
0.385412	1.004110	0.006673
0.458332	1.000632	0.000381
0.533340	0.999936	0.000628
0.608326	0.999369	0.000618
0.674988	1.005430	0.019613
0.729144	1.017277	0.029114
0.781226	1.008849	0.020702
0.833318	1.010367	0.018244
0.887476	1.006418	0.012524
0.945812	1.001951	0.008008
0.999984	1.002019	0.006654
1.052066	0.999509	0.003949
1.108320	0.998326	0.002781
1.162460	0.998418	0.002118
1.212480	0.997881	0.001705
1.266640	0.998295	0.001025
1.316650	0.998327	0.000733
1.370800	0.999121	0.000460
1.427056	0.999855	0.000458
1.479134	1.000959	0.000577
1.531230	1.001808	0.000946
1.606250	1.003376	0.000595
1.677076	1.004002	0.000444
1.747910	1.003927	0.000346
1.822912	1.003158	0.000552
1.899994	1.001647	0.000654
1.968746	1.000473	0.000621
2.041670	0.999388	0.000794
2.127064	0.998361	0.000571
2.239560	0.997758	0.000487
2.343730	0.997697	0.000271
2.442100	0.997317	0.000718
2.537020	0.998037	0.000646
2.631922	0.998802	0.000701
2.733778	0.999304	0.000717
2.828676	0.999785	0.000553
2.921278	1.000222	0.000428
3.016176	1.000424	0.000489
3.108778	1.000666	0.000185
3.206000	1.000683	0.000180
3.307831	1.000488	0.000644
3.416625	1.000885	0.000725
3.530045	1.001027	0.000684
3.638847	1.000984	0.000409
3.745331	1.000956	0.000699
3.851814	1.001285	0.000662
3.953656	1.001020	0.000794
4.057831	1.001514	0.000530
4.157367	1.000579	0.001005
4.261525	0.999866	0.000994
4.358765	0.999921	0.001059
4.453656	0.999125	0.001045
4.546265	0.998855	0.001177
4.641156	0.997754	0.001171
4.733765	0.997515	0.000642
4.828656	0.996875	0.000543
4.921265	0.996511	0.000684
5.016156	0.997195	0.000324
5.108742	0.998733	0.000634
5.199027	1.000587	0.000630
5.268467	1.002455	0.000720
5.354116	1.003945	0.000601
5.423571	1.004775	0.000869
5.486071	1.006112	0.002126
5.548571	1.005304	0.001178
5.622647	1.004681	0.001186
5.687460	1.003247	0.001561
5.749960	1.001963	0.001068
5.812460	1.001310	0.001081
5.874960	1.000211	0.000833
5.937460	0.999472	0.001423
5.999960	0.999288	0.001112
6.069405	0.998670	0.000964
6.131893	0.998665	0.000862
6.194393	0.998359	0.000399
6.261518	0.998169	0.000621
6.326338	0.998620	0.000447
6.388838	0.998946	0.000574
6.451338	0.999272	0.000531
6.513838	0.999073	0.000738
6.576338	0.999539	0.000788
6.638842	0.999968	0.000782
6.708271	0.999553	0.000942
6.770771	0.999353	0.000998
6.833271	1.000202	0.000776
6.898085	1.000191	0.000575
6.969845	1.000107	0.000598
7.041605	1.000378	0.000655
7.108729	1.000636	0.000533
7.175856	1.000725	0.000623
7.247627	1.001152	0.000781
7.312438	1.000971	0.000486
7.381862	1.001014	0.000224
7.453645	1.000739	0.000782
7.525396	1.000342	0.000672
0.066681	1.000928	0.000592
0.245789	1.001128	0.000687
0.408341	1.000817	0.000816
0.549964	1.004211	0.007262
0.662472	1.004420	0.006932
0.770824	1.004110	0.006673
0.916665	1.000632	0.000381
1.066681	0.999936	0.000628
1.216653	0.999369	0.000618
1.349976	1.005430	0.019613
1.458288	1.017277	0.029114
1.562452	1.008849	0.020702
1.666636	1.010367	0.018244
1.774952	1.006418	0.012524
1.891624	1.001951	0.008008
1.999968	1.002019	0.006654
2.104132	0.999509	0.003949
2.216640	0.998326	0.002781
2.324920	0.998418	0.002118
2.424960	0.997881	0.001705
2.533280	0.998295	0.001025
2.633300	0.998327	0.000733
2.741600	0.999121	0.000460
2.854112	0.999855	0.000458
2.958268	1.000959	0.000577
3.062460	1.001808	0.000946
3.212500	1.003376	0.000595
3.354152	1.004002	0.000444
3.495820	1.003927	0.000346
3.645824	1.003158	0.000552
3.799988	1.001647	0.000654
3.937492	1.000473	0.000621
4.083340	0.999388	0.000794
4.254128	0.998361	0.000571
4.479120	0.997758	0.000487
4.687460	0.997697	0.000271
4.884200	0.997317	0.000718
5.074040	0.998037	0.000646
5.263845	0.998802	0.000701
5.467556	0.999304	0.000717
5.657351	0.999785	0.000553
5.842556	1.000222	0.000428
6.032351	1.000424	0.000489
6.217556	1.000666	0.000185
6.412000	1.000683	0.000180
6.615662	1.000488	0.000644
6.833249	1.000885	0.000725
7.060089	1.001027	0.000684
7.277694	1.000984	0.000409
7.490662	1.000956	0.000699
7.703627	1.001285	0.000662
7.907311	1.001020	0.000794
8.115662	1.001514	0.000530
8.314734	1.000579	0.001005
8.523049	0.999866	0.000994
8.717529	0.999921	0.001059
8.907311	0.999125	0.001045
9.092529	0.998855	0.001177
9.282311	0.997754	0.001171
9.467529	0.997515	0.000642
9.657311	0.996875	0.000543
9.842529	0.996511	0.000684
10.032311	0.997195	0.000324
10.217485	0.998733	0.000634
10.398054	1.000587	0.000630
10.536934	1.002455	0.000720
10.708231	1.003945	0.000601
10.847142	1.004775	0.000869
10.972142	1.006112	0.002126
11.097142	1.005304	0.001178
11.245294	1.004681	0.001186
11.374920	1.003247	0.001561
11.499920	1.001963	0.001068
11.624920	1.001310	0.001081
11.749920	1.000211	0.000833
11.874920	0.999472	0.001423
11.999920	0.999288	0.001112
12.138809	0.998670	0.000964
12.263787	0.998665	0.000862
12.388787	0.998359	0.000399
12.523036	0.998169	0.000621
12.652676	0.998620	0.000447
12.777676	0.998946	0.000574
12.902676	0.999272	0.000531
13.027676	0.999073	0.000738
13.152676	0.999539	0.000788
13.277685	0.999968	0.000782
13.416542	0.999553	0.000942
13.541542	0.999353	0.000998
13.666542	1.000202	0.000776
13.796169	1.000191	0.000575
13.939689	1.000107	0.000598
14.083209	1.000378	0.000655
14.217458	1.000636	0.000533
14.351711	1.000725	0.000623
14.495254	1.001152	0.000781
14.624876	1.000971	0.000486
14.763725	1.001014	0.000224
14.907289	1.000739	0.000782
15.050791	1.000342	0.000672
