100
0.021780	0.999872	0.000514
0.060890	0.999716	0.000539
0.100306	1.000069	0.000582
0.139431	0.999784	0.000802
0.183585	0.999968	0.000741
0.224342	1.000042	0.000699
0.265275	1.000428	0.001874
0.299538	1.000703	0.002666
0.338521	1.000774	0.002436
0.376070	1.000161	0.001911
0.418478	0.999515	0.000876
0.463904	0.999591	0.000579
0.510333	0.999914	0.000991
0.556511	0.999986	0.001021
0.603179	0.999760	0.000885
0.650122	0.999769	0.000785
0.696112	0.999466	0.001232
0.745128	0.999705	0.001266
0.796996	0.998500	0.002151
0.840923	0.998576	0.002263
0.880713	0.998485	0.002254
0.926243	0.998529	0.001493
0.967904	0.999468	0.001727
1.006815	1.000543	0.004436
1.046297	1.002198	0.009319
1.086092	0.999186	0.001794
1.135612	0.998894	0.001341
1.180823	0.998864	0.001108
1.224657	0.999154	0.000868
1.277358	1.000126	0.001124
1.327245	1.000747	0.001239
1.379641	1.000589	0.002016
1.438531	1.001347	0.002660
1.497697	1.002160	0.002920
1.558079	1.002690	0.003255
1.616252	1.003455	0.002871
1.673421	1.003014	0.003115
1.737857	1.002753	0.002946
1.791114	1.002244	0.002545
1.848788	1.001662	0.001996
1.900938	1.001927	0.001966
1.952955	1.001501	0.001865
2.003245	1.001488	0.001518
2.053385	1.000982	0.001754
2.104077	1.000686	0.001581
2.155048	1.000689	0.001595
2.210241	1.000085	0.001372
2.266935	1.000435	0.001012
2.319981	1.000251	0.001012
2.378442	0.999872	0.001114
2.440883	0.999701	0.000949
2.493598	0.999546	0.000968
2.546914	0.999431	0.000831
2.601838	0.999740	0.001450
2.651184	1.000379	0.001626
2.700572	1.000318	0.002212
2.751957	1.000226	0.002289
2.806796	0.999672	0.002118
2.856135	0.999148	0.001847
2.906401	0.999538	0.002151
2.957919	0.999986	0.001592
3.004911	0.999627	0.001763
3.054540	1.000224	0.001596
3.097699	0.999971	0.001833
3.145419	1.000370	0.001724
3.191702	1.000597	0.002242
3.236136	1.001071	0.002213
3.281546	1.001227	0.002738
3.329050	1.001823	0.002934
3.375127	1.002139	0.002814
3.426790	1.001938	0.002696
3.475875	1.002476	0.002573
3.517134	1.001809	0.002399
3.559533	1.002379	0.001883
3.598167	1.001280	0.001703
3.635399	1.000880	0.001606
3.673665	1.000986	0.001646
3.713279	1.000813	0.001388
3.754803	1.000489	0.001685
3.794994	1.000262	0.001473
3.833689	1.000572	0.001315
3.876343	1.000841	0.000764
3.917617	1.000779	0.000680
3.959169	1.000648	0.001003
4.002089	1.000772	0.001071
4.043923	1.000355	0.001019
4.086293	1.000624	0.001212
4.131800	0.999818	0.001725
4.173038	1.000031	0.001370
4.211788	1.000304	0.001407
4.255332	0.999894	0.001020
4.294994	0.999885	0.000905
4.334741	1.000002	0.001024
4.372875	1.000228	0.001303
4.416419	1.000389	0.001165
4.455415	1.000192	0.001046
4.491581	1.000057	0.000984
4.533945	0.999941	0.000823
4.570082	0.999637	0.001034
4.610412	0.999986	0.000693
0.043560	0.999872	0.000514
0.121779	0.999716	0.000539
0.200612	1.000069	0.000582
0.278862	0.999784	0.000802
0.367171	0.999968	0.000741
0.448683	1.000042	0.000699
0.530551	1.000428	0.001874
0.599075	1.000703	0.002666
0.677042	1.000774	0.002436
0.752139	1.000161	0.001911
0.836956	0.999515	0.000876
0.927809	0.999591	0.000579
1.020665	0.999914	0.000991
1.113021	0.999986	0.001021
1.206358	0.999760	0.000885
1.300243	0.999769	0.000785
1.392223	0.999466	0.001232
1.490255	0.999705	0.001266
1.593992	0.998500	0.002151
1.681846	0.998576	0.002263
1.761426	0.998485	0.002254
1.852486	0.998529	0.001493
1.935808	0.999468	0.001727
2.013629	1.000543	0.004436
2.092594	1.002198	0.009319
2.172184	0.999186	0.001794
2.271224	0.998894	0.001341
2.361645	0.998864	0.001108
2.449314	0.999154	0.000868
2.554715	1.000126	0.001124
2.654491	1.000747	0.001239
2.759283	1.000589	0.002016
2.877063	1.001347	0.002660
2.995394	1.002160	0.002920
3.116157	1.002690	0.003255
3.232505	1.003455	0.002871
3.346842	1.003014	0.003115
3.475715	1.002753	0.002946
3.582229	1.002244	0.002545
3.697576	1.001662	0.001996
3.801875	1.001927	0.001966
3.905910	1.001501	0.001865
4.006490	1.001488	0.001518
4.106770	1.000982	0.001754
4.208154	1.000686	0.001581
4.310095	1.000689	0.001595
4.420482	1.000085	0.001372
4.533871	1.000435	0.001012
4.639963	1.000251	0.001012
4.756884	0.999872	0.001114
4.881765	0.999701	0.000949
4.987196	0.999546	0.000968
5.093829	0.999431	0.000831
5.203675	0.999740	0.001450
5.302368	1.000379	0.001626
5.401144	1.000318	0.002212
5.503914	1.000226	0.002289
5.613593	0.999672	0.002118
5.712270	0.999148	0.001847
5.812803	0.999538	0.002151
5.915837	0.999986	0.001592
6.009823	0.999627	0.001763
6.109081	1.000224	0.001596
6.195397	0.999971	0.001833
6.290837	1.000370	0.001724
6.383404	1.000597	0.002242
6.472272	1.001071	0.002213
6.563092	1.001227	0.002738
6.658100	1.001823	0.002934
6.750253	1.002139	0.002814
6.853580	1.001938	0.002696
6.951750	1.002476	0.002573
7.034267	1.001809	0.002399
7.119067	1.002379	0.001883
7.196334	1.001280	0.001703
7.270798	1.000880	0.001606
7.347330	1.000986	0.001646
7.426559	1.000813	0.001388
7.509605	1.000489	0.001685
7.589989	1.000262	0.001473
7.667377	1.000572	0.001315
7.752686	1.000841	0.000764
7.835234	1.000779	0.000680
7.918339	1.000648	0.001003
8.004179	1.000772	0.001071
8.087846	1.000355	0.001019
8.172587	1.000624	0.001212
8.263600	0.999818	0.001725
8.346077	1.000031	0.001370
8.423575	1.000304	0.001407
8.510663	0.999894	0.001020
8.589989	0.999885	0.000905
8.669482	1.000002	0.001024
8.745750	1.000228	0.001303
8.832838	1.000389	0.001165
8.910830	1.000192	0.001046
8.983161	1.000057	0.000984
9.067891	0.999941	0.000823
9.140164	0.999637	0.001034
9.220823	0.999986	0.000693
