100
0.004778	0.998919	0.001249
0.012450	0.998934	0.003249
0.021654	0.999375	0.001936
0.030240	0.998960	0.003279
0.038202	0.999036	0.002151
0.047193	0.999642	0.001519
0.055001	0.999536	0.003428
0.063575	0.999224	0.001669
0.071665	0.999286	0.003353
0.081129	1.000097	0.002306
0.090976	0.998492	0.007301
0.098832	0.998310	0.005438
0.107519	0.999485	0.001840
0.115478	0.997078	0.009138
0.124565	0.998360	0.010675
0.132947	1.000736	0.002855
0.140877	0.998941	0.006035
0.149090	1.000456	0.002478
0.157350	1.000829	0.003105
0.166673	1.000438	0.006167
0.175278	1.001034	0.003683
0.183290	1.000102	0.005178
0.192010	1.000538	0.002416
0.200034	1.002011	0.004449
0.208589	1.000090	0.004958
0.217091	1.001145	0.004483
0.224972	1.000577	0.005125
0.233660	1.001005	0.003155
0.241375	1.000935	0.005791
0.249541	1.000826	0.005492
0.258663	1.001484	0.004236
0.266618	1.001144	0.004841
0.274963	1.001592	0.003336
0.282872	1.002370	0.004451
0.291244	1.001491	0.005200
0.299362	1.001798	0.002629
0.307423	1.000755	0.006830
0.315871	1.002243	0.003066
0.324000	1.001238	0.004144
0.332307	1.002828	0.004588
0.341068	1.001614	0.002798
0.349300	0.999605	0.008892
0.357905	1.001925	0.003239
0.365693	1.000716	0.004175
0.373816	0.999869	0.008647
0.382054	1.001620	0.002080
0.389985	0.999595	0.008297
0.398062	1.001810	0.002800
0.405976	1.000914	0.003648
0.413793	0.999774	0.007731
0.422110	1.002086	0.002759
0.430001	1.000799	0.003324
0.438411	0.999620	0.007867
0.446617	1.000317	0.004826
0.455097	0.999438	0.007677
0.463924	1.001731	0.002337
0.472014	0.999117	0.008078
0.481093	1.001133	0.002421
0.489391	1.000683	0.002550
0.497701	0.998999	0.007629
0.505792	1.001092	0.001937
0.513407	1.000184	0.002803
0.521589	0.998578	0.008345
0.530419	1.000249	0.003397
0.538421	0.998887	0.008325
0.546338	1.000633	0.002400
0.554281	0.999457	0.002843
0.562082	0.998253	0.008155
0.570054	1.000150	0.002355
0.577898	0.997013	0.008792
0.585819	1.000266	0.002336
0.594104	1.000186	0.001726
0.601732	0.997675	0.008728
0.609552	0.999788	0.002374
0.617006	0.999643	0.001975
0.624843	0.997756	0.008599
0.632994	1.000149	0.002381
0.640336	0.996931	0.008683
0.647921	1.000089	0.002618
0.656032	0.999605	0.001573
0.663848	0.997059	0.008664
0.672379	0.996851	0.011255
0.679690	0.998342	0.003447
0.687286	0.997585	0.007794
0.695382	0.999333	0.002072
0.702964	0.997178	0.008101
0.710748	0.999824	0.001971
0.718333	0.999045	0.001538
0.725599	0.997066	0.007909
0.733485	0.999268	0.001625
0.740867	0.998521	0.002757
0.747893	0.997638	0.007065
0.755936	0.998569	0.001479
0.763345	0.998581	0.002857
0.770599	0.997812	0.007053
0.778858	0.999154	0.001429
0.786312	0.997159	0.006629
0.794811	0.999174	0.001667
0.803566	0.996031	0.012776
0.811010	0.997624	0.005969
0.009557	0.998919	0.001249
0.024901	0.998934	0.003249
0.043308	0.999375	0.001936
0.060480	0.998960	0.003279
0.076405	0.999036	0.002151
0.094386	0.999642	0.001519
0.110002	0.999536	0.003428
0.127150	0.999224	0.001669
0.143330	0.999286	0.003353
0.162258	1.000097	0.002306
0.181952	0.998492	0.007301
0.197664	0.998310	0.005438
0.215039	0.999485	0.001840
0.230955	0.997078	0.009138
0.249130	0.998360	0.010675
0.265894	1.000736	0.002855
0.281754	0.998941	0.006035
0.298179	1.000456	0.002478
0.314701	1.000829	0.003105
0.333345	1.000438	0.006167
0.350555	1.001034	0.003683
0.366581	1.000102	0.005178
0.384020	1.000538	0.002416
0.400068	1.002011	0.004449
0.417179	1.000090	0.004958
0.434181	1.001145	0.004483
0.449944	1.000577	0.005125
0.467320	1.001005	0.003155
0.482750	1.000935	0.005791
0.499082	1.000826	0.005492
0.517325	1.001484	0.004236
0.533235	1.001144	0.004841
0.549926	1.001592	0.003336
0.565743	1.002370	0.004451
0.582487	1.001491	0.005200
0.598725	1.001798	0.002629
0.614846	1.000755	0.006830
0.631742	1.002243	0.003066
0.648001	1.001238	0.004144
0.664614	1.002828	0.004588
0.682136	1.001614	0.002798
0.698600	0.999605	0.008892
0.715811	1.001925	0.003239
0.731386	1.000716	0.004175
0.747632	0.999869	0.008647
0.764108	1.001620	0.002080
0.779971	0.999595	0.008297
0.796124	1.001810	0.002800
0.811951	1.000914	0.003648
0.827587	0.999774	0.007731
0.844220	1.002086	0.002759
0.860002	1.000799	0.003324
0.876822	0.999620	0.007867
0.893234	1.000317	0.004826
0.910194	0.999438	0.007677
0.927847	1.001731	0.002337
0.944029	0.999117	0.008078
0.962187	1.001133	0.002421
0.978783	1.000683	0.002550
0.995402	0.998999	0.007629
1.011584	1.001092	0.001937
1.026814	1.000184	0.002803
1.043178	0.998578	0.008345
1.060839	1.000249	0.003397
1.076842	0.998887	0.008325
1.092675	1.000633	0.002400
1.108563	0.999457	0.002843
1.124164	0.998253	0.008155
1.140108	1.000150	0.002355
1.155797	0.997013	0.008792
1.171638	1.000266	0.002336
1.188208	1.000186	0.001726
1.203463	0.997675	0.008728
1.219105	0.999788	0.002374
1.234012	0.999643	0.001975
1.249685	0.997756	0.008599
1.265988	1.000149	0.002381
1.280673	0.996931	0.008683
1.295842	1.000089	0.002618
1.312064	0.999605	0.001573
1.327696	0.997059	0.008664
1.344758	0.996851	0.011255
1.359380	0.998342	0.003447
1.374572	0.997585	0.007794
1.390763	0.999333	0.002072
1.405929	0.997178	0.008101
1.421495	0.999824	0.001971
1.436667	0.999045	0.001538
1.451198	0.997066	0.007909
1.466970	0.999268	0.001625
1.481734	0.998521	0.002757
1.495787	0.997638	0.007065
1.511872	0.998569	0.001479
1.526690	0.998581	0.002857
1.541198	0.997812	0.007053
1.557716	0.999154	0.001429
1.572624	0.997159	0.006629
1.589622	0.999174	0.001667
1.607132	0.996031	0.012776
1.622021	0.997624	0.005969
