100
0.040434	0.999780	0.000750
0.124325	0.997368	0.003508
0.207096	0.968383	0.008487
0.288400	0.994892	0.006954
0.382627	1.001243	0.001795
0.485443	1.007348	0.001949
0.586615	1.008340	0.001834
0.688751	1.002902	0.002217
0.795915	0.997922	0.001484
0.897320	0.995923	0.001550
0.997327	0.989877	0.004993
1.098854	0.996569	0.001065
1.200982	0.997603	0.000973
1.300519	0.998548	0.001027
1.402158	0.999554	0.000968
1.505563	0.999900	0.000785
1.606091	1.000343	0.000881
1.708572	1.000743	0.000786
1.810515	1.004033	0.009366
1.892454	1.006114	0.008501
1.972230	1.003485	0.003208
2.049118	1.001564	0.000972
2.125625	1.001252	0.000797
2.204855	1.001023	0.000853
2.287366	1.000116	0.000939
2.378663	0.998915	0.000782
2.461675	0.978003	0.014439
2.546862	0.985484	0.013280
2.635686	0.999604	0.001438
2.732965	1.005469	0.002347
2.833576	1.009265	0.001379
2.936872	1.005288	0.002625
3.039343	0.999995	0.001741
3.134979	0.996958	0.001454
3.226036	0.991950	0.004993
3.314912	0.993030	0.004878
3.411986	0.997159	0.001219
3.500129	0.998050	0.001106
3.598180	0.998791	0.001232
3.686612	0.999686	0.001605
3.777939	1.000314	0.001201
3.864346	1.000061	0.001242
3.945298	1.012831	0.045023
4.025336	1.011437	0.033924
4.102906	1.005948	0.016415
4.184947	1.002901	0.006676
4.263094	1.001526	0.002230
4.338376	1.001093	0.001619
4.424712	1.001838	0.003263
4.521955	1.000778	0.001128
4.623188	0.999720	0.001261
4.725687	0.984979	0.014194
4.824044	0.983430	0.015118
4.923141	1.000099	0.001822
5.021953	1.005526	0.002017
5.119203	1.008933	0.001931
5.219019	1.005031	0.002766
5.320543	0.999190	0.001537
5.418976	0.996398	0.001059
5.521944	0.990083	0.004999
5.623001	0.995481	0.002178
5.725013	0.997251	0.000693
5.823677	0.997998	0.000881
5.922405	0.998849	0.000990
6.019651	0.999435	0.000865
6.117513	1.000036	0.000961
6.229659	1.000361	0.000713
6.343050	1.001071	0.001039
6.454216	1.001252	0.001695
6.565083	1.001113	0.001287
6.677207	1.001164	0.001214
6.785843	1.003345	0.006229
6.873869	1.000654	0.003224
6.957458	0.998334	0.001423
7.039174	0.973051	0.013367
7.126840	0.990892	0.009476
7.207975	0.999445	0.001719
7.290560	1.004479	0.002059
7.372680	1.008973	0.001601
7.457698	1.007738	0.002132
7.543230	1.002999	0.001772
7.627506	0.998376	0.001254
7.710279	0.996133	0.000806
7.790997	0.991500	0.004603
7.874637	0.991790	0.005089
7.956482	0.996699	0.000796
8.036866	0.997515	0.000678
8.118483	0.998197	0.000858
8.198875	0.998986	0.000897
8.278430	0.999623	0.000723
8.357988	1.000342	0.000777
8.437568	1.000681	0.000802
8.518809	1.001042	0.000617
8.599576	1.001153	0.000886
8.681537	1.001384	0.000756
8.764305	1.001627	0.000943
8.846518	1.001524	0.000959
8.926102	1.001501	0.000934
9.009051	1.001202	0.000930
9.091636	1.000469	0.000961
0.080867	0.999780	0.000750
0.248651	0.997368	0.003508
0.414193	0.968383	0.008487
0.576799	0.994892	0.006954
0.765255	1.001243	0.001795
0.970886	1.007348	0.001949
1.173230	1.008340	0.001834
1.377501	1.002902	0.002217
1.591830	0.997922	0.001484
1.794641	0.995923	0.001550
1.994654	0.989877	0.004993
2.197708	0.996569	0.001065
2.401963	0.997603	0.000973
2.601037	0.998548	0.001027
2.804315	0.999554	0.000968
3.011126	0.999900	0.000785
3.212182	1.000343	0.000881
3.417145	1.000743	0.000786
3.621030	1.004033	0.009366
3.784908	1.006114	0.008501
3.944459	1.003485	0.003208
4.098237	1.001564	0.000972
4.251249	1.001252	0.000797
4.409710	1.001023	0.000853
4.574731	1.000116	0.000939
4.757326	0.998915	0.000782
4.923349	0.978003	0.014439
5.093723	0.985484	0.013280
5.271372	0.999604	0.001438
5.465930	1.005469	0.002347
5.667153	1.009265	0.001379
5.873744	1.005288	0.002625
6.078686	0.999995	0.001741
6.269957	0.996958	0.001454
6.452072	0.991950	0.004993
6.629825	0.993030	0.004878
6.823972	0.997159	0.001219
7.000259	0.998050	0.001106
7.196360	0.998791	0.001232
7.373223	0.999686	0.001605
7.555878	1.000314	0.001201
7.728693	1.000061	0.001242
7.890595	1.012831	0.045023
8.050671	1.011437	0.033924
8.205813	1.005948	0.016415
8.369895	1.002901	0.006676
8.526188	1.001526	0.002230
8.676752	1.001093	0.001619
8.849424	1.001838	0.003263
9.043911	1.000778	0.001128
9.246376	0.999720	0.001261
9.451373	0.984979	0.014194
9.648087	0.983430	0.015118
9.846282	1.000099	0.001822
10.043906	1.005526	0.002017
10.238407	1.008933	0.001931
10.438039	1.005031	0.002766
10.641086	0.999190	0.001537
10.837952	0.996398	0.001059
11.043887	0.990083	0.004999
11.246002	0.995481	0.002178
11.450026	0.997251	0.000693
11.647353	0.997998	0.000881
11.844811	0.998849	0.000990
12.039302	0.999435	0.000865
12.235025	1.000036	0.000961
12.459317	1.000361	0.000713
12.686100	1.001071	0.001039
12.908432	1.001252	0.001695
13.130166	1.001113	0.001287
13.354414	1.001164	0.001214
13.571686	1.003345	0.006229
13.747738	1.000654	0.003224
13.914916	0.998334	0.001423
14.078349	0.973051	0.013367
14.253680	0.990892	0.009476
14.415950	0.999445	0.001719
14.581119	1.004479	0.002059
14.745361	1.008973	0.001601
14.915397	1.007738	0.002132
15.086461	1.002999	0.001772
15.255012	0.998376	0.001254
15.420557	0.996133	0.000806
15.581994	0.991500	0.004603
15.749274	0.991790	0.005089
15.912965	0.996699	0.000796
16.073732	0.997515	0.000678
16.236966	0.998197	0.000858
16.397750	0.998986	0.000897
16.556861	0.999623	0.000723
16.715976	1.000342	0.000777
16.875137	1.000681	0.000802
17.037617	1.001042	0.000617
17.199153	1.001153	0.000886
17.363075	1.001384	0.000756
17.528609	1.001627	0.000943
17.693036	1.001524	0.000959
17.852204	1.001501	0.000934
18.018103	1.001202	0.000930
18.183272	1.000469	0.000961
