100
0.058484	1.004383	0.004154
0.175535	1.004403	0.004392
0.282167	0.997716	0.008734
0.363689	0.999837	0.009879
0.437309	0.999950	0.003479
0.511464	0.999334	0.005445
0.585276	0.998339	0.005196
0.660951	0.999195	0.006481
0.729082	1.000547	0.006839
0.800023	0.999008	0.005655
0.870663	1.000082	0.004580
0.937293	0.997792	0.004658
1.000142	0.997910	0.003801
1.070200	0.998267	0.003522
1.141978	0.999707	0.002984
1.206349	1.001530	0.005115
1.267363	1.002895	0.006398
1.330550	1.002889	0.005897
1.395987	1.001825	0.004128
1.467975	1.001285	0.004164
1.535234	1.000664	0.003559
1.615496	1.000400	0.003373
1.685359	0.999637	0.002501
1.756359	0.998712	0.001977
1.828778	0.998934	0.003376
1.901846	0.998164	0.003409
1.973649	0.998022	0.003055
2.059343	0.998760	0.003529
2.149965	0.996921	0.001998
2.239229	0.997942	0.003573
2.319457	1.000688	0.002925
2.401589	1.006204	0.003778
2.491235	1.007864	0.004456
2.582536	1.003359	0.004231
2.673219	1.001359	0.004014
2.763670	1.002249	0.003851
2.853683	1.001953	0.002855
2.941096	1.000225	0.003204
3.027522	1.001688	0.003898
3.121007	1.001898	0.004153
3.222017	1.001249	0.003917
3.312952	0.999062	0.002240
3.403910	0.998409	0.001725
3.486225	0.999514	0.004054
3.569871	1.001112	0.004343
3.658747	1.002769	0.005896
3.743323	1.001502	0.004354
3.833295	1.000594	0.002356
3.924114	1.000109	0.003365
4.005519	1.000486	0.002773
4.088551	0.999287	0.003064
4.170882	0.998576	0.002515
4.252067	0.998817	0.003426
4.332503	1.000885	0.007998
4.410802	1.000181	0.003575
4.495231	0.999052	0.003789
4.577806	0.997734	0.002993
4.674591	1.000491	0.002513
4.766416	1.005220	0.005212
4.849895	1.007062	0.005787
4.936600	1.003828	0.004610
5.021891	1.002471	0.003680
5.107390	1.002680	0.003906
5.191779	1.002474	0.003902
5.283782	1.001782	0.003389
5.371575	1.001443	0.002908
5.459145	1.000680	0.002432
5.541566	1.000467	0.002302
5.620564	1.000029	0.003678
5.694277	0.999939	0.002762
5.766684	0.998628	0.002563
5.848311	1.000841	0.003368
5.923892	1.005090	0.005708
5.998340	1.004901	0.006299
6.074660	1.004337	0.004241
6.158572	1.003019	0.002900
6.235472	1.001485	0.002159
6.308395	1.000810	0.002046
6.382706	1.000691	0.001786
6.453837	0.999670	0.002081
6.533509	0.999757	0.002746
6.615800	0.999985	0.003592
6.693580	0.999104	0.003678
6.765982	0.998077	0.003826
6.843896	0.997926	0.003991
6.921724	0.997837	0.003871
6.996533	0.998513	0.002493
7.069866	1.002049	0.003238
7.146148	1.005324	0.006333
7.227467	1.004209	0.005593
7.311688	1.003548	0.003856
7.395074	1.001641	0.003217
7.480344	1.001117	0.003039
7.566371	0.999809	0.003099
7.659214	0.999235	0.001996
7.765300	0.998892	0.002045
7.869960	0.998622	0.002196
7.973783	0.998205	0.002271
8.083112	0.998064	0.003214
8.189968	0.999605	0.001967
0.116968	1.004383	0.004154
0.351070	1.004403	0.004392
0.564333	0.997716	0.008734
0.727379	0.999837	0.009879
0.874617	0.999950	0.003479
1.022928	0.999334	0.005445
1.170551	0.998339	0.005196
1.321902	0.999195	0.006481
1.458165	1.000547	0.006839
1.600047	0.999008	0.005655
1.741325	1.000082	0.004580
1.874586	0.997792	0.004658
2.000284	0.997910	0.003801
2.140400	0.998267	0.003522
2.283956	0.999707	0.002984
2.412697	1.001530	0.005115
2.534726	1.002895	0.006398
2.661099	1.002889	0.005897
2.791973	1.001825	0.004128
2.935951	1.001285	0.004164
3.070468	1.000664	0.003559
3.230992	1.000400	0.003373
3.370718	0.999637	0.002501
3.512718	0.998712	0.001977
3.657556	0.998934	0.003376
3.803692	0.998164	0.003409
3.947298	0.998022	0.003055
4.118686	0.998760	0.003529
4.299929	0.996921	0.001998
4.478457	0.997942	0.003573
4.638915	1.000688	0.002925
4.803179	1.006204	0.003778
4.982469	1.007864	0.004456
5.165071	1.003359	0.004231
5.346437	1.001359	0.004014
5.527340	1.002249	0.003851
5.707365	1.001953	0.002855
5.882191	1.000225	0.003204
6.055044	1.001688	0.003898
6.242013	1.001898	0.004153
6.444033	1.001249	0.003917
6.625905	0.999062	0.002240
6.807820	0.998409	0.001725
6.972449	0.999514	0.004054
7.139743	1.001112	0.004343
7.317494	1.002769	0.005896
7.486645	1.001502	0.004354
7.666590	1.000594	0.002356
7.848227	1.000109	0.003365
8.011038	1.000486	0.002773
8.177102	0.999287	0.003064
8.341763	0.998576	0.002515
8.504133	0.998817	0.003426
8.665007	1.000885	0.007998
8.821604	1.000181	0.003575
8.990463	0.999052	0.003789
9.155613	0.997734	0.002993
9.349182	1.000491	0.002513
9.532833	1.005220	0.005212
9.699789	1.007062	0.005787
9.873199	1.003828	0.004610
10.043782	1.002471	0.003680
10.214780	1.002680	0.003906
10.383558	1.002474	0.003902
10.567563	1.001782	0.003389
10.743149	1.001443	0.002908
10.918290	1.000680	0.002432
11.083132	1.000467	0.002302
11.241128	1.000029	0.003678
11.388555	0.999939	0.002762
11.533367	0.998628	0.002563
11.696623	1.000841	0.003368
11.847783	1.005090	0.005708
11.996681	1.004901	0.006299
12.149319	1.004337	0.004241
12.317144	1.003019	0.002900
12.470943	1.001485	0.002159
12.616790	1.000810	0.002046
12.765412	1.000691	0.001786
12.907673	0.999670	0.002081
13.067018	0.999757	0.002746
13.231600	0.999985	0.003592
13.387159	0.999104	0.003678
13.531965	0.998077	0.003826
13.687792	0.997926	0.003991
13.843449	0.997837	0.003871
13.993066	0.998513	0.002493
14.139733	1.002049	0.003238
14.292296	1.005324	0.006333
14.454933	1.004209	0.005593
14.623376	1.003548	0.003856
14.790148	1.001641	0.003217
14.960688	1.001117	0.003039
15.132742	0.999809	0.003099
15.318427	0.999235	0.001996
15.530601	0.998892	0.002045
15.739920	0.998622	0.002196
15.947565	0.998205	0.002271
16.166225	0.998064	0.003214
16.379936	0.999605	0.001967
