100
0.005662	0.999065	0.002278
0.017367	0.998649	0.004000
0.029587	0.999489	0.003172
0.040296	0.999388	0.004239
0.052558	0.999042	0.003842
0.063283	0.999421	0.003441
0.074524	0.998414	0.004525
0.085317	1.000157	0.003578
0.095963	0.998230	0.005166
0.108221	0.998671	0.010895
0.119739	0.997495	0.013482
0.131255	0.996425	0.020037
0.142509	0.993460	0.021655
0.154980	0.986941	0.039970
0.166413	0.991759	0.030300
0.177285	0.974596	0.059349
0.189188	0.994245	0.028257
0.199846	0.967532	0.070646
0.211865	0.979941	0.060557
0.224655	0.977495	0.062172
0.236205	0.963749	0.075399
0.247831	0.993082	0.035613
0.259023	0.970431	0.071366
0.270794	0.988244	0.043068
0.282166	0.978562	0.055985
0.293573	0.990911	0.029887
0.303595	0.986858	0.042037
0.314724	0.984069	0.032822
0.325471	0.994035	0.027110
0.337520	0.979635	0.041304
0.348775	0.994968	0.022399
0.360274	0.977129	0.048129
0.371154	0.991581	0.032854
0.382292	0.981001	0.047703
0.394985	0.987537	0.043128
0.406238	0.987021	0.042150
0.416607	0.989663	0.042193
0.427231	0.987478	0.039692
0.438478	0.988009	0.040127
0.449736	0.995540	0.020047
0.460271	0.990220	0.031555
0.471444	0.996354	0.020459
0.482493	0.991255	0.024039
0.494854	0.997222	0.020027
0.506549	0.996535	0.016349
0.517600	0.997909	0.011576
0.529323	1.000011	0.007960
0.540553	1.000502	0.004646
0.552719	0.998061	0.005892
0.563730	1.002798	0.016045
0.573960	0.996440	0.012380
0.586184	1.002162	0.008521
0.595782	0.997889	0.007273
0.605753	1.000023	0.004950
0.614759	1.000228	0.004990
0.626138	0.999130	0.004318
0.637208	1.000390	0.007594
0.649219	0.999429	0.004277
0.660139	1.000493	0.005190
0.671686	0.999222	0.003867
0.682418	0.997147	0.009312
0.692297	0.999124	0.003793
0.702617	0.997044	0.013748
0.713004	0.998667	0.004677
0.723799	0.995607	0.017728
0.734710	0.993939	0.020233
0.746003	0.982590	0.047815
0.756871	0.996999	0.020914
0.769273	0.976218	0.060200
0.780637	0.981348	0.058634
0.791060	0.974512	0.063829
0.801324	0.985738	0.050048
0.813915	0.969740	0.078832
0.825021	0.967004	0.080154
0.836779	0.986060	0.056062
0.847896	0.964145	0.080085
0.859748	0.982185	0.059154
0.870274	0.974407	0.060120
0.880547	0.984416	0.044214
0.891966	0.976189	0.055787
0.903776	0.984578	0.036136
0.914418	0.992787	0.029663
0.925599	0.987183	0.031611
0.937475	0.988031	0.034273
0.948423	0.987911	0.037251
0.959761	1.001290	0.007133
0.970640	0.996428	0.023639
0.982365	0.987435	0.047599
0.992960	0.983536	0.045997
1.004101	0.992342	0.036669
1.014863	0.990036	0.037341
1.025942	0.989110	0.041590
1.036661	0.991542	0.033080
1.048014	0.985575	0.040373
1.058522	0.995605	0.018265
1.068595	0.989798	0.030586
1.079624	0.998483	0.006604
1.092244	0.993917	0.020799
1.103386	0.999906	0.004503
1.113538	0.997346	0.010035
0.011324	0.999065	0.002278
0.034734	0.998649	0.004000
0.059173	0.999489	0.003172
0.080592	0.999388	0.004239
0.105116	0.999042	0.003842
0.126567	0.999421	0.003441
0.149049	0.998414	0.004525
0.170634	1.000157	0.003578
0.191925	0.998230	0.005166
0.216443	0.998671	0.010895
0.239478	0.997495	0.013482
0.262511	0.996425	0.020037
0.285018	0.993460	0.021655
0.309960	0.986941	0.039970
0.332827	0.991759	0.030300
0.354569	0.974596	0.059349
0.378377	0.994245	0.028257
0.399691	0.967532	0.070646
0.423730	0.979941	0.060557
0.449309	0.977495	0.062172
0.472410	0.963749	0.075399
0.495663	0.993082	0.035613
0.518047	0.970431	0.071366
0.541588	0.988244	0.043068
0.564332	0.978562	0.055985
0.587147	0.990911	0.029887
0.607189	0.986858	0.042037
0.629448	0.984069	0.032822
0.650942	0.994035	0.027110
0.675040	0.979635	0.041304
0.697551	0.994968	0.022399
0.720549	0.977129	0.048129
0.742308	0.991581	0.032854
0.764584	0.981001	0.047703
0.789970	0.987537	0.043128
0.812475	0.987021	0.042150
0.833214	0.989663	0.042193
0.854462	0.987478	0.039692
0.876955	0.988009	0.040127
0.899473	0.995540	0.020047
0.920542	0.990220	0.031555
0.942889	0.996354	0.020459
0.964985	0.991255	0.024039
0.989709	0.997222	0.020027
1.013098	0.996535	0.016349
1.035200	0.997909	0.011576
1.058645	1.000011	0.007960
1.081107	1.000502	0.004646
1.105439	0.998061	0.005892
1.127460	1.002798	0.016045
1.147920	0.996440	0.012380
1.172367	1.002162	0.008521
1.191564	0.997889	0.007273
1.211506	1.000023	0.004950
1.229517	1.000228	0.004990
1.252275	0.999130	0.004318
1.274416	1.000390	0.007594
1.298437	0.999429	0.004277
1.320279	1.000493	0.005190
1.343372	0.999222	0.003867
1.364837	0.997147	0.009312
1.384595	0.999124	0.003793
1.405234	0.997044	0.013748
1.426008	0.998667	0.004677
1.447599	0.995607	0.017728
1.469421	0.993939	0.020233
1.492006	0.982590	0.047815
1.513741	0.996999	0.020914
1.538546	0.976218	0.060200
1.561274	0.981348	0.058634
1.582120	0.974512	0.063829
1.602647	0.985738	0.050048
1.627829	0.969740	0.078832
1.650041	0.967004	0.080154
1.673558	0.986060	0.056062
1.695792	0.964145	0.080085
1.719497	0.982185	0.059154
1.740549	0.974407	0.060120
1.761095	0.984416	0.044214
1.783932	0.976189	0.055787
1.807551	0.984578	0.036136
1.828836	0.992787	0.029663
1.851199	0.987183	0.031611
1.874950	0.988031	0.034273
1.896846	0.987911	0.037251
1.919521	1.001290	0.007133
1.941280	0.996428	0.023639
1.964730	0.987435	0.047599
1.985920	0.983536	0.045997
2.008202	0.992342	0.036669
2.029726	0.990036	0.037341
2.051883	0.989110	0.041590
2.073322	0.991542	0.033080
2.096028	0.985575	0.040373
2.117044	0.995605	0.018265
2.137191	0.989798	0.030586
2.159247	0.998483	0.006604
2.184487	0.993917	0.020799
2.206771	0.999906	0.004503
2.227077	0.997346	0.010035
