100
0.011651	0.997768	0.003185
0.037849	0.996336	0.003633
0.063454	0.997751	0.003240
0.089320	0.996437	0.002064
0.115831	0.996354	0.001592
0.141999	0.995745	0.002368
0.167634	0.995930	0.002268
0.193490	0.994642	0.001121
0.219991	0.994258	0.001353
0.246169	0.994509	0.001609
0.270560	0.994064	0.008124
0.293777	0.993187	0.008344
0.316953	0.989868	0.010877
0.339899	0.987333	0.014462
0.363383	0.984674	0.019660
0.386651	0.969995	0.018262
0.412849	0.976382	0.021231
0.438454	0.965475	0.020123
0.464320	0.969285	0.023629
0.493223	0.972701	0.020660
0.519391	0.977626	0.018173
0.545267	0.978000	0.016267
0.571205	0.987930	0.011633
0.597670	0.990527	0.008991
0.623561	0.995335	0.005254
0.649427	0.993938	0.003932
0.675375	0.995456	0.003771
0.701830	0.996191	0.003830
0.727731	0.997667	0.003063
0.753607	0.997085	0.002984
0.779535	0.998486	0.003045
0.806010	0.997596	0.003265
0.832803	0.999911	0.001883
0.858633	1.001834	0.004599
0.881579	1.002060	0.003893
0.907168	1.002826	0.002506
0.930375	1.002760	0.003016
0.953607	1.003597	0.002607
0.976794	1.003916	0.002753
0.999740	1.002922	0.004472
1.022947	1.003731	0.004224
1.046133	1.005542	0.004866
1.069079	1.005538	0.004145
1.092598	1.006128	0.004381
1.117875	1.006511	0.004965
1.139870	1.007393	0.006395
1.160703	1.006386	0.006238
1.181536	1.006740	0.006435
1.202370	1.006087	0.006298
1.223203	1.007050	0.007223
1.244036	1.007928	0.007305
1.264870	1.007195	0.007736
1.285703	1.008317	0.006849
1.308511	1.007495	0.006187
1.331963	1.007628	0.005847
1.356121	1.011149	0.006232
1.384604	1.011054	0.005106
1.413691	1.007752	0.005611
1.440467	1.009669	0.004772
1.466964	1.007978	0.005202
1.494059	1.007209	0.003896
1.520846	1.007997	0.003481
1.547292	1.007485	0.004534
1.574415	1.007666	0.002960
1.601202	1.007418	0.002543
1.627967	1.006111	0.003781
1.654475	1.006643	0.002028
1.683215	1.004980	0.001761
1.711311	1.005700	0.003500
1.737808	1.004839	0.002480
1.764187	1.003438	0.003334
1.789704	1.004677	0.003067
1.816429	1.003347	0.003429
1.839613	1.002834	0.002955
1.863384	1.003222	0.003474
1.886557	1.002214	0.004101
1.910031	1.001747	0.004504
1.933523	1.002241	0.005061
1.956986	1.001931	0.004956
1.981428	1.000014	0.005719
2.008244	1.003534	0.004961
2.035059	1.002475	0.005500
2.062154	1.001134	0.005754
2.088600	1.001620	0.005741
2.115387	1.001671	0.006966
2.142511	1.002413	0.005110
2.169275	0.999092	0.007613
2.195744	1.001947	0.006853
2.222559	0.999238	0.006044
2.252620	0.997798	0.007025
2.282054	1.000027	0.005009
2.311499	1.000274	0.004714
2.340923	0.998918	0.004765
2.369406	0.999174	0.004731
2.398464	0.996933	0.004740
2.424911	0.999201	0.004094
2.451726	0.997993	0.003841
2.478821	0.997539	0.003786
2.505278	0.997207	0.003582
2.532054	0.996275	0.002979
0.023301	0.997768	0.003185
0.075698	0.996336	0.003633
0.126908	0.997751	0.003240
0.178640	0.996437	0.002064
0.231661	0.996354	0.001592
0.283998	0.995745	0.002368
0.335268	0.995930	0.002268
0.386980	0.994642	0.001121
0.439981	0.994258	0.001353
0.492338	0.994509	0.001609
0.541120	0.994064	0.008124
0.587553	0.993187	0.008344
0.633907	0.989868	0.010877
0.679798	0.987333	0.014462
0.726765	0.984674	0.019660
0.773301	0.969995	0.018262
0.825698	0.976382	0.021231
0.876908	0.965475	0.020123
0.928640	0.969285	0.023629
0.986446	0.972701	0.020660
1.038783	0.977626	0.018173
1.090535	0.978000	0.016267
1.142409	0.987930	0.011633
1.195340	0.990527	0.008991
1.247123	0.995335	0.005254
1.298855	0.993938	0.003932
1.350749	0.995456	0.003771
1.403660	0.996191	0.003830
1.455463	0.997667	0.003063
1.507215	0.997085	0.002984
1.559069	0.998486	0.003045
1.612020	0.997596	0.003265
1.665606	0.999911	0.001883
1.717267	1.001834	0.004599
1.763158	1.002060	0.003893
1.814337	1.002826	0.002506
1.860750	1.002760	0.003016
1.907215	1.003597	0.002607
1.953589	1.003916	0.002753
1.999480	1.002922	0.004472
2.045893	1.003731	0.004224
2.092267	1.005542	0.004866
2.138158	1.005538	0.004145
2.185197	1.006128	0.004381
2.235750	1.006511	0.004965
2.279739	1.007393	0.006395
2.321406	1.006386	0.006238
2.363073	1.006740	0.006435
2.404739	1.006087	0.006298
2.446406	1.007050	0.007223
2.488073	1.007928	0.007305
2.529739	1.007195	0.007736
2.571406	1.008317	0.006849
2.617023	1.007495	0.006187
2.663927	1.007628	0.005847
2.712242	1.011149	0.006232
2.769208	1.011054	0.005106
2.827382	1.007752	0.005611
2.880934	1.009669	0.004772
2.933928	1.007978	0.005202
2.988117	1.007209	0.003896
3.041691	1.007997	0.003481
3.094584	1.007485	0.004534
3.148830	1.007666	0.002960
3.202404	1.007418	0.002543
3.255934	1.006111	0.003781
3.308950	1.006643	0.002028
3.366430	1.004980	0.001761
3.422623	1.005700	0.003500
3.475617	1.004839	0.002480
3.528373	1.003438	0.003334
3.579408	1.004677	0.003067
3.632858	1.003347	0.003429
3.679226	1.002834	0.002955
3.726768	1.003222	0.003474
3.773114	1.002214	0.004101
3.820062	1.001747	0.004504
3.867045	1.002241	0.005061
3.913971	1.001931	0.004956
3.962857	1.000014	0.005719
4.016488	1.003534	0.004961
4.070119	1.002475	0.005500
4.124308	1.001134	0.005754
4.177201	1.001620	0.005741
4.230775	1.001671	0.006966
4.285021	1.002413	0.005110
4.338551	0.999092	0.007613
4.391488	1.001947	0.006853
4.445119	0.999238	0.006044
4.505240	0.997798	0.007025
4.564108	1.000027	0.005009
4.622999	1.000274	0.004714
4.681845	0.998918	0.004765
4.738811	0.999174	0.004731
4.796929	0.996933	0.004740
4.849821	0.999201	0.004094
4.903452	0.997993	0.003841
4.957642	0.997539	0.003786
5.010556	0.997207	0.003582
5.064108	0.996275	0.002979
