100
0.010866	1.000002	0.001356
0.036890	1.000142	0.001713
0.064435	1.000924	0.001943
0.093130	1.000576	0.001919
0.121253	1.000518	0.002216
0.148845	1.001623	0.002787
0.174911	1.001128	0.002595
0.203560	1.000213	0.002978
0.229583	1.001716	0.003355
0.260288	1.001916	0.003040
0.290538	1.001295	0.003373
0.318074	1.001797	0.003479
0.347323	1.000447	0.003763
0.378504	1.002718	0.003054
0.409823	1.000544	0.003569
0.441004	1.002752	0.003274
0.476447	1.001308	0.003322
0.511335	1.001551	0.003098
0.544087	1.001991	0.002656
0.575892	1.001279	0.002353
0.606108	1.000958	0.002338
0.640528	1.000468	0.001591
0.673267	1.000758	0.001874
0.700915	1.000738	0.001550
0.730597	0.999995	0.001882
0.767073	0.999704	0.001226
0.797191	1.000101	0.001874
0.827483	0.999169	0.001354
0.861827	0.999151	0.002960
0.893641	0.996725	0.005431
0.922702	0.998715	0.005672
0.951951	0.999026	0.004312
0.981587	0.997824	0.003086
1.012371	0.999701	0.002297
1.044087	0.998606	0.001618
1.078008	0.998952	0.001716
1.111857	0.999012	0.001507
1.148280	0.998498	0.000887
1.182188	0.998911	0.001649
1.215452	0.999276	0.001801
1.245701	0.999241	0.001561
1.276384	1.000613	0.003989
1.303563	1.001541	0.005172
1.332634	1.000267	0.003640
1.359189	1.000308	0.003937
1.383657	1.000780	0.003624
1.407700	1.001612	0.004863
1.435780	1.000317	0.003906
1.462893	0.999663	0.001161
1.490485	1.001801	0.004322
1.520678	1.000084	0.003493
1.556666	1.000881	0.003453
1.584202	0.999673	0.001688
1.612807	1.000231	0.001645
1.639484	0.999636	0.001361
1.668522	0.999778	0.001167
1.694067	0.999500	0.001146
1.722794	0.999791	0.000933
1.750862	0.999423	0.001162
1.777364	1.000201	0.001319
1.802420	0.999469	0.000913
1.826407	1.000040	0.000770
1.857591	1.000406	0.000901
1.889917	1.000431	0.000829
1.922138	0.999789	0.001529
1.953474	1.000331	0.001551
1.985192	0.999922	0.002293
2.017542	1.001268	0.002363
2.045569	1.000203	0.002351
2.078962	1.001168	0.003581
2.119100	1.001354	0.003911
2.154774	1.000478	0.003501
2.181440	1.001522	0.003045
2.208697	1.002231	0.004036
2.233536	1.000999	0.003612
2.260125	1.001264	0.003564
2.291403	1.002304	0.003719
2.323774	1.000724	0.003122
2.348106	1.001491	0.003316
2.373041	1.002391	0.003426
2.397323	1.001009	0.002532
2.426733	1.000694	0.002671
2.455175	1.001285	0.002711
2.482956	0.999954	0.002677
2.506714	0.999310	0.002006
2.530973	0.999908	0.002533
2.557650	0.998945	0.001821
2.584240	1.000425	0.001204
2.610847	0.999587	0.001551
2.634535	0.999033	0.001619
2.658901	0.999369	0.001630
2.685519	0.999467	0.001471
2.709812	0.999227	0.001600
2.734636	0.998975	0.001115
2.763599	0.999891	0.001617
2.790254	0.999590	0.001124
2.813978	0.999669	0.001246
2.837666	1.000061	0.000779
2.860847	1.000148	0.001201
2.886882	1.000021	0.001303
0.021732	1.000002	0.001356
0.073779	1.000142	0.001713
0.128871	1.000924	0.001943
0.186259	1.000576	0.001919
0.242506	1.000518	0.002216
0.297690	1.001623	0.002787
0.349823	1.001128	0.002595
0.407119	1.000213	0.002978
0.459166	1.001716	0.003355
0.520577	1.001916	0.003040
0.581076	1.001295	0.003373
0.636147	1.001797	0.003479
0.694645	1.000447	0.003763
0.757007	1.002718	0.003054
0.819645	1.000544	0.003569
0.882007	1.002752	0.003274
0.952893	1.001308	0.003322
1.022670	1.001551	0.003098
1.088174	1.001991	0.002656
1.151784	1.001279	0.002353
1.212217	1.000958	0.002338
1.281056	1.000468	0.001591
1.346534	1.000758	0.001874
1.401830	1.000738	0.001550
1.461193	0.999995	0.001882
1.534146	0.999704	0.001226
1.594381	1.000101	0.001874
1.654966	0.999169	0.001354
1.723653	0.999151	0.002960
1.787283	0.996725	0.005431
1.845405	0.998715	0.005672
1.903903	0.999026	0.004312
1.963174	0.997824	0.003086
2.024743	0.999701	0.002297
2.088174	0.998606	0.001618
2.156016	0.998952	0.001716
2.223713	0.999012	0.001507
2.296560	0.998498	0.000887
2.364376	0.998911	0.001649
2.430904	0.999276	0.001801
2.491403	0.999241	0.001561
2.552767	1.000613	0.003989
2.607125	1.001541	0.005172
2.665267	1.000267	0.003640
2.718378	1.000308	0.003937
2.767314	1.000780	0.003624
2.815399	1.001612	0.004863
2.871560	1.000317	0.003906
2.925786	0.999663	0.001161
2.980970	1.001801	0.004322
3.041357	1.000084	0.003493
3.113332	1.000881	0.003453
3.168404	0.999673	0.001688
3.225614	1.000231	0.001645
3.278969	0.999636	0.001361
3.337045	0.999778	0.001167
3.388134	0.999500	0.001146
3.445589	0.999791	0.000933
3.501724	0.999423	0.001162
3.554728	1.000201	0.001319
3.604840	0.999469	0.000913
3.652813	1.000040	0.000770
3.715181	1.000406	0.000901
3.779834	1.000431	0.000829
3.844275	0.999789	0.001529
3.906947	1.000331	0.001551
3.970385	0.999922	0.002293
4.035084	1.001268	0.002363
4.091139	1.000203	0.002351
4.157925	1.001168	0.003581
4.238200	1.001354	0.003911
4.309547	1.000478	0.003501
4.362880	1.001522	0.003045
4.417394	1.002231	0.004036
4.467072	1.000999	0.003612
4.520251	1.001264	0.003564
4.582805	1.002304	0.003719
4.647547	1.000724	0.003122
4.696213	1.001491	0.003316
4.746082	1.002391	0.003426
4.794646	1.001009	0.002532
4.853466	1.000694	0.002671
4.910350	1.001285	0.002711
4.965912	0.999954	0.002677
5.013427	0.999310	0.002006
5.061946	0.999908	0.002533
5.115301	0.998945	0.001821
5.168480	1.000425	0.001204
5.221694	0.999587	0.001551
5.269069	0.999033	0.001619
5.317801	0.999369	0.001630
5.371038	0.999467	0.001471
5.419624	0.999227	0.001600
5.469273	0.998975	0.001115
5.527199	0.999891	0.001617
5.580509	0.999590	0.001124
5.627957	0.999669	0.001246
5.675332	1.000061	0.000779
5.721694	1.000148	0.001201
5.773765	1.000021	0.001303
