100
0.008526	1.001100	0.003613
0.020456	1.001071	0.005544
0.033332	1.002603	0.003844
0.044518	1.001749	0.002958
0.058538	1.002521	0.003965
0.071475	1.002132	0.003175
0.083525	1.002510	0.004016
0.096761	1.003191	0.004076
0.107569	1.000689	0.004676
0.121440	1.002127	0.003349
0.133379	1.002739	0.005235
0.144909	1.002769	0.004347
0.158739	1.004296	0.004887
0.168819	1.000504	0.006213
0.182120	1.004448	0.005197
0.193624	1.002591	0.004604
0.205773	1.003592	0.004465
0.217800	1.004391	0.005312
0.230153	1.001615	0.004045
0.244176	1.003662	0.005401
0.256483	1.004013	0.004633
0.269023	1.003897	0.004867
0.281803	1.005103	0.004316
0.291892	1.002370	0.004639
0.304496	1.003587	0.005203
0.315278	1.003248	0.006328
0.328256	1.002409	0.004074
0.339136	1.003768	0.006097
0.352037	1.001848	0.005515
0.363557	1.004100	0.004459
0.374747	1.002328	0.007547
0.388721	1.000725	0.007051
0.400368	1.001018	0.012867
0.413856	0.994518	0.020176
0.426724	1.000051	0.007544
0.438912	0.992190	0.028894
0.453256	0.988088	0.028316
0.464266	0.998131	0.021771
0.477295	0.981279	0.036953
0.493086	0.979377	0.035844
0.505325	0.999497	0.011999
0.518723	0.976522	0.036905
0.530628	0.982905	0.033588
0.542149	0.994767	0.020955
0.555404	0.976969	0.034757
0.566596	0.994071	0.022256
0.580324	0.983152	0.033950
0.592597	0.978545	0.037491
0.604543	1.000782	0.003107
0.617887	0.979159	0.032738
0.627533	0.996774	0.015104
0.640702	0.987224	0.026381
0.650865	0.985981	0.027534
0.663220	0.997564	0.005665
0.675028	0.987692	0.023723
0.688101	0.991483	0.021957
0.701964	0.987316	0.028830
0.712685	0.978096	0.034902
0.725432	0.995461	0.008994
0.736724	0.982922	0.031299
0.749355	0.980070	0.032599
0.762888	0.986464	0.026286
0.774711	0.977648	0.034740
0.788436	0.984092	0.024575
0.800406	0.985386	0.030153
0.812413	0.969601	0.036429
0.825916	0.988486	0.022022
0.837166	0.981879	0.032634
0.851445	0.977717	0.032345
0.864290	0.989689	0.014355
0.876842	0.986579	0.026619
0.890910	0.987752	0.020825
0.902821	0.991542	0.013061
0.916281	0.995494	0.010938
0.929612	0.992047	0.012525
0.941482	0.994659	0.012235
0.954751	0.999161	0.004390
0.966247	0.995003	0.010801
0.978939	0.998788	0.005754
0.992251	0.996020	0.011627
1.002056	0.991557	0.014475
1.015208	1.000248	0.004576
1.025393	0.994962	0.010603
1.038346	0.999509	0.004016
1.048400	0.995578	0.012110
1.060576	0.996204	0.010099
1.073946	0.998561	0.009712
1.084281	0.994334	0.011557
1.097392	0.998690	0.007063
1.108343	0.995305	0.012773
1.120922	0.996956	0.010509
1.133073	0.999208	0.008638
1.145220	0.996019	0.011860
1.157842	1.000087	0.004146
1.167748	0.995481	0.011469
1.179915	1.001026	0.003843
1.189849	0.999793	0.007180
1.203544	1.000817	0.005108
1.213213	1.000934	0.004051
1.226102	1.002303	0.003305
0.017051	1.001100	0.003613
0.040911	1.001071	0.005544
0.066664	1.002603	0.003844
0.089037	1.001749	0.002958
0.117076	1.002521	0.003965
0.142949	1.002132	0.003175
0.167051	1.002510	0.004016
0.193522	1.003191	0.004076
0.215139	1.000689	0.004676
0.242880	1.002127	0.003349
0.266758	1.002739	0.005235
0.289819	1.002769	0.004347
0.317477	1.004296	0.004887
0.337637	1.000504	0.006213
0.364240	1.004448	0.005197
0.387248	1.002591	0.004604
0.411547	1.003592	0.004465
0.435599	1.004391	0.005312
0.460306	1.001615	0.004045
0.488351	1.003662	0.005401
0.512967	1.004013	0.004633
0.538045	1.003897	0.004867
0.563606	1.005103	0.004316
0.583783	1.002370	0.004639
0.608993	1.003587	0.005203
0.630557	1.003248	0.006328
0.656512	1.002409	0.004074
0.678271	1.003768	0.006097
0.704074	1.001848	0.005515
0.727115	1.004100	0.004459
0.749495	1.002328	0.007547
0.777442	1.000725	0.007051
0.800737	1.001018	0.012867
0.827712	0.994518	0.020176
0.853447	1.000051	0.007544
0.877824	0.992190	0.028894
0.906512	0.988088	0.028316
0.928531	0.998131	0.021771
0.954589	0.981279	0.036953
0.986172	0.979377	0.035844
1.010649	0.999497	0.011999
1.037445	0.976522	0.036905
1.061256	0.982905	0.033588
1.084298	0.994767	0.020955
1.110808	0.976969	0.034757
1.133193	0.994071	0.022256
1.160648	0.983152	0.033950
1.185194	0.978545	0.037491
1.209085	1.000782	0.003107
1.235773	0.979159	0.032738
1.255065	0.996774	0.015104
1.281404	0.987224	0.026381
1.301730	0.985981	0.027534
1.326440	0.997564	0.005665
1.350057	0.987692	0.023723
1.376202	0.991483	0.021957
1.403927	0.987316	0.028830
1.425370	0.978096	0.034902
1.450864	0.995461	0.008994
1.473448	0.982922	0.031299
1.498710	0.980070	0.032599
1.525775	0.986464	0.026286
1.549421	0.977648	0.034740
1.576872	0.984092	0.024575
1.600811	0.985386	0.030153
1.624827	0.969601	0.036429
1.651833	0.988486	0.022022
1.674332	0.981879	0.032634
1.702889	0.977717	0.032345
1.728581	0.989689	0.014355
1.753685	0.986579	0.026619
1.781821	0.987752	0.020825
1.805641	0.991542	0.013061
1.832561	0.995494	0.010938
1.859225	0.992047	0.012525
1.882964	0.994659	0.012235
1.909501	0.999161	0.004390
1.932493	0.995003	0.010801
1.957879	0.998788	0.005754
1.984503	0.996020	0.011627
2.004112	0.991557	0.014475
2.030416	1.000248	0.004576
2.050786	0.994962	0.010603
2.076692	0.999509	0.004016
2.096801	0.995578	0.012110
2.121153	0.996204	0.010099
2.147892	0.998561	0.009712
2.168562	0.994334	0.011557
2.194783	0.998690	0.007063
2.216687	0.995305	0.012773
2.241844	0.996956	0.010509
2.266145	0.999208	0.008638
2.290439	0.996019	0.011860
2.315683	1.000087	0.004146
2.335496	0.995481	0.011469
2.359830	1.001026	0.003843
2.379697	0.999793	0.007180
2.407089	1.000817	0.005108
2.426427	1.000934	0.004051
2.452204	1.002303	0.003305
