100
0.049555	1.000324	0.001517
0.150378	1.005662	0.009334
0.246380	1.001840	0.005234
0.333514	0.999963	0.001928
0.422498	1.000168	0.000768
0.503007	1.000213	0.000651
0.575445	1.000026	0.000910
0.650202	0.999792	0.001034
0.724547	0.999627	0.001044
0.804362	0.999744	0.000536
0.882194	0.999734	0.000447
0.961133	1.000117	0.000729
1.038522	1.001054	0.002163
1.116470	1.006855	0.009622
1.197599	1.003629	0.007301
1.277960	1.000993	0.002202
1.357371	1.000708	0.000653
1.438124	1.000388	0.000734
1.513684	1.000204	0.000644
1.590993	0.999714	0.000798
1.663012	1.000039	0.000585
1.736028	1.000170	0.000823
1.820452	1.000011	0.000526
1.903567	0.999549	0.000604
1.985307	1.000706	0.002462
2.082784	1.006883	0.009618
2.191242	1.002782	0.005033
2.299702	1.000195	0.001551
2.408123	1.000055	0.000633
2.521190	1.000159	0.000712
2.633861	0.989102	0.028109
2.738391	0.999390	0.000748
2.850100	0.999486	0.000617
2.965882	1.000832	0.002393
3.074145	1.003596	0.008099
3.185702	1.000264	0.002588
3.294791	1.000073	0.001099
3.391283	1.000531	0.000749
3.485870	0.999825	0.000790
3.578511	0.999610	0.000922
3.677150	0.999933	0.000790
3.776622	0.999866	0.000577
3.870379	0.999950	0.000668
3.968422	1.003877	0.006850
4.065360	1.007935	0.010276
4.161880	1.002036	0.003267
4.261123	1.000415	0.001004
4.355024	0.999999	0.000614
4.452845	1.000017	0.000864
4.557171	1.000895	0.003220
4.657242	1.000922	0.002402
4.759720	1.000147	0.001752
4.856039	1.000269	0.001116
4.948623	1.003764	0.006769
5.043539	1.004002	0.007538
5.135919	1.001026	0.002341
5.235268	1.000246	0.001742
5.344394	1.000169	0.000618
5.456778	0.999858	0.000795
5.567402	0.999759	0.000675
5.680705	0.999503	0.000590
5.793542	0.999981	0.000719
5.908073	1.006665	0.008019
6.020182	1.007602	0.009131
6.136025	1.001836	0.002192
6.248972	1.000643	0.000516
6.361933	1.000061	0.000823
6.478836	1.000363	0.000900
6.596273	1.000409	0.000716
6.705701	0.999468	0.000634
6.806157	1.000057	0.001855
6.904309	1.004410	0.008657
6.998743	1.004228	0.007525
7.094142	1.000644	0.001798
7.187736	0.999989	0.000815
7.280287	1.000054	0.000556
7.370124	1.000094	0.000832
7.471740	0.999994	0.001009
7.575718	0.999139	0.000641
7.684841	0.999267	0.000656
7.795234	1.001004	0.002691
7.895102	1.002660	0.007387
7.989571	1.000602	0.003516
8.091313	1.000296	0.000983
8.192613	1.000381	0.000608
8.302738	1.000074	0.000724
8.402029	0.999904	0.001190
8.497351	1.000016	0.000894
8.584036	1.000211	0.000664
8.670276	1.000071	0.000534
8.758940	1.001727	0.002923
8.852220	1.008635	0.010331
8.946346	1.005074	0.006668
9.039392	1.001418	0.001880
9.130980	1.000569	0.000588
9.227533	0.999886	0.000782
9.325950	1.000563	0.000876
9.422867	1.000524	0.000714
9.516151	0.999781	0.000584
9.616531	0.999501	0.000724
0.099110	1.000324	0.001517
0.300756	1.005662	0.009334
0.492760	1.001840	0.005234
0.667027	0.999963	0.001928
0.844997	1.000168	0.000768
1.006013	1.000213	0.000651
1.150889	1.000026	0.000910
1.300403	0.999792	0.001034
1.449095	0.999627	0.001044
1.608723	0.999744	0.000536
1.764388	0.999734	0.000447
1.922265	1.000117	0.000729
2.077044	1.001054	0.002163
2.232940	1.006855	0.009622
2.395197	1.003629	0.007301
2.555920	1.000993	0.002202
2.714741	1.000708	0.000653
2.876247	1.000388	0.000734
3.027367	1.000204	0.000644
3.181985	0.999714	0.000798
3.326024	1.000039	0.000585
3.472057	1.000170	0.000823
3.640904	1.000011	0.000526
3.807134	0.999549	0.000604
3.970614	1.000706	0.002462
4.165569	1.006883	0.009618
4.382484	1.002782	0.005033
4.599404	1.000195	0.001551
4.816246	1.000055	0.000633
5.042379	1.000159	0.000712
5.267723	0.989102	0.028109
5.476782	0.999390	0.000748
5.700199	0.999486	0.000617
5.931765	1.000832	0.002393
6.148290	1.003596	0.008099
6.371404	1.000264	0.002588
6.589582	1.000073	0.001099
6.782565	1.000531	0.000749
6.971740	0.999825	0.000790
7.157022	0.999610	0.000922
7.354299	0.999933	0.000790
7.553244	0.999866	0.000577
7.740757	0.999950	0.000668
7.936844	1.003877	0.006850
8.130721	1.007935	0.010276
8.323759	1.002036	0.003267
8.522245	1.000415	0.001004
8.710049	0.999999	0.000614
8.905691	1.000017	0.000864
9.114341	1.000895	0.003220
9.314483	1.000922	0.002402
9.519439	1.000147	0.001752
9.712078	1.000269	0.001116
9.897246	1.003764	0.006769
10.087078	1.004002	0.007538
10.271838	1.001026	0.002341
10.470537	1.000246	0.001742
10.688789	1.000169	0.000618
10.913556	0.999858	0.000795
11.134804	0.999759	0.000675
11.361410	0.999503	0.000590
11.587084	0.999981	0.000719
11.816146	1.006665	0.008019
12.040364	1.007602	0.009131
12.272050	1.001836	0.002192
12.497945	1.000643	0.000516
12.723866	1.000061	0.000823
12.957671	1.000363	0.000900
13.192546	1.000409	0.000716
13.411402	0.999468	0.000634
13.612314	1.000057	0.001855
13.808617	1.004410	0.008657
13.997486	1.004228	0.007525
14.188284	1.000644	0.001798
14.375471	0.999989	0.000815
14.560575	1.000054	0.000556
14.740249	1.000094	0.000832
14.943481	0.999994	0.001009
15.151435	0.999139	0.000641
15.369682	0.999267	0.000656
15.590468	1.001004	0.002691
15.790203	1.002660	0.007387
15.979142	1.000602	0.003516
16.182625	1.000296	0.000983
16.385227	1.000381	0.000608
16.605476	1.000074	0.000724
16.804059	0.999904	0.001190
16.994702	1.000016	0.000894
17.168071	1.000211	0.000664
17.340551	1.000071	0.000534
17.517879	1.001727	0.002923
17.704440	1.008635	0.010331
17.892692	1.005074	0.006668
18.078783	1.001418	0.001880
18.261961	1.000569	0.000588
18.455067	0.999886	0.000782
18.651899	1.000563	0.000876
18.845734	1.000524	0.000714
19.032302	0.999781	0.000584
19.233061	0.999501	0.000724
