100
0.002585	1.000062	0.000558
0.008305	0.999817	0.000677
0.014646	0.999948	0.000583
0.021831	0.999916	0.000761
0.027394	0.999841	0.000604
0.033266	0.999937	0.000598
0.040398	0.999767	0.000693
0.046474	1.000041	0.000651
0.051883	0.999984	0.000550
0.057938	0.999726	0.000554
0.065239	1.001597	0.011691
0.070881	0.999746	0.000474
0.077191	0.999923	0.000485
0.084111	1.000724	0.005497
0.090019	0.999790	0.000594
0.096339	0.999785	0.000554
0.103387	0.999871	0.001190
0.109320	0.999865	0.000689
0.114888	0.999982	0.000566
0.122420	0.999641	0.001494
0.128406	0.999911	0.000909
0.134271	0.999855	0.000741
0.140470	0.999916	0.000714
0.147616	0.999750	0.002051
0.152964	1.000125	0.000777
0.158308	1.000062	0.000883
0.165410	0.999963	0.001501
0.171379	1.000204	0.000862
0.177106	1.000082	0.000766
0.184043	1.000092	0.001114
0.191197	1.000387	0.001157
0.197049	1.000127	0.000884
0.203229	1.000198	0.001208
0.210044	1.000311	0.001477
0.215935	1.000377	0.001359
0.221782	1.000525	0.001150
0.228709	1.000295	0.002174
0.234636	1.000474	0.001199
0.240530	1.000473	0.001374
0.247249	1.000347	0.001485
0.253278	1.000132	0.002916
0.259166	1.000660	0.001537
0.265275	1.000513	0.001485
0.272272	0.999902	0.002422
0.277595	1.000645	0.001748
0.283531	1.000794	0.001630
0.290707	1.000349	0.001601
0.296538	1.001076	0.001757
0.302510	1.000472	0.001703
0.309924	1.000452	0.001818
0.315875	1.000899	0.001650
0.321545	1.000653	0.001647
0.328123	1.000951	0.001816
0.335193	1.000714	0.001725
0.340772	1.001169	0.001970
0.346659	1.000901	0.001756
0.353625	1.001481	0.005779
0.359266	1.001166	0.001902
0.365054	1.000883	0.001655
0.371525	1.000811	0.001656
0.377780	1.003419	0.012539
0.383542	1.000734	0.001755
0.390840	1.001009	0.001751
0.397735	1.000886	0.001542
0.403152	1.001087	0.001697
0.408761	1.001014	0.001460
0.416115	1.000676	0.001473
0.422046	1.001036	0.001671
0.428047	1.000861	0.001503
0.434635	1.000778	0.001535
0.440634	1.000864	0.001319
0.446574	1.000410	0.001344
0.453221	1.000981	0.001449
0.460119	1.000540	0.001361
0.465576	1.000749	0.001531
0.471255	1.000667	0.001288
0.478184	1.000420	0.001483
0.484306	1.000577	0.001323
0.489826	1.000401	0.001216
0.496745	1.000841	0.001361
0.502941	1.000461	0.000884
0.508539	1.000444	0.001351
0.514608	1.000616	0.001135
0.520923	1.000342	0.000876
0.526280	1.000263	0.000877
0.532508	1.000314	0.000963
0.539969	1.000307	0.001112
0.545616	1.000275	0.000865
0.551008	1.000027	0.000934
0.557772	1.000332	0.000932
0.563648	1.000189	0.000775
0.568848	1.000236	0.000792
0.574495	1.000189	0.000835
0.581146	1.000230	0.000854
0.586931	1.000296	0.000633
0.592712	1.000133	0.000720
0.599237	1.000201	0.000828
0.605326	1.000011	0.000745
0.610936	1.000001	0.000594
0.617361	0.999958	0.000487
0.005170	1.000062	0.000558
0.016610	0.999817	0.000677
0.029292	0.999948	0.000583
0.043661	0.999916	0.000761
0.054788	0.999841	0.000604
0.066533	0.999937	0.000598
0.080796	0.999767	0.000693
0.092949	1.000041	0.000651
0.103765	0.999984	0.000550
0.115876	0.999726	0.000554
0.130479	1.001597	0.011691
0.141761	0.999746	0.000474
0.154382	0.999923	0.000485
0.168222	1.000724	0.005497
0.180039	0.999790	0.000594
0.192677	0.999785	0.000554
0.206774	0.999871	0.001190
0.218639	0.999865	0.000689
0.229775	0.999982	0.000566
0.244840	0.999641	0.001494
0.256813	0.999911	0.000909
0.268541	0.999855	0.000741
0.280940	0.999916	0.000714
0.295231	0.999750	0.002051
0.305927	1.000125	0.000777
0.316616	1.000062	0.000883
0.330819	0.999963	0.001501
0.342758	1.000204	0.000862
0.354213	1.000082	0.000766
0.368086	1.000092	0.001114
0.382394	1.000387	0.001157
0.394099	1.000127	0.000884
0.406459	1.000198	0.001208
0.420088	1.000311	0.001477
0.431871	1.000377	0.001359
0.443563	1.000525	0.001150
0.457418	1.000295	0.002174
0.469272	1.000474	0.001199
0.481060	1.000473	0.001374
0.494498	1.000347	0.001485
0.506557	1.000132	0.002916
0.518332	1.000660	0.001537
0.530551	1.000513	0.001485
0.544544	0.999902	0.002422
0.555190	1.000645	0.001748
0.567062	1.000794	0.001630
0.581414	1.000349	0.001601
0.593076	1.001076	0.001757
0.605021	1.000472	0.001703
0.619849	1.000452	0.001818
0.631750	1.000899	0.001650
0.643090	1.000653	0.001647
0.656247	1.000951	0.001816
0.670386	1.000714	0.001725
0.681544	1.001169	0.001970
0.693319	1.000901	0.001756
0.707250	1.001481	0.005779
0.718532	1.001166	0.001902
0.730107	1.000883	0.001655
0.743051	1.000811	0.001656
0.755560	1.003419	0.012539
0.767084	1.000734	0.001755
0.781680	1.001009	0.001751
0.795470	1.000886	0.001542
0.806305	1.001087	0.001697
0.817522	1.001014	0.001460
0.832230	1.000676	0.001473
0.844092	1.001036	0.001671
0.856093	1.000861	0.001503
0.869270	1.000778	0.001535
0.881268	1.000864	0.001319
0.893147	1.000410	0.001344
0.906442	1.000981	0.001449
0.920237	1.000540	0.001361
0.931151	1.000749	0.001531
0.942511	1.000667	0.001288
0.956367	1.000420	0.001483
0.968613	1.000577	0.001323
0.979651	1.000401	0.001216
0.993491	1.000841	0.001361
1.005882	1.000461	0.000884
1.017078	1.000444	0.001351
1.029216	1.000616	0.001135
1.041846	1.000342	0.000876
1.052561	1.000263	0.000877
1.065015	1.000314	0.000963
1.079938	1.000307	0.001112
1.091233	1.000275	0.000865
1.102016	1.000027	0.000934
1.115544	1.000332	0.000932
1.127295	1.000189	0.000775
1.137696	1.000236	0.000792
1.148990	1.000189	0.000835
1.162292	1.000230	0.000854
1.173861	1.000296	0.000633
1.185423	1.000133	0.000720
1.198474	1.000201	0.000828
1.210652	1.000011	0.000745
1.221872	1.000001	0.000594
1.234721	0.999958	0.000487
