100
0.051555	0.998376	0.035036
0.152887	1.012712	0.020733
0.248870	1.008696	0.016412
0.337938	1.003894	0.008943
0.422160	1.001323	0.008096
0.512021	0.986631	0.037252
0.601939	0.910799	0.096800
0.685324	0.977097	0.036701
0.768659	0.966653	0.039583
0.853711	0.937710	0.072972
0.937078	0.996251	0.014991
1.020895	1.000849	0.004648
1.103807	1.002588	0.008810
1.185328	1.005223	0.004888
1.265382	1.005244	0.003908
1.345123	0.999508	0.014055
1.424873	0.972739	0.042830
1.504980	0.936687	0.073517
1.587539	0.995845	0.015963
1.671637	0.953339	0.060944
1.751396	0.950231	0.062376
1.843622	0.999273	0.006176
1.942779	1.003320	0.003414
2.049313	1.006654	0.007889
2.155033	1.005488	0.005780
2.256845	0.990308	0.024111
2.361881	0.940254	0.102789
2.455310	0.963133	0.056871
2.549550	0.943156	0.082432
2.657557	0.978744	0.053656
2.751168	1.006273	0.015159
2.844107	1.005030	0.010213
2.937770	1.006959	0.013452
3.017022	1.008323	0.015795
3.107332	0.996935	0.008219
3.188898	0.976075	0.050855
3.274633	0.952654	0.060343
3.374172	0.985030	0.029487
3.490927	0.949898	0.061705
3.596180	1.002156	0.006295
3.697507	1.009041	0.008533
3.799871	1.005139	0.007324
3.904716	0.988281	0.026905
4.014245	0.999043	0.013126
4.108042	0.952758	0.063176
4.207508	0.977426	0.035005
4.299737	0.944428	0.068229
4.381576	0.946903	0.064310
4.463555	0.998042	0.007733
4.552226	1.009072	0.023739
4.635415	1.017890	0.032621
4.724927	1.012612	0.023862
4.812540	1.009026	0.012680
4.906338	0.987338	0.027653
4.998648	0.915928	0.080429
5.086313	0.978942	0.034308
5.171857	0.958576	0.050997
5.255371	0.928038	0.061288
5.336573	0.995048	0.010814
5.412840	1.002588	0.006131
5.490519	1.002398	0.003509
5.570074	1.004900	0.003990
5.655345	1.004268	0.003041
5.741905	1.001417	0.002311
5.838839	0.963421	0.058465
5.934428	0.971105	0.050909
6.032425	0.967743	0.052064
6.129553	0.930831	0.071036
6.226951	1.000463	0.006126
6.319833	0.999682	0.012426
6.414451	1.006726	0.004734
6.507884	1.006842	0.007126
6.604422	1.002173	0.002831
6.699079	0.969103	0.046155
6.793727	0.936037	0.067123
6.888383	0.989150	0.024976
6.988904	0.943284	0.068404
7.089689	0.999161	0.005988
7.186237	1.001568	0.002673
7.283270	1.006990	0.005995
7.378512	1.006257	0.007224
7.481625	0.997992	0.014010
7.607102	0.948306	0.065174
7.743513	0.983887	0.023088
7.864761	0.937294	0.071645
7.997698	1.007944	0.013989
8.120946	1.008300	0.008267
8.244497	1.004857	0.005405
8.364866	0.999912	0.004187
8.502765	0.957164	0.061547
8.654629	0.972017	0.050771
8.765812	0.960686	0.061225
8.860555	1.004472	0.010663
8.957055	1.000317	0.007647
9.060989	1.002186	0.018378
9.172600	0.999157	0.014231
9.281096	1.002261	0.011295
9.387112	0.942496	0.059916
9.487979	0.988928	0.016973
9.598410	0.923685	0.075627
0.103110	0.998376	0.035036
0.305775	1.012712	0.020733
0.497740	1.008696	0.016412
0.675876	1.003894	0.008943
0.844320	1.001323	0.008096
1.024042	0.986631	0.037252
1.203879	0.910799	0.096800
1.370648	0.977097	0.036701
1.537318	0.966653	0.039583
1.707422	0.937710	0.072972
1.874157	0.996251	0.014991
2.041790	1.000849	0.004648
2.207613	1.002588	0.008810
2.370657	1.005223	0.004888
2.530763	1.005244	0.003908
2.690246	0.999508	0.014055
2.849746	0.972739	0.042830
3.009961	0.936687	0.073517
3.175079	0.995845	0.015963
3.343274	0.953339	0.060944
3.502792	0.950231	0.062376
3.687243	0.999273	0.006176
3.885558	1.003320	0.003414
4.098626	1.006654	0.007889
4.310065	1.005488	0.005780
4.513690	0.990308	0.024111
4.723763	0.940254	0.102789
4.910620	0.963133	0.056871
5.099100	0.943156	0.082432
5.315113	0.978744	0.053656
5.502336	1.006273	0.015159
5.688213	1.005030	0.010213
5.875540	1.006959	0.013452
6.034043	1.008323	0.015795
6.214663	0.996935	0.008219
6.377796	0.976075	0.050855
6.549266	0.952654	0.060343
6.748344	0.985030	0.029487
6.981855	0.949898	0.061705
7.192360	1.002156	0.006295
7.395014	1.009041	0.008533
7.599742	1.005139	0.007324
7.809432	0.988281	0.026905
8.028489	0.999043	0.013126
8.216085	0.952758	0.063176
8.415017	0.977426	0.035005
8.599473	0.944428	0.068229
8.763152	0.946903	0.064310
8.927109	0.998042	0.007733
9.104453	1.009072	0.023739
9.270830	1.017890	0.032621
9.449855	1.012612	0.023862
9.625080	1.009026	0.012680
9.812676	0.987338	0.027653
9.997296	0.915928	0.080429
10.172626	0.978942	0.034308
10.343714	0.958576	0.050997
10.510742	0.928038	0.061288
10.673145	0.995048	0.010814
10.825680	1.002588	0.006131
10.981039	1.002398	0.003509
11.140148	1.004900	0.003990
11.310689	1.004268	0.003041
11.483809	1.001417	0.002311
11.677679	0.963421	0.058465
11.868856	0.971105	0.050909
12.064849	0.967743	0.052064
12.259106	0.930831	0.071036
12.453901	1.000463	0.006126
12.639665	0.999682	0.012426
12.828901	1.006726	0.004734
13.015768	1.006842	0.007126
13.208845	1.002173	0.002831
13.398158	0.969103	0.046155
13.587454	0.936037	0.067123
13.776767	0.989150	0.024976
13.977808	0.943284	0.068404
14.179379	0.999161	0.005988
14.372474	1.001568	0.002673
14.566540	1.006990	0.005995
14.757024	1.006257	0.007224
14.963251	0.997992	0.014010
15.214203	0.948306	0.065174
15.487026	0.983887	0.023088
15.729522	0.937294	0.071645
15.995396	1.007944	0.013989
16.241892	1.008300	0.008267
16.488995	1.004857	0.005405
16.729731	0.999912	0.004187
17.005529	0.957164	0.061547
17.309259	0.972017	0.050771
17.531624	0.960686	0.061225
17.721111	1.004472	0.010663
17.914110	1.000317	0.007647
18.121977	1.002186	0.018378
18.345199	0.999157	0.014231
18.562193	1.002261	0.011295
18.774224	0.942496	0.059916
18.975959	0.988928	0.016973
19.196820	0.923685	0.075627
