100
0.016707	0.998100	0.000857
0.064114	0.998886	0.001055
0.119817	1.001074	0.001445
0.168290	1.003459	0.001347
0.216199	1.006064	0.001503
0.262512	1.008458	0.003995
0.306205	1.008794	0.005547
0.350511	1.006089	0.003579
0.389562	1.004474	0.003308
0.432319	1.002197	0.001147
0.476563	1.000727	0.000798
0.520336	0.999854	0.001233
0.560971	1.000726	0.005481
0.599008	1.000284	0.002554
0.637513	0.984288	0.010157
0.676610	0.944781	0.011367
0.714641	0.920624	0.005253
0.754699	0.935654	0.010586
0.794303	0.976116	0.013748
0.836968	0.999345	0.002399
0.879673	0.999736	0.001587
0.926491	1.000083	0.001328
0.968191	0.999504	0.000852
1.010364	0.999876	0.000819
1.052584	1.000855	0.001552
1.093754	1.000005	0.001311
1.133832	0.999499	0.002184
1.172933	0.999827	0.001609
1.209864	0.999906	0.001014
1.249441	1.000140	0.000900
1.287001	1.000293	0.001231
1.326520	1.000018	0.000903
1.368772	1.000106	0.001358
1.411537	1.000292	0.001113
1.460973	0.999830	0.001389
1.508908	1.000141	0.001249
1.551636	1.000374	0.001140
1.595906	1.000257	0.001251
1.644336	1.000128	0.001035
1.696380	1.000456	0.000771
1.746915	1.000889	0.001292
1.791189	1.000037	0.000980
1.832307	1.000014	0.001282
1.872928	1.000154	0.000960
1.916148	1.000278	0.001108
1.959387	1.000187	0.001259
1.997794	0.999758	0.000989
2.038377	0.999656	0.001153
2.078367	1.000068	0.000816
2.118946	0.999733	0.001073
2.160051	1.000067	0.001154
2.198443	1.000045	0.001343
2.238466	0.999850	0.001309
2.275209	0.999081	0.000904
2.312529	1.000054	0.001006
2.354717	1.000184	0.001043
2.392555	0.999857	0.001154
2.428703	0.999902	0.000985
2.464368	0.999822	0.001333
2.503262	1.000221	0.000773
2.545469	1.000443	0.001134
2.581699	1.000370	0.001250
2.619495	0.999686	0.001327
2.659506	0.999471	0.001250
2.697894	0.999889	0.001040
2.735200	0.999986	0.001285
2.771356	1.000087	0.001190
2.807565	0.999756	0.001166
2.843716	1.000163	0.001085
2.883752	0.999955	0.000693
2.921043	0.999459	0.001218
2.956699	1.000028	0.000905
2.995032	1.000428	0.000654
3.033401	1.000423	0.000802
3.070186	1.000196	0.000712
3.106868	1.000001	0.001130
3.143095	0.999829	0.001245
3.183632	0.999736	0.002060
3.224763	0.999602	0.002046
3.262040	0.999661	0.001871
3.301495	0.999390	0.001493
3.343173	1.000408	0.001141
3.382125	1.000790	0.001617
3.419368	1.001943	0.004982
3.456106	1.001707	0.005020
3.499959	1.002410	0.006509
3.546002	1.000333	0.001368
3.593157	1.000887	0.002532
3.637583	1.000187	0.001290
3.681419	0.999510	0.001075
3.728585	1.000102	0.000831
3.774095	0.999885	0.001158
3.815215	0.999503	0.000956
3.857960	0.999716	0.001029
3.902402	0.997624	0.002843
3.942959	0.960038	0.017471
3.984645	0.904046	0.012044
4.026262	0.899998	0.011738
4.069076	0.951350	0.017694
4.110172	0.995004	0.005300
0.033414	0.998100	0.000857
0.128228	0.998886	0.001055
0.239635	1.001074	0.001445
0.336580	1.003459	0.001347
0.432398	1.006064	0.001503
0.525024	1.008458	0.003995
0.612411	1.008794	0.005547
0.701022	1.006089	0.003579
0.779123	1.004474	0.003308
0.864638	1.002197	0.001147
0.953125	1.000727	0.000798
1.040673	0.999854	0.001233
1.121941	1.000726	0.005481
1.198015	1.000284	0.002554
1.275026	0.984288	0.010157
1.353220	0.944781	0.011367
1.429282	0.920624	0.005253
1.509397	0.935654	0.010586
1.588606	0.976116	0.013748
1.673937	0.999345	0.002399
1.759347	0.999736	0.001587
1.852982	1.000083	0.001328
1.936381	0.999504	0.000852
2.020729	0.999876	0.000819
2.105168	1.000855	0.001552
2.187508	1.000005	0.001311
2.267663	0.999499	0.002184
2.345866	0.999827	0.001609
2.419728	0.999906	0.001014
2.498881	1.000140	0.000900
2.574002	1.000293	0.001231
2.653040	1.000018	0.000903
2.737545	1.000106	0.001358
2.823074	1.000292	0.001113
2.921946	0.999830	0.001389
3.017816	1.000141	0.001249
3.103273	1.000374	0.001140
3.191812	1.000257	0.001251
3.288671	1.000128	0.001035
3.392760	1.000456	0.000771
3.493830	1.000889	0.001292
3.582377	1.000037	0.000980
3.664615	1.000014	0.001282
3.745856	1.000154	0.000960
3.832295	1.000278	0.001108
3.918775	1.000187	0.001259
3.995589	0.999758	0.000989
4.076754	0.999656	0.001153
4.156735	1.000068	0.000816
4.237891	0.999733	0.001073
4.320102	1.000067	0.001154
4.396887	1.000045	0.001343
4.476932	0.999850	0.001309
4.550419	0.999081	0.000904
4.625058	1.000054	0.001006
4.709434	1.000184	0.001043
4.785110	0.999857	0.001154
4.857406	0.999902	0.000985
4.928736	0.999822	0.001333
5.006525	1.000221	0.000773
5.090938	1.000443	0.001134
5.163399	1.000370	0.001250
5.238990	0.999686	0.001327
5.319012	0.999471	0.001250
5.395788	0.999889	0.001040
5.470400	0.999986	0.001285
5.542712	1.000087	0.001190
5.615130	0.999756	0.001166
5.687433	1.000163	0.001085
5.767504	0.999955	0.000693
5.842085	0.999459	0.001218
5.913399	1.000028	0.000905
5.990064	1.000428	0.000654
6.066803	1.000423	0.000802
6.140372	1.000196	0.000712
6.213737	1.000001	0.001130
6.286190	0.999829	0.001245
6.367264	0.999736	0.002060
6.449526	0.999602	0.002046
6.524079	0.999661	0.001871
6.602990	0.999390	0.001493
6.686347	1.000408	0.001141
6.764249	1.000790	0.001617
6.838737	1.001943	0.004982
6.912211	1.001707	0.005020
6.999918	1.002410	0.006509
7.092003	1.000333	0.001368
7.186314	1.000887	0.002532
7.275166	1.000187	0.001290
7.362838	0.999510	0.001075
7.457170	1.000102	0.000831
7.548190	0.999885	0.001158
7.630430	0.999503	0.000956
7.715920	0.999716	0.001029
7.804805	0.997624	0.002843
7.885918	0.960038	0.017471
7.969289	0.904046	0.012044
8.052523	0.899998	0.011738
8.138152	0.951350	0.017694
8.220344	0.995004	0.005300
