100
0.029513	1.000005	0.000747
0.108673	1.000243	0.000602
0.177445	0.999854	0.000248
0.252435	1.001316	0.004830
0.312782	1.002967	0.006722
0.369044	1.002922	0.006810
0.427455	0.999390	0.000842
0.496208	0.999124	0.001072
0.571205	0.999068	0.001250
0.646163	1.002057	0.007495
0.712817	1.004046	0.006511
0.766926	1.003601	0.003956
0.823163	1.002151	0.002538
0.891910	1.000712	0.001040
0.962705	1.000331	0.000605
1.035650	1.000102	0.000343
1.116908	0.999881	0.000334
1.191875	0.999977	0.000448
1.266910	0.999976	0.000528
1.337705	0.999987	0.000565
1.410673	1.000163	0.000368
1.483578	1.000144	0.000371
1.558590	1.000113	0.000457
1.629385	0.999877	0.000378
1.704408	1.000336	0.000556
1.775225	1.000674	0.000548
1.848148	1.001406	0.000712
1.948148	1.001799	0.000736
2.052328	1.002106	0.000525
2.156498	1.000682	0.000648
2.260658	0.999406	0.000570
2.364828	0.999609	0.000717
2.468998	0.999859	0.000655
2.581533	1.000182	0.000624
2.687758	1.000140	0.000699
2.791928	1.000336	0.000974
2.896098	1.000272	0.000526
3.000258	1.000212	0.000529
3.104428	1.000396	0.000367
3.212758	1.000275	0.000443
3.323178	1.000038	0.000613
3.427348	1.000263	0.000671
3.535678	1.000432	0.000535
3.656482	1.000232	0.000482
3.760678	0.999949	0.000559
3.864868	1.000036	0.000350
3.969028	1.000147	0.000441
4.073188	1.000359	0.000400
4.177368	1.000242	0.000510
4.289893	1.000227	0.000402
4.398198	1.000169	0.000347
4.512778	1.000174	0.000304
4.631528	1.000187	0.000281
4.739868	1.000185	0.000397
4.844028	0.999980	0.000248
4.940094	1.000007	0.000891
5.007239	0.999448	0.001131
5.069739	0.999541	0.001223
5.136883	0.999543	0.000853
5.201694	0.999641	0.000779
5.268831	0.999739	0.000758
5.333639	0.999302	0.000955
5.396139	0.999546	0.000811
5.458639	0.999478	0.000836
5.521139	0.999611	0.000771
5.583639	0.999673	0.000774
5.646139	0.999617	0.000844
5.708639	0.999635	0.000516
5.771139	0.999714	0.000714
5.833639	0.999694	0.000513
5.896139	0.999805	0.000642
5.963258	0.999709	0.000643
6.028083	0.999709	0.000621
6.095217	0.999524	0.000598
6.162350	0.999432	0.000687
6.229472	1.000065	0.000641
6.291972	0.999823	0.000661
6.359091	0.999959	0.000180
6.423928	0.999695	0.000538
6.491086	0.999693	0.000338
6.555883	1.000073	0.000572
6.618383	0.999781	0.000394
6.680883	0.999953	0.000273
6.743383	0.999742	0.000349
6.805883	0.999863	0.000335
6.868383	1.000133	0.000365
6.930883	0.999821	0.000495
6.993383	0.999823	0.000367
7.055883	1.000022	0.000448
7.118383	0.999982	0.000268
7.180883	0.999875	0.000383
7.248020	0.999824	0.000452
7.312828	0.999795	0.000271
7.377650	0.999573	0.000574
7.444772	0.999331	0.000700
7.507272	0.999284	0.000668
7.574405	0.999507	0.000562
7.646161	0.999497	0.000607
7.708661	0.999327	0.000635
7.771161	0.999511	0.000504
0.059025	1.000005	0.000747
0.217345	1.000243	0.000602
0.354891	0.999854	0.000248
0.504871	1.001316	0.004830
0.625563	1.002967	0.006722
0.738089	1.002922	0.006810
0.854911	0.999390	0.000842
0.992416	0.999124	0.001072
1.142411	0.999068	0.001250
1.292325	1.002057	0.007495
1.425634	1.004046	0.006511
1.533852	1.003601	0.003956
1.646326	1.002151	0.002538
1.783821	1.000712	0.001040
1.925410	1.000331	0.000605
2.071301	1.000102	0.000343
2.233815	0.999881	0.000334
2.383750	0.999977	0.000448
2.533821	0.999976	0.000528
2.675410	0.999987	0.000565
2.821346	1.000163	0.000368
2.967155	1.000144	0.000371
3.117181	1.000113	0.000457
3.258770	0.999877	0.000378
3.408815	1.000336	0.000556
3.550450	1.000674	0.000548
3.696295	1.001406	0.000712
3.896295	1.001799	0.000736
4.104655	1.002106	0.000525
4.312995	1.000682	0.000648
4.521315	0.999406	0.000570
4.729655	0.999609	0.000717
4.937995	0.999859	0.000655
5.163066	1.000182	0.000624
5.375515	1.000140	0.000699
5.583855	1.000336	0.000974
5.792195	1.000272	0.000526
6.000515	1.000212	0.000529
6.208855	1.000396	0.000367
6.425515	1.000275	0.000443
6.646355	1.000038	0.000613
6.854695	1.000263	0.000671
7.071355	1.000432	0.000535
7.312964	1.000232	0.000482
7.521355	0.999949	0.000559
7.729735	1.000036	0.000350
7.938055	1.000147	0.000441
8.146375	1.000359	0.000400
8.354735	1.000242	0.000510
8.579786	1.000227	0.000402
8.796395	1.000169	0.000347
9.025555	1.000174	0.000304
9.263055	1.000187	0.000281
9.479735	1.000185	0.000397
9.688055	0.999980	0.000248
9.880189	1.000007	0.000891
10.014478	0.999448	0.001131
10.139478	0.999541	0.001223
10.273767	0.999543	0.000853
10.403389	0.999641	0.000779
10.537662	0.999739	0.000758
10.667278	0.999302	0.000955
10.792278	0.999546	0.000811
10.917278	0.999478	0.000836
11.042278	0.999611	0.000771
11.167278	0.999673	0.000774
11.292278	0.999617	0.000844
11.417278	0.999635	0.000516
11.542278	0.999714	0.000714
11.667278	0.999694	0.000513
11.792278	0.999805	0.000642
11.926516	0.999709	0.000643
12.056167	0.999709	0.000621
12.190433	0.999524	0.000598
12.324700	0.999432	0.000687
12.458944	1.000065	0.000641
12.583944	0.999823	0.000661
12.718183	0.999959	0.000180
12.847855	0.999695	0.000538
12.982173	0.999693	0.000338
13.111767	1.000073	0.000572
13.236767	0.999781	0.000394
13.361767	0.999953	0.000273
13.486767	0.999742	0.000349
13.611767	0.999863	0.000335
13.736767	1.000133	0.000365
13.861767	0.999821	0.000495
13.986767	0.999823	0.000367
14.111767	1.000022	0.000448
14.236767	0.999982	0.000268
14.361767	0.999875	0.000383
14.496039	0.999824	0.000452
14.625655	0.999795	0.000271
14.755300	0.999573	0.000574
14.889544	0.999331	0.000700
15.014544	0.999284	0.000668
15.148811	0.999507	0.000562
15.292322	0.999497	0.000607
15.417322	0.999327	0.000635
15.542322	0.999511	0.000504
