100
0.052843	1.000686	0.000355
0.167387	1.000217	0.000391
0.273274	1.000368	0.001866
0.350929	0.999885	0.000988
0.427583	1.000082	0.000758
0.504254	0.999509	0.000805
0.580093	0.999111	0.000791
0.656746	0.999210	0.000536
0.733427	0.999410	0.000602
0.809256	0.999203	0.000564
0.885919	0.999061	0.000732
0.962582	0.999100	0.000963
1.038411	0.999017	0.001102
1.115074	1.000146	0.001011
1.191745	1.001267	0.001283
1.267584	1.002859	0.001195
1.344237	1.003465	0.000791
1.420909	1.003065	0.000770
1.496747	1.001534	0.000662
1.573410	0.999809	0.000613
1.662410	0.988116	0.010613
1.782654	0.988616	0.011249
1.901973	0.999798	0.000528
2.015674	1.000747	0.000370
2.131118	1.000869	0.000409
2.244829	1.000691	0.000446
2.364073	0.999800	0.000352
2.485291	1.000172	0.000842
2.599002	1.000152	0.000420
2.714454	0.999830	0.000320
2.828165	0.999362	0.000460
2.943618	0.999431	0.000416
3.066727	0.999873	0.000464
3.199458	0.999579	0.000512
3.315819	1.014866	0.048070
3.400082	1.046258	0.062587
3.475911	1.026580	0.036720
3.552574	1.008706	0.015801
3.629245	1.004251	0.007501
3.705074	1.001098	0.002213
3.781746	0.999904	0.001712
3.858409	0.999914	0.001557
3.934238	0.999649	0.001322
4.010892	0.999328	0.000905
4.087573	0.999394	0.000803
4.163393	0.999251	0.000530
4.240064	0.999344	0.000486
4.316736	0.999959	0.000659
4.392565	1.001152	0.000658
4.473927	1.002527	0.000756
4.552564	1.003100	0.000300
4.629236	1.003348	0.000567
4.705065	1.002095	0.000737
4.781728	0.999977	0.000739
4.858400	0.997726	0.001734
4.934238	0.977310	0.007308
5.022124	0.988450	0.010235
5.135695	0.999231	0.000553
5.259787	1.000178	0.000636
5.375314	1.000550	0.000859
5.489859	1.000904	0.000534
5.604487	1.000219	0.000409
5.719023	0.999986	0.000460
5.833651	0.999972	0.000432
5.948195	0.999972	0.000657
6.057585	0.999707	0.000481
6.161755	0.999681	0.000296
6.271176	0.999718	0.000528
6.380505	0.999625	0.000574
6.489834	0.999869	0.000582
6.599245	0.999622	0.000531
6.703405	0.999396	0.000424
6.807565	0.999155	0.000748
6.911745	0.999347	0.000735
7.015905	0.999141	0.000741
7.120065	0.999022	0.000802
7.224245	0.999461	0.000663
7.328405	0.999377	0.000776
7.432575	0.999841	0.001131
7.541996	1.000896	0.001051
7.657595	1.002599	0.000987
7.765925	1.003499	0.000868
7.870085	1.003751	0.000802
7.974255	1.002036	0.001195
8.078425	0.999358	0.001445
8.182585	0.978313	0.007505
8.286755	0.995539	0.005501
8.390925	1.000240	0.000593
8.495085	1.000671	0.000515
8.599255	1.001023	0.000829
8.703425	1.001377	0.000687
8.807585	1.000998	0.000688
8.911755	1.000757	0.000559
9.015925	1.000557	0.000289
9.120085	1.000398	0.000509
9.224255	1.000055	0.000514
9.328425	1.000175	0.000446
9.441996	1.000122	0.000598
9.547155	1.000797	0.000341
9.660664	1.000546	0.000296
0.105685	1.000686	0.000355
0.334774	1.000217	0.000391
0.546549	1.000368	0.001866
0.701858	0.999885	0.000988
0.855165	1.000082	0.000758
1.008509	0.999509	0.000805
1.160185	0.999111	0.000791
1.313493	0.999210	0.000536
1.466854	0.999410	0.000602
1.618512	0.999203	0.000564
1.771838	0.999061	0.000732
1.925163	0.999100	0.000963
2.076822	0.999017	0.001102
2.230147	1.000146	0.001011
2.383491	1.001267	0.001283
2.535167	1.002859	0.001195
2.688474	1.003465	0.000791
2.841818	1.003065	0.000770
2.993494	1.001534	0.000662
3.146820	0.999809	0.000613
3.324820	0.988116	0.010613
3.565309	0.988616	0.011249
3.803945	0.999798	0.000528
4.031349	1.000747	0.000370
4.262236	1.000869	0.000409
4.489658	1.000691	0.000446
4.728145	0.999800	0.000352
4.970582	1.000172	0.000842
5.198003	1.000152	0.000420
5.428909	0.999830	0.000320
5.656331	0.999362	0.000460
5.887236	0.999431	0.000416
6.133454	0.999873	0.000464
6.398916	0.999579	0.000512
6.631638	1.014866	0.048070
6.800163	1.046258	0.062587
6.951822	1.026580	0.036720
7.105147	1.008706	0.015801
7.258491	1.004251	0.007501
7.410149	1.001098	0.002213
7.563493	0.999904	0.001712
7.716818	0.999914	0.001557
7.868476	0.999649	0.001322
8.021783	0.999328	0.000905
8.175145	0.999394	0.000803
8.326785	0.999251	0.000530
8.480129	0.999344	0.000486
8.633473	0.999959	0.000659
8.785131	1.001152	0.000658
8.947854	1.002527	0.000756
9.105129	1.003100	0.000300
9.258473	1.003348	0.000567
9.410131	1.002095	0.000737
9.563456	0.999977	0.000739
9.716800	0.997726	0.001734
9.868476	0.977310	0.007308
10.044249	0.988450	0.010235
10.271391	0.999231	0.000553
10.519574	1.000178	0.000636
10.750629	1.000550	0.000859
10.979718	1.000904	0.000534
11.208974	1.000219	0.000409
11.438045	0.999986	0.000460
11.667302	0.999972	0.000432
11.896391	0.999972	0.000657
12.115170	0.999707	0.000481
12.323510	0.999681	0.000296
12.542352	0.999718	0.000528
12.761010	0.999625	0.000574
12.979668	0.999869	0.000582
13.198490	0.999622	0.000531
13.406810	0.999396	0.000424
13.615130	0.999155	0.000748
13.823490	0.999347	0.000735
14.031810	0.999141	0.000741
14.240130	0.999022	0.000802
14.448490	0.999461	0.000663
14.656810	0.999377	0.000776
14.865150	0.999841	0.001131
15.083992	1.000896	0.001051
15.315190	1.002599	0.000987
15.531850	1.003499	0.000868
15.740170	1.003751	0.000802
15.948510	1.002036	0.001195
16.156850	0.999358	0.001445
16.365170	0.978313	0.007505
16.573510	0.995539	0.005501
16.781850	1.000240	0.000593
16.990170	1.000671	0.000515
17.198510	1.001023	0.000829
17.406850	1.001377	0.000687
17.615170	1.000998	0.000688
17.823510	1.000757	0.000559
18.031850	1.000557	0.000289
18.240170	1.000398	0.000509
18.448510	1.000055	0.000514
18.656850	1.000175	0.000446
18.883992	1.000122	0.000598
19.094310	1.000797	0.000341
19.321328	1.000546	0.000296
