100
0.021593	0.999911	0.000499
0.062553	1.000114	0.000363
0.107244	1.000158	0.000525
0.151162	0.999938	0.000512
0.196150	1.000097	0.000407
0.235025	0.999948	0.000605
0.276351	1.000147	0.000602
0.316516	1.000091	0.000519
0.358067	1.000359	0.000921
0.397158	1.000355	0.000742
0.441477	1.000052	0.000605
0.486464	1.000250	0.000489
0.530260	1.000175	0.000619
0.574313	1.000218	0.000653
0.615844	1.000100	0.000675
0.657166	1.000274	0.000743
0.702831	1.003122	0.010594
0.741527	1.003070	0.010341
0.784482	1.002616	0.008665
0.825959	1.002207	0.006833
0.872311	1.001763	0.005474
0.917385	1.001486	0.004946
0.967240	1.000801	0.002831
1.016161	1.001497	0.003020
1.068070	1.000454	0.001309
1.120315	1.000792	0.001561
1.168642	1.000362	0.001250
1.216154	1.000330	0.001058
1.268200	1.000193	0.001006
1.316448	1.000009	0.000831
1.369719	0.999977	0.001114
1.419742	1.001169	0.003978
1.471098	1.001678	0.006578
1.522273	1.003146	0.011413
1.579122	0.999684	0.000666
1.635060	0.999770	0.000564
1.685948	0.999609	0.000593
1.740905	0.999803	0.000490
1.796198	1.000898	0.005171
1.848184	1.000476	0.002611
1.895107	0.999835	0.000717
1.942548	1.000149	0.001212
1.990395	1.000482	0.001537
2.041315	1.000112	0.000788
2.092850	1.000038	0.002736
2.139535	0.999456	0.003491
2.182641	0.999327	0.002852
2.226590	0.999390	0.002650
2.274939	1.000169	0.001441
2.317371	1.000260	0.001277
2.363947	1.000065	0.000922
2.408991	0.999883	0.002376
2.456564	0.999631	0.002522
2.499091	0.999035	0.003576
2.545957	0.999598	0.002265
2.588007	0.999212	0.002824
2.632228	0.999572	0.001325
2.677668	0.999779	0.001220
2.723727	0.999970	0.000889
2.764354	0.999999	0.000601
2.808938	0.999890	0.000698
2.853556	0.999986	0.000744
2.899833	0.999937	0.000852
2.943962	0.999956	0.000803
2.992089	1.000198	0.000735
3.036073	1.000188	0.000988
3.086330	1.000180	0.000937
3.133203	0.999914	0.000989
3.183731	1.000112	0.000779
3.227627	0.999888	0.000840
3.272093	0.999941	0.000689
3.314271	0.999945	0.000579
3.356352	1.000153	0.000769
3.406027	0.999939	0.000793
3.452659	1.000265	0.000811
3.495633	0.999920	0.000860
3.543865	1.000132	0.000829
3.589612	1.000194	0.000424
3.642382	1.000141	0.000799
3.689005	1.000066	0.001017
3.733297	1.000173	0.000879
3.776555	1.000308	0.000920
3.820081	0.999985	0.000811
3.864405	0.999921	0.000827
3.908286	0.999988	0.000940
3.949980	1.000099	0.000747
3.992359	1.000110	0.000663
4.031440	1.000061	0.000709
4.070135	1.000010	0.000784
4.111974	1.000086	0.000842
4.149008	0.999918	0.000736
4.192360	0.999840	0.000605
4.233664	0.999945	0.000685
4.275184	1.000022	0.000524
4.311911	0.999823	0.000694
4.353335	1.000039	0.000536
4.397012	0.999938	0.000508
4.436575	1.000008	0.000596
4.476264	1.000082	0.000606
4.516026	0.999937	0.000482
0.043186	0.999911	0.000499
0.125107	1.000114	0.000363
0.214487	1.000158	0.000525
0.302325	0.999938	0.000512
0.392300	1.000097	0.000407
0.470049	0.999948	0.000605
0.552701	1.000147	0.000602
0.633032	1.000091	0.000519
0.716135	1.000359	0.000921
0.794316	1.000355	0.000742
0.882953	1.000052	0.000605
0.972927	1.000250	0.000489
1.060520	1.000175	0.000619
1.148626	1.000218	0.000653
1.231689	1.000100	0.000675
1.314333	1.000274	0.000743
1.405662	1.003122	0.010594
1.483055	1.003070	0.010341
1.568965	1.002616	0.008665
1.651918	1.002207	0.006833
1.744622	1.001763	0.005474
1.834770	1.001486	0.004946
1.934481	1.000801	0.002831
2.032323	1.001497	0.003020
2.136139	1.000454	0.001309
2.240630	1.000792	0.001561
2.337284	1.000362	0.001250
2.432307	1.000330	0.001058
2.536401	1.000193	0.001006
2.632896	1.000009	0.000831
2.739438	0.999977	0.001114
2.839484	1.001169	0.003978
2.942196	1.001678	0.006578
3.044545	1.003146	0.011413
3.158244	0.999684	0.000666
3.270120	0.999770	0.000564
3.371895	0.999609	0.000593
3.481810	0.999803	0.000490
3.592397	1.000898	0.005171
3.696369	1.000476	0.002611
3.790215	0.999835	0.000717
3.885096	1.000149	0.001212
3.980790	1.000482	0.001537
4.082631	1.000112	0.000788
4.185700	1.000038	0.002736
4.279070	0.999456	0.003491
4.365281	0.999327	0.002852
4.453181	0.999390	0.002650
4.549877	1.000169	0.001441
4.634742	1.000260	0.001277
4.727895	1.000065	0.000922
4.817982	0.999883	0.002376
4.913128	0.999631	0.002522
4.998181	0.999035	0.003576
5.091914	0.999598	0.002265
5.176014	0.999212	0.002824
5.264457	0.999572	0.001325
5.355337	0.999779	0.001220
5.447453	0.999970	0.000889
5.528708	0.999999	0.000601
5.617876	0.999890	0.000698
5.707112	0.999986	0.000744
5.799667	0.999937	0.000852
5.887925	0.999956	0.000803
5.984178	1.000198	0.000735
6.072145	1.000188	0.000988
6.172661	1.000180	0.000937
6.266406	0.999914	0.000989
6.367461	1.000112	0.000779
6.455254	0.999888	0.000840
6.544186	0.999941	0.000689
6.628542	0.999945	0.000579
6.712704	1.000153	0.000769
6.812053	0.999939	0.000793
6.905317	1.000265	0.000811
6.991266	0.999920	0.000860
7.087729	1.000132	0.000829
7.179224	1.000194	0.000424
7.284764	1.000141	0.000799
7.378011	1.000066	0.001017
7.466595	1.000173	0.000879
7.553110	1.000308	0.000920
7.640162	0.999985	0.000811
7.728810	0.999921	0.000827
7.816571	0.999988	0.000940
7.899960	1.000099	0.000747
7.984718	1.000110	0.000663
8.062880	1.000061	0.000709
8.140269	1.000010	0.000784
8.223949	1.000086	0.000842
8.298015	0.999918	0.000736
8.384720	0.999840	0.000605
8.467329	0.999945	0.000685
8.550367	1.000022	0.000524
8.623823	0.999823	0.000694
8.706671	1.000039	0.000536
8.794023	0.999938	0.000508
8.873150	1.000008	0.000596
8.952529	1.000082	0.000606
9.032052	0.999937	0.000482
