100
0.057810	0.999323	0.000739
0.190933	0.999748	0.000720
0.327014	0.999945	0.000921
0.447386	0.999829	0.000835
0.559743	0.999765	0.000722
0.663562	0.999453	0.000975
0.749088	0.999420	0.000861
0.838247	0.999984	0.001071
0.925281	0.999839	0.000940
1.007558	0.999263	0.001051
1.091352	0.999026	0.001217
1.171272	0.999279	0.000948
1.251796	0.999588	0.000994
1.329809	1.015118	0.046792
1.408483	1.009916	0.028794
1.486920	1.006720	0.016279
1.571589	1.002943	0.005561
1.648710	1.002921	0.003597
1.726948	1.002549	0.003402
1.801893	1.003157	0.002742
1.881799	1.002382	0.002040
1.958468	1.001951	0.002114
2.037043	1.001711	0.003349
2.119841	1.001813	0.004064
2.202860	1.001859	0.003849
2.279734	1.001408	0.003162
2.356412	1.001136	0.002714
2.437613	1.001224	0.003386
2.516902	1.000903	0.003888
2.593057	1.000682	0.003875
2.667419	1.000526	0.003072
2.743520	0.999938	0.001716
2.821428	0.999520	0.001222
2.899485	0.999264	0.000935
2.977368	0.999094	0.001270
3.054305	0.999296	0.001235
3.134592	0.999913	0.001069
3.209759	0.999932	0.001125
3.290408	1.000154	0.001404
3.371876	1.000210	0.001262
3.448509	0.999948	0.001070
3.527168	0.999893	0.000971
3.607237	0.999925	0.001038
3.688287	1.000186	0.000736
3.771555	1.000433	0.000927
3.852602	1.000748	0.000757
3.928974	1.000951	0.000791
4.003464	1.001340	0.002759
4.078108	1.001855	0.008630
4.141574	0.999743	0.003038
4.206738	1.000037	0.001493
4.283739	0.999966	0.000887
4.358399	1.000171	0.000882
4.437617	1.000042	0.000816
4.517595	1.000234	0.000832
4.601809	0.999979	0.000792
4.688678	0.999720	0.000938
4.773529	0.999592	0.001127
4.856729	0.999771	0.000763
4.938634	1.000167	0.000806
5.024625	0.999976	0.000761
5.110006	1.000270	0.000940
5.191254	1.000248	0.001082
5.274289	1.000075	0.000883
5.360395	1.000413	0.001100
5.452467	1.000310	0.000766
5.538346	1.000473	0.000732
5.621373	1.000428	0.000842
5.703987	1.000347	0.000820
5.787930	1.000124	0.000717
5.868485	1.000045	0.000974
5.951098	0.999866	0.000893
6.033795	0.999572	0.000896
6.115270	0.999548	0.000811
6.194435	0.999510	0.000937
6.273127	0.999392	0.000906
6.359041	0.999534	0.000870
6.446599	0.999531	0.001021
6.534666	0.999955	0.000860
6.620777	0.999659	0.000808
6.709740	0.999931	0.000762
6.792086	0.999629	0.000722
6.872307	0.999886	0.001012
6.955914	0.999622	0.001053
7.040396	0.999441	0.000892
7.120793	0.999539	0.000887
7.203277	0.999123	0.000794
7.281496	0.999809	0.000834
7.362523	0.999934	0.000969
7.447652	1.000380	0.000955
7.531965	1.000153	0.001147
7.617435	1.000697	0.002174
7.722350	1.000531	0.000896
7.830852	1.000331	0.000870
7.942881	1.000468	0.001097
8.059027	1.000373	0.000682
8.177779	1.000118	0.000915
8.294907	0.999973	0.001084
8.405770	0.999799	0.000757
8.523124	0.999287	0.000805
0.115619	0.999323	0.000739
0.381867	0.999748	0.000720
0.654029	0.999945	0.000921
0.894772	0.999829	0.000835
1.119487	0.999765	0.000722
1.327123	0.999453	0.000975
1.498177	0.999420	0.000861
1.676493	0.999984	0.001071
1.850561	0.999839	0.000940
2.015117	0.999263	0.001051
2.182705	0.999026	0.001217
2.342544	0.999279	0.000948
2.503592	0.999588	0.000994
2.659617	1.015118	0.046792
2.816966	1.009916	0.028794
2.973839	1.006720	0.016279
3.143177	1.002943	0.005561
3.297420	1.002921	0.003597
3.453895	1.002549	0.003402
3.603786	1.003157	0.002742
3.763598	1.002382	0.002040
3.916935	1.001951	0.002114
4.074085	1.001711	0.003349
4.239683	1.001813	0.004064
4.405720	1.001859	0.003849
4.559467	1.001408	0.003162
4.712824	1.001136	0.002714
4.875226	1.001224	0.003386
5.033803	1.000903	0.003888
5.186115	1.000682	0.003875
5.334838	1.000526	0.003072
5.487039	0.999938	0.001716
5.642857	0.999520	0.001222
5.798970	0.999264	0.000935
5.954737	0.999094	0.001270
6.108609	0.999296	0.001235
6.269185	0.999913	0.001069
6.419519	0.999932	0.001125
6.580815	1.000154	0.001404
6.743752	1.000210	0.001262
6.897017	0.999948	0.001070
7.054335	0.999893	0.000971
7.214475	0.999925	0.001038
7.376574	1.000186	0.000736
7.543111	1.000433	0.000927
7.705205	1.000748	0.000757
7.857947	1.000951	0.000791
8.006928	1.001340	0.002759
8.156216	1.001855	0.008630
8.283147	0.999743	0.003038
8.413476	1.000037	0.001493
8.567479	0.999966	0.000887
8.716797	1.000171	0.000882
8.875234	1.000042	0.000816
9.035189	1.000234	0.000832
9.203617	0.999979	0.000792
9.377357	0.999720	0.000938
9.547059	0.999592	0.001127
9.713458	0.999771	0.000763
9.877268	1.000167	0.000806
10.049251	0.999976	0.000761
10.220011	1.000270	0.000940
10.382508	1.000248	0.001082
10.548579	1.000075	0.000883
10.720790	1.000413	0.001100
10.904934	1.000310	0.000766
11.076693	1.000473	0.000732
11.242746	1.000428	0.000842
11.407973	1.000347	0.000820
11.575859	1.000124	0.000717
11.736970	1.000045	0.000974
11.902197	0.999866	0.000893
12.067590	0.999572	0.000896
12.230541	0.999548	0.000811
12.388869	0.999510	0.000937
12.546253	0.999392	0.000906
12.718081	0.999534	0.000870
12.893198	0.999531	0.001021
13.069332	0.999955	0.000860
13.241554	0.999659	0.000808
13.419480	0.999931	0.000762
13.584172	0.999629	0.000722
13.744614	0.999886	0.001012
13.911827	0.999622	0.001053
14.080791	0.999441	0.000892
14.241586	0.999539	0.000887
14.406554	0.999123	0.000794
14.562991	0.999809	0.000834
14.725046	0.999934	0.000969
14.895303	1.000380	0.000955
15.063930	1.000153	0.001147
15.234869	1.000697	0.002174
15.444700	1.000531	0.000896
15.661704	1.000331	0.000870
15.885762	1.000468	0.001097
16.118054	1.000373	0.000682
16.355558	1.000118	0.000915
16.589814	0.999973	0.001084
16.811539	0.999799	0.000757
17.046247	0.999287	0.000805
