100
0.008727	1.000064	0.003829
0.028784	1.000511	0.003654
0.047709	1.000316	0.004079
0.067788	1.001066	0.004145
0.091294	1.000979	0.005590
0.109303	1.002341	0.004983
0.126529	1.003666	0.004824
0.146577	1.001515	0.005306
0.164997	1.001714	0.004780
0.185076	1.004394	0.004921
0.204732	1.000997	0.005525
0.223718	1.003285	0.006126
0.242613	1.002956	0.004801
0.262114	1.001661	0.005733
0.283912	1.004021	0.004500
0.303939	1.005087	0.004153
0.322524	1.002325	0.003893
0.343992	1.001910	0.004163
0.368199	1.002918	0.005993
0.389761	1.002657	0.006182
0.413082	1.003231	0.005718
0.432193	1.002574	0.006573
0.453784	1.003934	0.008501
0.474634	1.004585	0.008807
0.495661	1.005063	0.008603
0.515368	1.003410	0.004842
0.534252	1.002251	0.007828
0.551714	1.005241	0.008194
0.574594	1.004982	0.010707
0.593034	1.006366	0.010109
0.610375	1.005791	0.011352
0.628826	1.005282	0.010717
0.654186	1.003815	0.009923
0.674439	1.006014	0.008123
0.691841	1.004292	0.008559
0.709633	1.005339	0.007594
0.731626	1.005047	0.006643
0.751911	1.004010	0.007848
0.770836	1.003191	0.005654
0.789204	1.003452	0.005897
0.806802	1.002192	0.005956
0.824058	1.001898	0.004417
0.843591	1.003514	0.004983
0.864029	1.003382	0.004294
0.884684	1.002019	0.004071
0.903619	1.002353	0.003689
0.922586	1.003385	0.004323
0.941861	1.001556	0.004230
0.960034	1.002082	0.005539
0.979907	1.001838	0.004684
0.997524	1.000697	0.005520
1.018034	0.999751	0.004359
1.041304	0.998720	0.003954
1.060642	0.999797	0.004840
1.079742	0.999538	0.005526
1.099459	0.999857	0.005038
1.122401	1.000482	0.004089
1.143374	1.000389	0.005678
1.161228	0.999787	0.006172
1.180916	0.998919	0.008528
1.200983	0.998476	0.009314
1.221422	0.998302	0.004500
1.240522	0.994028	0.015839
1.262186	0.999492	0.004481
1.281842	0.991830	0.020939
1.298832	0.991272	0.023577
1.317097	0.987972	0.025699
1.333912	0.990750	0.016736
1.351488	0.991220	0.023585
1.369878	0.981085	0.027952
1.389399	0.986063	0.021732
1.410611	0.982509	0.027477
1.430473	0.979382	0.032643
1.448512	0.976230	0.032133
1.467077	0.973855	0.030956
1.485652	0.987144	0.022867
1.503814	0.972062	0.031010
1.521422	0.973654	0.030280
1.540388	0.980376	0.028094
1.561177	0.985258	0.023295
1.579196	0.987050	0.021918
1.595474	0.975749	0.029892
1.613854	0.977824	0.024699
1.630513	0.974106	0.026927
1.647761	0.980549	0.021681
1.665728	0.983592	0.022661
1.684128	0.981397	0.023878
1.704371	0.989995	0.016109
1.722956	0.983396	0.022156
1.741820	0.989885	0.019890
1.761753	0.989967	0.017278
1.780894	0.987498	0.017801
1.798842	0.989239	0.015648
1.816881	0.991455	0.013928
1.835786	0.994585	0.012892
1.855277	0.999330	0.010911
1.874624	0.996687	0.010301
1.896226	1.000388	0.007255
1.915913	1.001136	0.008419
1.934437	0.998817	0.005038
0.017454	1.000064	0.003829
0.057569	1.000511	0.003654
0.095419	1.000316	0.004079
0.135576	1.001066	0.004145
0.182589	1.000979	0.005590
0.218606	1.002341	0.004983
0.253059	1.003666	0.004824
0.293154	1.001515	0.005306
0.329994	1.001714	0.004780
0.370151	1.004394	0.004921
0.409464	1.000997	0.005525
0.447436	1.003285	0.006126
0.485226	1.002956	0.004801
0.524229	1.001661	0.005733
0.567824	1.004021	0.004500
0.607879	1.005087	0.004153
0.645049	1.002325	0.003893
0.687984	1.001910	0.004163
0.736399	1.002918	0.005993
0.779521	1.002657	0.006182
0.826164	1.003231	0.005718
0.864386	1.002574	0.006573
0.907569	1.003934	0.008501
0.949269	1.004585	0.008807
0.991321	1.005063	0.008603
1.030736	1.003410	0.004842
1.068504	1.002251	0.007828
1.103429	1.005241	0.008194
1.149189	1.004982	0.010707
1.186069	1.006366	0.010109
1.220749	1.005791	0.011352
1.257651	1.005282	0.010717
1.308371	1.003815	0.009923
1.348879	1.006014	0.008123
1.383681	1.004292	0.008559
1.419266	1.005339	0.007594
1.463252	1.005047	0.006643
1.503821	1.004010	0.007848
1.541671	1.003191	0.005654
1.578409	1.003452	0.005897
1.613604	1.002192	0.005956
1.648116	1.001898	0.004417
1.687181	1.003514	0.004983
1.728059	1.003382	0.004294
1.769369	1.002019	0.004071
1.807239	1.002353	0.003689
1.845171	1.003385	0.004323
1.883721	1.001556	0.004230
1.920069	1.002082	0.005539
1.959814	1.001838	0.004684
1.995049	1.000697	0.005520
2.036069	0.999751	0.004359
2.082609	0.998720	0.003954
2.121284	0.999797	0.004840
2.159484	0.999538	0.005526
2.198919	0.999857	0.005038
2.244801	1.000482	0.004089
2.286749	1.000389	0.005678
2.322456	0.999787	0.006172
2.361831	0.998919	0.008528
2.401966	0.998476	0.009314
2.442844	0.998302	0.004500
2.481044	0.994028	0.015839
2.524371	0.999492	0.004481
2.563684	0.991830	0.020939
2.597664	0.991272	0.023577
2.634194	0.987972	0.025699
2.667824	0.990750	0.016736
2.702977	0.991220	0.023585
2.739756	0.981085	0.027952
2.778799	0.986063	0.021732
2.821221	0.982509	0.027477
2.860946	0.979382	0.032643
2.897024	0.976230	0.032133
2.934154	0.973855	0.030956
2.971304	0.987144	0.022867
3.007629	0.972062	0.031010
3.042844	0.973654	0.030280
3.080776	0.980376	0.028094
3.122354	0.985258	0.023295
3.158391	0.987050	0.021918
3.190949	0.975749	0.029892
3.227709	0.977824	0.024699
3.261026	0.974106	0.026927
3.295521	0.980549	0.021681
3.331456	0.983592	0.022661
3.368256	0.981397	0.023878
3.408741	0.989995	0.016109
3.445911	0.983396	0.022156
3.483639	0.989885	0.019890
3.523506	0.989967	0.017278
3.561789	0.987498	0.017801
3.597684	0.989239	0.015648
3.633761	0.991455	0.013928
3.671572	0.994585	0.012892
3.710554	0.999330	0.010911
3.749249	0.996687	0.010301
3.792452	1.000388	0.007255
3.831826	1.001136	0.008419
3.868874	0.998817	0.005038
