100
0.058361	1.000028	0.001848
0.176307	1.001505	0.001255
0.289536	1.000699	0.003737
0.396492	1.000377	0.004182
0.498902	0.999948	0.004258
0.597673	1.000099	0.003488
0.705122	0.991694	0.016124
0.813667	0.973457	0.030993
0.914081	0.989982	0.017768
1.017746	1.000103	0.002149
1.120708	1.002876	0.001923
1.217990	1.004635	0.003686
1.321369	1.007031	0.008798
1.415214	1.002901	0.004565
1.493486	1.001241	0.003199
1.575072	0.999364	0.002704
1.655991	0.998321	0.001650
1.733700	0.998507	0.001257
1.810676	0.997456	0.003377
1.893108	0.989891	0.019081
1.975174	0.985624	0.026000
2.058731	0.995504	0.012079
2.142716	1.001264	0.001641
2.225995	1.002425	0.001009
2.312153	1.003459	0.002670
2.396854	1.003274	0.004453
2.481628	1.002051	0.004959
2.571034	0.999845	0.004339
2.652888	0.997991	0.003606
2.736797	0.996885	0.002668
2.818650	0.996122	0.002043
2.903269	0.996898	0.001143
2.987043	0.997484	0.000883
3.070449	0.998963	0.001179
3.156253	0.999942	0.001535
3.245518	1.000560	0.001769
3.331259	1.000615	0.001814
3.420577	1.001040	0.001673
3.505689	1.000147	0.002196
3.602887	0.999988	0.002024
3.731660	1.000011	0.001402
3.846885	0.999819	0.001482
3.959865	1.000289	0.001305
4.075323	1.000587	0.001666
4.192962	1.000731	0.001718
4.312009	0.999318	0.001549
4.437623	0.997868	0.001436
4.564142	0.997195	0.001066
4.682010	0.997522	0.000877
4.793010	0.985877	0.018429
4.911666	0.974443	0.028915
5.026442	0.996741	0.008818
5.141887	1.002271	0.001559
5.257227	1.004873	0.003097
5.375679	1.005985	0.005403
5.494812	1.002929	0.005286
5.613582	0.999868	0.004032
5.726547	0.998112	0.002579
5.841771	0.998266	0.001618
5.962140	0.999778	0.001109
6.075552	1.001322	0.001009
6.190076	1.001991	0.001150
6.305389	1.002229	0.000942
6.425783	1.001851	0.001454
6.541503	1.000072	0.001912
6.654903	0.999258	0.002443
6.771639	0.998101	0.002685
6.889012	0.998151	0.002906
7.002653	0.999135	0.002766
7.119891	0.999498	0.003536
7.233174	1.000095	0.001852
7.340925	0.999712	0.001368
7.462461	0.999200	0.001064
7.578130	0.998621	0.004906
7.658970	0.996817	0.002378
7.742230	0.985961	0.018663
7.825380	0.978391	0.029157
7.909056	0.989923	0.016764
7.992553	0.999613	0.002179
8.080978	1.000911	0.001389
8.164339	1.002474	0.002994
8.245492	1.003083	0.004840
8.329559	1.003171	0.005983
8.408859	1.000918	0.005570
8.489199	0.999025	0.004652
8.571795	0.997393	0.003865
8.653440	0.996199	0.002267
8.742431	0.996993	0.001500
8.839180	0.998352	0.001037
8.934720	1.000124	0.001034
9.030239	1.001250	0.001005
9.120309	1.002367	0.001131
9.211692	1.002404	0.000951
9.304990	1.002231	0.001026
9.394277	1.001461	0.001393
9.482019	1.000509	0.001329
9.577335	0.998707	0.001842
9.667516	0.997826	0.002059
9.767109	0.997636	0.002893
9.884792	0.998705	0.001969
0.116723	1.000028	0.001848
0.352613	1.001505	0.001255
0.579071	1.000699	0.003737
0.792985	1.000377	0.004182
0.997804	0.999948	0.004258
1.195346	1.000099	0.003488
1.410243	0.991694	0.016124
1.627334	0.973457	0.030993
1.828161	0.989982	0.017768
2.035491	1.000103	0.002149
2.241415	1.002876	0.001923
2.435981	1.004635	0.003686
2.642739	1.007031	0.008798
2.830428	1.002901	0.004565
2.986972	1.001241	0.003199
3.150144	0.999364	0.002704
3.311982	0.998321	0.001650
3.467399	0.998507	0.001257
3.621353	0.997456	0.003377
3.786216	0.989891	0.019081
3.950348	0.985624	0.026000
4.117462	0.995504	0.012079
4.285432	1.001264	0.001641
4.451990	1.002425	0.001009
4.624307	1.003459	0.002670
4.793708	1.003274	0.004453
4.963256	1.002051	0.004959
5.142067	0.999845	0.004339
5.305777	0.997991	0.003606
5.473594	0.996885	0.002668
5.637300	0.996122	0.002043
5.806537	0.996898	0.001143
5.974086	0.997484	0.000883
6.140898	0.998963	0.001179
6.312506	0.999942	0.001535
6.491037	1.000560	0.001769
6.662517	1.000615	0.001814
6.841153	1.001040	0.001673
7.011377	1.000147	0.002196
7.205774	0.999988	0.002024
7.463321	1.000011	0.001402
7.693771	0.999819	0.001482
7.919729	1.000289	0.001305
8.150647	1.000587	0.001666
8.385924	1.000731	0.001718
8.624019	0.999318	0.001549
8.875246	0.997868	0.001436
9.128283	0.997195	0.001066
9.364019	0.997522	0.000877
9.586021	0.985877	0.018429
9.823332	0.974443	0.028915
10.052883	0.996741	0.008818
10.283775	1.002271	0.001559
10.514454	1.004873	0.003097
10.751359	1.005985	0.005403
10.989625	1.002929	0.005286
11.227164	0.999868	0.004032
11.453094	0.998112	0.002579
11.683543	0.998266	0.001618
11.924281	0.999778	0.001109
12.151104	1.001322	0.001009
12.380152	1.001991	0.001150
12.610777	1.002229	0.000942
12.851565	1.001851	0.001454
13.083006	1.000072	0.001912
13.309805	0.999258	0.002443
13.543279	0.998101	0.002685
13.778024	0.998151	0.002906
14.005306	0.999135	0.002766
14.239783	0.999498	0.003536
14.466348	1.000095	0.001852
14.681849	0.999712	0.001368
14.924922	0.999200	0.001064
15.156260	0.998621	0.004906
15.317940	0.996817	0.002378
15.484459	0.985961	0.018663
15.650760	0.978391	0.029157
15.818111	0.989923	0.016764
15.985106	0.999613	0.002179
16.161957	1.000911	0.001389
16.328678	1.002474	0.002994
16.490984	1.003083	0.004840
16.659118	1.003171	0.005983
16.817719	1.000918	0.005570
16.978398	0.999025	0.004652
17.143590	0.997393	0.003865
17.306880	0.996199	0.002267
17.484862	0.996993	0.001500
17.678361	0.998352	0.001037
17.869441	1.000124	0.001034
18.060478	1.001250	0.001005
18.240618	1.002367	0.001131
18.423383	1.002404	0.000951
18.609979	1.002231	0.001026
18.788554	1.001461	0.001393
18.964037	1.000509	0.001329
19.154670	0.998707	0.001842
19.335032	0.997826	0.002059
19.534217	0.997636	0.002893
19.769584	0.998705	0.001969
