100
0.010276	0.998845	0.001063
0.026686	0.998606	0.001188
0.043561	0.998123	0.001053
0.060346	0.997942	0.000871
0.076298	0.997353	0.000592
0.093959	0.997320	0.001074
0.111038	0.997198	0.000970
0.127676	0.996825	0.001042
0.144484	0.996936	0.001203
0.160587	0.996379	0.000790
0.177953	0.996472	0.001179
0.194192	0.996605	0.001149
0.209749	0.996815	0.001313
0.225242	0.996530	0.000945
0.240625	0.996669	0.001438
0.256669	0.996691	0.000875
0.272771	0.997063	0.001094
0.288318	0.997140	0.000911
0.303855	0.996859	0.001038
0.318955	0.997176	0.000929
0.334517	0.997547	0.000901
0.350490	0.997538	0.001181
0.367465	0.997522	0.000916
0.383093	0.997543	0.000618
0.398612	0.997951	0.000853
0.416692	0.998178	0.000883
0.433794	0.998365	0.000869
0.450000	0.998320	0.000931
0.465605	0.998983	0.001148
0.481283	0.999140	0.001233
0.497438	0.999522	0.001277
0.513154	0.999552	0.000813
0.530669	0.999648	0.000890
0.546550	0.999872	0.000988
0.562175	1.000668	0.001102
0.577135	1.000789	0.001381
0.592409	1.000833	0.001199
0.607613	1.001135	0.000898
0.622480	1.001413	0.001155
0.638215	1.001671	0.001342
0.652948	1.001805	0.000974
0.667852	1.002426	0.001319
0.683502	1.002254	0.000985
0.699296	1.002572	0.001738
0.714472	1.002663	0.000965
0.730413	1.002948	0.001197
0.745103	1.002928	0.001374
0.760698	1.002996	0.000963
0.776616	1.002638	0.001157
0.791806	1.003262	0.001068
0.806723	1.002838	0.001162
0.822166	1.002857	0.001576
0.837630	1.002416	0.000868
0.853420	1.002285	0.001069
0.868784	1.002088	0.001232
0.884729	1.001573	0.001137
0.900744	1.001200	0.000841
0.916046	1.001037	0.000995
0.932028	1.000588	0.000978
0.947391	0.999873	0.000924
0.962475	0.999464	0.001076
0.977657	0.999270	0.000797
0.993784	0.998531	0.001221
1.009248	0.997570	0.000858
1.024975	0.997324	0.001115
1.040122	0.997032	0.001078
1.054873	0.996653	0.001576
1.069387	0.996303	0.001423
1.084165	0.996097	0.001250
1.099199	0.995866	0.001276
1.114372	0.995731	0.001314
1.128174	0.996246	0.001940
1.142432	0.996837	0.002220
1.156108	0.996883	0.000891
1.169843	0.998157	0.002071
1.183747	0.998567	0.001601
1.197755	0.999905	0.002337
1.211652	1.001111	0.003091
1.225940	1.001921	0.001779
1.240757	1.002692	0.001330
1.255141	1.004232	0.001418
1.269874	1.005206	0.001635
1.284922	1.005828	0.001166
1.299895	1.006729	0.001465
1.315402	1.007254	0.001364
1.330535	1.007832	0.001275
1.345879	1.007520	0.000976
1.360808	1.007751	0.001249
1.376227	1.007369	0.001167
1.391454	1.007009	0.001343
1.407518	1.006276	0.000877
1.422613	1.005639	0.000721
1.438727	1.005066	0.001181
1.454538	1.004030	0.000930
1.470067	1.003327	0.000989
1.485059	1.002771	0.000797
1.500385	1.001808	0.000999
1.515905	1.001238	0.001025
1.533653	1.000346	0.000955
1.549053	0.999878	0.000679
0.020552	0.998845	0.001063
0.053372	0.998606	0.001188
0.087123	0.998123	0.001053
0.120691	0.997942	0.000871
0.152597	0.997353	0.000592
0.187918	0.997320	0.001074
0.222075	0.997198	0.000970
0.255353	0.996825	0.001042
0.288967	0.996936	0.001203
0.321175	0.996379	0.000790
0.355906	0.996472	0.001179
0.388384	0.996605	0.001149
0.419499	0.996815	0.001313
0.450484	0.996530	0.000945
0.481250	0.996669	0.001438
0.513338	0.996691	0.000875
0.545542	0.997063	0.001094
0.576636	0.997140	0.000911
0.607711	0.996859	0.001038
0.637911	0.997176	0.000929
0.669035	0.997547	0.000901
0.700981	0.997538	0.001181
0.734930	0.997522	0.000916
0.766186	0.997543	0.000618
0.797225	0.997951	0.000853
0.833383	0.998178	0.000883
0.867588	0.998365	0.000869
0.900000	0.998320	0.000931
0.931210	0.998983	0.001148
0.962567	0.999140	0.001233
0.994876	0.999522	0.001277
1.026308	0.999552	0.000813
1.061338	0.999648	0.000890
1.093101	0.999872	0.000988
1.124351	1.000668	0.001102
1.154269	1.000789	0.001381
1.184817	1.000833	0.001199
1.215226	1.001135	0.000898
1.244959	1.001413	0.001155
1.276431	1.001671	0.001342
1.305896	1.001805	0.000974
1.335705	1.002426	0.001319
1.367005	1.002254	0.000985
1.398592	1.002572	0.001738
1.428945	1.002663	0.000965
1.460826	1.002948	0.001197
1.490207	1.002928	0.001374
1.521396	1.002996	0.000963
1.553231	1.002638	0.001157
1.583612	1.003262	0.001068
1.613446	1.002838	0.001162
1.644332	1.002857	0.001576
1.675261	1.002416	0.000868
1.706841	1.002285	0.001069
1.737567	1.002088	0.001232
1.769458	1.001573	0.001137
1.801488	1.001200	0.000841
1.832092	1.001037	0.000995
1.864056	1.000588	0.000978
1.894782	0.999873	0.000924
1.924950	0.999464	0.001076
1.955314	0.999270	0.000797
1.987567	0.998531	0.001221
2.018496	0.997570	0.000858
2.049950	0.997324	0.001115
2.080244	0.997032	0.001078
2.109747	0.996653	0.001576
2.138775	0.996303	0.001423
2.168329	0.996097	0.001250
2.198397	0.995866	0.001276
2.228743	0.995731	0.001314
2.256348	0.996246	0.001940
2.284864	0.996837	0.002220
2.312216	0.996883	0.000891
2.339685	0.998157	0.002071
2.367494	0.998567	0.001601
2.395511	0.999905	0.002337
2.423305	1.001111	0.003091
2.451880	1.001921	0.001779
2.481515	1.002692	0.001330
2.510281	1.004232	0.001418
2.539749	1.005206	0.001635
2.569844	1.005828	0.001166
2.599789	1.006729	0.001465
2.630805	1.007254	0.001364
2.661071	1.007832	0.001275
2.691759	1.007520	0.000976
2.721617	1.007751	0.001249
2.752454	1.007369	0.001167
2.782909	1.007009	0.001343
2.815036	1.006276	0.000877
2.845226	1.005639	0.000721
2.877454	1.005066	0.001181
2.909077	1.004030	0.000930
2.940134	1.003327	0.000989
2.970117	1.002771	0.000797
3.000770	1.001808	0.000999
3.031810	1.001238	0.001025
3.067306	1.000346	0.000955
3.098105	0.999878	0.000679
