100
0.052102	1.001891	0.002096
0.160424	1.002145	0.002037
0.302066	1.001633	0.001444
0.433314	1.001184	0.000775
0.631254	1.000518	0.000555
0.760421	0.999669	0.000354
0.864606	0.999325	0.000435
0.968771	0.999477	0.000439
1.072937	1.000197	0.000578
1.177106	1.000496	0.000758
1.281271	1.000666	0.000804
1.387527	1.000288	0.000734
1.500021	1.000002	0.000449
1.604191	0.999769	0.000210
1.708361	0.999771	0.000290
1.812531	0.999766	0.000269
1.916711	0.999623	0.000142
2.020871	0.999506	0.000277
2.125031	0.999687	0.000308
2.229211	0.999965	0.000276
2.333371	0.999854	0.000164
2.437531	0.999850	0.000202
2.541711	0.999978	0.000362
2.645871	0.999856	0.000425
2.750041	0.999876	0.000202
2.862551	1.000184	0.000186
2.968811	1.000294	0.000253
3.072971	1.000186	0.000167
3.181307	1.000204	0.000210
3.285491	1.000667	0.000665
3.358403	1.001185	0.001417
3.427159	1.001267	0.001519
3.495911	1.002004	0.002301
3.566733	1.001752	0.002248
3.635499	1.001725	0.002178
3.708421	1.001973	0.002269
3.781329	1.001306	0.001663
3.850091	1.001433	0.001613
3.920913	1.000772	0.001072
3.989671	1.000640	0.001016
4.058429	1.000313	0.000762
4.129243	1.000470	0.000732
4.198009	1.000319	0.000488
4.273016	1.000373	0.000434
4.343849	1.000216	0.000216
4.414676	1.000339	0.000443
4.489689	1.000137	0.000453
4.558441	1.000069	0.000351
4.629253	0.999968	0.000304
4.698019	1.000201	0.000219
4.766771	0.999615	0.000454
4.837593	0.999368	0.000635
4.906351	0.999764	0.000562
4.975119	0.998982	0.002286
5.045933	0.998401	0.006155
5.114699	1.003556	0.008449
5.183451	0.981446	0.029174
5.256377	1.011279	0.037362
5.354331	1.000020	0.000386
5.458491	0.999934	0.000346
5.562661	0.999884	0.000323
5.666831	0.999755	0.000309
5.770991	0.999662	0.000337
5.875161	0.999796	0.000255
5.979331	0.999680	0.000308
6.083501	0.999786	0.000244
6.187681	0.999626	0.000355
6.291841	0.999561	0.000494
6.396011	0.999521	0.000227
6.500181	0.999463	0.000286
6.604351	0.999973	0.000276
6.708531	0.999760	0.000360
6.812691	1.000014	0.000568
6.916861	1.000401	0.001021
7.021031	1.001308	0.001768
7.125191	1.001739	0.002353
7.229361	1.001804	0.002071
7.328898	1.001620	0.001867
7.428448	1.000221	0.001217
7.525676	1.000612	0.000937
7.620579	1.000174	0.000607
7.713176	1.000103	0.000392
7.812709	0.999949	0.000231
7.916887	1.000073	0.000318
8.016409	0.999899	0.000404
8.109012	0.999944	0.000426
8.203909	0.999594	0.000760
8.296512	0.999799	0.000417
8.391409	0.999586	0.000658
8.488636	1.000042	0.000548
8.588176	1.000106	0.000385
8.683079	1.000145	0.000583
8.775698	1.000038	0.000304
8.870590	1.000067	0.000231
8.963198	0.999757	0.000328
9.058090	0.999805	0.000359
9.150698	0.999924	0.000512
9.245590	1.000349	0.000821
9.338198	1.000686	0.001296
9.433090	1.001638	0.001936
0.104204	1.001891	0.002096
0.320848	1.002145	0.002037
0.604131	1.001633	0.001444
0.866628	1.001184	0.000775
1.262508	1.000518	0.000555
1.520843	0.999669	0.000354
1.729211	0.999325	0.000435
1.937543	0.999477	0.000439
2.145874	1.000197	0.000578
2.354211	1.000496	0.000758
2.562543	1.000666	0.000804
2.775054	1.000288	0.000734
3.000043	1.000002	0.000449
3.208383	0.999769	0.000210
3.416723	0.999771	0.000290
3.625063	0.999766	0.000269
3.833423	0.999623	0.000142
4.041743	0.999506	0.000277
4.250063	0.999687	0.000308
4.458423	0.999965	0.000276
4.666743	0.999854	0.000164
4.875063	0.999850	0.000202
5.083423	0.999978	0.000362
5.291743	0.999856	0.000425
5.500083	0.999876	0.000202
5.725103	1.000184	0.000186
5.937623	1.000294	0.000253
6.145943	1.000186	0.000167
6.362614	1.000204	0.000210
6.570983	1.000667	0.000665
6.716807	1.001185	0.001417
6.854318	1.001267	0.001519
6.991823	1.002004	0.002301
7.133467	1.001752	0.002248
7.270998	1.001725	0.002178
7.416843	1.001973	0.002269
7.562658	1.001306	0.001663
7.700183	1.001433	0.001613
7.841827	1.000772	0.001072
7.979343	1.000640	0.001016
8.116858	1.000313	0.000762
8.258487	1.000470	0.000732
8.396018	1.000319	0.000488
8.546031	1.000373	0.000434
8.687698	1.000216	0.000216
8.829351	1.000339	0.000443
8.979378	1.000137	0.000453
9.116883	1.000069	0.000351
9.258507	0.999968	0.000304
9.396038	1.000201	0.000219
9.533543	0.999615	0.000454
9.675187	0.999368	0.000635
9.812703	0.999764	0.000562
9.950238	0.998982	0.002286
10.091867	0.998401	0.006155
10.229398	1.003556	0.008449
10.366903	0.981446	0.029174
10.512754	1.011279	0.037362
10.708661	1.000020	0.000386
10.916981	0.999934	0.000346
11.125321	0.999884	0.000323
11.333661	0.999755	0.000309
11.541981	0.999662	0.000337
11.750321	0.999796	0.000255
11.958661	0.999680	0.000308
12.167001	0.999786	0.000244
12.375361	0.999626	0.000355
12.583681	0.999561	0.000494
12.792021	0.999521	0.000227
13.000361	0.999463	0.000286
13.208701	0.999973	0.000276
13.417061	0.999760	0.000360
13.625381	1.000014	0.000568
13.833721	1.000401	0.001021
14.042061	1.001308	0.001768
14.250381	1.001739	0.002353
14.458721	1.001804	0.002071
14.657797	1.001620	0.001867
14.856895	1.000221	0.001217
15.051352	1.000612	0.000937
15.241157	1.000174	0.000607
15.426352	1.000103	0.000392
15.625419	0.999949	0.000231
15.833775	1.000073	0.000318
16.032819	0.999899	0.000404
16.218024	0.999944	0.000426
16.407819	0.999594	0.000760
16.593024	0.999799	0.000417
16.782819	0.999586	0.000658
16.977273	1.000042	0.000548
17.176352	1.000106	0.000385
17.366157	1.000145	0.000583
17.551397	1.000038	0.000304
17.741179	1.000067	0.000231
17.926397	0.999757	0.000328
18.116179	0.999805	0.000359
18.301397	0.999924	0.000512
18.491179	1.000349	0.000821
18.676397	1.000686	0.001296
18.866179	1.001638	0.001936
