100
0.053182	0.977942	0.044611
0.174234	0.987176	0.025073
0.286107	1.001639	0.005176
0.392625	0.995344	0.025752
0.497601	0.987294	0.053760
0.605858	1.000755	0.011082
0.711442	1.000315	0.005027
0.819544	1.001853	0.002844
0.927830	1.001519	0.002148
1.036725	0.999424	0.003670
1.142308	0.993968	0.026125
1.243476	0.962251	0.081263
1.346204	0.991024	0.026291
1.454079	0.996804	0.019786
1.549199	0.998679	0.030130
1.634789	1.002070	0.003667
1.719897	1.002867	0.003977
1.803235	0.999740	0.003704
1.889797	0.998121	0.002987
1.977485	0.986309	0.026005
2.060822	0.975230	0.042061
2.143987	0.988546	0.025409
2.229256	0.997777	0.003963
2.316627	0.998909	0.003441
2.401738	1.002237	0.003374
2.486364	1.001337	0.003145
2.568407	1.002135	0.002818
2.650284	1.000295	0.003815
2.735392	0.999752	0.004314
2.820186	0.993861	0.010708
2.907545	0.992922	0.010654
2.999428	0.999644	0.003054
3.097782	0.996842	0.012249
3.191790	0.989028	0.038569
3.296421	0.997175	0.035955
3.414626	1.000684	0.003882
3.529605	0.999059	0.003315
3.642004	1.000927	0.004167
3.756671	1.001564	0.004390
3.872480	0.993427	0.024477
3.985992	0.956152	0.082853
4.099370	0.987784	0.025511
4.213706	0.999498	0.009053
4.326925	1.001468	0.004741
4.443197	1.001793	0.004378
4.558672	0.999645	0.003225
4.670909	0.995713	0.010750
4.782666	0.965219	0.048344
4.897167	0.993857	0.019236
4.999736	1.004211	0.023271
5.082115	1.000052	0.003509
5.166572	1.000401	0.002673
5.249748	0.999831	0.003256
5.331627	1.000863	0.002986
5.413023	0.997997	0.005531
5.494571	0.999350	0.006730
5.575965	0.991050	0.014087
5.657366	0.995488	0.008843
5.738920	0.998376	0.002544
5.820965	0.996200	0.006061
5.906725	0.984315	0.047805
5.992474	0.986392	0.035854
6.074028	0.997746	0.005653
6.155750	0.998961	0.003289
6.238913	1.001251	0.003727
6.320955	0.999979	0.003728
6.406396	1.001416	0.004050
6.488911	0.999968	0.004131
6.570302	0.999009	0.005233
6.652834	0.982032	0.049856
6.735200	0.955583	0.068193
6.818366	0.974800	0.028084
6.900250	0.991815	0.029192
7.003463	1.003943	0.004032
7.118611	1.005047	0.003255
7.230694	1.003033	0.002356
7.343740	1.002664	0.002718
7.461306	0.984553	0.041167
7.579531	0.975792	0.036913
7.691763	0.999720	0.005097
7.806102	1.000659	0.003129
7.918187	1.001696	0.001990
8.032198	1.000464	0.002236
8.146705	0.999903	0.002478
8.259422	1.001453	0.001626
8.371184	1.000759	0.003711
8.483423	0.999241	0.003156
8.596964	0.996255	0.029141
8.717770	0.988231	0.049015
8.845525	0.999749	0.002747
8.973428	1.002410	0.002086
9.103916	1.001011	0.002036
9.234896	1.000967	0.003929
9.366354	0.980874	0.051118
9.497324	0.955389	0.063877
9.627654	1.000096	0.006107
9.756207	1.004171	0.004501
9.876501	1.004016	0.004447
9.988572	1.003079	0.004421
10.102762	1.002319	0.004836
0.106364	0.977942	0.044611
0.348467	0.987176	0.025073
0.572214	1.001639	0.005176
0.785250	0.995344	0.025752
0.995203	0.987294	0.053760
1.211715	1.000755	0.011082
1.422885	1.000315	0.005027
1.639088	1.001853	0.002844
1.855659	1.001519	0.002148
2.073450	0.999424	0.003670
2.284615	0.993968	0.026125
2.486952	0.962251	0.081263
2.692408	0.991024	0.026291
2.908159	0.996804	0.019786
3.098398	0.998679	0.030130
3.269577	1.002070	0.003667
3.439795	1.002867	0.003977
3.606469	0.999740	0.003704
3.779594	0.998121	0.002987
3.954969	0.986309	0.026005
4.121644	0.975230	0.042061
4.287975	0.988546	0.025409
4.458511	0.997777	0.003963
4.633254	0.998909	0.003441
4.803477	1.002237	0.003374
4.972728	1.001337	0.003145
5.136814	1.002135	0.002818
5.300568	1.000295	0.003815
5.470784	0.999752	0.004314
5.640373	0.993861	0.010708
5.815091	0.992922	0.010654
5.998856	0.999644	0.003054
6.195564	0.996842	0.012249
6.383579	0.989028	0.038569
6.592841	0.997175	0.035955
6.829253	1.000684	0.003882
7.059211	0.999059	0.003315
7.284009	1.000927	0.004167
7.513341	1.001564	0.004390
7.744960	0.993427	0.024477
7.971984	0.956152	0.082853
8.198741	0.987784	0.025511
8.427411	0.999498	0.009053
8.653850	1.001468	0.004741
8.886395	1.001793	0.004378
9.117344	0.999645	0.003225
9.341818	0.995713	0.010750
9.565332	0.965219	0.048344
9.794333	0.993857	0.019236
9.999471	1.004211	0.023271
10.164230	1.000052	0.003509
10.333144	1.000401	0.002673
10.499495	0.999831	0.003256
10.663253	1.000863	0.002986
10.826046	0.997997	0.005531
10.989142	0.999350	0.006730
11.151930	0.991050	0.014087
11.314731	0.995488	0.008843
11.477840	0.998376	0.002544
11.641930	0.996200	0.006061
11.813450	0.984315	0.047805
11.984948	0.986392	0.035854
12.148057	0.997746	0.005653
12.311500	0.998961	0.003289
12.477826	1.001251	0.003727
12.641911	0.999979	0.003728
12.812792	1.001416	0.004050
12.977821	0.999968	0.004131
13.140604	0.999009	0.005233
13.305667	0.982032	0.049856
13.470399	0.955583	0.068193
13.636731	0.974800	0.028084
13.800500	0.991815	0.029192
14.006927	1.003943	0.004032
14.237223	1.005047	0.003255
14.461387	1.003033	0.002356
14.687481	1.002664	0.002718
14.922613	0.984553	0.041167
15.159062	0.975792	0.036913
15.383526	0.999720	0.005097
15.612204	1.000659	0.003129
15.836374	1.001696	0.001990
16.064395	1.000464	0.002236
16.293411	0.999903	0.002478
16.518844	1.001453	0.001626
16.742367	1.000759	0.003711
16.966846	0.999241	0.003156
17.193928	0.996255	0.029141
17.435539	0.988231	0.049015
17.691050	0.999749	0.002747
17.946857	1.002410	0.002086
18.207832	1.001011	0.002036
18.469791	1.000967	0.003929
18.732708	0.980874	0.051118
18.994648	0.955389	0.063877
19.255308	1.000096	0.006107
19.512413	1.004171	0.004501
19.753001	1.004016	0.004447
19.977144	1.003079	0.004421
20.205524	1.002319	0.004836
