100
0.065157	0.999178	0.000979
0.195858	0.999334	0.000948
0.316992	0.999189	0.001019
0.434116	0.999164	0.000913
0.547684	0.999981	0.001064
0.659610	1.000170	0.001510
0.773633	0.999945	0.001030
0.887116	0.999496	0.001137
1.002154	0.999934	0.000764
1.117458	0.999827	0.000819
1.229981	1.000022	0.001112
1.336756	1.000411	0.001374
1.425242	1.000242	0.001471
1.507609	1.000636	0.001525
1.591242	1.000204	0.001648
1.674086	1.000131	0.001408
1.756960	1.000298	0.001089
1.843523	1.000278	0.000993
1.931270	0.999983	0.001256
2.015896	1.000004	0.001312
2.105930	0.999588	0.001172
2.189269	0.999759	0.001093
2.277442	1.000858	0.001621
2.365359	1.001946	0.001694
2.446997	1.001454	0.001654
2.530169	1.000916	0.001075
2.612530	0.999939	0.001264
2.695565	0.999939	0.001131
2.781611	1.000111	0.000976
2.867098	1.000078	0.000917
2.952835	0.999989	0.001031
3.041266	1.000160	0.001150
3.126307	0.999975	0.001142
3.214336	1.000180	0.001240
3.300474	1.000319	0.001179
3.384392	1.000056	0.001047
3.465121	1.000685	0.001277
3.549047	1.000606	0.001637
3.635465	1.000598	0.001435
3.726578	1.000266	0.001192
3.836871	0.999896	0.001025
3.950399	0.999662	0.000949
4.065020	1.000083	0.001046
4.180034	1.000005	0.001151
4.293030	1.000382	0.001984
4.382659	1.001037	0.002287
4.467502	1.000895	0.002028
4.548069	1.000889	0.001448
4.629538	1.000936	0.001360
4.709941	1.000841	0.001355
4.791119	1.000235	0.001394
4.870940	0.999844	0.001128
4.949715	0.999564	0.001093
5.025400	0.999215	0.001807
5.098340	0.999989	0.001391
5.171235	1.000953	0.001969
5.245532	1.001726	0.001562
5.324036	1.000869	0.001402
5.396926	1.000109	0.001094
5.470961	0.999852	0.001237
5.546233	0.999468	0.001435
5.620102	0.999854	0.001198
5.696641	0.999945	0.001104
5.771928	0.999983	0.001001
5.844874	1.000163	0.000944
5.919414	1.000040	0.000962
5.994401	1.000286	0.001032
6.072065	0.999800	0.001116
6.150023	1.000065	0.001010
6.231754	0.999889	0.001002
6.308133	0.999881	0.001235
6.386154	1.000447	0.001242
6.462056	1.000583	0.001101
6.535843	1.000320	0.001197
6.608735	1.000134	0.001096
6.685140	1.000212	0.001184
6.760214	1.000231	0.000980
6.834754	0.999839	0.000933
6.909149	0.999871	0.001273
6.982767	0.999895	0.001125
7.056669	0.999966	0.001328
7.129733	1.000355	0.001279
7.205273	0.999956	0.001213
7.280613	0.999960	0.001327
7.353542	1.000088	0.001015
7.427074	1.000420	0.001481
7.502305	0.999875	0.001386
7.583153	1.000267	0.001293
7.665568	1.000325	0.001756
7.749407	0.999759	0.001928
7.840151	0.998961	0.001727
7.927785	0.998370	0.001812
8.019409	0.999253	0.001745
8.101863	1.000663	0.001632
8.182078	1.001116	0.001535
8.263075	0.999942	0.001794
8.344981	0.998747	0.001761
8.425084	0.998390	0.001476
8.509268	0.995969	0.005288
8.617300	0.999058	0.001652
0.130314	0.999178	0.000979
0.391715	0.999334	0.000948
0.633984	0.999189	0.001019
0.868232	0.999164	0.000913
1.095368	0.999981	0.001064
1.319219	1.000170	0.001510
1.547266	0.999945	0.001030
1.774232	0.999496	0.001137
2.004307	0.999934	0.000764
2.234917	0.999827	0.000819
2.459962	1.000022	0.001112
2.673512	1.000411	0.001374
2.850484	1.000242	0.001471
3.015218	1.000636	0.001525
3.182483	1.000204	0.001648
3.348171	1.000131	0.001408
3.513921	1.000298	0.001089
3.687046	1.000278	0.000993
3.862541	0.999983	0.001256
4.031792	1.000004	0.001312
4.211860	0.999588	0.001172
4.378539	0.999759	0.001093
4.554884	1.000858	0.001621
4.730718	1.001946	0.001694
4.893994	1.001454	0.001654
5.060338	1.000916	0.001075
5.225059	0.999939	0.001264
5.391130	0.999939	0.001131
5.563221	1.000111	0.000976
5.734195	1.000078	0.000917
5.905670	0.999989	0.001031
6.082531	1.000160	0.001150
6.252614	0.999975	0.001142
6.428673	1.000180	0.001240
6.600949	1.000319	0.001179
6.768784	1.000056	0.001047
6.930243	1.000685	0.001277
7.098093	1.000606	0.001637
7.270929	1.000598	0.001435
7.453157	1.000266	0.001192
7.673741	0.999896	0.001025
7.900797	0.999662	0.000949
8.130041	1.000083	0.001046
8.360068	1.000005	0.001151
8.586060	1.000382	0.001984
8.765318	1.001037	0.002287
8.935004	1.000895	0.002028
9.096139	1.000889	0.001448
9.259075	1.000936	0.001360
9.419881	1.000841	0.001355
9.582239	1.000235	0.001394
9.741880	0.999844	0.001128
9.899429	0.999564	0.001093
10.050799	0.999215	0.001807
10.196681	0.999989	0.001391
10.342471	1.000953	0.001969
10.491064	1.001726	0.001562
10.648071	1.000869	0.001402
10.793852	1.000109	0.001094
10.941922	0.999852	0.001237
11.092466	0.999468	0.001435
11.240203	0.999854	0.001198
11.393283	0.999945	0.001104
11.543857	0.999983	0.001001
11.689747	1.000163	0.000944
11.838828	1.000040	0.000962
11.988802	1.000286	0.001032
12.144129	0.999800	0.001116
12.300046	1.000065	0.001010
12.463509	0.999889	0.001002
12.616266	0.999881	0.001235
12.772308	1.000447	0.001242
12.924113	1.000583	0.001101
13.071686	1.000320	0.001197
13.217471	1.000134	0.001096
13.370281	1.000212	0.001184
13.520428	1.000231	0.000980
13.669509	0.999839	0.000933
13.818299	0.999871	0.001273
13.965533	0.999895	0.001125
14.113338	0.999966	0.001328
14.259466	1.000355	0.001279
14.410546	0.999956	0.001213
14.561226	0.999960	0.001327
14.707083	1.000088	0.001015
14.854148	1.000420	0.001481
15.004611	0.999875	0.001386
15.166306	1.000267	0.001293
15.331137	1.000325	0.001756
15.498814	0.999759	0.001928
15.680303	0.998961	0.001727
15.855570	0.998370	0.001812
16.038818	0.999253	0.001745
16.203726	1.000663	0.001632
16.364155	1.001116	0.001535
16.526150	0.999942	0.001794
16.689961	0.998747	0.001761
16.850168	0.998390	0.001476
17.018536	0.995969	0.005288
17.234600	0.999058	0.001652
