100
0.076495	1.000223	0.000561
0.203864	0.999917	0.000838
0.311763	0.999884	0.000715
0.405508	1.000103	0.000671
0.499263	1.000056	0.000834
0.590755	0.999747	0.000709
0.670628	0.999620	0.000668
0.752794	1.000007	0.000717
0.843008	0.999976	0.000841
0.936763	0.999597	0.000545
1.030508	0.999633	0.000523
1.124263	0.999426	0.000671
1.218008	0.999483	0.000455
1.311768	0.999527	0.000756
1.405520	1.000427	0.000516
1.503955	1.001974	0.000684
1.598749	1.002748	0.001144
1.696078	1.003209	0.001125
1.795616	1.002136	0.000796
1.890405	1.000992	0.000839
1.983116	0.999865	0.000813
2.077905	0.999080	0.000687
2.170616	0.999024	0.000530
2.265405	0.999217	0.000546
2.366211	0.999754	0.000684
2.473855	0.999782	0.000669
2.579084	0.999793	0.000654
2.680986	1.000170	0.000775
2.778226	1.000007	0.000803
2.869793	1.000056	0.000501
2.949689	1.000373	0.000420
3.029516	1.000350	0.000686
3.117448	1.000375	0.000790
3.197372	1.000579	0.000674
3.277105	1.000202	0.000819
3.355847	1.000316	0.000669
3.436881	1.000507	0.000619
3.515616	1.000773	0.000896
3.593171	1.000868	0.001513
3.682137	1.000276	0.000787
3.774878	0.999998	0.000848
3.880007	1.000197	0.000466
3.986602	1.000109	0.000559
4.082685	1.000185	0.000481
4.176419	1.000022	0.000737
4.270191	0.999780	0.000852
4.363930	0.999623	0.000763
4.457679	0.998931	0.002806
4.542155	0.997684	0.003670
4.634704	0.999285	0.000480
4.741183	0.999517	0.000579
4.858002	1.001053	0.000838
4.970308	1.002685	0.000870
5.088431	1.002993	0.000555
5.253942	1.001307	0.001141
5.411447	0.999739	0.000651
5.550333	0.999138	0.000428
5.655696	0.999557	0.000466
5.752981	1.000022	0.000620
5.848960	1.000177	0.000829
5.947455	1.000239	0.001015
6.058498	1.000100	0.000641
6.188108	1.000102	0.000584
6.309635	0.996971	0.005739
6.405696	0.997682	0.005039
6.499497	0.998157	0.003656
6.593196	0.999086	0.001713
6.689349	0.999796	0.000802
6.788748	0.999931	0.000685
6.889467	1.000306	0.000479
6.990254	1.000289	0.000797
7.087494	1.000208	0.000799
7.190360	1.000102	0.000547
7.291164	0.999989	0.000601
7.388335	0.999942	0.000391
7.509594	0.999996	0.000520
7.645062	0.999727	0.000598
7.777006	0.999661	0.000836
7.905478	0.999296	0.000807
8.030478	0.999076	0.000682
8.154236	0.999388	0.001081
8.264249	1.000932	0.001036
8.377699	1.002568	0.000638
8.473634	1.002783	0.001054
8.569798	1.002549	0.000694
8.663352	1.001175	0.000759
8.751630	1.000083	0.000826
8.843488	0.999059	0.000386
8.934193	0.998740	0.000438
9.032217	0.999352	0.000656
9.127848	0.999701	0.000662
9.223332	0.999871	0.000664
9.319055	0.999772	0.000780
9.410832	0.999896	0.000600
9.526368	1.000110	0.000654
9.651393	1.000090	0.000633
9.775169	1.000220	0.000430
9.901393	1.000089	0.000529
10.020269	0.999849	0.000615
10.137941	0.999835	0.000772
0.152990	1.000223	0.000561
0.407728	0.999917	0.000838
0.623526	0.999884	0.000715
0.811017	1.000103	0.000671
0.998526	1.000056	0.000834
1.181511	0.999747	0.000709
1.341255	0.999620	0.000668
1.505588	1.000007	0.000717
1.686017	0.999976	0.000841
1.873526	0.999597	0.000545
2.061017	0.999633	0.000523
2.248526	0.999426	0.000671
2.436017	0.999483	0.000455
2.623537	0.999527	0.000756
2.811039	1.000427	0.000516
3.007911	1.001974	0.000684
3.197499	1.002748	0.001144
3.392155	1.003209	0.001125
3.591233	1.002136	0.000796
3.780810	1.000992	0.000839
3.966233	0.999865	0.000813
4.155810	0.999080	0.000687
4.341233	0.999024	0.000530
4.530810	0.999217	0.000546
4.732422	0.999754	0.000684
4.947711	0.999782	0.000669
5.158168	0.999793	0.000654
5.361973	1.000170	0.000775
5.556453	1.000007	0.000803
5.739587	1.000056	0.000501
5.899378	1.000373	0.000420
6.059031	1.000350	0.000686
6.234895	1.000375	0.000790
6.394745	1.000579	0.000674
6.554211	1.000202	0.000819
6.711693	1.000316	0.000669
6.873762	1.000507	0.000619
7.031231	1.000773	0.000896
7.186342	1.000868	0.001513
7.364275	1.000276	0.000787
7.549756	0.999998	0.000848
7.760015	1.000197	0.000466
7.973204	1.000109	0.000559
8.165371	1.000185	0.000481
8.352837	1.000022	0.000737
8.540382	0.999780	0.000852
8.727860	0.999623	0.000763
8.915357	0.998931	0.002806
9.084311	0.997684	0.003670
9.269408	0.999285	0.000480
9.482366	0.999517	0.000579
9.716003	1.001053	0.000838
9.940617	1.002685	0.000870
10.176862	1.002993	0.000555
10.507884	1.001307	0.001141
10.822894	0.999739	0.000651
11.100667	0.999138	0.000428
11.311391	0.999557	0.000466
11.505963	1.000022	0.000620
11.697920	1.000177	0.000829
11.894910	1.000239	0.001015
12.116996	1.000100	0.000641
12.376216	1.000102	0.000584
12.619269	0.996971	0.005739
12.811391	0.997682	0.005039
12.998994	0.998157	0.003656
13.186391	0.999086	0.001713
13.378698	0.999796	0.000802
13.577495	0.999931	0.000685
13.778933	1.000306	0.000479
13.980507	1.000289	0.000797
14.174987	1.000208	0.000799
14.380720	1.000102	0.000547
14.582327	0.999989	0.000601
14.776669	0.999942	0.000391
15.019188	0.999996	0.000520
15.290123	0.999727	0.000598
15.554012	0.999661	0.000836
15.810957	0.999296	0.000807
16.060957	0.999076	0.000682
16.308472	0.999388	0.001081
16.528499	1.000932	0.001036
16.755399	1.002568	0.000638
16.947267	1.002783	0.001054
17.139596	1.002549	0.000694
17.326705	1.001175	0.000759
17.503260	1.000083	0.000826
17.686975	0.999059	0.000386
17.868387	0.998740	0.000438
18.064434	0.999352	0.000656
18.255695	0.999701	0.000662
18.446664	0.999871	0.000664
18.638110	0.999772	0.000780
18.821664	0.999896	0.000600
19.052736	1.000110	0.000654
19.302786	1.000090	0.000633
19.550339	1.000220	0.000430
19.802786	1.000089	0.000529
20.040539	0.999849	0.000615
20.275882	0.999835	0.000772
