100
0.054821	0.897531	0.119750
0.156210	0.961952	0.057043
0.256879	1.000793	0.005712
0.348039	1.002504	0.006373
0.442284	1.003563	0.005384
0.528582	1.003704	0.004673
0.615216	1.004614	0.005142
0.700577	1.009876	0.015579
0.782734	1.008526	0.014390
0.857657	1.004538	0.008565
0.942693	0.981679	0.035646
1.018435	0.901526	0.090070
1.095866	0.866636	0.112779
1.169131	0.925419	0.093701
1.251541	0.985496	0.026786
1.341908	0.998374	0.002785
1.438577	0.999642	0.004153
1.535416	1.000379	0.003570
1.639795	1.001631	0.005978
1.740076	1.001110	0.007265
1.837941	0.999980	0.004523
1.935889	0.998773	0.002767
2.033478	0.946441	0.059998
2.127107	0.852922	0.099784
2.218099	0.920289	0.087365
2.312800	0.988251	0.027654
2.414998	1.000947	0.004066
2.514612	1.001527	0.003026
2.610661	1.003977	0.006704
2.697359	1.006166	0.008631
2.783151	1.005547	0.008462
2.868943	1.003181	0.006770
2.960220	1.002687	0.005475
3.052929	0.988852	0.023435
3.142682	0.890381	0.090212
3.233488	0.889867	0.104935
3.321249	0.970178	0.051548
3.415381	0.998971	0.005992
3.504527	1.000584	0.002430
3.593603	1.001288	0.002631
3.689674	1.001604	0.002537
3.775954	1.002190	0.004136
3.858112	1.003737	0.008735
3.934273	1.004670	0.012482
4.010221	1.004722	0.013337
4.085270	1.000722	0.012343
4.170427	0.938653	0.064360
4.247015	0.846137	0.102711
4.317153	0.896640	0.101355
4.386783	0.971055	0.055440
4.458960	0.999222	0.016217
4.527425	1.001030	0.005471
4.590729	1.002355	0.005004
4.658768	1.001619	0.002645
4.725770	1.000924	0.002980
4.791279	1.001975	0.005192
4.863780	1.002547	0.005326
4.933429	1.002065	0.006633
5.003379	0.998877	0.007327
5.081181	0.999131	0.005176
5.160785	0.992859	0.014851
5.238154	0.921651	0.066664
5.312600	0.866282	0.102639
5.384792	0.901046	0.102797
5.457350	0.970282	0.046203
5.532500	0.998772	0.007707
5.605061	1.001159	0.003783
5.689163	1.002032	0.002832
5.778184	1.002897	0.003094
5.857680	1.002520	0.003411
5.935014	1.003869	0.004916
6.018170	1.003753	0.004476
6.105572	1.001558	0.003245
6.188902	1.000515	0.002439
6.264010	0.969206	0.039082
6.334199	0.889488	0.087747
6.406729	0.841882	0.103355
6.483162	0.931796	0.079001
6.559041	0.991604	0.017208
6.635760	0.999526	0.002926
6.712696	1.000503	0.002884
6.786737	1.001319	0.001524
6.866738	1.002676	0.002355
6.946806	1.003942	0.003708
7.025521	1.004264	0.004443
7.104344	1.002230	0.004021
7.186346	1.000445	0.002702
7.274243	0.995664	0.012062
7.362936	0.907273	0.079797
7.454857	0.878188	0.105173
7.545669	0.968929	0.057820
7.637400	0.998062	0.010087
7.738332	1.000806	0.002161
7.826309	1.001495	0.002694
7.915118	1.001017	0.002657
8.012209	1.000808	0.003619
8.113139	1.000542	0.003452
8.216087	1.000539	0.002374
8.319008	0.998764	0.007802
8.426699	0.954031	0.064126
0.109642	0.897531	0.119750
0.312421	0.961952	0.057043
0.513758	1.000793	0.005712
0.696079	1.002504	0.006373
0.884567	1.003563	0.005384
1.057164	1.003704	0.004673
1.230432	1.004614	0.005142
1.401154	1.009876	0.015579
1.565469	1.008526	0.014390
1.715315	1.004538	0.008565
1.885386	0.981679	0.035646
2.036871	0.901526	0.090070
2.191731	0.866636	0.112779
2.338262	0.925419	0.093701
2.503081	0.985496	0.026786
2.683816	0.998374	0.002785
2.877154	0.999642	0.004153
3.070832	1.000379	0.003570
3.279590	1.001631	0.005978
3.480152	1.001110	0.007265
3.675881	0.999980	0.004523
3.871778	0.998773	0.002767
4.066956	0.946441	0.059998
4.254214	0.852922	0.099784
4.436199	0.920289	0.087365
4.625599	0.988251	0.027654
4.829996	1.000947	0.004066
5.029224	1.001527	0.003026
5.221323	1.003977	0.006704
5.394718	1.006166	0.008631
5.566302	1.005547	0.008462
5.737887	1.003181	0.006770
5.920440	1.002687	0.005475
6.105859	0.988852	0.023435
6.285363	0.890381	0.090212
6.466977	0.889867	0.104935
6.642499	0.970178	0.051548
6.830762	0.998971	0.005992
7.009054	1.000584	0.002430
7.187205	1.001288	0.002631
7.379348	1.001604	0.002537
7.551907	1.002190	0.004136
7.716224	1.003737	0.008735
7.868546	1.004670	0.012482
8.020441	1.004722	0.013337
8.170541	1.000722	0.012343
8.340854	0.938653	0.064360
8.494030	0.846137	0.102711
8.634307	0.896640	0.101355
8.773567	0.971055	0.055440
8.917920	0.999222	0.016217
9.054850	1.001030	0.005471
9.181458	1.002355	0.005004
9.317536	1.001619	0.002645
9.451539	1.000924	0.002980
9.582559	1.001975	0.005192
9.727560	1.002547	0.005326
9.866857	1.002065	0.006633
10.006757	0.998877	0.007327
10.162363	0.999131	0.005176
10.321570	0.992859	0.014851
10.476308	0.921651	0.066664
10.625199	0.866282	0.102639
10.769583	0.901046	0.102797
10.914701	0.970282	0.046203
11.065000	0.998772	0.007707
11.210122	1.001159	0.003783
11.378327	1.002032	0.002832
11.556368	1.002897	0.003094
11.715360	1.002520	0.003411
11.870028	1.003869	0.004916
12.036340	1.003753	0.004476
12.211145	1.001558	0.003245
12.377804	1.000515	0.002439
12.528020	0.969206	0.039082
12.668399	0.889488	0.087747
12.813457	0.841882	0.103355
12.966324	0.931796	0.079001
13.118083	0.991604	0.017208
13.271521	0.999526	0.002926
13.425393	1.000503	0.002884
13.573474	1.001319	0.001524
13.733476	1.002676	0.002355
13.893613	1.003942	0.003708
14.051041	1.004264	0.004443
14.208688	1.002230	0.004021
14.372692	1.000445	0.002702
14.548485	0.995664	0.012062
14.725871	0.907273	0.079797
14.909715	0.878188	0.105173
15.091339	0.968929	0.057820
15.274800	0.998062	0.010087
15.476665	1.000806	0.002161
15.652618	1.001495	0.002694
15.830235	1.001017	0.002657
16.024418	1.000808	0.003619
16.226278	1.000542	0.003452
16.432175	1.000539	0.002374
16.638016	0.998764	0.007802
16.853397	0.954031	0.064126
