100
0.029133	0.999872	0.000358
0.084244	0.999905	0.000290
0.137990	1.000017	0.000364
0.192022	1.000001	0.000282
0.248788	0.999971	0.000762
0.299991	1.000081	0.001058
0.349794	1.000122	0.001013
0.406133	1.000071	0.000938
0.458920	1.000190	0.000986
0.508315	0.999938	0.000925
0.559484	0.999886	0.000713
0.608887	0.999940	0.000815
0.666329	0.999886	0.000668
0.722372	0.999921	0.000432
0.773387	0.999916	0.000405
0.829707	0.999795	0.000481
0.888739	0.999875	0.000358
0.944480	0.999797	0.000438
1.002016	0.999851	0.000345
1.058327	0.999963	0.000450
1.116310	0.999987	0.000533
1.171513	1.000012	0.000783
1.225910	0.999871	0.001191
1.280672	0.999727	0.001596
1.331252	0.999749	0.001544
1.378060	0.999966	0.001215
1.429831	0.999990	0.001578
1.478806	0.999951	0.001576
1.529448	0.999652	0.001750
1.576761	0.999945	0.001542
1.625612	1.000040	0.001548
1.671517	1.000261	0.001693
1.719309	0.999945	0.001886
1.767663	0.999984	0.001496
1.815692	1.000270	0.001921
1.860887	1.000067	0.002055
1.911417	1.000493	0.002240
1.958931	1.000314	0.002078
2.013108	1.000259	0.002362
2.066425	1.000455	0.002402
2.117689	1.000217	0.002264
2.168917	1.000472	0.002208
2.224102	1.000081	0.002014
2.276079	1.000192	0.001910
2.330909	1.000465	0.001766
2.385725	1.000277	0.001784
2.435457	1.000310	0.001259
2.487877	1.000206	0.001288
2.539203	1.000206	0.001083
2.588174	1.000306	0.001153
2.637276	1.000184	0.000978
2.689015	1.000157	0.000864
2.745973	1.000060	0.000821
2.804853	1.000128	0.000855
2.857593	1.000117	0.000708
2.908693	1.000196	0.001207
2.957247	1.000211	0.001119
3.009839	0.999897	0.000794
3.068677	1.000026	0.000613
3.122984	1.000120	0.000733
3.181885	1.000213	0.000843
3.238480	1.000182	0.001042
3.299945	1.000037	0.001200
3.363095	1.000533	0.001487
3.426016	1.000424	0.001585
3.488161	1.000521	0.001486
3.554385	1.000765	0.001577
3.618901	1.000830	0.001480
3.681220	1.000916	0.001516
3.744617	1.000986	0.001652
3.810189	1.000850	0.001507
3.882934	1.000921	0.001690
3.954252	1.001085	0.002110
4.019698	1.001314	0.002468
4.082468	1.001396	0.002356
4.140799	1.000989	0.002027
4.200719	1.000691	0.001546
4.261003	1.001278	0.002154
4.320620	1.000826	0.001761
4.377643	1.000861	0.001793
4.436513	1.000540	0.001526
4.493938	1.000331	0.001550
4.559990	1.000303	0.001428
4.622100	1.000307	0.001335
4.681603	1.000797	0.002396
4.735426	1.000612	0.001851
4.791088	1.000745	0.001618
4.845723	1.000301	0.001171
4.896857	1.000216	0.000871
4.951192	1.000158	0.000811
5.004693	0.999949	0.000638
5.060756	1.000072	0.000636
5.117241	0.999800	0.000522
5.169984	0.999912	0.000371
5.221793	0.999864	0.000530
5.276393	0.999870	0.000559
5.324540	0.999930	0.000546
5.371787	0.999879	0.000526
5.419480	0.999825	0.000437
5.469085	0.999784	0.000560
0.058265	0.999872	0.000358
0.168487	0.999905	0.000290
0.275979	1.000017	0.000364
0.384043	1.000001	0.000282
0.497575	0.999971	0.000762
0.599982	1.000081	0.001058
0.699589	1.000122	0.001013
0.812267	1.000071	0.000938
0.917840	1.000190	0.000986
1.016631	0.999938	0.000925
1.118969	0.999886	0.000713
1.217773	0.999940	0.000815
1.332657	0.999886	0.000668
1.444745	0.999921	0.000432
1.546773	0.999916	0.000405
1.659414	0.999795	0.000481
1.777477	0.999875	0.000358
1.888961	0.999797	0.000438
2.004031	0.999851	0.000345
2.116653	0.999963	0.000450
2.232620	0.999987	0.000533
2.343026	1.000012	0.000783
2.451820	0.999871	0.001191
2.561345	0.999727	0.001596
2.662504	0.999749	0.001544
2.756120	0.999966	0.001215
2.859662	0.999990	0.001578
2.957613	0.999951	0.001576
3.058897	0.999652	0.001750
3.153522	0.999945	0.001542
3.251223	1.000040	0.001548
3.343034	1.000261	0.001693
3.438618	0.999945	0.001886
3.535327	0.999984	0.001496
3.631384	1.000270	0.001921
3.721774	1.000067	0.002055
3.822834	1.000493	0.002240
3.917862	1.000314	0.002078
4.026216	1.000259	0.002362
4.132851	1.000455	0.002402
4.235378	1.000217	0.002264
4.337834	1.000472	0.002208
4.448204	1.000081	0.002014
4.552157	1.000192	0.001910
4.661818	1.000465	0.001766
4.771450	1.000277	0.001784
4.870915	1.000310	0.001259
4.975753	1.000206	0.001288
5.078405	1.000206	0.001083
5.176349	1.000306	0.001153
5.274551	1.000184	0.000978
5.378030	1.000157	0.000864
5.491945	1.000060	0.000821
5.609706	1.000128	0.000855
5.715187	1.000117	0.000708
5.817386	1.000196	0.001207
5.914495	1.000211	0.001119
6.019678	0.999897	0.000794
6.137354	1.000026	0.000613
6.245968	1.000120	0.000733
6.363770	1.000213	0.000843
6.476960	1.000182	0.001042
6.599890	1.000037	0.001200
6.726190	1.000533	0.001487
6.852033	1.000424	0.001585
6.976322	1.000521	0.001486
7.108770	1.000765	0.001577
7.237802	1.000830	0.001480
7.362440	1.000916	0.001516
7.489235	1.000986	0.001652
7.620377	1.000850	0.001507
7.765869	1.000921	0.001690
7.908503	1.001085	0.002110
8.039395	1.001314	0.002468
8.164935	1.001396	0.002356
8.281597	1.000989	0.002027
8.401437	1.000691	0.001546
8.522006	1.001278	0.002154
8.641240	1.000826	0.001761
8.755285	1.000861	0.001793
8.873025	1.000540	0.001526
8.987875	1.000331	0.001550
9.119980	1.000303	0.001428
9.244199	1.000307	0.001335
9.363206	1.000797	0.002396
9.470853	1.000612	0.001851
9.582177	1.000745	0.001618
9.691446	1.000301	0.001171
9.793714	1.000216	0.000871
9.902384	1.000158	0.000811
10.009386	0.999949	0.000638
10.121513	1.000072	0.000636
10.234483	0.999800	0.000522
10.339968	0.999912	0.000371
10.443587	0.999864	0.000530
10.552787	0.999870	0.000559
10.649081	0.999930	0.000546
10.743575	0.999879	0.000526
10.838960	0.999825	0.000437
10.938170	0.999784	0.000560
