100
0.068351	0.999781	0.001234
0.193905	0.999807	0.000649
0.301731	0.998588	0.002007
0.392964	0.998040	0.002433
0.500296	0.999107	0.001361
0.611989	0.999332	0.001368
0.725065	0.997133	0.006470
0.846147	0.985359	0.026674
0.977895	0.979362	0.036729
1.079532	0.987405	0.030470
1.181296	0.985733	0.029077
1.276407	0.993642	0.012720
1.371767	0.998756	0.002233
1.467839	0.998783	0.001831
1.557150	0.999326	0.001445
1.646926	0.999556	0.001315
1.739619	0.999783	0.001090
1.834426	1.000147	0.001444
1.925814	1.000788	0.002270
2.020930	0.999888	0.003581
2.112241	0.995802	0.010725
2.201046	0.989771	0.020883
2.292258	0.975824	0.032056
2.385472	0.969917	0.040675
2.466422	0.969789	0.041988
2.546769	0.968310	0.040416
2.641493	0.970989	0.038246
2.724801	0.983171	0.024158
2.814156	0.992951	0.008549
2.904319	0.998148	0.003724
3.002685	1.000746	0.003763
3.128578	1.001466	0.005664
3.255093	1.001913	0.002280
3.380569	1.002260	0.002473
3.501175	1.002897	0.002635
3.631564	1.002375	0.003010
3.753671	0.992983	0.018097
3.863197	0.982159	0.035499
3.974787	0.977158	0.038223
4.061699	0.970482	0.039927
4.139457	0.977384	0.034094
4.215155	0.986088	0.020535
4.287658	0.995987	0.009045
4.366190	1.000638	0.003054
4.443316	1.000794	0.003312
4.526116	1.000595	0.002818
4.610995	1.000443	0.001709
4.694361	1.000573	0.001811
4.769463	1.001161	0.002353
4.853741	1.001114	0.002142
4.923012	1.000723	0.001794
4.992322	0.999727	0.003828
5.063188	0.997245	0.009478
5.142894	0.993619	0.017274
5.221492	0.980943	0.029442
5.291241	0.978852	0.034294
5.363606	0.975757	0.037972
5.437725	0.971178	0.039892
5.515227	0.970994	0.039626
5.590263	0.972324	0.037844
5.674052	0.980678	0.025063
5.752737	0.993917	0.011089
5.825071	0.997264	0.004600
5.900127	0.999515	0.002162
5.978711	0.999509	0.001468
6.060007	0.999735	0.000973
6.139646	0.999738	0.001183
6.213637	0.999940	0.001397
6.286613	1.000058	0.002127
6.361083	1.000351	0.002595
6.438647	0.999291	0.002756
6.512040	0.996281	0.008514
6.590222	0.993547	0.015822
6.665253	0.987736	0.023265
6.739110	0.980406	0.031903
6.813060	0.980326	0.035424
6.888147	0.974791	0.039228
6.962679	0.974389	0.039033
7.045850	0.974381	0.038707
7.123094	0.977422	0.030375
7.201034	0.990837	0.015005
7.285929	0.997344	0.003894
7.362577	0.998183	0.002472
7.450535	0.999313	0.002019
7.547900	0.999523	0.001935
7.653809	0.999531	0.002591
7.759261	1.000292	0.003568
7.879437	0.999817	0.003000
8.013848	0.995150	0.011528
8.139434	0.990112	0.022813
8.266468	0.983490	0.031619
8.378551	0.983065	0.032342
8.486289	0.984055	0.031676
8.594701	0.982632	0.029869
8.701533	0.990269	0.016238
8.818095	0.999240	0.002456
8.929663	0.999567	0.000802
9.042631	0.999691	0.000575
9.148917	1.000366	0.001185
9.262499	1.000179	0.000821
0.136702	0.999781	0.001234
0.387810	0.999807	0.000649
0.603463	0.998588	0.002007
0.785927	0.998040	0.002433
1.000593	0.999107	0.001361
1.223979	0.999332	0.001368
1.450131	0.997133	0.006470
1.692295	0.985359	0.026674
1.955789	0.979362	0.036729
2.159065	0.987405	0.030470
2.362591	0.985733	0.029077
2.552814	0.993642	0.012720
2.743534	0.998756	0.002233
2.935679	0.998783	0.001831
3.114300	0.999326	0.001445
3.293851	0.999556	0.001315
3.479238	0.999783	0.001090
3.668851	1.000147	0.001444
3.851629	1.000788	0.002270
4.041861	0.999888	0.003581
4.224482	0.995802	0.010725
4.402092	0.989771	0.020883
4.584517	0.975824	0.032056
4.770943	0.969917	0.040675
4.932844	0.969789	0.041988
5.093539	0.968310	0.040416
5.282985	0.970989	0.038246
5.449602	0.983171	0.024158
5.628311	0.992951	0.008549
5.808638	0.998148	0.003724
6.005370	1.000746	0.003763
6.257157	1.001466	0.005664
6.510186	1.001913	0.002280
6.761138	1.002260	0.002473
7.002350	1.002897	0.002635
7.263128	1.002375	0.003010
7.507342	0.992983	0.018097
7.726394	0.982159	0.035499
7.949574	0.977158	0.038223
8.123398	0.970482	0.039927
8.278915	0.977384	0.034094
8.430310	0.986088	0.020535
8.575316	0.995987	0.009045
8.732380	1.000638	0.003054
8.886632	1.000794	0.003312
9.052231	1.000595	0.002818
9.221990	1.000443	0.001709
9.388722	1.000573	0.001811
9.538927	1.001161	0.002353
9.707482	1.001114	0.002142
9.846024	1.000723	0.001794
9.984645	0.999727	0.003828
10.126377	0.997245	0.009478
10.285788	0.993619	0.017274
10.442985	0.980943	0.029442
10.582482	0.978852	0.034294
10.727211	0.975757	0.037972
10.875450	0.971178	0.039892
11.030455	0.970994	0.039626
11.180527	0.972324	0.037844
11.348104	0.980678	0.025063
11.505475	0.993917	0.011089
11.650141	0.997264	0.004600
11.800254	0.999515	0.002162
11.957422	0.999509	0.001468
12.120015	0.999735	0.000973
12.279291	0.999738	0.001183
12.427274	0.999940	0.001397
12.573226	1.000058	0.002127
12.722167	1.000351	0.002595
12.877294	0.999291	0.002756
13.024080	0.996281	0.008514
13.180445	0.993547	0.015822
13.330507	0.987736	0.023265
13.478220	0.980406	0.031903
13.626120	0.980326	0.035424
13.776295	0.974791	0.039228
13.925358	0.974389	0.039033
14.091699	0.974381	0.038707
14.246188	0.977422	0.030375
14.402067	0.990837	0.015005
14.571858	0.997344	0.003894
14.725154	0.998183	0.002472
14.901070	0.999313	0.002019
15.095799	0.999523	0.001935
15.307619	0.999531	0.002591
15.518523	1.000292	0.003568
15.758873	0.999817	0.003000
16.027695	0.995150	0.011528
16.278869	0.990112	0.022813
16.532936	0.983490	0.031619
16.757102	0.983065	0.032342
16.972579	0.984055	0.031676
17.189403	0.982632	0.029869
17.403066	0.990269	0.016238
17.636190	0.999240	0.002456
17.859326	0.999567	0.000802
18.085263	0.999691	0.000575
18.297835	1.000366	0.001185
18.524997	1.000179	0.000821
