100
0.040250	0.996369	0.007371
0.118612	0.995460	0.009418
0.195041	1.002362	0.013230
0.261516	1.010454	0.037675
0.321063	1.022737	0.062425
0.381564	1.022213	0.060044
0.447998	1.007432	0.037582
0.515483	1.008527	0.021893
0.578978	0.999237	0.017927
0.652360	0.994473	0.023297
0.720939	1.006692	0.032753
0.799302	0.993920	0.034756
0.876683	0.889431	0.074787
0.958049	0.920151	0.088956
1.029548	1.003122	0.019001
1.097967	1.004727	0.012020
1.171311	1.008425	0.010445
1.239838	1.011774	0.009133
1.306296	1.008068	0.007148
1.371772	1.006849	0.007303
1.440187	1.002842	0.006183
1.506654	0.997734	0.008522
1.572196	0.957419	0.053653
1.641615	0.865246	0.089201
1.707053	0.912998	0.080740
1.773558	0.990790	0.018827
1.837034	0.997826	0.006550
1.907557	1.000509	0.007307
1.986867	1.002434	0.008265
2.064258	1.003493	0.006524
2.135220	1.002265	0.010845
2.203984	1.004875	0.005326
2.275805	1.003523	0.005120
2.350855	1.003331	0.006604
2.427930	1.002764	0.005034
2.499775	1.001422	0.006682
2.571670	1.004081	0.004925
2.649765	0.998775	0.008315
2.721690	0.980728	0.032108
2.795586	0.873427	0.073335
2.867574	0.893504	0.069950
2.947680	0.997861	0.010209
3.025810	0.991738	0.032726
3.088295	1.002699	0.026130
3.153935	1.013645	0.011637
3.229935	1.007335	0.008520
3.313334	1.008045	0.014244
3.409130	1.010130	0.039128
3.493515	0.945207	0.067598
3.577875	0.866607	0.086560
3.663295	0.973137	0.068478
3.749775	0.997091	0.008007
3.837225	1.017036	0.058733
3.909125	1.023714	0.057987
3.979906	1.030705	0.054566
4.051820	1.018299	0.044975
4.129906	1.019709	0.038209
4.203915	1.009704	0.023281
4.287176	1.009298	0.017071
4.364325	1.010736	0.012821
4.439281	1.007151	0.010951
4.515326	1.002153	0.013606
4.602786	1.000720	0.033075
4.699681	0.889878	0.062419
4.807952	0.945167	0.075881
4.907971	1.004415	0.020023
4.999661	1.005010	0.019279
5.091331	1.010197	0.020461
5.188147	1.007072	0.022865
5.284011	1.001187	0.018744
5.369476	0.987035	0.033484
5.463231	0.874103	0.072007
5.560051	0.943156	0.065640
5.640345	0.991862	0.010741
5.712171	0.995963	0.010765
5.780980	1.000569	0.010973
5.849755	1.001331	0.008120
5.923606	1.006519	0.007497
5.997650	1.005650	0.007281
6.071586	1.005489	0.012747
6.143495	1.001726	0.022503
6.220605	1.002968	0.013643
6.294461	1.008187	0.018248
6.364350	1.003143	0.008298
6.446615	1.001544	0.012513
6.528925	1.001504	0.017217
6.604911	0.920600	0.070806
6.683090	0.872234	0.082073
6.770545	1.000542	0.033229
6.854970	1.010956	0.016856
6.937235	1.016742	0.017059
7.017421	1.014381	0.015107
7.101795	1.010017	0.012580
7.184066	1.003506	0.012698
7.262260	1.005459	0.013983
7.343455	0.921439	0.065084
7.421576	0.873824	0.088103
7.488310	0.953196	0.052625
7.563201	0.998173	0.011380
7.638266	0.997107	0.009271
0.080500	0.996369	0.007371
0.237224	0.995460	0.009418
0.390081	1.002362	0.013230
0.523033	1.010454	0.037675
0.642127	1.022737	0.062425
0.763127	1.022213	0.060044
0.895995	1.007432	0.037582
1.030966	1.008527	0.021893
1.157957	0.999237	0.017927
1.304719	0.994473	0.023297
1.441879	1.006692	0.032753
1.598603	0.993920	0.034756
1.753365	0.889431	0.074787
1.916098	0.920151	0.088956
2.059096	1.003122	0.019001
2.195935	1.004727	0.012020
2.342622	1.008425	0.010445
2.479677	1.011774	0.009133
2.612592	1.008068	0.007148
2.743544	1.006849	0.007303
2.880374	1.002842	0.006183
3.013307	0.997734	0.008522
3.144391	0.957419	0.053653
3.283230	0.865246	0.089201
3.414107	0.912998	0.080740
3.547116	0.990790	0.018827
3.674069	0.997826	0.006550
3.815114	1.000509	0.007307
3.973734	1.002434	0.008265
4.128515	1.003493	0.006524
4.270440	1.002265	0.010845
4.407969	1.004875	0.005326
4.551610	1.003523	0.005120
4.701709	1.003331	0.006604
4.855859	1.002764	0.005034
4.999550	1.001422	0.006682
5.143340	1.004081	0.004925
5.299530	0.998775	0.008315
5.443379	0.980728	0.032108
5.591171	0.873427	0.073335
5.735148	0.893504	0.069950
5.895360	0.997861	0.010209
6.051620	0.991738	0.032726
6.176591	1.002699	0.026130
6.307870	1.013645	0.011637
6.459871	1.007335	0.008520
6.626668	1.008045	0.014244
6.818260	1.010130	0.039128
6.987030	0.945207	0.067598
7.155750	0.866607	0.086560
7.326590	0.973137	0.068478
7.499550	0.997091	0.008007
7.674450	1.017036	0.058733
7.818250	1.023714	0.057987
7.959811	1.030705	0.054566
8.103640	1.018299	0.044975
8.259811	1.019709	0.038209
8.407830	1.009704	0.023281
8.574351	1.009298	0.017071
8.728650	1.010736	0.012821
8.878561	1.007151	0.010951
9.030651	1.002153	0.013606
9.205572	1.000720	0.033075
9.399361	0.889878	0.062419
9.615903	0.945167	0.075881
9.815942	1.004415	0.020023
9.999322	1.005010	0.019279
10.182662	1.010197	0.020461
10.376294	1.007072	0.022865
10.568023	1.001187	0.018744
10.738952	0.987035	0.033484
10.926461	0.874103	0.072007
11.120102	0.943156	0.065640
11.280691	0.991862	0.010741
11.424342	0.995963	0.010765
11.561961	1.000569	0.010973
11.699510	1.001331	0.008120
11.847212	1.006519	0.007497
11.995300	1.005650	0.007281
12.143171	1.005489	0.012747
12.286990	1.001726	0.022503
12.441210	1.002968	0.013643
12.588922	1.008187	0.018248
12.728700	1.003143	0.008298
12.893230	1.001544	0.012513
13.057850	1.001504	0.017217
13.209821	0.920600	0.070806
13.366180	0.872234	0.082073
13.541091	1.000542	0.033229
13.709940	1.010956	0.016856
13.874470	1.016742	0.017059
14.034841	1.014381	0.015107
14.203591	1.010017	0.012580
14.368131	1.003506	0.012698
14.524520	1.005459	0.013983
14.686911	0.921439	0.065084
14.843151	0.873824	0.088103
14.976620	0.953196	0.052625
15.126402	0.998173	0.011380
15.276531	0.997107	0.009271
