100
0.076852	0.992832	0.006886
0.246921	0.977682	0.020848
0.340590	0.990898	0.011514
0.444778	0.997987	0.001645
0.543745	0.999405	0.000753
0.642708	1.000177	0.000520
0.748552	1.000775	0.000930
0.847540	1.001283	0.000876
0.934349	1.000885	0.001049
1.017682	1.000677	0.000998
1.101024	1.000713	0.001274
1.184349	1.000070	0.001486
1.267682	0.999778	0.001326
1.348844	0.999489	0.001089
1.430271	0.999422	0.000608
1.507879	0.999493	0.000808
1.583648	0.999828	0.000863
1.659444	0.999556	0.001113
1.742725	0.999583	0.001216
1.820379	0.999679	0.001420
1.896148	0.999355	0.001042
1.971944	0.999234	0.000961
2.053348	0.998984	0.001052
2.136661	0.998936	0.001674
2.216206	0.998975	0.001661
2.291993	0.999739	0.000652
2.367771	1.000100	0.000497
2.449161	1.000244	0.000534
2.528725	1.000549	0.001095
2.604502	1.000903	0.001709
2.684015	1.001636	0.001848
2.767361	1.002181	0.002080
2.846953	1.002538	0.002836
2.924552	1.002261	0.002784
3.000321	1.001394	0.001649
3.076108	1.000662	0.000788
3.155606	0.998852	0.001881
3.237043	0.996771	0.004318
3.314697	0.994145	0.009040
3.409402	0.997104	0.010727
3.534332	1.000725	0.000444
3.668843	0.999887	0.000714
3.790061	0.999244	0.000516
3.913161	0.999631	0.000241
4.038208	0.999602	0.000645
4.163161	0.999423	0.000566
4.286317	0.999526	0.000486
4.398066	0.999996	0.004210
4.483340	0.998919	0.004753
4.587504	0.994809	0.005833
4.682189	0.998238	0.002805
4.767408	0.999154	0.000795
4.871595	0.998628	0.000996
4.994661	0.998731	0.000660
5.096935	0.998950	0.000783
5.189771	1.000090	0.001126
5.280709	1.000070	0.001478
5.362070	1.000313	0.000911
5.437848	1.000688	0.000671
5.519308	1.001105	0.000518
5.602658	1.001349	0.000722
5.689809	1.001342	0.000742
5.778734	1.002456	0.002234
5.865913	1.003304	0.002476
5.949235	1.003762	0.003036
6.030662	1.004538	0.003819
6.112117	1.005102	0.003925
6.195406	1.004554	0.003190
6.271175	1.003421	0.002007
6.346953	1.001203	0.001132
6.424570	0.999271	0.001650
6.500348	0.995481	0.004862
6.583675	0.977032	0.017132
6.659462	0.975311	0.019598
6.740879	0.994402	0.006969
6.820415	0.998207	0.001381
6.899966	0.999210	0.001296
6.979521	1.000104	0.001422
7.055308	1.000173	0.001396
7.136721	1.000962	0.001451
7.216243	1.001120	0.002146
7.292012	1.001653	0.002130
7.367789	1.001380	0.002000
7.445406	1.001084	0.001428
7.523089	1.000753	0.001227
7.604512	1.000385	0.001725
7.702922	1.000898	0.001662
7.818435	1.001192	0.001782
7.932095	0.999873	0.001572
8.047599	1.000215	0.001438
8.161258	0.999418	0.002202
8.282444	0.999866	0.002053
8.430265	0.997886	0.000364
8.627182	0.998899	0.001034
8.805195	1.000979	0.001222
8.926390	1.001233	0.001709
9.064667	1.002388	0.002078
9.231354	1.004288	0.001737
9.384749	1.001619	0.004636
9.509758	1.000459	0.004869
0.153704	0.992832	0.006886
0.493843	0.977682	0.020848
0.681181	0.990898	0.011514
0.889557	0.997987	0.001645
1.087490	0.999405	0.000753
1.285416	1.000177	0.000520
1.497105	1.000775	0.000930
1.695081	1.001283	0.000876
1.868697	1.000885	0.001049
2.035364	1.000677	0.000998
2.202047	1.000713	0.001274
2.368697	1.000070	0.001486
2.535364	0.999778	0.001326
2.697688	0.999489	0.001089
2.860543	0.999422	0.000608
3.015758	0.999493	0.000808
3.167296	0.999828	0.000863
3.318888	0.999556	0.001113
3.485449	0.999583	0.001216
3.640758	0.999679	0.001420
3.792296	0.999355	0.001042
3.943888	0.999234	0.000961
4.106696	0.998984	0.001052
4.273322	0.998936	0.001674
4.432413	0.998975	0.001661
4.583987	0.999739	0.000652
4.735543	1.000100	0.000497
4.898322	1.000244	0.000534
5.057449	1.000549	0.001095
5.209005	1.000903	0.001709
5.368031	1.001636	0.001848
5.534722	1.002181	0.002080
5.693906	1.002538	0.002836
5.849104	1.002261	0.002784
6.000641	1.001394	0.001649
6.152215	1.000662	0.000788
6.311213	0.998852	0.001881
6.474085	0.996771	0.004318
6.629395	0.994145	0.009040
6.818805	0.997104	0.010727
7.068665	1.000725	0.000444
7.337685	0.999887	0.000714
7.580122	0.999244	0.000516
7.826322	0.999631	0.000241
8.076415	0.999602	0.000645
8.326322	0.999423	0.000566
8.572633	0.999526	0.000486
8.796132	0.999996	0.004210
8.966680	0.998919	0.004753
9.175007	0.994809	0.005833
9.364379	0.998238	0.002805
9.534815	0.999154	0.000795
9.743189	0.998628	0.000996
9.989322	0.998731	0.000660
10.193870	0.998950	0.000783
10.379543	1.000090	0.001126
10.561418	1.000070	0.001478
10.724140	1.000313	0.000911
10.875696	1.000688	0.000671
11.038615	1.001105	0.000518
11.205317	1.001349	0.000722
11.379618	1.001342	0.000742
11.557467	1.002456	0.002234
11.731826	1.003304	0.002476
11.898470	1.003762	0.003036
12.061324	1.004538	0.003819
12.224233	1.005102	0.003925
12.390813	1.004554	0.003190
12.542350	1.003421	0.002007
12.693906	1.001203	0.001132
12.849140	0.999271	0.001650
13.000696	0.995481	0.004862
13.167350	0.977032	0.017132
13.318924	0.975311	0.019598
13.481758	0.994402	0.006969
13.640831	0.998207	0.001381
13.799932	0.999210	0.001296
13.959041	1.000104	0.001422
14.110615	1.000173	0.001396
14.273441	1.000962	0.001451
14.432485	1.001120	0.002146
14.584023	1.001653	0.002130
14.735579	1.001380	0.002000
14.890813	1.001084	0.001428
15.046179	1.000753	0.001227
15.209023	1.000385	0.001725
15.405844	1.000898	0.001662
15.636870	1.001192	0.001782
15.864189	0.999873	0.001572
16.095197	1.000215	0.001438
16.322517	0.999418	0.002202
16.564888	0.999866	0.002053
16.860530	0.997886	0.000364
17.254363	0.998899	0.001034
17.610389	1.000979	0.001222
17.852779	1.001233	0.001709
18.129335	1.002388	0.002078
18.462709	1.004288	0.001737
18.769499	1.001619	0.004636
19.019517	1.000459	0.004869
