100
0.015348	0.999656	0.000984
0.047996	0.999315	0.001125
0.078999	0.999452	0.000967
0.113023	0.999112	0.000963
0.144687	0.998983	0.001025
0.175003	0.999025	0.001128
0.205856	0.999122	0.001118
0.237727	0.998729	0.000967
0.270122	0.999078	0.000947
0.298349	0.998990	0.001113
0.327286	0.999036	0.001280
0.356896	0.999142	0.001215
0.386807	0.998943	0.001245
0.416529	0.999044	0.000950
0.447962	0.999163	0.001198
0.479623	0.999305	0.001578
0.509464	0.999346	0.001600
0.539612	0.999611	0.001846
0.569441	0.999714	0.001466
0.599360	0.999944	0.002012
0.630885	0.999793	0.001312
0.658389	0.999958	0.001546
0.686329	0.999965	0.001392
0.715071	1.000204	0.001577
0.743923	1.000267	0.001493
0.773191	1.000869	0.002000
0.800533	1.000985	0.002296
0.831857	1.001437	0.002324
0.858972	1.001483	0.002673
0.884720	1.001917	0.003245
0.911868	1.002196	0.002916
0.940422	1.002626	0.003456
0.970695	1.002244	0.003339
1.000230	1.003410	0.003370
1.029166	1.003188	0.003583
1.057133	1.003604	0.003513
1.085765	1.004596	0.003513
1.113816	1.004028	0.003744
1.144514	1.004750	0.003723
1.173512	1.004646	0.003384
1.200630	1.004324	0.003623
1.228717	1.005260	0.003426
1.257743	1.005164	0.003578
1.283379	1.004442	0.003468
1.309698	1.004109	0.003196
1.336407	1.003808	0.003436
1.362542	1.004008	0.003705
1.390105	1.003187	0.003186
1.417867	1.003088	0.003208
1.447263	1.003330	0.003157
1.474777	1.002649	0.003265
1.502265	1.002209	0.003680
1.529479	1.002504	0.003557
1.554565	1.002604	0.003093
1.579757	1.001865	0.003300
1.608563	1.001829	0.002781
1.634993	1.001834	0.002965
1.660506	1.001733	0.002993
1.687139	1.001466	0.003168
1.715732	1.001129	0.002815
1.742083	1.001789	0.003551
1.766859	1.001231	0.002674
1.793922	1.001021	0.002345
1.823052	1.001302	0.002866
1.850977	1.001133	0.001825
1.878553	1.000772	0.001834
1.904511	1.000837	0.002085
1.932041	1.000778	0.001408
1.959261	1.000973	0.001536
1.986928	1.000723	0.001604
2.013315	1.000846	0.001414
2.040029	1.000580	0.001165
2.067269	1.000368	0.000940
2.094796	1.000712	0.001338
2.121324	1.000289	0.001254
2.148477	1.000453	0.001121
2.175211	1.000190	0.001176
2.204848	1.000141	0.001190
2.231813	1.000251	0.001198
2.257840	1.000076	0.001339
2.283524	1.000377	0.001445
2.308664	0.999709	0.001246
2.335995	0.999986	0.001192
2.360951	0.999751	0.001167
2.386889	1.000207	0.001289
2.413245	0.999985	0.001364
2.440200	0.999994	0.001249
2.467893	1.000051	0.002109
2.498020	0.999978	0.001327
2.526520	0.999728	0.001075
2.553205	0.999625	0.001152
2.580028	0.999813	0.001200
2.608766	0.999841	0.001084
2.636319	0.999844	0.000970
2.665187	0.999831	0.000957
2.694598	0.999689	0.001171
2.723367	0.999729	0.001078
2.753813	0.999773	0.001038
2.786153	0.999528	0.001074
2.816957	0.999615	0.000901
0.030696	0.999656	0.000984
0.095992	0.999315	0.001125
0.157997	0.999452	0.000967
0.226047	0.999112	0.000963
0.289374	0.998983	0.001025
0.350006	0.999025	0.001128
0.411713	0.999122	0.001118
0.475454	0.998729	0.000967
0.540245	0.999078	0.000947
0.596698	0.998990	0.001113
0.654572	0.999036	0.001280
0.713792	0.999142	0.001215
0.773614	0.998943	0.001245
0.833059	0.999044	0.000950
0.895924	0.999163	0.001198
0.959246	0.999305	0.001578
1.018929	0.999346	0.001600
1.079224	0.999611	0.001846
1.138883	0.999714	0.001466
1.198719	0.999944	0.002012
1.261769	0.999793	0.001312
1.316777	0.999958	0.001546
1.372658	0.999965	0.001392
1.430143	1.000204	0.001577
1.487846	1.000267	0.001493
1.546383	1.000869	0.002000
1.601066	1.000985	0.002296
1.663713	1.001437	0.002324
1.717944	1.001483	0.002673
1.769440	1.001917	0.003245
1.823735	1.002196	0.002916
1.880843	1.002626	0.003456
1.941390	1.002244	0.003339
2.000460	1.003410	0.003370
2.058333	1.003188	0.003583
2.114265	1.003604	0.003513
2.171530	1.004596	0.003513
2.227633	1.004028	0.003744
2.289027	1.004750	0.003723
2.347024	1.004646	0.003384
2.401260	1.004324	0.003623
2.457434	1.005260	0.003426
2.515486	1.005164	0.003578
2.566758	1.004442	0.003468
2.619396	1.004109	0.003196
2.672815	1.003808	0.003436
2.725084	1.004008	0.003705
2.780210	1.003187	0.003186
2.835734	1.003088	0.003208
2.894527	1.003330	0.003157
2.949554	1.002649	0.003265
3.004530	1.002209	0.003680
3.058958	1.002504	0.003557
3.109129	1.002604	0.003093
3.159515	1.001865	0.003300
3.217125	1.001829	0.002781
3.269986	1.001834	0.002965
3.321013	1.001733	0.002993
3.374279	1.001466	0.003168
3.431465	1.001129	0.002815
3.484166	1.001789	0.003551
3.533718	1.001231	0.002674
3.587843	1.001021	0.002345
3.646104	1.001302	0.002866
3.701953	1.001133	0.001825
3.757106	1.000772	0.001834
3.809021	1.000837	0.002085
3.864082	1.000778	0.001408
3.918521	1.000973	0.001536
3.973855	1.000723	0.001604
4.026630	1.000846	0.001414
4.080058	1.000580	0.001165
4.134539	1.000368	0.000940
4.189592	1.000712	0.001338
4.242647	1.000289	0.001254
4.296954	1.000453	0.001121
4.350421	1.000190	0.001176
4.409696	1.000141	0.001190
4.463626	1.000251	0.001198
4.515680	1.000076	0.001339
4.567048	1.000377	0.001445
4.617329	0.999709	0.001246
4.671990	0.999986	0.001192
4.721901	0.999751	0.001167
4.773778	1.000207	0.001289
4.826489	0.999985	0.001364
4.880400	0.999994	0.001249
4.935786	1.000051	0.002109
4.996040	0.999978	0.001327
5.053041	0.999728	0.001075
5.106410	0.999625	0.001152
5.160056	0.999813	0.001200
5.217532	0.999841	0.001084
5.272639	0.999844	0.000970
5.330374	0.999831	0.000957
5.389195	0.999689	0.001171
5.446734	0.999729	0.001078
5.507627	0.999773	0.001038
5.572306	0.999528	0.001074
5.633913	0.999615	0.000901
