100
0.031243	0.999800	0.000582
0.096070	0.999964	0.000610
0.161793	0.999682	0.000817
0.232837	0.999502	0.000405
0.303186	1.007183	0.017675
0.364780	1.003636	0.011428
0.426106	1.001574	0.007167
0.496963	0.999758	0.000659
0.568700	1.000789	0.003805
0.634433	1.000956	0.002906
0.704343	1.000107	0.001026
0.772183	1.000124	0.000560
0.839536	0.999948	0.000558
0.908053	0.999899	0.000511
0.979116	1.000123	0.000603
1.051536	1.000160	0.000990
1.120766	1.000047	0.001094
1.196229	1.000830	0.003461
1.266140	1.000787	0.003017
1.332353	1.000776	0.002909
1.399733	1.001582	0.003593
1.468683	1.001065	0.002543
1.538143	1.000565	0.001748
1.609456	1.000852	0.001692
1.674476	1.000642	0.001614
1.738379	1.000438	0.001516
1.803419	1.000263	0.001273
1.868936	1.000328	0.001142
1.937699	1.000703	0.001365
1.999283	1.004662	0.015225
2.060169	1.001693	0.003481
2.120119	1.001892	0.004323
2.179613	1.002636	0.005347
2.237729	1.002135	0.004616
2.294656	1.002828	0.006192
2.352533	1.002113	0.006119
2.410396	1.002576	0.006756
2.468496	1.001137	0.002841
2.531683	1.000884	0.002524
2.593259	1.000536	0.001075
2.657839	1.000519	0.001028
2.719186	1.000606	0.001956
2.784479	1.000354	0.001200
2.849509	1.000497	0.001178
2.910606	1.000396	0.001313
2.969419	1.000427	0.001412
3.024049	1.000612	0.001553
3.079129	1.000407	0.001444
3.132849	1.000342	0.001321
3.188390	1.000453	0.001294
3.243726	0.999392	0.002363
3.301133	1.000526	0.002440
3.358089	1.001154	0.005733
3.417603	1.000105	0.001331
3.475933	1.000155	0.000907
3.536793	1.000376	0.001141
3.601613	1.000356	0.001089
3.664113	1.000456	0.001270
3.728689	1.000211	0.001090
3.794893	1.000251	0.000975
3.861576	1.000029	0.000877
3.924533	1.000043	0.000855
3.987033	0.999853	0.000760
4.049073	0.999937	0.000707
4.106493	0.999839	0.000432
4.163439	1.000129	0.000478
4.220373	1.000189	0.000611
4.277089	1.000351	0.001863
4.333819	1.000027	0.000792
4.393526	1.000235	0.000775
4.451403	1.000253	0.000766
4.508116	0.999943	0.000922
4.568529	1.000207	0.000732
4.625479	1.000192	0.000982
4.682423	1.000200	0.000974
4.741213	0.999945	0.000912
4.798616	1.000051	0.000916
4.857992	1.000144	0.000881
4.916665	1.000117	0.000809
4.975103	1.000171	0.000906
5.031148	1.000261	0.000825
5.088844	0.999989	0.000849
5.150875	0.999942	0.000795
5.211223	0.999961	0.000955
5.267972	0.999665	0.002880
5.325196	1.000219	0.001350
5.383389	1.000282	0.001356
5.438947	1.000153	0.001038
5.497141	1.000219	0.001403
5.558444	1.000287	0.001148
5.616617	1.000202	0.001044
5.676968	1.000208	0.000842
5.738265	0.999880	0.000839
5.802682	0.999902	0.000790
5.865910	0.999966	0.000656
5.931044	1.000025	0.000652
5.993286	0.999962	0.000719
6.059644	1.000089	0.000589
6.122841	0.999739	0.000613
6.183192	1.000029	0.000808
0.062486	0.999800	0.000582
0.192140	0.999964	0.000610
0.323587	0.999682	0.000817
0.465673	0.999502	0.000405
0.606372	1.007183	0.017675
0.729559	1.003636	0.011428
0.852213	1.001574	0.007167
0.993926	0.999758	0.000659
1.137400	1.000789	0.003805
1.268866	1.000956	0.002906
1.408686	1.000107	0.001026
1.544366	1.000124	0.000560
1.679073	0.999948	0.000558
1.816107	0.999899	0.000511
1.958233	1.000123	0.000603
2.103072	1.000160	0.000990
2.241533	1.000047	0.001094
2.392459	1.000830	0.003461
2.532279	1.000787	0.003017
2.664706	1.000776	0.002909
2.799465	1.001582	0.003593
2.937365	1.001065	0.002543
3.076285	1.000565	0.001748
3.218912	1.000852	0.001692
3.348953	1.000642	0.001614
3.476759	1.000438	0.001516
3.606838	1.000263	0.001273
3.737872	1.000328	0.001142
3.875398	1.000703	0.001365
3.998566	1.004662	0.015225
4.120339	1.001693	0.003481
4.240239	1.001892	0.004323
4.359225	1.002636	0.005347
4.475459	1.002135	0.004616
4.589312	1.002828	0.006192
4.705065	1.002113	0.006119
4.820792	1.002576	0.006756
4.936992	1.001137	0.002841
5.063365	1.000884	0.002524
5.186519	1.000536	0.001075
5.315679	1.000519	0.001028
5.438372	1.000606	0.001956
5.568959	1.000354	0.001200
5.699019	1.000497	0.001178
5.821213	1.000396	0.001313
5.938839	1.000427	0.001412
6.048099	1.000612	0.001553
6.158259	1.000407	0.001444
6.265699	1.000342	0.001321
6.376779	1.000453	0.001294
6.487452	0.999392	0.002363
6.602266	1.000526	0.002440
6.716179	1.001154	0.005733
6.835205	1.000105	0.001331
6.951865	1.000155	0.000907
7.073585	1.000376	0.001141
7.203225	1.000356	0.001089
7.328225	1.000456	0.001270
7.457379	1.000211	0.001090
7.589785	1.000251	0.000975
7.723152	1.000029	0.000877
7.849065	1.000043	0.000855
7.974065	0.999853	0.000760
8.098145	0.999937	0.000707
8.212985	0.999839	0.000432
8.326878	1.000129	0.000478
8.440745	1.000189	0.000611
8.554179	1.000351	0.001863
8.667638	1.000027	0.000792
8.787052	1.000235	0.000775
8.902805	1.000253	0.000766
9.016232	0.999943	0.000922
9.137059	1.000207	0.000732
9.250959	1.000192	0.000982
9.364845	1.000200	0.000974
9.482425	0.999945	0.000912
9.597233	1.000051	0.000916
9.715985	1.000144	0.000881
9.833329	1.000117	0.000809
9.950205	1.000171	0.000906
10.062295	1.000261	0.000825
10.177688	0.999989	0.000849
10.301750	0.999942	0.000795
10.422446	0.999961	0.000955
10.535943	0.999665	0.002880
10.650392	1.000219	0.001350
10.766778	1.000282	0.001356
10.877895	1.000153	0.001038
10.994281	1.000219	0.001403
11.116888	1.000287	0.001148
11.233233	1.000202	0.001044
11.353937	1.000208	0.000842
11.476530	0.999880	0.000839
11.605364	0.999902	0.000790
11.731819	0.999966	0.000656
11.862088	1.000025	0.000652
11.986571	0.999962	0.000719
12.119288	1.000089	0.000589
12.245682	0.999739	0.000613
12.366385	1.000029	0.000808
