100
0.022128	1.000041	0.000892
0.066021	1.000072	0.000744
0.111193	1.000098	0.000644
0.154272	0.999789	0.000782
0.196612	0.999953	0.000771
0.238545	1.000198	0.000969
0.280060	0.999215	0.002562
0.319851	0.999946	0.001811
0.359961	0.999725	0.001996
0.398182	0.999792	0.001827
0.436857	1.000347	0.001425
0.476140	1.000042	0.001734
0.515596	1.000108	0.001296
0.555719	1.000208	0.001219
0.594278	1.000212	0.001020
0.633378	1.000205	0.000935
0.673732	1.000068	0.000764
0.714143	0.999990	0.000784
0.754571	0.999907	0.000789
0.804801	0.999775	0.000762
0.858058	0.999882	0.000777
0.909455	0.999899	0.000862
0.963536	1.000168	0.001044
1.017136	1.000318	0.001336
1.071275	1.000644	0.001354
1.124370	1.000774	0.001414
1.175260	1.001084	0.001455
1.226240	1.000864	0.001353
1.277633	1.000794	0.001174
1.329741	1.000558	0.001118
1.376058	1.000369	0.000988
1.424714	0.999909	0.000844
1.477003	0.999901	0.000896
1.532040	1.000162	0.000790
1.586814	1.000081	0.001031
1.640249	0.999975	0.001116
1.693568	1.000138	0.001350
1.748334	1.000327	0.001236
1.798946	1.000483	0.001464
1.845485	1.000778	0.001545
1.891286	1.000533	0.001188
1.940037	1.000125	0.001340
1.986988	1.000120	0.001030
2.032985	1.000166	0.000915
2.078791	0.999767	0.001395
2.125728	1.000194	0.000914
2.179268	0.999990	0.001545
2.230425	1.000235	0.001163
2.279941	1.000291	0.000932
2.330135	1.000789	0.001215
2.381802	1.000686	0.001220
2.427295	1.001105	0.001896
2.473547	1.001207	0.002686
2.522883	1.001205	0.002983
2.574191	1.001824	0.003748
2.621010	1.001317	0.003224
2.668806	1.000722	0.002937
2.716136	1.000933	0.003023
2.762705	1.000281	0.002207
2.808510	1.000084	0.002201
2.854268	1.000224	0.002388
2.902998	0.999830	0.001167
2.956843	0.999719	0.001282
3.007157	1.000147	0.001163
3.058180	0.999891	0.001233
3.109334	1.000213	0.001124
3.160102	1.000431	0.000989
3.212630	1.000375	0.000931
3.265357	1.000522	0.001047
3.313735	1.000379	0.001172
3.363550	1.000308	0.001162
3.414403	1.000030	0.001462
3.461578	0.999471	0.002218
3.507307	1.000035	0.001570
3.552699	0.999965	0.001182
3.603089	1.000061	0.001270
3.653245	1.000109	0.001245
3.698346	1.000125	0.001496
3.745443	1.000252	0.001348
3.792830	1.000180	0.001351
3.838382	1.000389	0.001277
3.884383	0.998162	0.007001
3.924974	0.999471	0.004605
3.966731	0.998811	0.004656
4.008388	0.998883	0.003807
4.051215	0.998923	0.003261
4.093426	0.998872	0.002902
4.134997	0.999241	0.002702
4.176060	0.999167	0.002194
4.216736	0.999241	0.001844
4.258111	0.999597	0.001252
4.297892	0.999480	0.001188
4.337674	0.999820	0.001138
4.379235	0.999833	0.001426
4.419121	0.999982	0.001399
4.460497	1.000074	0.001332
4.500560	1.000288	0.001234
4.540305	1.000204	0.001048
4.580631	1.000182	0.001166
4.623383	0.999951	0.000984
0.044255	1.000041	0.000892
0.132043	1.000072	0.000744
0.222387	1.000098	0.000644
0.308544	0.999789	0.000782
0.393224	0.999953	0.000771
0.477089	1.000198	0.000969
0.560120	0.999215	0.002562
0.639702	0.999946	0.001811
0.719922	0.999725	0.001996
0.796364	0.999792	0.001827
0.873714	1.000347	0.001425
0.952279	1.000042	0.001734
1.031191	1.000108	0.001296
1.111439	1.000208	0.001219
1.188556	1.000212	0.001020
1.266757	1.000205	0.000935
1.347464	1.000068	0.000764
1.428286	0.999990	0.000784
1.509143	0.999907	0.000789
1.609602	0.999775	0.000762
1.716116	0.999882	0.000777
1.818909	0.999899	0.000862
1.927073	1.000168	0.001044
2.034271	1.000318	0.001336
2.142549	1.000644	0.001354
2.248741	1.000774	0.001414
2.350521	1.001084	0.001455
2.452480	1.000864	0.001353
2.555267	1.000794	0.001174
2.659481	1.000558	0.001118
2.752116	1.000369	0.000988
2.849427	0.999909	0.000844
2.954006	0.999901	0.000896
3.064079	1.000162	0.000790
3.173628	1.000081	0.001031
3.280499	0.999975	0.001116
3.387136	1.000138	0.001350
3.496667	1.000327	0.001236
3.597892	1.000483	0.001464
3.690970	1.000778	0.001545
3.782572	1.000533	0.001188
3.880074	1.000125	0.001340
3.973976	1.000120	0.001030
4.065970	1.000166	0.000915
4.157581	0.999767	0.001395
4.251456	1.000194	0.000914
4.358536	0.999990	0.001545
4.460850	1.000235	0.001163
4.559883	1.000291	0.000932
4.660269	1.000789	0.001215
4.763603	1.000686	0.001220
4.854590	1.001105	0.001896
4.947094	1.001207	0.002686
5.045767	1.001205	0.002983
5.148381	1.001824	0.003748
5.242020	1.001317	0.003224
5.337613	1.000722	0.002937
5.432272	1.000933	0.003023
5.525409	1.000281	0.002207
5.617020	1.000084	0.002201
5.708535	1.000224	0.002388
5.805996	0.999830	0.001167
5.913687	0.999719	0.001282
6.014314	1.000147	0.001163
6.116360	0.999891	0.001233
6.218668	1.000213	0.001124
6.320203	1.000431	0.000989
6.425260	1.000375	0.000931
6.530715	1.000522	0.001047
6.627471	1.000379	0.001172
6.727100	1.000308	0.001162
6.828806	1.000030	0.001462
6.923156	0.999471	0.002218
7.014614	1.000035	0.001570
7.105399	0.999965	0.001182
7.206179	1.000061	0.001270
7.306491	1.000109	0.001245
7.396693	1.000125	0.001496
7.490886	1.000252	0.001348
7.585661	1.000180	0.001351
7.676765	1.000389	0.001277
7.768767	0.998162	0.007001
7.849947	0.999471	0.004605
7.933462	0.998811	0.004656
8.016776	0.998883	0.003807
8.102429	0.998923	0.003261
8.186851	0.998872	0.002902
8.269993	0.999241	0.002702
8.352119	0.999167	0.002194
8.433471	0.999241	0.001844
8.516222	0.999597	0.001252
8.595785	0.999480	0.001188
8.675347	0.999820	0.001138
8.758471	0.999833	0.001426
8.838243	0.999982	0.001399
8.920994	1.000074	0.001332
9.001120	1.000288	0.001234
9.080610	1.000204	0.001048
9.161261	1.000182	0.001166
9.246766	0.999951	0.000984
