100
0.058871	0.997450	0.003573
0.168596	1.000248	0.004407
0.276885	1.000476	0.003934
0.370207	1.000720	0.002905
0.467651	0.999076	0.002449
0.563607	0.999184	0.002702
0.657942	0.999061	0.003313
0.753008	1.000594	0.004043
0.843127	1.002376	0.005199
0.934444	1.002112	0.004235
1.032884	1.000831	0.003294
1.133625	1.000248	0.003948
1.232070	0.999240	0.004675
1.329738	0.999056	0.005221
1.415807	1.000416	0.005638
1.489895	1.001733	0.005585
1.562004	1.001609	0.005333
1.641201	1.001359	0.005622
1.727203	0.999268	0.003702
1.815291	0.997480	0.002726
1.898118	0.996716	0.003022
1.979972	0.997590	0.003963
2.059774	0.998896	0.003939
2.137843	0.998722	0.003528
2.216128	0.999332	0.003111
2.294367	0.998397	0.002923
2.373615	0.998622	0.002600
2.464816	0.998340	0.002826
2.552471	0.998651	0.003346
2.640684	1.000114	0.004786
2.735356	1.000960	0.003622
2.832421	1.002178	0.002625
2.928490	1.001664	0.003759
3.021931	1.000680	0.004691
3.114858	0.999804	0.002297
3.205571	1.000142	0.001132
3.297430	1.000064	0.001470
3.386832	1.000512	0.002856
3.474492	1.001243	0.002903
3.574471	1.000622	0.002103
3.681011	0.998472	0.001957
3.770424	0.998067	0.002192
3.865782	0.998731	0.002872
3.961334	1.000309	0.002683
4.047479	1.001116	0.001831
4.137592	1.001189	0.001408
4.219317	1.002484	0.006067
4.294540	1.001507	0.003579
4.376074	1.001473	0.004594
4.452356	1.001718	0.004353
4.529238	1.002870	0.005164
4.608063	1.003687	0.004600
4.690677	1.003550	0.004144
4.769255	1.002275	0.003921
4.851322	1.001021	0.003838
4.933845	1.000449	0.003535
5.015265	0.999862	0.003819
5.093486	1.000335	0.004723
5.172530	1.000609	0.004582
5.249801	1.001487	0.004943
5.330305	1.001125	0.003873
5.418510	0.999693	0.003097
5.514820	0.997812	0.003646
5.613431	0.995827	0.003949
5.710149	0.996350	0.004632
5.806439	0.997451	0.004037
5.903999	0.997500	0.003795
6.007652	0.997417	0.004402
6.103105	0.998266	0.004620
6.198407	0.997364	0.003232
6.289959	0.998441	0.002297
6.385991	1.000803	0.003393
6.480172	1.002431	0.004314
6.572178	1.003314	0.004280
6.667959	1.002091	0.004314
6.761171	1.000029	0.002498
6.855683	0.999000	0.001831
6.943307	0.998376	0.003361
7.033027	0.998276	0.005167
7.129405	0.999813	0.004921
7.217275	0.999942	0.004394
7.300512	1.005375	0.016318
7.383105	1.004229	0.015419
7.472784	1.004270	0.016779
7.574694	1.007206	0.019687
7.689944	1.005290	0.015601
7.839484	1.001613	0.001710
7.979569	1.007074	0.022312
8.102862	1.004652	0.011935
8.231380	1.001159	0.002050
8.357771	1.000888	0.001888
8.464381	1.002090	0.002685
8.569887	1.000709	0.003938
8.670366	0.999816	0.002956
8.769287	1.000565	0.003944
8.872244	1.000933	0.003761
8.978649	1.001160	0.002494
9.084387	1.001676	0.001683
9.187731	1.000174	0.003205
9.291976	0.998208	0.003804
0.117742	0.997450	0.003573
0.337192	1.000248	0.004407
0.553769	1.000476	0.003934
0.740414	1.000720	0.002905
0.935303	0.999076	0.002449
1.127215	0.999184	0.002702
1.315884	0.999061	0.003313
1.506016	1.000594	0.004043
1.686253	1.002376	0.005199
1.868887	1.002112	0.004235
2.065768	1.000831	0.003294
2.267249	1.000248	0.003948
2.464141	0.999240	0.004675
2.659475	0.999056	0.005221
2.831614	1.000416	0.005638
2.979790	1.001733	0.005585
3.124008	1.001609	0.005333
3.282402	1.001359	0.005622
3.454406	0.999268	0.003702
3.630582	0.997480	0.002726
3.796236	0.996716	0.003022
3.959945	0.997590	0.003963
4.119548	0.998896	0.003939
4.275686	0.998722	0.003528
4.432257	0.999332	0.003111
4.588735	0.998397	0.002923
4.747231	0.998622	0.002600
4.929631	0.998340	0.002826
5.104942	0.998651	0.003346
5.281367	1.000114	0.004786
5.470713	1.000960	0.003622
5.664842	1.002178	0.002625
5.856980	1.001664	0.003759
6.043862	1.000680	0.004691
6.229715	0.999804	0.002297
6.411141	1.000142	0.001132
6.594860	1.000064	0.001470
6.773664	1.000512	0.002856
6.948983	1.001243	0.002903
7.148941	1.000622	0.002103
7.362021	0.998472	0.001957
7.540849	0.998067	0.002192
7.731564	0.998731	0.002872
7.922667	1.000309	0.002683
8.094957	1.001116	0.001831
8.275184	1.001189	0.001408
8.438633	1.002484	0.006067
8.589079	1.001507	0.003579
8.752148	1.001473	0.004594
8.904713	1.001718	0.004353
9.058477	1.002870	0.005164
9.216125	1.003687	0.004600
9.381354	1.003550	0.004144
9.538510	1.002275	0.003921
9.702643	1.001021	0.003838
9.867689	1.000449	0.003535
10.030529	0.999862	0.003819
10.186971	1.000335	0.004723
10.345060	1.000609	0.004582
10.499603	1.001487	0.004943
10.660611	1.001125	0.003873
10.837021	0.999693	0.003097
11.029640	0.997812	0.003646
11.226862	0.995827	0.003949
11.420297	0.996350	0.004632
11.612879	0.997451	0.004037
11.807998	0.997500	0.003795
12.015305	0.997417	0.004402
12.206209	0.998266	0.004620
12.396814	0.997364	0.003232
12.579917	0.998441	0.002297
12.771982	1.000803	0.003393
12.960344	1.002431	0.004314
13.144357	1.003314	0.004280
13.335919	1.002091	0.004314
13.522343	1.000029	0.002498
13.711366	0.999000	0.001831
13.886613	0.998376	0.003361
14.066053	0.998276	0.005167
14.258811	0.999813	0.004921
14.434550	0.999942	0.004394
14.601024	1.005375	0.016318
14.766210	1.004229	0.015419
14.945568	1.004270	0.016779
15.149388	1.007206	0.019687
15.379889	1.005290	0.015601
15.678967	1.001613	0.001710
15.959137	1.007074	0.022312
16.205723	1.004652	0.011935
16.462761	1.001159	0.002050
16.715541	1.000888	0.001888
16.928763	1.002090	0.002685
17.139773	1.000709	0.003938
17.340732	0.999816	0.002956
17.538573	1.000565	0.003944
17.744488	1.000933	0.003761
17.957298	1.001160	0.002494
18.168774	1.001676	0.001683
18.375462	1.000174	0.003205
18.583953	0.998208	0.003804
