100
0.065357	1.000369	0.000957
0.200817	0.999890	0.000798
0.325849	1.000097	0.001288
0.434842	1.014404	0.041609
0.519372	1.007206	0.025019
0.605440	1.002036	0.009744
0.685093	1.000029	0.002133
0.763178	0.999687	0.001629
0.842377	1.000336	0.001799
0.918021	1.000376	0.001413
0.993462	1.000258	0.001441
1.073277	1.000380	0.001534
1.153718	1.000161	0.001326
1.231103	1.000375	0.001059
1.308899	1.000068	0.001071
1.384830	1.000116	0.000957
1.462786	1.000226	0.000842
1.545584	1.000369	0.000975
1.624786	1.000002	0.001040
1.700386	0.999932	0.001000
1.775123	1.000189	0.000900
1.855612	1.000048	0.000919
1.938527	1.000106	0.000796
2.017276	0.999862	0.000944
2.091888	1.000321	0.000894
2.170011	1.000586	0.001203
2.249462	1.000031	0.000908
2.329236	0.999856	0.000807
2.407319	1.000222	0.000983
2.485779	1.000167	0.000859
2.566343	1.000223	0.000846
2.645386	1.000183	0.000964
2.727602	1.000043	0.000780
2.817054	0.999911	0.000719
2.900055	0.999669	0.001005
2.988729	1.000404	0.001124
3.082543	1.000125	0.001205
3.194602	0.999591	0.000739
3.317581	0.999961	0.000823
3.444228	0.999914	0.000847
3.565964	0.999904	0.000872
3.684434	0.999964	0.000763
3.813076	0.999822	0.000844
3.935471	0.999808	0.000838
4.049846	0.999573	0.000761
4.162572	0.999783	0.000996
4.274756	0.999850	0.001011
4.395962	0.999842	0.001128
4.516744	0.999499	0.000991
4.640094	0.999778	0.001240
4.731996	0.999598	0.001141
4.817315	0.998999	0.001224
4.904784	0.998990	0.000835
4.988777	0.999284	0.000925
5.072192	0.999462	0.000917
5.153629	0.999774	0.000745
5.238280	0.999855	0.000841
5.321661	0.999666	0.000960
5.406398	1.000228	0.000696
5.489151	1.000352	0.000777
5.571987	1.000271	0.001229
5.653301	1.000093	0.001370
5.733941	0.999999	0.001206
5.816611	0.999976	0.001037
5.897133	1.000134	0.000949
5.977493	1.000335	0.001009
6.058756	1.000044	0.000872
6.140354	0.999947	0.001066
6.220673	0.999899	0.000718
6.301608	1.000204	0.000890
6.384697	0.999850	0.000891
6.468230	1.000036	0.001072
6.555405	1.000439	0.000810
6.643414	1.000189	0.000788
6.726870	1.000171	0.000861
6.810829	1.000060	0.001014
6.890352	1.000413	0.001038
6.969970	1.000295	0.000753
7.050241	1.000294	0.000999
7.132873	1.000682	0.001496
7.212442	1.001405	0.004488
7.306907	1.000052	0.000965
7.417691	1.000153	0.001091
7.531984	0.999961	0.000803
7.648674	0.999862	0.000698
7.764745	1.000125	0.001010
7.875485	1.000062	0.001060
7.990314	1.000082	0.000849
8.108167	1.000212	0.000869
8.223573	0.999736	0.000926
8.338196	0.999907	0.001023
8.458942	0.999960	0.000777
8.572698	0.999983	0.001043
8.686128	1.000144	0.000934
8.813648	0.999867	0.000873
8.943441	1.000092	0.000932
9.069600	1.000008	0.000939
9.197535	1.000103	0.000889
9.329728	0.999808	0.000995
9.456505	0.999908	0.000890
0.130713	1.000369	0.000957
0.401633	0.999890	0.000798
0.651698	1.000097	0.001288
0.869684	1.014404	0.041609
1.038744	1.007206	0.025019
1.210881	1.002036	0.009744
1.370185	1.000029	0.002133
1.526355	0.999687	0.001629
1.684754	1.000336	0.001799
1.836043	1.000376	0.001413
1.986923	1.000258	0.001441
2.146555	1.000380	0.001534
2.307436	1.000161	0.001326
2.462206	1.000375	0.001059
2.617799	1.000068	0.001071
2.769660	1.000116	0.000957
2.925571	1.000226	0.000842
3.091168	1.000369	0.000975
3.249572	1.000002	0.001040
3.400773	0.999932	0.001000
3.550245	1.000189	0.000900
3.711224	1.000048	0.000919
3.877053	1.000106	0.000796
4.034552	0.999862	0.000944
4.183777	1.000321	0.000894
4.340021	1.000586	0.001203
4.498925	1.000031	0.000908
4.658472	0.999856	0.000807
4.814637	1.000222	0.000983
4.971558	1.000167	0.000859
5.132685	1.000223	0.000846
5.290771	1.000183	0.000964
5.455203	1.000043	0.000780
5.634108	0.999911	0.000719
5.800109	0.999669	0.001005
5.977458	1.000404	0.001124
6.165087	1.000125	0.001205
6.389204	0.999591	0.000739
6.635162	0.999961	0.000823
6.888456	0.999914	0.000847
7.131929	0.999904	0.000872
7.368868	0.999964	0.000763
7.626151	0.999822	0.000844
7.870941	0.999808	0.000838
8.099692	0.999573	0.000761
8.325143	0.999783	0.000996
8.549513	0.999850	0.001011
8.791924	0.999842	0.001128
9.033487	0.999499	0.000991
9.280187	0.999778	0.001240
9.463992	0.999598	0.001141
9.634631	0.998999	0.001224
9.809568	0.998990	0.000835
9.977555	0.999284	0.000925
10.144384	0.999462	0.000917
10.307259	0.999774	0.000745
10.476559	0.999855	0.000841
10.643322	0.999666	0.000960
10.812796	1.000228	0.000696
10.978302	1.000352	0.000777
11.143973	1.000271	0.001229
11.306601	1.000093	0.001370
11.467881	0.999999	0.001206
11.633223	0.999976	0.001037
11.794267	1.000134	0.000949
11.954986	1.000335	0.001009
12.117513	1.000044	0.000872
12.280709	0.999947	0.001066
12.441346	0.999899	0.000718
12.603215	1.000204	0.000890
12.769394	0.999850	0.000891
12.936461	1.000036	0.001072
13.110811	1.000439	0.000810
13.286828	1.000189	0.000788
13.453740	1.000171	0.000861
13.621657	1.000060	0.001014
13.780704	1.000413	0.001038
13.939940	1.000295	0.000753
14.100481	1.000294	0.000999
14.265746	1.000682	0.001496
14.424885	1.001405	0.004488
14.613814	1.000052	0.000965
14.835381	1.000153	0.001091
15.063968	0.999961	0.000803
15.297348	0.999862	0.000698
15.529490	1.000125	0.001010
15.750970	1.000062	0.001060
15.980629	1.000082	0.000849
16.216334	1.000212	0.000869
16.447147	0.999736	0.000926
16.676393	0.999907	0.001023
16.917884	0.999960	0.000777
17.145395	0.999983	0.001043
17.372256	1.000144	0.000934
17.627297	0.999867	0.000873
17.886881	1.000092	0.000932
18.139200	1.000008	0.000939
18.395071	1.000103	0.000889
18.659456	0.999808	0.000995
18.913010	0.999908	0.000890
