100
0.014411	1.000472	0.002330
0.039156	1.000421	0.001721
0.066083	1.000406	0.001303
0.090693	1.000316	0.001208
0.114471	0.999943	0.001587
0.139327	0.999726	0.001519
0.164107	1.000129	0.001242
0.188375	1.000159	0.001776
0.213257	0.999608	0.001902
0.237501	0.999620	0.002026
0.260875	0.999573	0.002089
0.284988	0.998483	0.003894
0.308550	0.995743	0.011986
0.332916	0.993780	0.019410
0.356317	0.988604	0.032946
0.379333	0.988395	0.036473
0.401891	0.984666	0.041339
0.425336	0.983571	0.044013
0.449346	0.981657	0.045134
0.472943	0.975564	0.050785
0.497770	0.985456	0.039319
0.520412	0.981423	0.046745
0.543563	0.986547	0.038455
0.567463	0.983935	0.037495
0.591455	0.988811	0.033537
0.614908	0.990244	0.032427
0.638877	0.991049	0.031951
0.662512	0.991793	0.030504
0.686459	0.992692	0.027709
0.709934	0.993348	0.023635
0.732651	0.994392	0.019328
0.756515	0.993791	0.018295
0.781073	0.995249	0.024012
0.804424	0.994232	0.027745
0.827040	0.993652	0.030748
0.849261	0.996058	0.027944
0.873191	0.997508	0.024375
0.896642	0.994192	0.032875
0.920074	0.994799	0.031354
0.942829	0.995917	0.028176
0.965225	0.997519	0.024287
0.987515	1.000032	0.020412
1.009838	0.999810	0.014450
1.032213	1.000424	0.009569
1.054956	1.001886	0.006429
1.076503	1.001947	0.006043
1.098391	1.001666	0.005646
1.119711	1.001585	0.005479
1.142035	1.001611	0.004176
1.164502	1.002357	0.004351
1.186846	1.001096	0.003680
1.208986	1.001140	0.003712
1.230633	1.001483	0.003011
1.251709	1.001528	0.003020
1.273482	1.001582	0.002698
1.295618	1.001167	0.002715
1.317116	1.001569	0.002671
1.339521	1.001017	0.002558
1.360535	1.001676	0.002581
1.381824	1.000593	0.003914
1.403629	1.003147	0.010615
1.425577	1.000900	0.002145
1.448407	1.000612	0.002370
1.471109	1.000377	0.002014
1.493778	1.003646	0.014544
1.515918	1.004770	0.015914
1.538209	1.005295	0.015588
1.561123	1.003493	0.012182
1.583455	1.002610	0.010945
1.605866	1.001470	0.008728
1.627595	1.001566	0.006241
1.649675	1.001213	0.004273
1.671999	1.000275	0.003365
1.694047	1.004511	0.028347
1.716379	1.006453	0.031190
1.738700	1.002344	0.016556
1.761251	1.001990	0.013130
1.782985	1.001214	0.010734
1.803811	1.000511	0.008791
1.825236	1.000553	0.007100
1.846455	1.000439	0.005704
1.867657	1.000001	0.004812
1.888889	1.000434	0.003869
1.911106	1.000130	0.003044
1.932361	1.000065	0.002638
1.952817	0.999644	0.002378
1.974145	1.000279	0.001852
1.996454	1.000619	0.002354
2.019467	1.001144	0.002216
2.042420	1.000997	0.002002
2.066539	1.000912	0.002182
2.091335	1.000761	0.002200
2.114317	1.000067	0.002440
2.136690	1.000653	0.002177
2.160485	1.000889	0.002465
2.184067	1.000801	0.001716
2.207923	1.000488	0.002453
2.233220	1.000530	0.002224
2.258465	1.000540	0.001798
2.282190	1.000378	0.002431
0.028821	1.000472	0.002330
0.078312	1.000421	0.001721
0.132166	1.000406	0.001303
0.181387	1.000316	0.001208
0.228942	0.999943	0.001587
0.278654	0.999726	0.001519
0.328214	1.000129	0.001242
0.376750	1.000159	0.001776
0.426514	0.999608	0.001902
0.475003	0.999620	0.002026
0.521750	0.999573	0.002089
0.569975	0.998483	0.003894
0.617101	0.995743	0.011986
0.665833	0.993780	0.019410
0.712635	0.988604	0.032946
0.758667	0.988395	0.036473
0.803782	0.984666	0.041339
0.850673	0.983571	0.044013
0.898692	0.981657	0.045134
0.945887	0.975564	0.050785
0.995540	0.985456	0.039319
1.040823	0.981423	0.046745
1.087126	0.986547	0.038455
1.134927	0.983935	0.037495
1.182910	0.988811	0.033537
1.229817	0.990244	0.032427
1.277754	0.991049	0.031951
1.325024	0.991793	0.030504
1.372918	0.992692	0.027709
1.419869	0.993348	0.023635
1.465303	0.994392	0.019328
1.513030	0.993791	0.018295
1.562146	0.995249	0.024012
1.608849	0.994232	0.027745
1.654081	0.993652	0.030748
1.698523	0.996058	0.027944
1.746383	0.997508	0.024375
1.793285	0.994192	0.032875
1.840148	0.994799	0.031354
1.885659	0.995917	0.028176
1.930449	0.997519	0.024287
1.975029	1.000032	0.020412
2.019676	0.999810	0.014450
2.064427	1.000424	0.009569
2.109913	1.001886	0.006429
2.153005	1.001947	0.006043
2.196782	1.001666	0.005646
2.239421	1.001585	0.005479
2.284070	1.001611	0.004176
2.329004	1.002357	0.004351
2.373693	1.001096	0.003680
2.417971	1.001140	0.003712
2.461266	1.001483	0.003011
2.503417	1.001528	0.003020
2.546965	1.001582	0.002698
2.591237	1.001167	0.002715
2.634231	1.001569	0.002671
2.679042	1.001017	0.002558
2.721069	1.001676	0.002581
2.763649	1.000593	0.003914
2.807258	1.003147	0.010615
2.851154	1.000900	0.002145
2.896815	1.000612	0.002370
2.942218	1.000377	0.002014
2.987557	1.003646	0.014544
3.031837	1.004770	0.015914
3.076418	1.005295	0.015588
3.122245	1.003493	0.012182
3.166911	1.002610	0.010945
3.211733	1.001470	0.008728
3.255190	1.001566	0.006241
3.299350	1.001213	0.004273
3.343997	1.000275	0.003365
3.388095	1.004511	0.028347
3.432758	1.006453	0.031190
3.477399	1.002344	0.016556
3.522503	1.001990	0.013130
3.565971	1.001214	0.010734
3.607622	1.000511	0.008791
3.650472	1.000553	0.007100
3.692910	1.000439	0.005704
3.735315	1.000001	0.004812
3.777778	1.000434	0.003869
3.822211	1.000130	0.003044
3.864722	1.000065	0.002638
3.905634	0.999644	0.002378
3.948291	1.000279	0.001852
3.992907	1.000619	0.002354
4.038934	1.001144	0.002216
4.084840	1.000997	0.002002
4.133078	1.000912	0.002182
4.182670	1.000761	0.002200
4.228635	1.000067	0.002440
4.273381	1.000653	0.002177
4.320970	1.000889	0.002465
4.368133	1.000801	0.001716
4.415847	1.000488	0.002453
4.466440	1.000530	0.002224
4.516931	1.000540	0.001798
4.564380	1.000378	0.002431
