100
0.035435	0.999567	0.002720
0.118214	0.999543	0.002538
0.199442	0.999057	0.002537
0.277340	0.987702	0.032373
0.348043	0.971361	0.071726
0.422948	0.961558	0.082647
0.496110	0.989610	0.029139
0.570828	0.999189	0.004232
0.644310	0.999741	0.001459
0.715253	0.999940	0.001313
0.788445	1.000062	0.001273
0.850129	1.000070	0.001481
0.909631	0.993724	0.018669
0.970797	0.976797	0.061729
1.033717	0.953329	0.100314
1.095114	0.976692	0.059637
1.156875	0.996536	0.012542
1.215609	0.999899	0.001884
1.275008	0.999991	0.001883
1.334202	1.000190	0.002168
1.392929	0.999955	0.002115
1.453844	0.999702	0.001751
1.513174	0.999332	0.001788
1.573839	0.992675	0.018166
1.633214	0.969249	0.051404
1.692181	0.933173	0.098102
1.752168	0.922343	0.108125
1.812094	0.955405	0.071278
1.870658	0.984800	0.030930
1.929143	0.997861	0.004247
1.994649	0.999170	0.001315
2.058400	0.999394	0.001246
2.121344	0.999592	0.001317
2.183202	1.000089	0.001386
2.246336	1.000607	0.001408
2.310481	1.000921	0.002023
2.370981	1.001132	0.002705
2.428318	1.001870	0.003397
2.491614	1.002118	0.003731
2.554433	1.002216	0.003544
2.616326	1.002284	0.003229
2.681492	1.001592	0.002684
2.744930	1.000949	0.002241
2.806025	1.000378	0.001509
2.870477	0.999437	0.001729
2.938704	0.973682	0.038555
3.007926	0.903965	0.098975
3.072499	0.894273	0.120255
3.141073	0.926107	0.081515
3.206020	0.987425	0.023138
3.268548	0.999650	0.001179
3.329641	0.999476	0.001086
3.395251	0.999527	0.000755
3.464369	0.999978	0.000762
3.526121	1.000476	0.001030
3.585897	1.000655	0.001374
3.647583	1.000947	0.001911
3.708621	1.001123	0.002622
3.771129	1.001400	0.003284
3.832023	1.001334	0.003668
3.893899	1.001678	0.003835
3.955241	1.001531	0.003704
4.015348	1.001096	0.002917
4.081735	1.000568	0.002051
4.150578	1.000156	0.001423
4.215271	0.997249	0.008363
4.281700	0.967259	0.047208
4.345663	0.907959	0.105282
4.409627	0.895867	0.117502
4.473588	0.951760	0.062200
4.538478	0.993940	0.014758
4.604236	1.000082	0.001112
4.672669	1.000246	0.000875
4.756969	1.000369	0.001142
4.841933	1.000773	0.000876
4.923663	0.997605	0.015799
5.009572	0.985421	0.053305
5.093715	0.981883	0.063552
5.177068	0.993379	0.030351
5.262332	1.001635	0.004500
5.347754	1.001216	0.002991
5.430929	1.000587	0.001535
5.512987	0.999084	0.006768
5.600137	0.958223	0.063684
5.710248	0.916145	0.108584
5.818207	0.975201	0.045367
5.932955	0.999825	0.005393
6.035281	0.999514	0.004264
6.138802	0.999699	0.003994
6.239756	0.993686	0.024497
6.342288	0.964056	0.080272
6.442894	0.960871	0.083704
6.543467	0.998086	0.018187
6.647828	1.001674	0.004056
6.750512	1.000841	0.003152
6.857960	0.998680	0.007062
6.963205	0.942337	0.090418
7.068558	0.940929	0.094136
7.171442	0.997794	0.012638
7.268891	1.000239	0.003210
0.070870	0.999567	0.002720
0.236428	0.999543	0.002538
0.398883	0.999057	0.002537
0.554680	0.987702	0.032373
0.696086	0.971361	0.071726
0.845896	0.961558	0.082647
0.992220	0.989610	0.029139
1.141655	0.999189	0.004232
1.288620	0.999741	0.001459
1.430506	0.999940	0.001313
1.576889	1.000062	0.001273
1.700258	1.000070	0.001481
1.819262	0.993724	0.018669
1.941595	0.976797	0.061729
2.067434	0.953329	0.100314
2.190228	0.976692	0.059637
2.313751	0.996536	0.012542
2.431217	0.999899	0.001884
2.550017	0.999991	0.001883
2.668404	1.000190	0.002168
2.785857	0.999955	0.002115
2.907687	0.999702	0.001751
3.026349	0.999332	0.001788
3.147679	0.992675	0.018166
3.266427	0.969249	0.051404
3.384361	0.933173	0.098102
3.504335	0.922343	0.108125
3.624188	0.955405	0.071278
3.741317	0.984800	0.030930
3.858285	0.997861	0.004247
3.989299	0.999170	0.001315
4.116799	0.999394	0.001246
4.242688	0.999592	0.001317
4.366405	1.000089	0.001386
4.492673	1.000607	0.001408
4.620962	1.000921	0.002023
4.741962	1.001132	0.002705
4.856636	1.001870	0.003397
4.983229	1.002118	0.003731
5.108865	1.002216	0.003544
5.232651	1.002284	0.003229
5.362985	1.001592	0.002684
5.489861	1.000949	0.002241
5.612050	1.000378	0.001509
5.740955	0.999437	0.001729
5.877407	0.973682	0.038555
6.015852	0.903965	0.098975
6.144998	0.894273	0.120255
6.282145	0.926107	0.081515
6.412040	0.987425	0.023138
6.537097	0.999650	0.001179
6.659281	0.999476	0.001086
6.790502	0.999527	0.000755
6.928739	0.999978	0.000762
7.052242	1.000476	0.001030
7.171795	1.000655	0.001374
7.295165	1.000947	0.001911
7.417243	1.001123	0.002622
7.542258	1.001400	0.003284
7.664046	1.001334	0.003668
7.787798	1.001678	0.003835
7.910482	1.001531	0.003704
8.030696	1.001096	0.002917
8.163470	1.000568	0.002051
8.301156	1.000156	0.001423
8.430541	0.997249	0.008363
8.563400	0.967259	0.047208
8.691327	0.907959	0.105282
8.819254	0.895867	0.117502
8.947176	0.951760	0.062200
9.076957	0.993940	0.014758
9.208472	1.000082	0.001112
9.345337	1.000246	0.000875
9.513938	1.000369	0.001142
9.683867	1.000773	0.000876
9.847327	0.997605	0.015799
10.019144	0.985421	0.053305
10.187429	0.981883	0.063552
10.354135	0.993379	0.030351
10.524663	1.001635	0.004500
10.695508	1.001216	0.002991
10.861857	1.000587	0.001535
11.025975	0.999084	0.006768
11.200274	0.958223	0.063684
11.420497	0.916145	0.108584
11.636413	0.975201	0.045367
11.865910	0.999825	0.005393
12.070561	0.999514	0.004264
12.277603	0.999699	0.003994
12.479513	0.993686	0.024497
12.684575	0.964056	0.080272
12.885788	0.960871	0.083704
13.086935	0.998086	0.018187
13.295657	1.001674	0.004056
13.501023	1.000841	0.003152
13.715920	0.998680	0.007062
13.926409	0.942337	0.090418
14.137116	0.940929	0.094136
14.342885	0.997794	0.012638
14.537782	1.000239	0.003210
