100
0.009466	1.000001	0.001086
0.028809	1.000026	0.001196
0.048188	0.999852	0.001159
0.067544	0.999954	0.000638
0.087144	0.999955	0.000938
0.106951	1.000102	0.000965
0.127348	0.999837	0.000801
0.147616	0.999978	0.001182
0.167410	0.999946	0.001073
0.188773	1.000003	0.000898
0.210188	0.999995	0.000887
0.231134	1.000099	0.001238
0.251858	0.999919	0.001019
0.271797	1.000051	0.000945
0.292440	1.000010	0.001025
0.313381	1.000118	0.000965
0.333624	1.000089	0.001145
0.354240	1.000252	0.000970
0.374520	1.001166	0.004938
0.395758	1.000099	0.000900
0.416892	0.999920	0.000871
0.437779	1.000053	0.001010
0.458549	1.000017	0.000926
0.478942	0.999878	0.000972
0.499575	1.000112	0.001302
0.520294	1.000153	0.001032
0.540798	1.000291	0.001138
0.561728	1.000014	0.001189
0.581690	1.000164	0.001161
0.601215	0.999967	0.001343
0.620820	0.999973	0.001159
0.640026	0.999847	0.001234
0.659830	0.999860	0.001330
0.679356	0.999882	0.001097
0.699202	0.999779	0.001292
0.718710	0.999778	0.001172
0.738134	0.999731	0.001412
0.757668	0.999438	0.001608
0.777588	0.999855	0.001420
0.796933	0.999705	0.001587
0.816638	0.999518	0.001560
0.836246	0.999557	0.001560
0.857128	0.999419	0.001577
0.876912	0.999641	0.001318
0.896565	0.999300	0.001625
0.916756	0.999608	0.001358
0.936750	0.999387	0.001594
0.956874	0.999499	0.001587
0.976711	0.999535	0.001590
0.996934	0.999618	0.001528
1.017363	0.999706	0.001575
1.038824	0.999778	0.001676
1.060758	0.999645	0.001437
1.081881	0.999892	0.001615
1.104231	0.999917	0.001559
1.125466	1.000144	0.001621
1.147585	1.000069	0.001398
1.169442	0.999934	0.001615
1.190554	1.000354	0.001630
1.211858	1.000226	0.001638
1.233218	1.000093	0.001714
1.254365	1.000445	0.001617
1.275884	1.000158	0.001297
1.296789	1.000399	0.001659
1.318409	1.000512	0.001936
1.338973	1.000389	0.001662
1.358607	1.000313	0.001345
1.378376	1.000126	0.001335
1.398091	1.000242	0.001419
1.417781	0.999993	0.001677
1.437370	1.000088	0.001730
1.457194	1.000134	0.001789
1.476612	1.000273	0.001941
1.496114	1.000123	0.001706
1.516098	1.000318	0.001925
1.535474	1.001214	0.006406
1.555056	1.001157	0.006035
1.575208	1.001173	0.005671
1.594575	1.000883	0.005342
1.614137	1.001189	0.004747
1.634220	1.000905	0.004462
1.653828	1.000801	0.004052
1.672775	1.000779	0.003703
1.692033	1.000852	0.003234
1.710811	1.000827	0.003040
1.729589	1.000574	0.002746
1.748995	1.000760	0.002544
1.768395	1.000400	0.002453
1.787488	1.000218	0.001183
1.807420	1.000319	0.002121
1.826622	1.000250	0.001968
1.845838	0.999963	0.000999
1.865046	0.999925	0.001731
1.883860	1.000079	0.001572
1.903000	1.000110	0.001528
1.922934	1.000129	0.001380
1.942300	1.000084	0.001362
1.961735	0.999781	0.001313
1.981627	1.000091	0.001323
2.001532	0.999775	0.001197
0.018931	1.000001	0.001086
0.057618	1.000026	0.001196
0.096376	0.999852	0.001159
0.135088	0.999954	0.000638
0.174287	0.999955	0.000938
0.213901	1.000102	0.000965
0.254696	0.999837	0.000801
0.295232	0.999978	0.001182
0.334819	0.999946	0.001073
0.377545	1.000003	0.000898
0.420377	0.999995	0.000887
0.462268	1.000099	0.001238
0.503715	0.999919	0.001019
0.543593	1.000051	0.000945
0.584880	1.000010	0.001025
0.626762	1.000118	0.000965
0.667248	1.000089	0.001145
0.708479	1.000252	0.000970
0.749040	1.001166	0.004938
0.791517	1.000099	0.000900
0.833784	0.999920	0.000871
0.875557	1.000053	0.001010
0.917097	1.000017	0.000926
0.957884	0.999878	0.000972
0.999151	1.000112	0.001302
1.040587	1.000153	0.001032
1.081596	1.000291	0.001138
1.123456	1.000014	0.001189
1.163379	1.000164	0.001161
1.202430	0.999967	0.001343
1.241639	0.999973	0.001159
1.280053	0.999847	0.001234
1.319660	0.999860	0.001330
1.358711	0.999882	0.001097
1.398404	0.999779	0.001292
1.437419	0.999778	0.001172
1.476268	0.999731	0.001412
1.515336	0.999438	0.001608
1.555176	0.999855	0.001420
1.593865	0.999705	0.001587
1.633277	0.999518	0.001560
1.672492	0.999557	0.001560
1.714257	0.999419	0.001577
1.753825	0.999641	0.001318
1.793131	0.999300	0.001625
1.833512	0.999608	0.001358
1.873501	0.999387	0.001594
1.913747	0.999499	0.001587
1.953422	0.999535	0.001590
1.993869	0.999618	0.001528
2.034727	0.999706	0.001575
2.077647	0.999778	0.001676
2.121517	0.999645	0.001437
2.163762	0.999892	0.001615
2.208463	0.999917	0.001559
2.250932	1.000144	0.001621
2.295170	1.000069	0.001398
2.338884	0.999934	0.001615
2.381108	1.000354	0.001630
2.423715	1.000226	0.001638
2.466436	1.000093	0.001714
2.508730	1.000445	0.001617
2.551769	1.000158	0.001297
2.593577	1.000399	0.001659
2.636818	1.000512	0.001936
2.677946	1.000389	0.001662
2.717215	1.000313	0.001345
2.756752	1.000126	0.001335
2.796183	1.000242	0.001419
2.835562	0.999993	0.001677
2.874741	1.000088	0.001730
2.914388	1.000134	0.001789
2.953224	1.000273	0.001941
2.992228	1.000123	0.001706
3.032195	1.000318	0.001925
3.070947	1.001214	0.006406
3.110112	1.001157	0.006035
3.150416	1.001173	0.005671
3.189149	1.000883	0.005342
3.228273	1.001189	0.004747
3.268439	1.000905	0.004462
3.307657	1.000801	0.004052
3.345551	1.000779	0.003703
3.384066	1.000852	0.003234
3.421621	1.000827	0.003040
3.459177	1.000574	0.002746
3.497990	1.000760	0.002544
3.536790	1.000400	0.002453
3.574975	1.000218	0.001183
3.614840	1.000319	0.002121
3.653244	1.000250	0.001968
3.691676	0.999963	0.000999
3.730091	0.999925	0.001731
3.767719	1.000079	0.001572
3.806000	1.000110	0.001528
3.845868	1.000129	0.001380
3.884601	1.000084	0.001362
3.923470	0.999781	0.001313
3.963255	1.000091	0.001323
4.003065	0.999775	0.001197
