100
0.044403	0.993238	0.012867
0.146806	1.000024	0.001965
0.257632	0.999864	0.002622
0.348498	1.001324	0.002082
0.432308	0.999239	0.004928
0.520059	1.000604	0.006985
0.605074	1.003104	0.007178
0.691530	1.005867	0.005464
0.778591	1.004595	0.003765
0.866063	1.002459	0.002442
0.952079	1.000709	0.008957
1.025789	0.987596	0.042136
1.095600	0.919257	0.102545
1.166573	0.928923	0.102555
1.236484	0.969541	0.050280
1.305134	0.999171	0.005763
1.373460	1.001119	0.007269
1.438821	1.005150	0.012057
1.498928	1.001624	0.005160
1.560492	1.000244	0.002539
1.622936	1.000322	0.002160
1.680386	1.000492	0.002786
1.738606	0.997068	0.008323
1.796203	0.993083	0.011288
1.854353	0.996715	0.008754
1.912872	1.001142	0.003351
1.969740	1.001339	0.002940
2.026883	1.001432	0.001700
2.087792	1.000642	0.001564
2.145230	1.000548	0.002012
2.203119	0.999971	0.002534
2.260962	1.000021	0.001776
2.319085	1.000093	0.002049
2.376997	0.999574	0.001524
2.435818	0.999611	0.002434
2.498004	0.998840	0.002067
2.558748	0.999907	0.002588
2.616818	1.000089	0.001799
2.674567	1.000371	0.002829
2.731914	1.000360	0.002205
2.792082	1.000568	0.001673
2.855258	1.000660	0.002114
2.916771	1.000796	0.002084
2.979006	0.999378	0.001326
3.041901	1.000329	0.002277
3.105139	1.000933	0.005009
3.167312	0.993730	0.012399
3.227817	0.974693	0.039734
3.288160	0.957275	0.061393
3.348407	0.958704	0.059256
3.410637	0.976988	0.034664
3.470963	0.995975	0.009832
3.531149	0.998866	0.002268
3.592365	0.999397	0.002012
3.653867	0.998993	0.002491
3.719038	0.999096	0.001640
3.784071	0.999698	0.002669
3.846889	0.998469	0.004031
3.914028	0.996573	0.006182
3.983621	0.995558	0.008269
4.050040	1.008826	0.042282
4.112549	1.008619	0.029110
4.178405	1.006697	0.017563
4.241635	1.004945	0.012100
4.306437	1.002328	0.008684
4.370998	1.000264	0.005522
4.435810	0.997130	0.007905
4.500192	0.974758	0.052200
4.564759	0.930166	0.107335
4.628935	0.947615	0.086896
4.692542	0.986026	0.031851
4.758616	0.997983	0.003922
4.827260	1.000177	0.002270
4.896226	0.999222	0.002471
4.963348	0.999751	0.002147
5.032012	0.999569	0.002594
5.101052	0.997219	0.003876
5.164846	0.997593	0.005887
5.229800	0.992290	0.011020
5.294600	0.994714	0.010498
5.360379	1.000056	0.004207
5.424942	0.999950	0.003176
5.489892	1.000868	0.002858
5.556396	1.000289	0.002420
5.621154	0.999812	0.005389
5.683914	1.000617	0.029038
5.758263	1.000037	0.001488
5.834484	1.002171	0.017340
5.910192	1.000256	0.007899
5.985920	1.001171	0.003393
6.059381	1.001518	0.002392
6.133110	1.000246	0.003510
6.207386	0.999583	0.005266
6.280253	1.000744	0.010087
6.367955	0.998173	0.007716
6.459097	0.998560	0.005553
6.551363	0.998896	0.006698
6.648288	0.978512	0.032110
6.744428	0.944645	0.063987
6.842267	0.960785	0.050566
0.088806	0.993238	0.012867
0.293612	1.000024	0.001965
0.515265	0.999864	0.002622
0.696997	1.001324	0.002082
0.864616	0.999239	0.004928
1.040117	1.000604	0.006985
1.210148	1.003104	0.007178
1.383061	1.005867	0.005464
1.557183	1.004595	0.003765
1.732125	1.002459	0.002442
1.904158	1.000709	0.008957
2.051577	0.987596	0.042136
2.191199	0.919257	0.102545
2.333145	0.928923	0.102555
2.472968	0.969541	0.050280
2.610268	0.999171	0.005763
2.746921	1.001119	0.007269
2.877643	1.005150	0.012057
2.997855	1.001624	0.005160
3.120985	1.000244	0.002539
3.245872	1.000322	0.002160
3.360772	1.000492	0.002786
3.477213	0.997068	0.008323
3.592405	0.993083	0.011288
3.708705	0.996715	0.008754
3.825744	1.001142	0.003351
3.939480	1.001339	0.002940
4.053766	1.001432	0.001700
4.175584	1.000642	0.001564
4.290459	1.000548	0.002012
4.406237	0.999971	0.002534
4.521924	1.000021	0.001776
4.638169	1.000093	0.002049
4.753994	0.999574	0.001524
4.871636	0.999611	0.002434
4.996008	0.998840	0.002067
5.117496	0.999907	0.002588
5.233636	1.000089	0.001799
5.349135	1.000371	0.002829
5.463827	1.000360	0.002205
5.584164	1.000568	0.001673
5.710517	1.000660	0.002114
5.833541	1.000796	0.002084
5.958013	0.999378	0.001326
6.083803	1.000329	0.002277
6.210278	1.000933	0.005009
6.334623	0.993730	0.012399
6.455633	0.974693	0.039734
6.576319	0.957275	0.061393
6.696814	0.958704	0.059256
6.821274	0.976988	0.034664
6.941927	0.995975	0.009832
7.062297	0.998866	0.002268
7.184731	0.999397	0.002012
7.307735	0.998993	0.002491
7.438077	0.999096	0.001640
7.568142	0.999698	0.002669
7.693778	0.998469	0.004031
7.828056	0.996573	0.006182
7.967243	0.995558	0.008269
8.100080	1.008826	0.042282
8.225098	1.008619	0.029110
8.356809	1.006697	0.017563
8.483270	1.004945	0.012100
8.612873	1.002328	0.008684
8.741996	1.000264	0.005522
8.871621	0.997130	0.007905
9.000384	0.974758	0.052200
9.129519	0.930166	0.107335
9.257870	0.947615	0.086896
9.385084	0.986026	0.031851
9.517231	0.997983	0.003922
9.654520	1.000177	0.002270
9.792452	0.999222	0.002471
9.926695	0.999751	0.002147
10.064025	0.999569	0.002594
10.202103	0.997219	0.003876
10.329691	0.997593	0.005887
10.459600	0.992290	0.011020
10.589200	0.994714	0.010498
10.720758	1.000056	0.004207
10.849885	0.999950	0.003176
10.979784	1.000868	0.002858
11.112792	1.000289	0.002420
11.242307	0.999812	0.005389
11.367829	1.000617	0.029038
11.516527	1.000037	0.001488
11.668968	1.002171	0.017340
11.820384	1.000256	0.007899
11.971839	1.001171	0.003393
12.118762	1.001518	0.002392
12.266220	1.000246	0.003510
12.414772	0.999583	0.005266
12.560506	1.000744	0.010087
12.735910	0.998173	0.007716
12.918195	0.998560	0.005553
13.102727	0.998896	0.006698
13.296575	0.978512	0.032110
13.488856	0.944645	0.063987
13.684533	0.960785	0.050566
