100
0.013488	0.999674	0.001204
0.042551	0.999811	0.000969
0.072868	1.000081	0.000807
0.102746	1.000214	0.001049
0.133315	0.999930	0.001032
0.162991	1.000271	0.000958
0.192820	1.000452	0.001506
0.223140	1.000221	0.001228
0.252351	1.000549	0.000992
0.281737	1.000337	0.001268
0.310701	1.000665	0.001417
0.339846	1.000884	0.001632
0.368118	1.000493	0.001561
0.396428	1.001172	0.002178
0.426475	1.000663	0.001916
0.456290	1.001036	0.002343
0.486503	1.001258	0.002357
0.516139	1.001025	0.002284
0.546196	1.001229	0.002330
0.577417	1.001528	0.002423
0.609343	1.001759	0.002146
0.639814	1.001224	0.002368
0.669212	1.001265	0.002274
0.699236	1.001359	0.002250
0.729084	1.001056	0.002023
0.760002	1.001285	0.001974
0.790987	1.001330	0.002332
0.821467	1.000625	0.002071
0.851115	1.000854	0.002368
0.882056	1.000889	0.002503
0.912577	1.000641	0.002754
0.942263	1.000711	0.002543
0.973110	1.000435	0.002391
1.002712	1.000410	0.002116
1.032433	1.000406	0.001809
1.061058	0.999738	0.001465
1.089044	0.999459	0.002709
1.114920	0.998434	0.004290
1.139792	0.998719	0.003334
1.164157	0.998524	0.003593
1.189048	0.998469	0.003146
1.214182	0.999197	0.002132
1.239357	0.998817	0.002428
1.264792	0.998894	0.002127
1.291030	0.999213	0.002010
1.317469	0.999118	0.001923
1.342712	0.999078	0.001959
1.367893	0.999335	0.001534
1.393194	0.999466	0.002122
1.418968	0.999355	0.001425
1.445114	0.999496	0.001464
1.470847	0.999514	0.001252
1.496718	0.999845	0.001116
1.521903	0.999712	0.000960
1.546099	0.996758	0.020112
1.570311	0.997216	0.017307
1.595937	0.995535	0.019983
1.622657	0.998296	0.012051
1.647213	0.998384	0.010871
1.671813	0.998566	0.010488
1.695626	0.998640	0.009681
1.719687	0.997948	0.011737
1.744290	0.999412	0.007178
1.768303	0.999752	0.006306
1.792262	0.999777	0.005326
1.816905	0.999963	0.004522
1.840351	1.001390	0.009575
1.864912	1.000168	0.002467
1.889324	1.000247	0.002036
1.913792	1.000324	0.002098
1.938305	1.000419	0.002119
1.963031	1.000611	0.001755
1.987175	1.000281	0.002021
2.011840	1.000148	0.001605
2.035486	1.000562	0.002499
2.059696	1.000468	0.002457
2.085019	1.000446	0.002409
2.110565	1.000193	0.002072
2.136611	0.999912	0.003839
2.163625	0.999630	0.003624
2.191984	0.999817	0.002004
2.220756	0.999696	0.002374
2.248984	0.999823	0.001836
2.277294	0.999630	0.001562
2.306557	0.999879	0.001632
2.334297	0.999874	0.001061
2.362355	0.999499	0.001079
2.390294	0.999402	0.000948
2.419236	0.999496	0.001111
2.449337	0.999437	0.001242
2.480567	0.999472	0.001253
2.511084	0.999334	0.001694
2.540852	0.999890	0.001299
2.570467	0.999731	0.001302
2.600797	0.999297	0.001242
2.631513	0.999410	0.001135
2.661900	0.999666	0.001318
2.690948	0.999789	0.001213
2.719509	0.999977	0.001176
2.748294	0.999720	0.001423
0.026976	0.999674	0.001204
0.085101	0.999811	0.000969
0.145736	1.000081	0.000807
0.205491	1.000214	0.001049
0.266630	0.999930	0.001032
0.325982	1.000271	0.000958
0.385639	1.000452	0.001506
0.446279	1.000221	0.001228
0.504702	1.000549	0.000992
0.563473	1.000337	0.001268
0.621401	1.000665	0.001417
0.679692	1.000884	0.001632
0.736236	1.000493	0.001561
0.792856	1.001172	0.002178
0.852950	1.000663	0.001916
0.912581	1.001036	0.002343
0.973007	1.001258	0.002357
1.032278	1.001025	0.002284
1.092391	1.001229	0.002330
1.154834	1.001528	0.002423
1.218686	1.001759	0.002146
1.279629	1.001224	0.002368
1.338424	1.001265	0.002274
1.398471	1.001359	0.002250
1.458167	1.001056	0.002023
1.520005	1.001285	0.001974
1.581973	1.001330	0.002332
1.642935	1.000625	0.002071
1.702231	1.000854	0.002368
1.764112	1.000889	0.002503
1.825154	1.000641	0.002754
1.884526	1.000711	0.002543
1.946220	1.000435	0.002391
2.005424	1.000410	0.002116
2.064867	1.000406	0.001809
2.122117	0.999738	0.001465
2.178087	0.999459	0.002709
2.229839	0.998434	0.004290
2.279584	0.998719	0.003334
2.328313	0.998524	0.003593
2.378096	0.998469	0.003146
2.428364	0.999197	0.002132
2.478715	0.998817	0.002428
2.529584	0.998894	0.002127
2.582061	0.999213	0.002010
2.634938	0.999118	0.001923
2.685424	0.999078	0.001959
2.735787	0.999335	0.001534
2.786388	0.999466	0.002122
2.837936	0.999355	0.001425
2.890228	0.999496	0.001464
2.941695	0.999514	0.001252
2.993435	0.999845	0.001116
3.043806	0.999712	0.000960
3.092198	0.996758	0.020112
3.140623	0.997216	0.017307
3.191873	0.995535	0.019983
3.245315	0.998296	0.012051
3.294426	0.998384	0.010871
3.343627	0.998566	0.010488
3.391252	0.998640	0.009681
3.439375	0.997948	0.011737
3.488580	0.999412	0.007178
3.536605	0.999752	0.006306
3.584524	0.999777	0.005326
3.633809	0.999963	0.004522
3.680702	1.001390	0.009575
3.729825	1.000168	0.002467
3.778647	1.000247	0.002036
3.827584	1.000324	0.002098
3.876609	1.000419	0.002119
3.926062	1.000611	0.001755
3.974349	1.000281	0.002021
4.023680	1.000148	0.001605
4.070971	1.000562	0.002499
4.119392	1.000468	0.002457
4.170038	1.000446	0.002409
4.221129	1.000193	0.002072
4.273222	0.999912	0.003839
4.327251	0.999630	0.003624
4.383968	0.999817	0.002004
4.441512	0.999696	0.002374
4.497969	0.999823	0.001836
4.554589	0.999630	0.001562
4.613114	0.999879	0.001632
4.668594	0.999874	0.001061
4.724709	0.999499	0.001079
4.780589	0.999402	0.000948
4.838472	0.999496	0.001111
4.898674	0.999437	0.001242
4.961134	0.999472	0.001253
5.022168	0.999334	0.001694
5.081705	0.999890	0.001299
5.140934	0.999731	0.001302
5.201593	0.999297	0.001242
5.263026	0.999410	0.001135
5.323801	0.999666	0.001318
5.381895	0.999789	0.001213
5.439017	0.999977	0.001176
5.496587	0.999720	0.001423
