100
0.017648	1.000218	0.002917
0.054221	0.999314	0.002529
0.093816	0.998654	0.002490
0.136584	0.999801	0.002577
0.176656	1.000232	0.002677
0.216608	0.999852	0.001618
0.255591	1.000848	0.002857
0.293107	1.001480	0.002438
0.332810	1.000469	0.002876
0.369375	0.999841	0.002525
0.405331	0.998777	0.003096
0.442272	0.999464	0.003961
0.485627	0.998869	0.002343
0.525306	0.999982	0.003238
0.561763	1.000862	0.003883
0.603023	1.000587	0.004729
0.643402	1.000054	0.003082
0.681623	0.998838	0.002997
0.719026	0.998691	0.003136
0.756240	0.998979	0.002726
0.794312	0.999429	0.002908
0.829782	0.999464	0.002621
0.869281	1.001225	0.003588
0.904511	1.001332	0.003422
0.940939	1.002586	0.005467
0.979878	1.002369	0.004771
1.018458	1.002327	0.007390
1.060286	1.001325	0.006633
1.098939	1.001174	0.007451
1.136222	1.003073	0.008687
1.174132	1.003738	0.008287
1.213525	1.004563	0.008585
1.252188	1.002925	0.005813
1.292990	1.002648	0.005471
1.328826	1.005151	0.008481
1.363385	1.004846	0.011400
1.401201	1.003981	0.010508
1.435962	1.003884	0.013374
1.472892	1.005733	0.013946
1.506233	1.004356	0.010244
1.540635	1.004291	0.009474
1.577722	1.005246	0.009980
1.615084	1.004692	0.008916
1.651592	1.004134	0.009088
1.686473	1.002819	0.008092
1.723939	1.002566	0.009396
1.762539	1.003398	0.009854
1.796299	1.002906	0.007879
1.837467	1.002460	0.004948
1.872243	1.000805	0.003410
1.906233	0.999910	0.004040
1.939060	0.999654	0.003700
1.973006	0.998805	0.004000
2.008498	0.998804	0.004745
2.041688	0.999232	0.004424
2.074428	0.999057	0.006012
2.111366	0.999209	0.005269
2.144956	0.999903	0.002455
2.175694	1.000887	0.002283
2.205316	1.000206	0.002963
2.237970	1.000018	0.003073
2.272835	0.999498	0.002127
2.305965	0.999070	0.002839
2.338431	0.999703	0.002311
2.370804	0.999865	0.002867
2.405351	1.000215	0.002988
2.437177	0.999547	0.003139
2.467846	1.001617	0.002939
2.495857	1.001588	0.002511
2.528298	1.002301	0.003254
2.559020	1.002424	0.004641
2.586868	1.000166	0.004882
2.618408	1.001103	0.006413
2.649018	0.999661	0.006142
2.680192	1.000229	0.008208
2.713746	0.999604	0.007858
2.744047	0.999042	0.012019
2.773334	1.000651	0.010714
2.806921	0.998510	0.014313
2.835261	0.999055	0.010378
2.865399	1.000698	0.010187
2.894264	0.997705	0.010835
2.927069	0.998985	0.007182
2.958831	0.999952	0.004548
2.988803	1.000085	0.003597
3.020153	1.001357	0.007810
3.057155	0.999956	0.002051
3.093964	1.000961	0.003237
3.127937	1.000363	0.002855
3.163189	1.000991	0.003283
3.198697	1.000131	0.002481
3.233416	0.999082	0.003125
3.265905	0.999209	0.003219
3.298398	0.999018	0.003659
3.336868	0.999340	0.003563
3.367837	0.998631	0.002855
3.402555	1.000361	0.003098
3.437943	1.001376	0.003684
3.474153	1.000276	0.004170
3.512893	1.000853	0.002914
0.035297	1.000218	0.002917
0.108441	0.999314	0.002529
0.187631	0.998654	0.002490
0.273168	0.999801	0.002577
0.353312	1.000232	0.002677
0.433215	0.999852	0.001618
0.511182	1.000848	0.002857
0.586214	1.001480	0.002438
0.665620	1.000469	0.002876
0.738749	0.999841	0.002525
0.810662	0.998777	0.003096
0.884544	0.999464	0.003961
0.971253	0.998869	0.002343
1.050612	0.999982	0.003238
1.123527	1.000862	0.003883
1.206046	1.000587	0.004729
1.286803	1.000054	0.003082
1.363245	0.998838	0.002997
1.438053	0.998691	0.003136
1.512479	0.998979	0.002726
1.588625	0.999429	0.002908
1.659563	0.999464	0.002621
1.738562	1.001225	0.003588
1.809022	1.001332	0.003422
1.881877	1.002586	0.005467
1.959757	1.002369	0.004771
2.036916	1.002327	0.007390
2.120571	1.001325	0.006633
2.197878	1.001174	0.007451
2.272445	1.003073	0.008687
2.348264	1.003738	0.008287
2.427051	1.004563	0.008585
2.504376	1.002925	0.005813
2.585980	1.002648	0.005471
2.657653	1.005151	0.008481
2.726771	1.004846	0.011400
2.802401	1.003981	0.010508
2.871924	1.003884	0.013374
2.945784	1.005733	0.013946
3.012467	1.004356	0.010244
3.081270	1.004291	0.009474
3.155444	1.005246	0.009980
3.230167	1.004692	0.008916
3.303183	1.004134	0.009088
3.372945	1.002819	0.008092
3.447878	1.002566	0.009396
3.525077	1.003398	0.009854
3.592598	1.002906	0.007879
3.674934	1.002460	0.004948
3.744486	1.000805	0.003410
3.812466	0.999910	0.004040
3.878120	0.999654	0.003700
3.946012	0.998805	0.004000
4.016995	0.998804	0.004745
4.083377	0.999232	0.004424
4.148855	0.999057	0.006012
4.222731	0.999209	0.005269
4.289911	0.999903	0.002455
4.351388	1.000887	0.002283
4.410632	1.000206	0.002963
4.475940	1.000018	0.003073
4.545669	0.999498	0.002127
4.611930	0.999070	0.002839
4.676861	0.999703	0.002311
4.741608	0.999865	0.002867
4.810702	1.000215	0.002988
4.874354	0.999547	0.003139
4.935693	1.001617	0.002939
4.991714	1.001588	0.002511
5.056596	1.002301	0.003254
5.118039	1.002424	0.004641
5.173736	1.000166	0.004882
5.236817	1.001103	0.006413
5.298035	0.999661	0.006142
5.360383	1.000229	0.008208
5.427492	0.999604	0.007858
5.488094	0.999042	0.012019
5.546668	1.000651	0.010714
5.613842	0.998510	0.014313
5.670522	0.999055	0.010378
5.730798	1.000698	0.010187
5.788528	0.997705	0.010835
5.854139	0.998985	0.007182
5.917661	0.999952	0.004548
5.977606	1.000085	0.003597
6.040305	1.001357	0.007810
6.114310	0.999956	0.002051
6.187928	1.000961	0.003237
6.255874	1.000363	0.002855
6.326378	1.000991	0.003283
6.397394	1.000131	0.002481
6.466833	0.999082	0.003125
6.531809	0.999209	0.003219
6.596796	0.999018	0.003659
6.673735	0.999340	0.003563
6.735673	0.998631	0.002855
6.805111	1.000361	0.003098
6.875886	1.001376	0.003684
6.948307	1.000276	0.004170
7.025785	1.000853	0.002914
