100
0.054157	0.999587	0.000942
0.159282	1.000152	0.000860
0.266331	0.999924	0.001367
0.368048	0.999918	0.001416
0.466831	0.998767	0.004164
0.566601	1.000675	0.000671
0.670130	1.001380	0.000734
0.770955	1.001286	0.001420
0.851384	1.000932	0.001069
0.926913	1.001381	0.001035
1.004251	1.001574	0.000926
1.080298	1.001585	0.001210
1.157694	1.001719	0.001181
1.235268	1.001523	0.001388
1.321462	1.001413	0.001276
1.400715	1.000370	0.000999
1.478654	0.999681	0.001174
1.555346	0.998740	0.000895
1.638019	0.998010	0.000915
1.730895	0.986548	0.004564
1.820087	0.991301	0.005169
1.913037	0.997404	0.000848
1.999640	0.999774	0.001808
2.087809	1.003978	0.001450
2.170250	1.006910	0.001101
2.249931	1.007551	0.001171
2.325608	1.006457	0.001301
2.400196	1.004614	0.001145
2.473228	1.002854	0.001361
2.550981	1.000898	0.000917
2.630144	1.000195	0.000718
2.705515	0.999808	0.000967
2.781130	0.998565	0.001599
2.854981	0.998309	0.001358
2.929316	0.997824	0.001604
3.004694	0.998366	0.002292
3.082559	0.998648	0.001166
3.162335	0.999124	0.001576
3.239100	0.998923	0.002284
3.321468	0.998655	0.001954
3.408918	0.998870	0.001106
3.493051	0.999146	0.000990
3.580240	0.999731	0.002511
3.648089	0.999763	0.001440
3.719043	0.999654	0.001411
3.794957	1.000516	0.002132
3.862891	1.000095	0.001803
3.929723	0.999563	0.001542
3.995213	0.999098	0.001741
4.066873	0.999143	0.002125
4.134435	0.999862	0.001617
4.202400	1.000417	0.001290
4.269536	1.000638	0.001124
4.335614	1.001228	0.001505
4.405410	1.000603	0.001598
4.488176	1.000773	0.001138
4.570758	1.001331	0.000921
4.655205	1.001611	0.001142
4.737974	1.001826	0.001004
4.817703	1.001335	0.001044
4.899312	1.001795	0.001301
4.981195	1.003157	0.010805
5.058058	1.005295	0.013985
5.132173	1.005156	0.010289
5.205769	1.003004	0.004584
5.282897	1.002514	0.002447
5.357917	1.001814	0.001615
5.430544	1.000121	0.002370
5.504033	1.000109	0.001535
5.581021	0.999078	0.001169
5.655934	0.997999	0.001323
5.736700	0.991337	0.005308
5.817521	0.986303	0.004287
5.892395	0.995743	0.002532
5.965504	0.997708	0.001716
6.040652	1.000776	0.001917
6.114645	1.003628	0.001795
6.187984	1.006421	0.001230
6.264575	1.006406	0.002259
6.341014	1.005889	0.001999
6.419203	1.004512	0.001931
6.494768	1.002533	0.001125
6.567995	1.001273	0.000808
6.640863	0.999783	0.001017
6.718649	0.999166	0.000901
6.792413	0.998684	0.000904
6.866512	0.998036	0.000857
6.941753	0.997952	0.000924
7.015603	0.997742	0.000790
7.089937	0.997901	0.000995
7.165049	0.998476	0.001013
7.237992	0.998889	0.000825
7.311958	0.999249	0.001673
7.402793	0.998664	0.001021
7.503638	0.998869	0.000758
7.604116	0.998956	0.000850
7.705894	0.999299	0.000847
7.808077	1.000009	0.001168
7.914036	0.999529	0.000733
8.015497	0.999398	0.000853
0.108314	0.999587	0.000942
0.318564	1.000152	0.000860
0.532661	0.999924	0.001367
0.736095	0.999918	0.001416
0.933663	0.998767	0.004164
1.133202	1.000675	0.000671
1.340260	1.001380	0.000734
1.541911	1.001286	0.001420
1.702768	1.000932	0.001069
1.853825	1.001381	0.001035
2.008501	1.001574	0.000926
2.160596	1.001585	0.001210
2.315388	1.001719	0.001181
2.470537	1.001523	0.001388
2.642925	1.001413	0.001276
2.801430	1.000370	0.000999
2.957308	0.999681	0.001174
3.110692	0.998740	0.000895
3.276038	0.998010	0.000915
3.461790	0.986548	0.004564
3.640174	0.991301	0.005169
3.826074	0.997404	0.000848
3.999280	0.999774	0.001808
4.175618	1.003978	0.001450
4.340500	1.006910	0.001101
4.499861	1.007551	0.001171
4.651217	1.006457	0.001301
4.800393	1.004614	0.001145
4.946456	1.002854	0.001361
5.101963	1.000898	0.000917
5.260288	1.000195	0.000718
5.411029	0.999808	0.000967
5.562260	0.998565	0.001599
5.709961	0.998309	0.001358
5.858631	0.997824	0.001604
6.009388	0.998366	0.002292
6.165118	0.998648	0.001166
6.324669	0.999124	0.001576
6.478199	0.998923	0.002284
6.642936	0.998655	0.001954
6.817836	0.998870	0.001106
6.986102	0.999146	0.000990
7.160479	0.999731	0.002511
7.296179	0.999763	0.001440
7.438087	0.999654	0.001411
7.589914	1.000516	0.002132
7.725782	1.000095	0.001803
7.859445	0.999563	0.001542
7.990425	0.999098	0.001741
8.133747	0.999143	0.002125
8.268871	0.999862	0.001617
8.404800	1.000417	0.001290
8.539073	1.000638	0.001124
8.671228	1.001228	0.001505
8.810819	1.000603	0.001598
8.976353	1.000773	0.001138
9.141517	1.001331	0.000921
9.310410	1.001611	0.001142
9.475948	1.001826	0.001004
9.635405	1.001335	0.001044
9.798624	1.001795	0.001301
9.962391	1.003157	0.010805
10.116116	1.005295	0.013985
10.264346	1.005156	0.010289
10.411539	1.003004	0.004584
10.565794	1.002514	0.002447
10.715834	1.001814	0.001615
10.861088	1.000121	0.002370
11.008065	1.000109	0.001535
11.162042	0.999078	0.001169
11.311867	0.997999	0.001323
11.473401	0.991337	0.005308
11.635042	0.986303	0.004287
11.784789	0.995743	0.002532
11.931008	0.997708	0.001716
12.081304	1.000776	0.001917
12.229289	1.003628	0.001795
12.375969	1.006421	0.001230
12.529150	1.006406	0.002259
12.682029	1.005889	0.001999
12.838405	1.004512	0.001931
12.989536	1.002533	0.001125
13.135991	1.001273	0.000808
13.281726	0.999783	0.001017
13.437299	0.999166	0.000901
13.584826	0.998684	0.000904
13.733024	0.998036	0.000857
13.883507	0.997952	0.000924
14.031207	0.997742	0.000790
14.179875	0.997901	0.000995
14.330099	0.998476	0.001013
14.475984	0.998889	0.000825
14.623916	0.999249	0.001673
14.805586	0.998664	0.001021
15.007276	0.998869	0.000758
15.208232	0.998956	0.000850
15.411789	0.999299	0.000847
15.616154	1.000009	0.001168
15.828071	0.999529	0.000733
16.030994	0.999398	0.000853
