100
0.034857	0.979386	0.018715
0.112520	1.005378	0.022390
0.188295	0.999962	0.030249
0.262020	1.022274	0.028772
0.322520	0.989355	0.024965
0.398103	1.008431	0.008222
0.481608	0.995651	0.017099
0.570458	1.022975	0.022224
0.646262	1.021083	0.043292
0.722047	1.057843	0.062181
0.801521	1.019882	0.053156
0.884858	1.025932	0.037677
0.966294	1.005155	0.022633
1.042108	1.015112	0.018227
1.117901	0.997481	0.016992
1.195467	1.007712	0.015469
1.275003	0.994672	0.019909
1.344239	1.041621	0.072237
1.396329	1.021521	0.063592
1.448399	1.025713	0.044337
1.500489	1.030123	0.035439
1.552569	0.988188	0.022193
1.604659	1.017558	0.017303
1.656739	1.004855	0.014684
1.708829	0.983888	0.015034
1.760899	1.005723	0.014763
1.812989	1.003734	0.012301
1.865069	0.974313	0.011786
1.917159	1.004411	0.013984
1.969239	0.991613	0.010574
2.021329	0.970984	0.015938
2.073399	0.998319	0.012419
2.125489	0.989228	0.014044
2.177559	0.969665	0.013430
2.229736	0.997821	0.008923
2.289981	0.982220	0.017073
2.344229	0.978780	0.015291
2.396341	1.004131	0.010296
2.462881	0.979952	0.016857
2.537969	1.009649	0.016044
2.608721	0.984476	0.020675
2.677504	0.999154	0.014773
2.746299	0.995704	0.020119
2.817051	0.990760	0.016052
2.885834	1.004815	0.013508
2.952526	0.987695	0.017754
3.004694	1.019664	0.013893
3.058754	1.003725	0.018255
3.108854	0.995895	0.019469
3.162914	1.026888	0.020651
3.219196	1.002856	0.022919
3.271309	1.007861	0.027297
3.323389	1.028264	0.021402
3.375479	1.004813	0.023238
3.427549	1.004503	0.026004
3.479639	1.021101	0.017073
3.531719	0.996468	0.018116
3.583809	1.001124	0.021023
3.635889	1.020076	0.016053
3.687979	0.988524	0.017071
3.740049	1.000125	0.024052
3.798356	1.013933	0.013465
3.858831	0.980049	0.015014
3.912914	1.007699	0.014844
3.963034	1.006805	0.013258
4.019141	0.979747	0.017876
4.073389	1.010235	0.013438
4.127559	0.996580	0.014311
4.183744	0.978080	0.014185
4.233844	1.009114	0.008405
4.287904	0.990771	0.018115
4.338024	0.982281	0.014073
4.392084	1.005983	0.009472
4.442184	0.993926	0.017021
4.496234	0.982584	0.015343
4.546344	1.015377	0.012323
4.600394	0.992625	0.019527
4.650514	0.992681	0.014611
4.704574	1.013172	0.011396
4.754674	0.999688	0.019759
4.808734	0.995163	0.019177
4.858844	1.027345	0.017407
4.912894	1.001432	0.024804
4.963014	1.011302	0.020642
5.017074	1.030629	0.016236
5.067174	1.011490	0.019719
5.121234	1.011609	0.017081
5.171344	1.028210	0.010634
5.225394	1.002794	0.015368
5.275514	1.002473	0.019738
5.329574	1.017484	0.009891
5.385956	0.979742	0.014891
5.454696	0.996414	0.014762
5.525449	0.980295	0.017962
5.594264	0.983264	0.018234
5.663036	0.981661	0.014329
5.733779	0.973210	0.018413
5.802584	0.987667	0.009632
5.871356	0.965288	0.014603
5.948326	0.993127	0.006692
0.069713	0.979386	0.018715
0.225040	1.005378	0.022390
0.376591	0.999962	0.030249
0.524040	1.022274	0.028772
0.645039	0.989355	0.024965
0.796206	1.008431	0.008222
0.963216	0.995651	0.017099
1.140916	1.022975	0.022224
1.292525	1.021083	0.043292
1.444093	1.057843	0.062181
1.603043	1.019882	0.053156
1.769716	1.025932	0.037677
1.932588	1.005155	0.022633
2.084216	1.015112	0.018227
2.235802	0.997481	0.016992
2.390934	1.007712	0.015469
2.550006	0.994672	0.019909
2.688477	1.041621	0.072237
2.792657	1.021521	0.063592
2.896797	1.025713	0.044337
3.000977	1.030123	0.035439
3.105137	0.988188	0.022193
3.209317	1.017558	0.017303
3.313477	1.004855	0.014684
3.417657	0.983888	0.015034
3.521797	1.005723	0.014763
3.625977	1.003734	0.012301
3.730137	0.974313	0.011786
3.834317	1.004411	0.013984
3.938477	0.991613	0.010574
4.042657	0.970984	0.015938
4.146797	0.998319	0.012419
4.250977	0.989228	0.014044
4.355117	0.969665	0.013430
4.459473	0.997821	0.008923
4.579962	0.982220	0.017073
4.688457	0.978780	0.015291
4.792683	1.004131	0.010296
4.925762	0.979952	0.016857
5.075937	1.009649	0.016044
5.217442	0.984476	0.020675
5.355007	0.999154	0.014773
5.492597	0.995704	0.020119
5.634102	0.990760	0.016052
5.771667	1.004815	0.013508
5.905052	0.987695	0.017754
6.009388	1.019664	0.013893
6.117507	1.003725	0.018255
6.217708	0.995895	0.019469
6.325827	1.026888	0.020651
6.438392	1.002856	0.022919
6.542617	1.007861	0.027297
6.646777	1.028264	0.021402
6.750957	1.004813	0.023238
6.855097	1.004503	0.026004
6.959277	1.021101	0.017073
7.063437	0.996468	0.018116
7.167617	1.001124	0.021023
7.271777	1.020076	0.016053
7.375957	0.988524	0.017071
7.480097	1.000125	0.024052
7.596712	1.013933	0.013465
7.717663	0.980049	0.015014
7.825827	1.007699	0.014844
7.926068	1.006805	0.013258
8.038282	0.979747	0.017876
8.146777	1.010235	0.013438
8.255117	0.996580	0.014311
8.367487	0.978080	0.014185
8.467688	1.009114	0.008405
8.575807	0.990771	0.018115
8.676048	0.982281	0.014073
8.784167	1.005983	0.009472
8.884368	0.993926	0.017021
8.992467	0.982584	0.015343
9.092688	1.015377	0.012323
9.200787	0.992625	0.019527
9.301028	0.992681	0.014611
9.409147	1.013172	0.011396
9.509348	0.999688	0.019759
9.617467	0.995163	0.019177
9.717688	1.027345	0.017407
9.825787	1.001432	0.024804
9.926028	1.011302	0.020642
10.034147	1.030629	0.016236
10.134348	1.011490	0.019719
10.242467	1.011609	0.017081
10.342688	1.028210	0.010634
10.450787	1.002794	0.015368
10.551028	1.002473	0.019738
10.659147	1.017484	0.009891
10.771913	0.979742	0.014891
10.909393	0.996414	0.014762
11.050897	0.980295	0.017962
11.188528	0.983264	0.018234
11.326073	0.981661	0.014329
11.467557	0.973210	0.018413
11.605168	0.987667	0.009632
11.742713	0.965288	0.014603
11.896652	0.993127	0.006692
