100
0.004097	0.999010	0.001607
0.009684	1.001512	0.001207
0.014380	1.004421	0.002617
0.020425	1.000604	0.002497
0.026361	0.999469	0.003741
0.032394	1.002090	0.001946
0.037257	1.001792	0.001091
0.042983	0.998387	0.001406
0.049451	1.000819	0.002642
0.055235	1.001812	0.002351
0.060998	1.000584	0.002379
0.067258	0.998285	0.002700
0.073095	1.002695	0.001869
0.080279	1.000634	0.001943
0.085985	0.997344	0.001545
0.091746	1.001590	0.002459
0.098227	1.000048	0.001458
0.104280	0.997818	0.001217
0.110259	0.998401	0.003374
0.116130	1.002186	0.001620
0.121979	0.999656	0.001694
0.127685	0.994568	0.003913
0.133685	1.001096	0.005458
0.140022	1.000216	0.001200
0.145902	0.993618	0.002910
0.151892	0.991335	0.010038
0.158393	1.000966	0.002250
0.165023	0.993298	0.007524
0.171663	0.988505	0.009844
0.178380	1.001170	0.001685
0.184479	0.995017	0.005979
0.190185	0.985459	0.003202
0.196185	1.001033	0.004476
0.202522	0.997428	0.002941
0.208402	0.990482	0.003890
0.214392	0.998132	0.003439
0.221143	0.998303	0.005190
0.228130	0.990146	0.004224
0.233936	0.997558	0.002171
0.240154	1.000834	0.005214
0.246283	0.987781	0.002403
0.252328	0.996786	0.002674
0.258685	1.001278	0.001592
0.265022	0.992448	0.005349
0.270675	0.997105	0.001345
0.276231	0.998841	0.001581
0.282579	1.000483	0.003030
0.289285	0.997313	0.001257
0.294386	0.998131	0.001119
0.300374	1.001364	0.001598
0.306711	0.998728	0.002122
0.312364	0.997940	0.000991
0.317671	1.000542	0.001276
0.323114	1.001738	0.001649
0.329109	0.999526	0.002082
0.334124	0.999050	0.001002
0.339813	1.000826	0.000483
0.345466	1.001006	0.002417
0.350812	0.998807	0.001160
0.355635	1.000651	0.001768
0.361151	1.001588	0.001247
0.367401	0.999311	0.002435
0.373042	0.999268	0.001305
0.377290	1.002233	0.002126
0.381998	1.001029	0.004188
0.388179	1.000922	0.001515
0.394478	0.999923	0.001618
0.398869	1.003187	0.003345
0.404644	1.002623	0.001992
0.411089	0.999136	0.001710
0.416509	1.002350	0.003023
0.421687	1.004583	0.003183
0.426496	1.000250	0.000657
0.432587	0.999601	0.000743
0.437542	1.003833	0.003039
0.442524	1.005798	0.003173
0.447296	1.000735	0.000935
0.453400	1.000753	0.000817
0.459197	1.005569	0.003487
0.464519	1.004616	0.004026
0.469709	0.999936	0.001343
0.475713	1.000770	0.002574
0.480060	1.006018	0.003974
0.485688	1.003976	0.004945
0.490792	1.000665	0.002129
0.495918	1.000242	0.001264
0.500444	1.005990	0.003489
0.505842	1.004796	0.003773
0.510908	1.000267	0.001436
0.515973	1.000938	0.001234
0.521148	1.005501	0.003761
0.526642	1.004313	0.003663
0.531720	0.999046	0.001474
0.536578	0.999659	0.002126
0.541315	1.004229	0.003515
0.546834	1.004171	0.003367
0.551851	0.998634	0.001332
0.557942	1.000573	0.002523
0.562542	1.004691	0.002398
0.567671	1.003951	0.002886
0.008193	0.999010	0.001607
0.019367	1.001512	0.001207
0.028760	1.004421	0.002617
0.040850	1.000604	0.002497
0.052723	0.999469	0.003741
0.064789	1.002090	0.001946
0.074514	1.001792	0.001091
0.085967	0.998387	0.001406
0.098902	1.000819	0.002642
0.110469	1.001812	0.002351
0.121995	1.000584	0.002379
0.134516	0.998285	0.002700
0.146191	1.002695	0.001869
0.160557	1.000634	0.001943
0.171970	0.997344	0.001545
0.183492	1.001590	0.002459
0.196453	1.000048	0.001458
0.208559	0.997818	0.001217
0.220518	0.998401	0.003374
0.232261	1.002186	0.001620
0.243957	0.999656	0.001694
0.255370	0.994568	0.003913
0.267369	1.001096	0.005458
0.280043	1.000216	0.001200
0.291804	0.993618	0.002910
0.303785	0.991335	0.010038
0.316787	1.000966	0.002250
0.330045	0.993298	0.007524
0.343326	0.988505	0.009844
0.356761	1.001170	0.001685
0.368957	0.995017	0.005979
0.380370	0.985459	0.003202
0.392369	1.001033	0.004476
0.405043	0.997428	0.002941
0.416804	0.990482	0.003890
0.428785	0.998132	0.003439
0.442287	0.998303	0.005190
0.456260	0.990146	0.004224
0.467872	0.997558	0.002171
0.480307	1.000834	0.005214
0.492566	0.987781	0.002403
0.504655	0.996786	0.002674
0.517369	1.001278	0.001592
0.530043	0.992448	0.005349
0.541350	0.997105	0.001345
0.552462	0.998841	0.001581
0.565158	1.000483	0.003030
0.578569	0.997313	0.001257
0.588772	0.998131	0.001119
0.600747	1.001364	0.001598
0.613421	0.998728	0.002122
0.624728	0.997940	0.000991
0.635342	1.000542	0.001276
0.646228	1.001738	0.001649
0.658218	0.999526	0.002082
0.668248	0.999050	0.001002
0.679626	1.000826	0.000483
0.690932	1.001006	0.002417
0.701624	0.998807	0.001160
0.711269	1.000651	0.001768
0.722302	1.001588	0.001247
0.734803	0.999311	0.002435
0.746084	0.999268	0.001305
0.754580	1.002233	0.002126
0.763997	1.001029	0.004188
0.776358	1.000922	0.001515
0.788956	0.999923	0.001618
0.797738	1.003187	0.003345
0.809288	1.002623	0.001992
0.822178	0.999136	0.001710
0.833019	1.002350	0.003023
0.843374	1.004583	0.003183
0.852992	1.000250	0.000657
0.865175	0.999601	0.000743
0.875084	1.003833	0.003039
0.885049	1.005798	0.003173
0.894592	1.000735	0.000935
0.906800	1.000753	0.000817
0.918395	1.005569	0.003487
0.929038	1.004616	0.004026
0.939418	0.999936	0.001343
0.951427	1.000770	0.002574
0.960120	1.006018	0.003974
0.971376	1.003976	0.004945
0.981584	1.000665	0.002129
0.991835	1.000242	0.001264
1.000888	1.005990	0.003489
1.011684	1.004796	0.003773
1.021815	1.000267	0.001436
1.031947	1.000938	0.001234
1.042297	1.005501	0.003761
1.053284	1.004313	0.003663
1.063440	0.999046	0.001474
1.073156	0.999659	0.002126
1.082630	1.004229	0.003515
1.093667	1.004171	0.003367
1.103702	0.998634	0.001332
1.115884	1.000573	0.002523
1.125084	1.004691	0.002398
1.135342	1.003951	0.002886
