100
0.043969	1.000846	0.000643
0.127913	1.001114	0.000878
0.213929	1.000791	0.000957
0.296207	1.000690	0.001017
0.375364	1.000664	0.001101
0.453928	0.999629	0.001165
0.534293	0.996343	0.004572
0.610737	0.995949	0.005942
0.687041	0.997279	0.004014
0.769669	0.999370	0.001285
0.861535	0.999649	0.001108
0.952146	0.999629	0.001091
1.043243	1.000020	0.000897
1.134077	0.999798	0.001277
1.219675	0.999909	0.001113
1.303491	1.000067	0.000756
1.385954	1.000205	0.001056
1.468966	1.000628	0.000700
1.550424	1.000468	0.000916
1.632457	1.000523	0.000965
1.712858	1.000772	0.000818
1.797445	1.000645	0.000931
1.878165	1.000631	0.000819
1.964824	1.000919	0.000889
2.045508	1.000912	0.000884
2.122302	1.000886	0.001040
2.206308	1.000086	0.001612
2.288156	0.993677	0.005148
2.376691	0.989677	0.006723
2.460291	0.996409	0.004155
2.542343	1.000329	0.001639
2.647559	0.999845	0.000806
2.766150	1.000082	0.000786
2.879566	1.000179	0.001136
2.994026	1.000023	0.001056
3.110216	0.999743	0.001234
3.229440	0.999287	0.001086
3.343487	0.999250	0.000895
3.459316	0.998277	0.001865
3.576630	0.991930	0.005768
3.693455	0.993707	0.005038
3.810668	0.999134	0.001179
3.926171	0.999767	0.000813
4.034382	0.998362	0.004476
4.134414	0.998940	0.002878
4.238722	0.999872	0.001398
4.340772	1.000199	0.001051
4.442968	1.000332	0.000664
4.542704	0.999470	0.002315
4.623517	0.999756	0.001740
4.699342	1.000145	0.001166
4.777203	1.000222	0.001032
4.858151	1.000756	0.000958
4.938512	1.000874	0.001107
5.017571	1.000888	0.001429
5.092744	1.000841	0.001061
5.170011	1.001133	0.001216
5.250276	0.998927	0.002625
5.324763	0.993238	0.006399
5.404265	0.991792	0.007080
5.481833	0.997541	0.003653
5.562363	1.000230	0.000958
5.642559	1.000188	0.001157
5.717162	1.000249	0.001319
5.794132	1.000625	0.001224
5.873343	1.000413	0.000848
5.949943	1.000189	0.001053
6.026643	1.000241	0.001103
6.102666	0.999886	0.001051
6.177202	0.999716	0.000817
6.252436	0.999568	0.000869
6.329901	0.999677	0.001106
6.411887	0.999664	0.001293
6.494290	0.997854	0.002226
6.575741	0.992037	0.005508
6.658713	0.991750	0.006203
6.744928	0.996384	0.002982
6.828641	0.999579	0.001150
6.911396	0.999804	0.001264
6.994339	0.999577	0.001338
7.078416	0.999552	0.001291
7.161923	0.999393	0.001306
7.246918	0.999523	0.001071
7.330030	0.999823	0.000783
7.413008	1.000012	0.000652
7.503262	1.000096	0.000663
7.616232	1.000069	0.000909
7.732790	1.000495	0.001041
7.851911	1.000712	0.001074
7.970275	1.000636	0.001287
8.084527	1.000461	0.000939
8.197478	1.000041	0.000760
8.310988	0.999287	0.003077
8.424204	0.998202	0.005182
8.540394	0.999772	0.001434
8.653911	0.996054	0.014448
8.744378	0.990250	0.016263
8.831582	0.997052	0.006422
8.917203	0.999195	0.002899
9.005603	1.000300	0.001072
0.087939	1.000846	0.000643
0.255825	1.001114	0.000878
0.427859	1.000791	0.000957
0.592414	1.000690	0.001017
0.750728	1.000664	0.001101
0.907856	0.999629	0.001165
1.068587	0.996343	0.004572
1.221475	0.995949	0.005942
1.374083	0.997279	0.004014
1.539338	0.999370	0.001285
1.723070	0.999649	0.001108
1.904292	0.999629	0.001091
2.086487	1.000020	0.000897
2.268155	0.999798	0.001277
2.439350	0.999909	0.001113
2.606983	1.000067	0.000756
2.771909	1.000205	0.001056
2.937933	1.000628	0.000700
3.100848	1.000468	0.000916
3.264913	1.000523	0.000965
3.425716	1.000772	0.000818
3.594891	1.000645	0.000931
3.756331	1.000631	0.000819
3.929648	1.000919	0.000889
4.091016	1.000912	0.000884
4.244605	1.000886	0.001040
4.412615	1.000086	0.001612
4.576312	0.993677	0.005148
4.753383	0.989677	0.006723
4.920583	0.996409	0.004155
5.084685	1.000329	0.001639
5.295117	0.999845	0.000806
5.532299	1.000082	0.000786
5.759132	1.000179	0.001136
5.988053	1.000023	0.001056
6.220433	0.999743	0.001234
6.458880	0.999287	0.001086
6.686974	0.999250	0.000895
6.918632	0.998277	0.001865
7.153259	0.991930	0.005768
7.386909	0.993707	0.005038
7.621335	0.999134	0.001179
7.852342	0.999767	0.000813
8.068764	0.998362	0.004476
8.268829	0.998940	0.002878
8.477443	0.999872	0.001398
8.681543	1.000199	0.001051
8.885937	1.000332	0.000664
9.085408	0.999470	0.002315
9.247035	0.999756	0.001740
9.398683	1.000145	0.001166
9.554406	1.000222	0.001032
9.716301	1.000756	0.000958
9.877023	1.000874	0.001107
10.035142	1.000888	0.001429
10.185488	1.000841	0.001061
10.340022	1.001133	0.001216
10.500552	0.998927	0.002625
10.649525	0.993238	0.006399
10.808530	0.991792	0.007080
10.963666	0.997541	0.003653
11.124726	1.000230	0.000958
11.285119	1.000188	0.001157
11.434324	1.000249	0.001319
11.588264	1.000625	0.001224
11.746686	1.000413	0.000848
11.899886	1.000189	0.001053
12.053287	1.000241	0.001103
12.205333	0.999886	0.001051
12.354404	0.999716	0.000817
12.504871	0.999568	0.000869
12.659802	0.999677	0.001106
12.823774	0.999664	0.001293
12.988580	0.997854	0.002226
13.151482	0.992037	0.005508
13.317425	0.991750	0.006203
13.489855	0.996384	0.002982
13.657282	0.999579	0.001150
13.822793	0.999804	0.001264
13.988677	0.999577	0.001338
14.156832	0.999552	0.001291
14.323845	0.999393	0.001306
14.493836	0.999523	0.001071
14.660060	0.999823	0.000783
14.826016	1.000012	0.000652
15.006524	1.000096	0.000663
15.232465	1.000069	0.000909
15.465580	1.000495	0.001041
15.703823	1.000712	0.001074
15.940549	1.000636	0.001287
16.169054	1.000461	0.000939
16.394956	1.000041	0.000760
16.621977	0.999287	0.003077
16.848408	0.998202	0.005182
17.080787	0.999772	0.001434
17.307822	0.996054	0.014448
17.488756	0.990250	0.016263
17.663165	0.997052	0.006422
17.834406	0.999195	0.002899
18.011206	1.000300	0.001072
