100
0.009043	1.000226	0.000683
0.024805	1.000408	0.001355
0.039558	1.000329	0.001253
0.055231	1.000265	0.001372
0.071310	1.000041	0.000658
0.087518	1.000122	0.001313
0.102784	1.000421	0.001119
0.117424	1.000192	0.001448
0.133191	0.999916	0.000704
0.148660	1.000339	0.000978
0.164063	1.000257	0.001134
0.179287	1.000006	0.001265
0.195810	1.000066	0.000797
0.211976	1.000276	0.000954
0.227165	1.000622	0.001916
0.242003	0.999996	0.000882
0.258220	1.000388	0.001968
0.273882	1.000452	0.002090
0.289161	1.000453	0.001797
0.303955	0.999945	0.000893
0.319833	1.000482	0.001727
0.334438	1.000269	0.001516
0.348034	1.000319	0.001661
0.363757	1.000184	0.001245
0.377209	1.000134	0.001815
0.390245	1.000465	0.002020
0.403970	0.999994	0.000647
0.418093	1.000513	0.001884
0.432897	1.000352	0.002113
0.448983	1.000250	0.001397
0.463861	0.999680	0.001050
0.479018	1.000392	0.001956
0.494369	1.000212	0.001512
0.512024	1.000453	0.001659
0.527892	1.000172	0.001683
0.543619	1.000299	0.001898
0.557648	1.000670	0.002361
0.572633	1.000129	0.002027
0.587977	0.999893	0.000813
0.602502	1.000679	0.001979
0.617624	1.000348	0.001890
0.632680	1.000144	0.001611
0.646283	1.000666	0.001801
0.659948	1.000278	0.001798
0.674515	1.000258	0.001404
0.689135	0.999919	0.001468
0.703753	1.000590	0.001857
0.719472	1.000456	0.001961
0.734009	0.999583	0.000906
0.748571	1.000551	0.001717
0.763928	1.000442	0.001699
0.780627	1.000361	0.001973
0.795637	1.000322	0.001441
0.811836	1.000269	0.001584
0.827185	1.000411	0.001645
0.841834	1.000034	0.001027
0.857555	1.000328	0.001302
0.872811	1.000017	0.001432
0.887918	1.000247	0.001875
0.902663	1.000245	0.001780
0.916598	1.000101	0.001442
0.930772	1.000390	0.001460
0.946005	1.000221	0.001797
0.961182	1.000267	0.001670
0.977532	1.000270	0.001923
0.993162	1.000438	0.001312
1.008502	1.000239	0.001911
1.024008	1.000462	0.001582
1.039484	1.000103	0.001114
1.055684	1.000598	0.002126
1.072085	1.000469	0.001530
1.086208	1.000623	0.001988
1.100916	1.000272	0.000952
1.116381	1.000390	0.001483
1.131396	1.000204	0.001805
1.145654	1.000252	0.001286
1.159958	1.000136	0.001442
1.174722	1.000629	0.001642
1.188938	1.000388	0.001624
1.203307	0.999909	0.000875
1.217686	1.000277	0.001522
1.232046	1.000359	0.001520
1.246374	1.000216	0.000893
1.262145	1.000281	0.001465
1.276020	1.000682	0.001657
1.289377	1.000287	0.001281
1.304238	1.000182	0.001134
1.319460	1.000599	0.001697
1.333030	1.000180	0.001435
1.346813	1.000215	0.001122
1.361730	1.000328	0.001625
1.377867	1.000665	0.001515
1.393642	1.000382	0.001477
1.408757	1.000220	0.001042
1.422950	1.000497	0.001469
1.436652	1.000364	0.001385
1.450980	1.000228	0.000778
1.466269	1.000421	0.001562
1.480944	1.000410	0.001453
1.495282	1.000341	0.001569
0.018086	1.000226	0.000683
0.049611	1.000408	0.001355
0.079116	1.000329	0.001253
0.110462	1.000265	0.001372
0.142620	1.000041	0.000658
0.175037	1.000122	0.001313
0.205568	1.000421	0.001119
0.234848	1.000192	0.001448
0.266383	0.999916	0.000704
0.297319	1.000339	0.000978
0.328126	1.000257	0.001134
0.358573	1.000006	0.001265
0.391621	1.000066	0.000797
0.423952	1.000276	0.000954
0.454331	1.000622	0.001916
0.484006	0.999996	0.000882
0.516439	1.000388	0.001968
0.547765	1.000452	0.002090
0.578323	1.000453	0.001797
0.607910	0.999945	0.000893
0.639667	1.000482	0.001727
0.668875	1.000269	0.001516
0.696068	1.000319	0.001661
0.727515	1.000184	0.001245
0.754417	1.000134	0.001815
0.780490	1.000465	0.002020
0.807940	0.999994	0.000647
0.836186	1.000513	0.001884
0.865795	1.000352	0.002113
0.897965	1.000250	0.001397
0.927722	0.999680	0.001050
0.958035	1.000392	0.001956
0.988738	1.000212	0.001512
1.024047	1.000453	0.001659
1.055785	1.000172	0.001683
1.087239	1.000299	0.001898
1.115297	1.000670	0.002361
1.145266	1.000129	0.002027
1.175954	0.999893	0.000813
1.205003	1.000679	0.001979
1.235248	1.000348	0.001890
1.265360	1.000144	0.001611
1.292566	1.000666	0.001801
1.319896	1.000278	0.001798
1.349029	1.000258	0.001404
1.378270	0.999919	0.001468
1.407506	1.000590	0.001857
1.438944	1.000456	0.001961
1.468018	0.999583	0.000906
1.497141	1.000551	0.001717
1.527856	1.000442	0.001699
1.561254	1.000361	0.001973
1.591274	1.000322	0.001441
1.623672	1.000269	0.001584
1.654371	1.000411	0.001645
1.683667	1.000034	0.001027
1.715109	1.000328	0.001302
1.745623	1.000017	0.001432
1.775836	1.000247	0.001875
1.805325	1.000245	0.001780
1.833195	1.000101	0.001442
1.861544	1.000390	0.001460
1.892010	1.000221	0.001797
1.922363	1.000267	0.001670
1.955064	1.000270	0.001923
1.986323	1.000438	0.001312
2.017003	1.000239	0.001911
2.048016	1.000462	0.001582
2.078968	1.000103	0.001114
2.111368	1.000598	0.002126
2.144170	1.000469	0.001530
2.172415	1.000623	0.001988
2.201832	1.000272	0.000952
2.232763	1.000390	0.001483
2.262792	1.000204	0.001805
2.291308	1.000252	0.001286
2.319915	1.000136	0.001442
2.349445	1.000629	0.001642
2.377876	1.000388	0.001624
2.406614	0.999909	0.000875
2.435372	1.000277	0.001522
2.464091	1.000359	0.001520
2.492748	1.000216	0.000893
2.524289	1.000281	0.001465
2.552039	1.000682	0.001657
2.578754	1.000287	0.001281
2.608477	1.000182	0.001134
2.638920	1.000599	0.001697
2.666059	1.000180	0.001435
2.693627	1.000215	0.001122
2.723461	1.000328	0.001625
2.755735	1.000665	0.001515
2.787285	1.000382	0.001477
2.817514	1.000220	0.001042
2.845900	1.000497	0.001469
2.873304	1.000364	0.001385
2.901960	1.000228	0.000778
2.932539	1.000421	0.001562
2.961887	1.000410	0.001453
2.990565	1.000341	0.001569
