100
0.063047	0.992484	0.006312
0.200302	1.002112	0.001584
0.316657	1.003658	0.002275
0.392463	1.002974	0.002376
0.475790	1.002331	0.001785
0.552460	1.001843	0.001302
0.631576	1.000915	0.001130
0.706643	1.001490	0.001125
0.785736	1.001154	0.000774
0.880616	1.001299	0.000856
0.951456	1.000345	0.001164
1.021223	0.999326	0.001603
1.090969	0.998840	0.001303
1.169199	0.998291	0.000856
1.249356	0.999094	0.000561
1.326436	0.999919	0.000568
1.403459	1.000848	0.000833
1.478526	1.000739	0.001196
1.555606	1.000127	0.001045
1.625383	0.999322	0.000682
1.695139	0.998751	0.000729
1.763956	0.998909	0.001045
1.833723	0.998547	0.001510
1.903469	0.999113	0.000902
1.976446	0.999411	0.000728
2.049309	0.999706	0.000801
2.118116	0.999424	0.001162
2.187893	0.999882	0.001486
2.257639	0.999637	0.001016
2.335756	0.999946	0.000921
2.427463	0.999130	0.001169
2.531633	0.999811	0.001910
2.642109	1.000297	0.000738
2.750363	0.999688	0.001350
2.854533	0.999109	0.001652
2.958703	0.999221	0.000963
3.062863	0.999643	0.000567
3.173236	1.000314	0.000551
3.281613	1.000491	0.000578
3.385783	0.999965	0.001034
3.489953	0.999389	0.000918
3.594113	0.999300	0.000394
3.698283	0.999340	0.000260
3.802453	0.999860	0.000751
3.906613	1.000247	0.000948
4.010783	0.999778	0.000868
4.114913	0.999529	0.000793
4.219083	1.000189	0.001370
4.323253	1.002201	0.001780
4.427413	1.004828	0.000883
4.531583	1.006389	0.001152
4.635753	1.006433	0.000937
4.739913	1.005084	0.001457
4.844083	1.000462	0.002996
4.948253	0.990834	0.006214
5.052413	0.998964	0.002606
5.177413	1.000889	0.000403
5.339913	1.001316	0.001706
5.471163	1.001045	0.000374
5.596116	1.000738	0.001163
5.704496	1.002036	0.001732
5.779543	1.001652	0.001250
5.861799	0.999946	0.000902
5.939963	0.998914	0.000873
6.031576	0.998142	0.001123
6.107629	0.998532	0.001208
6.200363	0.999682	0.001141
6.277416	1.000579	0.001209
6.350373	1.001069	0.001233
6.424279	1.000946	0.000957
6.498226	1.000244	0.000561
6.605466	0.999353	0.000856
6.713806	0.999072	0.001479
6.817966	0.999460	0.001425
6.927313	0.999765	0.001016
7.047126	1.000360	0.000536
7.158563	1.000181	0.000378
7.268973	0.998713	0.000796
7.390886	0.998915	0.001536
7.547193	1.000508	0.001058
7.735710	0.998543	0.000455
7.856540	0.998498	0.000677
7.989813	0.999511	0.001179
8.099216	1.000540	0.001018
8.203386	1.000576	0.000846
8.314870	0.999926	0.000794
8.422126	0.998464	0.000523
8.526306	0.998548	0.000479
8.630486	0.999473	0.000969
8.734646	1.000289	0.000429
8.838816	1.001286	0.000368
8.942986	1.000060	0.000689
9.047146	0.999101	0.000609
9.151316	0.999839	0.001363
9.255486	1.002721	0.001761
9.364813	1.005426	0.000919
9.478366	1.007302	0.000934
9.588776	1.007495	0.000942
9.692956	1.004241	0.001428
9.806473	0.998980	0.001762
0.126095	0.992484	0.006312
0.400604	1.002112	0.001584
0.633314	1.003658	0.002275
0.784925	1.002974	0.002376
0.951580	1.002331	0.001785
1.104920	1.001843	0.001302
1.263152	1.000915	0.001130
1.413285	1.001490	0.001125
1.571472	1.001154	0.000774
1.761232	1.001299	0.000856
1.902912	1.000345	0.001164
2.042445	0.999326	0.001603
2.181939	0.998840	0.001303
2.338398	0.998291	0.000856
2.498712	0.999094	0.000561
2.652872	0.999919	0.000568
2.806919	1.000848	0.000833
2.957052	1.000739	0.001196
3.111212	1.000127	0.001045
3.250765	0.999322	0.000682
3.390279	0.998751	0.000729
3.527912	0.998909	0.001045
3.667445	0.998547	0.001510
3.806939	0.999113	0.000902
3.952892	0.999411	0.000728
4.098619	0.999706	0.000801
4.236232	0.999424	0.001162
4.375785	0.999882	0.001486
4.515279	0.999637	0.001016
4.671512	0.999946	0.000921
4.854925	0.999130	0.001169
5.063265	0.999811	0.001910
5.284218	1.000297	0.000738
5.500725	0.999688	0.001350
5.709065	0.999109	0.001652
5.917405	0.999221	0.000963
6.125725	0.999643	0.000567
6.346472	1.000314	0.000551
6.563225	1.000491	0.000578
6.771565	0.999965	0.001034
6.979905	0.999389	0.000918
7.188225	0.999300	0.000394
7.396565	0.999340	0.000260
7.604905	0.999860	0.000751
7.813225	1.000247	0.000948
8.021565	0.999778	0.000868
8.229825	0.999529	0.000793
8.438165	1.000189	0.001370
8.646505	1.002201	0.001780
8.854825	1.004828	0.000883
9.063165	1.006389	0.001152
9.271505	1.006433	0.000937
9.479825	1.005084	0.001457
9.688165	1.000462	0.002996
9.896505	0.990834	0.006214
10.104825	0.998964	0.002606
10.354825	1.000889	0.000403
10.679825	1.001316	0.001706
10.942325	1.001045	0.000374
11.192232	1.000738	0.001163
11.408992	1.002036	0.001732
11.559085	1.001652	0.001250
11.723599	0.999946	0.000902
11.879925	0.998914	0.000873
12.063152	0.998142	0.001123
12.215259	0.998532	0.001208
12.400725	0.999682	0.001141
12.554832	1.000579	0.001209
12.700745	1.001069	0.001233
12.848559	1.000946	0.000957
12.996452	1.000244	0.000561
13.210933	0.999353	0.000856
13.427613	0.999072	0.001479
13.635933	0.999460	0.001425
13.854626	0.999765	0.001016
14.094253	1.000360	0.000536
14.317126	1.000181	0.000378
14.537946	0.998713	0.000796
14.781773	0.998915	0.001536
15.094386	1.000508	0.001058
15.471419	0.998543	0.000455
15.713079	0.998498	0.000677
15.979626	0.999511	0.001179
16.198433	1.000540	0.001018
16.406773	1.000576	0.000846
16.629739	0.999926	0.000794
16.844253	0.998464	0.000523
17.052613	0.998548	0.000479
17.260973	0.999473	0.000969
17.469293	1.000289	0.000429
17.677633	1.001286	0.000368
17.885973	1.000060	0.000689
18.094293	0.999101	0.000609
18.302633	0.999839	0.001363
18.510973	1.002721	0.001761
18.729626	1.005426	0.000919
18.956733	1.007302	0.000934
19.177553	1.007495	0.000942
19.385913	1.004241	0.001428
19.612946	0.998980	0.001762
