100
0.052693	1.000092	0.000286
0.171042	1.000139	0.000497
0.280747	0.997649	0.003930
0.364084	0.998814	0.002017
0.441664	0.999362	0.001391
0.517493	1.000120	0.000726
0.594151	1.000852	0.000512
0.670836	1.001076	0.000789
0.750382	1.000511	0.000503
0.835675	0.999903	0.000410
0.915164	0.999622	0.000270
0.996665	0.999732	0.000168
1.073333	1.000088	0.000263
1.150027	1.000147	0.000391
1.231455	1.000137	0.000563
1.309184	1.000198	0.000589
1.385842	1.000271	0.000544
1.462527	1.000144	0.000593
1.538338	1.000405	0.000440
1.615015	1.000558	0.000280
1.691691	1.000767	0.000563
1.767511	1.000879	0.000601
1.844178	1.000430	0.000351
1.924645	1.000022	0.000455
2.009864	0.999925	0.000329
2.119756	0.999898	0.000272
2.235227	0.999351	0.000394
2.348929	0.999262	0.000250
2.464391	0.999056	0.000249
2.598864	0.999580	0.000407
2.723938	1.000932	0.000385
2.848882	1.001367	0.000416
2.971991	0.999937	0.000408
3.089409	0.999494	0.000229
3.203111	0.999896	0.000291
3.318582	1.000265	0.000098
3.431305	0.998654	0.005413
3.517520	0.995527	0.006738
3.594187	0.996984	0.005820
3.670864	0.996479	0.005261
3.746693	0.997252	0.004339
3.823360	0.998787	0.003116
3.901927	0.998861	0.002228
3.983364	0.998908	0.002087
4.059193	0.999381	0.001247
4.139651	0.999623	0.001218
4.219187	0.999518	0.000931
4.292110	0.999418	0.000679
4.361864	0.999492	0.000479
4.430686	0.999625	0.000285
4.500440	0.999498	0.000308
4.570194	0.999722	0.000509
4.639006	0.999565	0.000500
4.709774	0.999686	0.000603
4.791014	0.999947	0.000377
4.868176	1.000658	0.000215
4.944138	1.001095	0.000328
5.017100	1.001032	0.000349
5.115010	0.999812	0.000409
5.223288	0.999387	0.000227
5.406380	0.999844	0.000460
5.585684	1.000040	0.000738
5.699270	0.999851	0.000962
5.807600	0.999914	0.000816
5.911760	1.000240	0.000346
6.015930	1.000640	0.000536
6.120100	1.000519	0.000619
6.224260	0.999690	0.000253
6.328430	0.999600	0.000537
6.456524	0.999805	0.000266
6.568020	0.999641	0.000369
6.672180	0.999867	0.000400
6.776340	0.999915	0.000548
6.880520	0.999967	0.000328
6.984680	1.000482	0.000426
7.088840	1.000912	0.000898
7.193020	1.000793	0.000650
7.297180	0.999937	0.000304
7.401350	0.999691	0.000391
7.505530	0.999809	0.000156
7.609700	0.999977	0.000263
7.713860	1.000047	0.000395
7.818030	1.000170	0.000625
7.931544	1.000303	0.000652
8.038870	1.000325	0.000398
8.151360	1.000773	0.000599
8.255530	1.000794	0.000714
8.359700	0.999986	0.000375
8.463860	0.999507	0.000333
8.568030	0.999705	0.000233
8.672200	0.999797	0.000284
8.778440	0.999882	0.000408
8.890950	0.999745	0.000485
8.995110	0.999955	0.000597
9.099280	1.000177	0.000367
9.203450	1.000667	0.000361
9.307610	1.000809	0.000512
9.411780	1.000338	0.000440
9.522200	0.999975	0.000405
9.631544	0.999843	0.000251
0.105386	1.000092	0.000286
0.342084	1.000139	0.000497
0.561495	0.997649	0.003930
0.728167	0.998814	0.002017
0.883327	0.999362	0.001391
1.034986	1.000120	0.000726
1.188302	1.000852	0.000512
1.341673	1.001076	0.000789
1.500764	1.000511	0.000503
1.671349	0.999903	0.000410
1.830327	0.999622	0.000270
1.993331	0.999732	0.000168
2.146666	1.000088	0.000263
2.300055	1.000147	0.000391
2.462909	1.000137	0.000563
2.618367	1.000198	0.000589
2.771684	1.000271	0.000544
2.925055	1.000144	0.000593
3.076676	1.000405	0.000440
3.230029	1.000558	0.000280
3.383382	1.000767	0.000563
3.535022	1.000879	0.000601
3.688356	1.000430	0.000351
3.849291	1.000022	0.000455
4.019727	0.999925	0.000329
4.239513	0.999898	0.000272
4.470455	0.999351	0.000394
4.697858	0.999262	0.000250
4.928782	0.999056	0.000249
5.197727	0.999580	0.000407
5.447876	1.000932	0.000385
5.697764	1.001367	0.000416
5.943982	0.999937	0.000408
6.178818	0.999494	0.000229
6.406222	0.999896	0.000291
6.637164	1.000265	0.000098
6.862611	0.998654	0.005413
7.035040	0.995527	0.006738
7.188375	0.996984	0.005820
7.341727	0.996479	0.005261
7.493386	0.997252	0.004339
7.646720	0.998787	0.003116
7.803855	0.998861	0.002228
7.966727	0.998908	0.002087
8.118386	0.999381	0.001247
8.279302	0.999623	0.001218
8.438375	0.999518	0.000931
8.584220	0.999418	0.000679
8.723728	0.999492	0.000479
8.861372	0.999625	0.000285
9.000880	0.999498	0.000308
9.140388	0.999722	0.000509
9.278012	0.999565	0.000500
9.419548	0.999686	0.000603
9.582028	0.999947	0.000377
9.736352	1.000658	0.000215
9.888276	1.001095	0.000328
10.034200	1.001032	0.000349
10.230020	0.999812	0.000409
10.446576	0.999387	0.000227
10.812760	0.999844	0.000460
11.171368	1.000040	0.000738
11.398540	0.999851	0.000962
11.615200	0.999914	0.000816
11.823520	1.000240	0.000346
12.031860	1.000640	0.000536
12.240200	1.000519	0.000619
12.448520	0.999690	0.000253
12.656860	0.999600	0.000537
12.913048	0.999805	0.000266
13.136040	0.999641	0.000369
13.344360	0.999867	0.000400
13.552680	0.999915	0.000548
13.761040	0.999967	0.000328
13.969360	1.000482	0.000426
14.177680	1.000912	0.000898
14.386040	1.000793	0.000650
14.594360	0.999937	0.000304
14.802700	0.999691	0.000391
15.011060	0.999809	0.000156
15.219400	0.999977	0.000263
15.427720	1.000047	0.000395
15.636060	1.000170	0.000625
15.863088	1.000303	0.000652
16.077740	1.000325	0.000398
16.302720	1.000773	0.000599
16.511060	1.000794	0.000714
16.719400	0.999986	0.000375
16.927720	0.999507	0.000333
17.136060	0.999705	0.000233
17.344400	0.999797	0.000284
17.556880	0.999882	0.000408
17.781900	0.999745	0.000485
17.990220	0.999955	0.000597
18.198560	1.000177	0.000367
18.406900	1.000667	0.000361
18.615220	1.000809	0.000512
18.823560	1.000338	0.000440
19.044400	0.999975	0.000405
19.263088	0.999843	0.000251
