100
0.035839	0.995965	0.004387
0.103589	0.996435	0.004628
0.173044	0.996671	0.003183
0.237942	1.000632	0.005359
0.295526	1.003425	0.005444
0.352073	1.003876	0.003196
0.412899	1.002968	0.002638
0.471427	1.002894	0.002636
0.529757	1.002752	0.002421
0.587190	1.001664	0.002150
0.643736	1.005402	0.007688
0.700809	1.001744	0.009058
0.768997	1.002614	0.002398
0.836710	1.001778	0.004371
0.910825	1.002848	0.003787
0.982542	1.002605	0.003233
1.051783	1.002269	0.004638
1.117838	0.998850	0.005059
1.184050	1.002012	0.011374
1.254344	1.005052	0.023453
1.333318	0.999567	0.004453
1.412016	1.004065	0.021082
1.487444	1.000406	0.004266
1.562080	0.992675	0.024781
1.631112	0.985058	0.039705
1.697110	0.996796	0.016264
1.768644	0.997952	0.011862
1.840273	0.994657	0.012899
1.908794	0.994451	0.013507
1.974792	0.994919	0.010063
2.050382	0.997539	0.005805
2.117125	0.997386	0.005393
2.181392	0.994113	0.016031
2.239148	0.990338	0.025279
2.297889	0.995221	0.014205
2.356840	0.997028	0.008670
2.419610	0.997940	0.004967
2.476610	0.998553	0.003534
2.533220	1.000266	0.002760
2.590653	1.000342	0.003209
2.652058	1.000194	0.003210
2.708610	0.999640	0.004779
2.767387	1.000567	0.002997
2.829215	1.000532	0.003089
2.887388	1.000576	0.004036
2.943721	1.000247	0.005896
3.008676	0.998879	0.005964
3.068721	0.994952	0.006230
3.125273	0.988139	0.005396
3.182070	0.984892	0.004636
3.238476	0.981221	0.007181
3.294814	0.979893	0.009246
3.351610	0.980391	0.012651
3.409257	0.986421	0.012508
3.469818	0.990761	0.009716
3.532802	0.996574	0.006464
3.589563	1.000102	0.002456
3.646110	1.001052	0.001824
3.702912	0.999187	0.005146
3.762967	1.000457	0.002174
3.828971	1.000212	0.003042
3.894969	0.999860	0.002984
3.961420	0.997631	0.002564
4.037516	0.998469	0.002520
4.106840	1.000675	0.002644
4.172807	1.001983	0.002435
4.238800	1.002873	0.002611
4.300991	1.001414	0.003699
4.357330	1.002393	0.003369
4.414121	1.005566	0.003492
4.473754	1.004186	0.003885
4.533230	1.003675	0.004200
4.592597	1.004914	0.004795
4.648993	1.006509	0.005004
4.705789	1.005305	0.006625
4.763447	1.005946	0.006324
4.821823	1.005501	0.005520
4.879933	1.006339	0.004530
4.937794	1.005841	0.004273
4.997213	1.003924	0.003673
5.053817	0.996567	0.030133
5.107039	0.987604	0.042296
5.165770	0.978907	0.051438
5.217665	0.980848	0.046109
5.268885	0.986999	0.033358
5.321208	0.983117	0.035156
5.378849	0.988492	0.025343
5.437689	0.988578	0.021496
5.496837	0.983237	0.019989
5.553452	0.983205	0.015315
5.609952	0.981801	0.015300
5.666367	0.979216	0.014182
5.723602	0.966890	0.013268
5.783230	0.955999	0.016177
5.847080	0.943423	0.024875
5.913078	0.941659	0.033082
5.982615	0.948610	0.038785
6.046846	0.964285	0.033438
6.114915	0.978832	0.022814
6.181113	0.992087	0.009750
0.071679	0.995965	0.004387
0.207178	0.996435	0.004628
0.346087	0.996671	0.003183
0.475884	1.000632	0.005359
0.591053	1.003425	0.005444
0.704146	1.003876	0.003196
0.825798	1.002968	0.002638
0.942854	1.002894	0.002636
1.059513	1.002752	0.002421
1.174379	1.001664	0.002150
1.287473	1.005402	0.007688
1.401618	1.001744	0.009058
1.537993	1.002614	0.002398
1.673420	1.001778	0.004371
1.821651	1.002848	0.003787
1.965083	1.002605	0.003233
2.103565	1.002269	0.004638
2.235676	0.998850	0.005059
2.368099	1.002012	0.011374
2.508689	1.005052	0.023453
2.666636	0.999567	0.004453
2.824031	1.004065	0.021082
2.974888	1.000406	0.004266
3.124160	0.992675	0.024781
3.262224	0.985058	0.039705
3.394221	0.996796	0.016264
3.537289	0.997952	0.011862
3.680546	0.994657	0.012899
3.817587	0.994451	0.013507
3.949583	0.994919	0.010063
4.100764	0.997539	0.005805
4.234250	0.997386	0.005393
4.362784	0.994113	0.016031
4.478296	0.990338	0.025279
4.595779	0.995221	0.014205
4.713679	0.997028	0.008670
4.839221	0.997940	0.004967
4.953221	0.998553	0.003534
5.066439	1.000266	0.002760
5.181305	1.000342	0.003209
5.304116	1.000194	0.003210
5.417220	0.999640	0.004779
5.534775	1.000567	0.002997
5.658430	1.000532	0.003089
5.774776	1.000576	0.004036
5.887442	1.000247	0.005896
6.017352	0.998879	0.005964
6.137442	0.994952	0.006230
6.250546	0.988139	0.005396
6.364139	0.984892	0.004636
6.476951	0.981221	0.007181
6.589628	0.979893	0.009246
6.703221	0.980391	0.012651
6.818515	0.986421	0.012508
6.939635	0.990761	0.009716
7.065605	0.996574	0.006464
7.179126	1.000102	0.002456
7.292220	1.001052	0.001824
7.405824	0.999187	0.005146
7.525935	1.000457	0.002174
7.657941	1.000212	0.003042
7.789937	0.999860	0.002984
7.922840	0.997631	0.002564
8.075032	0.998469	0.002520
8.213679	1.000675	0.002644
8.345614	1.001983	0.002435
8.477600	1.002873	0.002611
8.601983	1.001414	0.003699
8.714659	1.002393	0.003369
8.828242	1.005566	0.003492
8.947508	1.004186	0.003885
9.066460	1.003675	0.004200
9.185195	1.004914	0.004795
9.297985	1.006509	0.005004
9.411579	1.005305	0.006625
9.526894	1.005946	0.006324
9.643646	1.005501	0.005520
9.759867	1.006339	0.004530
9.875588	1.005841	0.004273
9.994427	1.003924	0.003673
10.107634	0.996567	0.030133
10.214077	0.987604	0.042296
10.331539	0.978907	0.051438
10.435330	0.980848	0.046109
10.537769	0.986999	0.033358
10.642415	0.983117	0.035156
10.757698	0.988492	0.025343
10.875378	0.988578	0.021496
10.993675	0.983237	0.019989
11.106903	0.983205	0.015315
11.219904	0.981801	0.015300
11.332735	0.979216	0.014182
11.447205	0.966890	0.013268
11.566460	0.955999	0.016177
11.694160	0.943423	0.024875
11.826156	0.941659	0.033082
11.965231	0.948610	0.038785
12.093693	0.964285	0.033438
12.229830	0.978832	0.022814
12.362226	0.992087	0.009750
