100
0.029616	1.000702	0.002167
0.091946	0.999902	0.001630
0.152068	0.999510	0.001068
0.219031	0.999836	0.000638
0.279793	1.001659	0.004736
0.331936	1.002863	0.005653
0.387014	1.001195	0.003566
0.452763	0.999933	0.001077
0.522718	0.998976	0.000850
0.587992	0.999041	0.000731
0.652366	0.999447	0.000503
0.716365	1.000557	0.000558
0.781531	1.001035	0.000592
0.843059	1.001248	0.001323
0.900334	1.000905	0.001539
0.956369	1.000153	0.000898
1.008963	0.999532	0.001152
1.061111	0.999510	0.000890
1.115809	0.999480	0.000583
1.176184	1.000410	0.000717
1.231096	1.001101	0.000657
1.285096	1.000747	0.000637
1.337444	1.000493	0.000728
1.395818	0.999531	0.000706
1.458215	0.998652	0.000856
1.525838	0.998687	0.001029
1.589186	0.999434	0.000759
1.650653	1.000096	0.000753
1.717395	1.000397	0.000916
1.778356	1.000049	0.001139
1.838602	0.999516	0.001040
1.900732	0.999291	0.000711
1.960859	0.998868	0.000740
2.020424	0.999133	0.000674
2.081410	1.000030	0.000928
2.142412	1.001149	0.001120
2.201967	1.001944	0.001380
2.263705	1.001533	0.001692
2.325087	1.000929	0.001748
2.389199	1.000110	0.001429
2.452245	0.999598	0.000838
2.520805	0.999679	0.000507
2.596645	1.000224	0.001146
2.674405	1.000184	0.001569
2.765029	0.999646	0.001387
2.855449	0.999046	0.000988
2.941539	0.999179	0.000565
3.024372	1.000370	0.000729
3.111790	1.001474	0.000638
3.200309	1.001040	0.000657
3.300807	0.999612	0.000613
3.396067	0.999698	0.000643
3.501525	1.001140	0.000465
3.592448	1.000599	0.002091
3.672983	1.000074	0.001443
3.765007	0.999385	0.000653
3.855997	0.999247	0.000846
3.945213	0.999998	0.000829
4.030739	1.000919	0.000575
4.113090	1.000575	0.000674
4.211352	0.999413	0.000911
4.297490	0.999308	0.000742
4.376838	0.999955	0.000760
4.459460	1.001418	0.000975
4.537318	1.001425	0.001249
4.604532	1.000913	0.001630
4.672717	1.000574	0.001699
4.744972	0.999664	0.000923
4.816353	0.999958	0.000737
4.890695	1.000619	0.000526
4.968434	1.001186	0.000885
5.047495	1.000743	0.000778
5.129434	0.999804	0.000427
5.206094	0.999578	0.000568
5.279167	1.000044	0.000606
5.353627	1.000807	0.000722
5.428159	1.001660	0.000780
5.500364	1.001298	0.000945
5.567145	1.000323	0.000713
5.639585	0.999749	0.000669
5.722922	0.999799	0.000702
5.802384	1.000185	0.000794
5.868065	1.000772	0.001249
5.928586	1.000795	0.001003
5.991874	1.000402	0.001004
6.060253	0.999367	0.000694
6.126356	0.998726	0.000711
6.191339	0.999136	0.000618
6.256244	0.999557	0.000680
6.317553	1.000479	0.000581
6.387135	1.000703	0.000652
6.446134	1.000404	0.000740
6.508537	0.999663	0.000438
6.566544	0.999051	0.000503
6.624346	0.999339	0.000643
6.683670	0.999869	0.000819
6.742181	1.001099	0.001051
6.798699	1.001844	0.001455
6.856614	1.002102	0.001963
6.914735	1.001272	0.001827
0.059232	1.000702	0.002167
0.183892	0.999902	0.001630
0.304136	0.999510	0.001068
0.438062	0.999836	0.000638
0.559585	1.001659	0.004736
0.663872	1.002863	0.005653
0.774029	1.001195	0.003566
0.905525	0.999933	0.001077
1.045435	0.998976	0.000850
1.175985	0.999041	0.000731
1.304732	0.999447	0.000503
1.432729	1.000557	0.000558
1.563062	1.001035	0.000592
1.686119	1.001248	0.001323
1.800669	1.000905	0.001539
1.912738	1.000153	0.000898
2.017925	0.999532	0.001152
2.122222	0.999510	0.000890
2.231618	0.999480	0.000583
2.352368	1.000410	0.000717
2.462192	1.001101	0.000657
2.570192	1.000747	0.000637
2.674888	1.000493	0.000728
2.791636	0.999531	0.000706
2.916429	0.998652	0.000856
3.051675	0.998687	0.001029
3.178373	0.999434	0.000759
3.301305	1.000096	0.000753
3.434789	1.000397	0.000916
3.556712	1.000049	0.001139
3.677205	0.999516	0.001040
3.801464	0.999291	0.000711
3.921718	0.998868	0.000740
4.040848	0.999133	0.000674
4.162821	1.000030	0.000928
4.284824	1.001149	0.001120
4.403934	1.001944	0.001380
4.527411	1.001533	0.001692
4.650175	1.000929	0.001748
4.778398	1.000110	0.001429
4.904491	0.999598	0.000838
5.041611	0.999679	0.000507
5.193290	1.000224	0.001146
5.348810	1.000184	0.001569
5.530058	0.999646	0.001387
5.710897	0.999046	0.000988
5.883078	0.999179	0.000565
6.048745	1.000370	0.000729
6.223580	1.001474	0.000638
6.400618	1.001040	0.000657
6.601614	0.999612	0.000613
6.792134	0.999698	0.000643
7.003050	1.001140	0.000465
7.184896	1.000599	0.002091
7.345966	1.000074	0.001443
7.530015	0.999385	0.000653
7.711994	0.999247	0.000846
7.890426	0.999998	0.000829
8.061478	1.000919	0.000575
8.226180	1.000575	0.000674
8.422703	0.999413	0.000911
8.594980	0.999308	0.000742
8.753675	0.999955	0.000760
8.918921	1.001418	0.000975
9.074636	1.001425	0.001249
9.209064	1.000913	0.001630
9.345433	1.000574	0.001699
9.489945	0.999664	0.000923
9.632707	0.999958	0.000737
9.781391	1.000619	0.000526
9.936868	1.001186	0.000885
10.094991	1.000743	0.000778
10.258868	0.999804	0.000427
10.412188	0.999578	0.000568
10.558334	1.000044	0.000606
10.707254	1.000807	0.000722
10.856317	1.001660	0.000780
11.000728	1.001298	0.000945
11.134289	1.000323	0.000713
11.279170	0.999749	0.000669
11.445843	0.999799	0.000702
11.604769	1.000185	0.000794
11.736131	1.000772	0.001249
11.857173	1.000795	0.001003
11.983748	1.000402	0.001004
12.120506	0.999367	0.000694
12.252713	0.998726	0.000711
12.382678	0.999136	0.000618
12.512489	0.999557	0.000680
12.635106	1.000479	0.000581
12.774271	1.000703	0.000652
12.892268	1.000404	0.000740
13.017074	0.999663	0.000438
13.133089	0.999051	0.000503
13.248692	0.999339	0.000643
13.367341	0.999869	0.000819
13.484362	1.001099	0.001051
13.597397	1.001844	0.001455
13.713229	1.002102	0.001963
13.829471	1.001272	0.001827
