100
0.032895	0.999048	0.001228
0.096617	0.999445	0.001148
0.159113	0.999473	0.001200
0.221415	0.998983	0.001478
0.279987	0.999564	0.001824
0.333743	1.000089	0.002124
0.387008	0.999745	0.002180
0.440943	0.999942	0.002133
0.497101	1.000163	0.001816
0.553728	1.000123	0.001303
0.608290	1.005430	0.020766
0.659663	0.998565	0.007029
0.708598	0.998278	0.008063
0.758138	1.000127	0.002493
0.807458	0.999916	0.002116
0.862514	0.998953	0.003546
0.914125	0.998952	0.002276
0.968426	0.999510	0.002281
1.027360	0.999353	0.002137
1.092959	0.999239	0.002055
1.155152	0.999547	0.002644
1.219836	0.999795	0.002407
1.277861	0.999703	0.002193
1.338219	0.999940	0.001935
1.399248	1.000571	0.002635
1.456146	1.000587	0.002141
1.511078	1.000209	0.001639
1.564981	0.999821	0.001665
1.623667	0.999735	0.002321
1.684253	0.999725	0.002151
1.749723	0.999534	0.001469
1.810525	0.999885	0.002282
1.868292	1.000645	0.001944
1.927682	0.999149	0.001703
1.991952	0.999833	0.001602
2.057608	1.000314	0.001566
2.119897	1.000710	0.002362
2.182408	1.000739	0.002359
2.243771	1.000334	0.001609
2.307017	1.001036	0.002233
2.370005	1.001096	0.002624
2.433351	1.000204	0.002051
2.496988	0.999407	0.004994
2.559681	0.998910	0.005284
2.617927	0.999203	0.006220
2.676315	0.997940	0.006488
2.733634	0.999309	0.005190
2.796980	0.999604	0.004646
2.853344	0.999709	0.005449
2.908859	1.001271	0.004293
2.963400	1.001180	0.004090
3.020037	1.000439	0.005139
3.075782	1.001183	0.004518
3.127319	1.000866	0.004773
3.183308	1.001983	0.004558
3.239390	1.002333	0.003911
3.288971	1.001421	0.003897
3.343878	1.000672	0.003209
3.400419	1.001114	0.003175
3.456901	1.001372	0.003092
3.513149	1.001524	0.002960
3.567628	1.001421	0.004413
3.621551	1.001213	0.003018
3.672395	1.000462	0.003982
3.720937	1.000801	0.003640
3.771920	1.001807	0.003292
3.827135	0.999942	0.007061
3.887576	1.000767	0.006266
3.939492	1.007628	0.024517
3.989901	1.001295	0.003065
4.048262	1.001901	0.003581
4.110767	1.001556	0.003451
4.165121	1.000940	0.003673
4.222212	1.001102	0.003561
4.278403	1.000211	0.003359
4.335996	1.001324	0.003179
4.396844	1.000588	0.003023
4.450837	1.000210	0.002854
4.510095	0.999876	0.003733
4.567976	0.999358	0.003554
4.629279	0.998936	0.003505
4.692529	0.999466	0.003546
4.751555	0.999057	0.003240
4.807659	0.998760	0.002657
4.868224	0.998577	0.002395
4.927944	0.998854	0.002409
4.983991	0.998969	0.002369
5.040097	0.998944	0.002099
5.093625	0.999171	0.001893
5.151439	0.998648	0.001415
5.214268	0.998193	0.001124
5.274541	0.998724	0.001267
5.331038	0.998632	0.001633
5.387171	0.998378	0.001549
5.443609	0.998011	0.001653
5.503828	0.998297	0.002076
5.565187	0.998456	0.001386
5.632754	0.998630	0.001645
5.687509	0.998682	0.001506
5.744448	0.999006	0.001518
0.065791	0.999048	0.001228
0.193233	0.999445	0.001148
0.318226	0.999473	0.001200
0.442830	0.998983	0.001478
0.559974	0.999564	0.001824
0.667486	1.000089	0.002124
0.774016	0.999745	0.002180
0.881886	0.999942	0.002133
0.994202	1.000163	0.001816
1.107456	1.000123	0.001303
1.216580	1.005430	0.020766
1.319326	0.998565	0.007029
1.417196	0.998278	0.008063
1.516276	1.000127	0.002493
1.614915	0.999916	0.002116
1.725027	0.998953	0.003546
1.828249	0.998952	0.002276
1.936852	0.999510	0.002281
2.054720	0.999353	0.002137
2.185919	0.999239	0.002055
2.310305	0.999547	0.002644
2.439673	0.999795	0.002407
2.555723	0.999703	0.002193
2.676439	0.999940	0.001935
2.798495	1.000571	0.002635
2.912292	1.000587	0.002141
3.022156	1.000209	0.001639
3.129963	0.999821	0.001665
3.247333	0.999735	0.002321
3.368506	0.999725	0.002151
3.499445	0.999534	0.001469
3.621049	0.999885	0.002282
3.736583	1.000645	0.001944
3.855364	0.999149	0.001703
3.983905	0.999833	0.001602
4.115216	1.000314	0.001566
4.239795	1.000710	0.002362
4.364816	1.000739	0.002359
4.487541	1.000334	0.001609
4.614034	1.001036	0.002233
4.740011	1.001096	0.002624
4.866702	1.000204	0.002051
4.993976	0.999407	0.004994
5.119362	0.998910	0.005284
5.235854	0.999203	0.006220
5.352630	0.997940	0.006488
5.467268	0.999309	0.005190
5.593959	0.999604	0.004646
5.706688	0.999709	0.005449
5.817719	1.001271	0.004293
5.926800	1.001180	0.004090
6.040073	1.000439	0.005139
6.151564	1.001183	0.004518
6.254638	1.000866	0.004773
6.366617	1.001983	0.004558
6.478780	1.002333	0.003911
6.577942	1.001421	0.003897
6.687755	1.000672	0.003209
6.800837	1.001114	0.003175
6.913803	1.001372	0.003092
7.026298	1.001524	0.002960
7.135256	1.001421	0.004413
7.243103	1.001213	0.003018
7.344790	1.000462	0.003982
7.441873	1.000801	0.003640
7.543840	1.001807	0.003292
7.654270	0.999942	0.007061
7.775152	1.000767	0.006266
7.878984	1.007628	0.024517
7.979802	1.001295	0.003065
8.096524	1.001901	0.003581
8.221534	1.001556	0.003451
8.330241	1.000940	0.003673
8.444424	1.001102	0.003561
8.556805	1.000211	0.003359
8.671992	1.001324	0.003179
8.793688	1.000588	0.003023
8.901674	1.000210	0.002854
9.020189	0.999876	0.003733
9.135953	0.999358	0.003554
9.258558	0.998936	0.003505
9.385058	0.999466	0.003546
9.503110	0.999057	0.003240
9.615319	0.998760	0.002657
9.736449	0.998577	0.002395
9.855888	0.998854	0.002409
9.967983	0.998969	0.002369
10.080195	0.998944	0.002099
10.187250	0.999171	0.001893
10.302879	0.998648	0.001415
10.428537	0.998193	0.001124
10.549083	0.998724	0.001267
10.662077	0.998632	0.001633
10.774342	0.998378	0.001549
10.887219	0.998011	0.001653
11.007656	0.998297	0.002076
11.130374	0.998456	0.001386
11.265509	0.998630	0.001645
11.375018	0.998682	0.001506
11.488897	0.999006	0.001518
