100
0.015799	1.000811	0.000464
0.045441	1.001085	0.000985
0.077920	1.001236	0.001152
0.105035	1.001640	0.000820
0.129559	1.000596	0.001893
0.152331	1.001114	0.000811
0.177423	1.001240	0.000950
0.203449	1.000815	0.000856
0.229845	1.000970	0.001031
0.253047	1.001621	0.000937
0.278445	1.001371	0.001517
0.304916	1.000703	0.000723
0.329992	1.001546	0.001056
0.352122	1.000233	0.002095
0.375482	1.001195	0.000664
0.400747	0.999327	0.005899
0.421596	0.999676	0.003265
0.443707	1.001157	0.001259
0.464076	1.000350	0.001197
0.483884	1.000771	0.001488
0.507278	1.000546	0.001512
0.528304	1.000249	0.001158
0.549113	1.000354	0.001450
0.569113	1.000117	0.000836
0.590138	1.000742	0.001118
0.614738	0.999446	0.003220
0.636475	1.000126	0.002513
0.656888	0.999872	0.001627
0.678525	0.999861	0.001404
0.699839	1.000530	0.001457
0.724187	1.000274	0.001757
0.744213	0.999535	0.001071
0.764600	0.994903	0.014771
0.785004	0.984517	0.044111
0.807740	0.966466	0.080678
0.827100	0.944272	0.117915
0.847340	0.959264	0.094470
0.869411	0.927758	0.141346
0.892355	0.898039	0.146675
0.912111	0.893869	0.144084
0.932991	0.926810	0.142992
0.955260	0.904945	0.146668
0.975475	0.903648	0.145665
0.996311	0.889464	0.142083
1.016698	0.880098	0.143731
1.037111	0.903379	0.141242
1.057118	0.877769	0.146150
1.077756	0.872317	0.155703
1.099655	0.864658	0.151421
1.123211	0.894163	0.143943
1.142967	0.895179	0.144320
1.162111	0.901131	0.146633
1.181254	0.914555	0.147186
1.200866	0.928354	0.134112
1.221243	0.956391	0.106057
1.240206	0.974868	0.066384
1.259341	0.992146	0.032650
1.278304	1.000060	0.008277
1.297429	1.002153	0.003591
1.318258	1.003057	0.003690
1.337229	1.002837	0.003305
1.359247	1.003951	0.003079
1.380758	1.003449	0.003258
1.404114	1.001940	0.003380
1.431263	1.003399	0.003568
1.455476	1.003668	0.004171
1.479429	0.999810	0.010471
1.505136	0.989848	0.029995
1.532041	0.958718	0.074124
1.557335	0.961989	0.073650
1.581296	0.953324	0.074039
1.607805	0.927315	0.087496
1.631578	0.937884	0.072693
1.655772	0.954708	0.073542
1.681263	0.960537	0.067091
1.704198	0.961216	0.055182
1.731294	0.939990	0.072511
1.757027	0.957077	0.070817
1.781394	0.950628	0.072360
1.804156	0.930365	0.074019
1.827109	0.924753	0.082374
1.850889	0.951690	0.071185
1.876526	0.977412	0.059543
1.902198	0.972847	0.056776
1.927221	0.993875	0.014012
1.950011	0.998762	0.001724
1.973341	0.999329	0.000885
1.999463	0.999925	0.000834
2.023209	0.999963	0.000827
2.047359	0.999963	0.001220
2.071678	0.999922	0.001049
2.100025	1.001109	0.001282
2.127183	1.000720	0.001100
2.152396	1.000544	0.000869
2.177221	1.000367	0.001336
2.200460	1.000159	0.001080
2.225889	1.000807	0.001490
2.252390	1.000572	0.001123
2.279331	1.001417	0.001355
2.304121	1.001506	0.002254
0.031599	1.000811	0.000464
0.090881	1.001085	0.000985
0.155839	1.001236	0.001152
0.210071	1.001640	0.000820
0.259117	1.000596	0.001893
0.304661	1.001114	0.000811
0.354845	1.001240	0.000950
0.406898	1.000815	0.000856
0.459691	1.000970	0.001031
0.506095	1.001621	0.000937
0.556891	1.001371	0.001517
0.609832	1.000703	0.000723
0.659985	1.001546	0.001056
0.704244	1.000233	0.002095
0.750963	1.001195	0.000664
0.801494	0.999327	0.005899
0.843191	0.999676	0.003265
0.887415	1.001157	0.001259
0.928152	1.000350	0.001197
0.967768	1.000771	0.001488
1.014557	1.000546	0.001512
1.056608	1.000249	0.001158
1.098226	1.000354	0.001450
1.138225	1.000117	0.000836
1.180276	1.000742	0.001118
1.229476	0.999446	0.003220
1.272949	1.000126	0.002513
1.313775	0.999872	0.001627
1.357051	0.999861	0.001404
1.399677	1.000530	0.001457
1.448374	1.000274	0.001757
1.488426	0.999535	0.001071
1.529200	0.994903	0.014771
1.570007	0.984517	0.044111
1.615480	0.966466	0.080678
1.654200	0.944272	0.117915
1.694681	0.959264	0.094470
1.738822	0.927758	0.141346
1.784709	0.898039	0.146675
1.824221	0.893869	0.144084
1.865983	0.926810	0.142992
1.910520	0.904945	0.146668
1.950949	0.903648	0.145665
1.992622	0.889464	0.142083
2.033396	0.880098	0.143731
2.074221	0.903379	0.141242
2.114236	0.877769	0.146150
2.155513	0.872317	0.155703
2.199310	0.864658	0.151421
2.246422	0.894163	0.143943
2.285934	0.895179	0.144320
2.324221	0.901131	0.146633
2.362509	0.914555	0.147186
2.401731	0.928354	0.134112
2.442487	0.956391	0.106057
2.480411	0.974868	0.066384
2.518683	0.992146	0.032650
2.556608	1.000060	0.008277
2.594858	1.002153	0.003591
2.636516	1.003057	0.003690
2.674458	1.002837	0.003305
2.718493	1.003951	0.003079
2.761516	1.003449	0.003258
2.808229	1.001940	0.003380
2.862527	1.003399	0.003568
2.910952	1.003668	0.004171
2.958857	0.999810	0.010471
3.010272	0.989848	0.029995
3.064083	0.958718	0.074124
3.114669	0.961989	0.073650
3.162592	0.953324	0.074039
3.215610	0.927315	0.087496
3.263155	0.937884	0.072693
3.311544	0.954708	0.073542
3.362527	0.960537	0.067091
3.408396	0.961216	0.055182
3.462587	0.939990	0.072511
3.514054	0.957077	0.070817
3.562788	0.950628	0.072360
3.608312	0.930365	0.074019
3.654218	0.924753	0.082374
3.701778	0.951690	0.071185
3.753053	0.977412	0.059543
3.804395	0.972847	0.056776
3.854442	0.993875	0.014012
3.900021	0.998762	0.001724
3.946683	0.999329	0.000885
3.998927	0.999925	0.000834
4.046417	0.999963	0.000827
4.094718	0.999963	0.001220
4.143357	0.999922	0.001049
4.200050	1.001109	0.001282
4.254366	1.000720	0.001100
4.304791	1.000544	0.000869
4.354442	1.000367	0.001336
4.400920	1.000159	0.001080
4.451778	1.000807	0.001490
4.504781	1.000572	0.001123
4.558662	1.001417	0.001355
4.608242	1.001506	0.002254
