100
0.018574	1.000415	0.001261
0.058594	0.999699	0.001611
0.100251	0.999505	0.001323
0.142965	0.999234	0.001027
0.186565	0.999093	0.000849
0.228229	0.999249	0.000670
0.268740	1.000385	0.003705
0.308416	1.000973	0.004262
0.346921	1.001288	0.003555
0.383244	1.001237	0.002827
0.421778	1.001122	0.002498
0.459129	1.000252	0.002593
0.497925	0.999912	0.002057
0.535553	1.000248	0.001655
0.576258	1.000053	0.001176
0.615047	0.999707	0.000701
0.651363	0.999466	0.000714
0.686770	0.999353	0.000893
0.720610	0.999436	0.001065
0.754264	0.998828	0.001347
0.789904	0.999307	0.001327
0.831089	0.999530	0.001389
0.870891	0.999664	0.001402
0.907543	0.999922	0.001653
0.941764	0.999478	0.001238
0.977978	1.002713	0.009330
1.019244	0.999421	0.001101
1.057827	0.999427	0.001563
1.093436	0.999721	0.000683
1.134369	0.999468	0.000420
1.173486	0.999411	0.000989
1.209403	0.999324	0.000974
1.247766	0.999608	0.000692
1.288402	0.999722	0.000673
1.327130	1.000690	0.002887
1.365980	1.000160	0.000904
1.406026	1.000485	0.001279
1.444682	1.000523	0.001346
1.484855	1.000763	0.001689
1.524901	1.000961	0.001744
1.563758	1.000914	0.001983
1.602971	1.001884	0.006615
1.643969	0.999789	0.001551
1.684046	0.999300	0.001399
1.724957	0.999832	0.001206
1.766336	0.999735	0.002056
1.804894	0.998848	0.000920
1.843542	0.998970	0.000724
1.882658	0.999468	0.001981
1.923874	0.999885	0.001066
1.964397	1.000134	0.001531
2.006058	1.003918	0.010929
2.048874	1.001432	0.002126
2.087789	1.001659	0.002272
2.131721	1.001076	0.002067
2.171135	1.000986	0.001681
2.212416	1.000512	0.001009
2.253803	1.001837	0.005419
2.295755	0.999778	0.000486
2.334589	0.999415	0.000382
2.377581	1.001842	0.006378
2.417927	0.999239	0.000806
2.455928	1.004678	0.012716
2.494115	1.003849	0.010491
2.535129	1.004354	0.008850
2.574417	1.003163	0.007209
2.614970	1.001405	0.004304
2.654757	1.002357	0.005231
2.693299	1.002052	0.004202
2.731955	1.000791	0.003149
2.773148	1.001724	0.003201
2.813685	1.000328	0.002176
2.853941	1.000936	0.002302
2.895877	1.002622	0.007703
2.939817	1.000323	0.001268
2.978941	1.000088	0.000832
3.017491	0.999763	0.000538
3.056615	1.000032	0.000866
3.096029	1.000185	0.001096
3.136917	1.000189	0.001503
3.175596	1.000190	0.001849
3.212157	1.000676	0.003194
3.252317	1.000347	0.002175
3.287011	1.000101	0.001446
3.326219	0.999781	0.001027
3.362715	0.999391	0.000955
3.398148	0.999419	0.001131
3.432850	0.999644	0.000863
3.467726	0.999568	0.000963
3.503075	1.000042	0.000914
3.538329	0.999711	0.000983
3.573770	1.000270	0.001144
3.607252	1.000738	0.001069
3.641173	1.000768	0.001580
3.677009	1.002478	0.004334
3.713304	1.001632	0.001701
3.750344	1.001226	0.001579
3.784661	1.001510	0.001883
3.818307	1.000660	0.001910
3.851976	1.000513	0.001557
0.037147	1.000415	0.001261
0.117187	0.999699	0.001611
0.200501	0.999505	0.001323
0.285931	0.999234	0.001027
0.373130	0.999093	0.000849
0.456458	0.999249	0.000670
0.537479	1.000385	0.003705
0.616831	1.000973	0.004262
0.693842	1.001288	0.003555
0.766487	1.001237	0.002827
0.843555	1.001122	0.002498
0.918259	1.000252	0.002593
0.995851	0.999912	0.002057
1.071107	1.000248	0.001655
1.152517	1.000053	0.001176
1.230095	0.999707	0.000701
1.302726	0.999466	0.000714
1.373540	0.999353	0.000893
1.441221	0.999436	0.001065
1.508528	0.998828	0.001347
1.579807	0.999307	0.001327
1.662178	0.999530	0.001389
1.741783	0.999664	0.001402
1.815087	0.999922	0.001653
1.883528	0.999478	0.001238
1.955957	1.002713	0.009330
2.038488	0.999421	0.001101
2.115654	0.999427	0.001563
2.186871	0.999721	0.000683
2.268739	0.999468	0.000420
2.346972	0.999411	0.000989
2.418805	0.999324	0.000974
2.495532	0.999608	0.000692
2.576804	0.999722	0.000673
2.654261	1.000690	0.002887
2.731960	1.000160	0.000904
2.812053	1.000485	0.001279
2.889364	1.000523	0.001346
2.969709	1.000763	0.001689
3.049802	1.000961	0.001744
3.127516	1.000914	0.001983
3.205941	1.001884	0.006615
3.287939	0.999789	0.001551
3.368093	0.999300	0.001399
3.449914	0.999832	0.001206
3.532673	0.999735	0.002056
3.609787	0.998848	0.000920
3.687083	0.998970	0.000724
3.765316	0.999468	0.001981
3.847748	0.999885	0.001066
3.928793	1.000134	0.001531
4.012116	1.003918	0.010929
4.097748	1.001432	0.002126
4.175578	1.001659	0.002272
4.263442	1.001076	0.002067
4.342270	1.000986	0.001681
4.424832	1.000512	0.001009
4.507606	1.001837	0.005419
4.591509	0.999778	0.000486
4.669178	0.999415	0.000382
4.755162	1.001842	0.006378
4.835855	0.999239	0.000806
4.911856	1.004678	0.012716
4.988230	1.003849	0.010491
5.070258	1.004354	0.008850
5.148834	1.003163	0.007209
5.229940	1.001405	0.004304
5.309514	1.002357	0.005231
5.386598	1.002052	0.004202
5.463909	1.000791	0.003149
5.546295	1.001724	0.003201
5.627371	1.000328	0.002176
5.707882	1.000936	0.002302
5.791754	1.002622	0.007703
5.879634	1.000323	0.001268
5.957882	1.000088	0.000832
6.034982	0.999763	0.000538
6.113230	1.000032	0.000866
6.192058	1.000185	0.001096
6.273834	1.000189	0.001503
6.351191	1.000190	0.001849
6.424314	1.000676	0.003194
6.504634	1.000347	0.002175
6.574023	1.000101	0.001446
6.652437	0.999781	0.001027
6.725430	0.999391	0.000955
6.796295	0.999419	0.001131
6.865700	0.999644	0.000863
6.935451	0.999568	0.000963
7.006151	1.000042	0.000914
7.076658	0.999711	0.000983
7.147539	1.000270	0.001144
7.214505	1.000738	0.001069
7.282346	1.000768	0.001580
7.354018	1.002478	0.004334
7.426608	1.001632	0.001701
7.500688	1.001226	0.001579
7.569321	1.001510	0.001883
7.636614	1.000660	0.001910
7.703952	1.000513	0.001557
