    1092
       1491.6602      0.91931236       1.0073868       0.0000000
       1491.6810      0.92470735       1.0058572       0.0000000
       1491.7018      0.92431188      0.99819297       0.0000000
       1491.7227      0.91862810      0.98520136       0.0000000
       1491.7435      0.90899688      0.96867770       0.0000000
       1491.7643      0.89814347      0.95026749       0.0000000
       1491.7852      0.88265240      0.92833453       0.0000000
       1491.8060      0.86833006      0.90545118       0.0000000
       1491.8268      0.85015440      0.88242948       0.0000000
       1491.8477      0.83517349      0.85946625       0.0000000
       1491.8685      0.81653970      0.83673829       0.0000000
       1491.8893      0.79777747      0.81551957       0.0000000
       1491.9102      0.78096759      0.79666460       0.0000000
       1491.9310      0.77398825      0.78589171       0.0000000
       1491.9518      0.76781690      0.78034276       0.0000000
       1491.9727      0.77330315      0.78227663       0.0000000
       1491.9935      0.78369808      0.79296929       0.0000000
       1492.0143      0.79956055      0.80817342       0.0000000
       1492.0352      0.82129759      0.82809341       0.0000000
       1492.0560      0.84180516      0.84906894       0.0000000
       1492.0768      0.86693865      0.87331933       0.0000000
       1492.0977      0.88814557      0.89527702       0.0000000
       1492.1185      0.91131437      0.91843885       0.0000000
       1492.1393      0.93456942      0.93962598       0.0000000
       1492.1602      0.95152801      0.95859683       0.0000000
       1492.1810      0.96869165      0.97569883       0.0000000
       1492.2018      0.98139971      0.98938197       0.0000000
       1492.2227      0.99068093      0.99815458       0.0000000
       1492.2435      0.99517995       1.0000278       0.0000000
       1492.2643      0.99405134      0.99978507       0.0000000
       1492.2852      0.99282616      0.99964970       0.0000000
       1492.3060      0.99560922      0.99953163       0.0000000
       1492.3268      0.99411613      0.99974900       0.0000000
       1492.3477      0.99278468      0.99978888       0.0000000
       1492.3685      0.99375576      0.99970651       0.0000000
       1492.3893      0.99036735      0.99898815       0.0000000
       1492.4102      0.99197227      0.99895674       0.0000000
       1492.4310      0.99496394       1.0004265       0.0000000
       1492.4518      0.99418497       1.0002888       0.0000000
       1492.4727      0.99449199      0.99974513       0.0000000
       1492.4935      0.99472469       1.0008963       0.0000000
       1492.5143      0.99293566       1.0007766       0.0000000
       1492.5352      0.99385488       1.0002612       0.0000000
       1492.5560      0.99540704       1.0015874       0.0000000
       1492.5768      0.99619913       1.0014960       0.0000000
       1492.5977      0.99727553       1.0026311       0.0000000
       1492.6185      0.99447417       1.0019536       0.0000000
       1492.6393      0.99394637       1.0020274       0.0000000
       1492.6602      0.99644989       1.0022111       0.0000000
       1492.6810      0.99798191       1.0025666       0.0000000
       1492.7018       1.0004764       1.0048113       0.0000000
       1492.7227       1.0006747       1.0040981       0.0000000
       1492.7435       1.0007745       1.0051033       0.0000000
       1492.7643      0.99863440       1.0053458       0.0000000
       1492.7852      0.91279727       1.0049654       128.00000
       1492.8060      0.99971789       1.0054729       0.0000000
       1492.8268       1.0021312       1.0057726       0.0000000
       1492.8477       1.0019543       1.0077153       0.0000000
       1492.8685       1.0020692       1.0068407       0.0000000
       1492.8893       1.0025043       1.0074120       0.0000000
       1492.9102       1.0027535       1.0078248       0.0000000
       1492.9310       1.0015969       1.0074176       0.0000000
       1492.9518       1.0031654       1.0080980       0.0000000
       1492.9727       1.0041560       1.0085557       0.0000000
       1492.9935       1.0041604       1.0074104       0.0000000
       1493.0144       1.0041935       1.0073776       0.0000000
       1493.0352       1.0058174       1.0070568       0.0000000
       1493.0560       1.0016615       1.0073886       0.0000000
       1493.0769       1.0035053       1.0074663       0.0000000
       1493.0977       1.0015856       1.0061594       0.0000000
       1493.1185       1.0026510       1.0056429       0.0000000
       1493.1394      0.99905342       1.0053505       0.0000000
       1493.1602       1.0036188       1.0050061       0.0000000
       1493.1810       1.0031919       1.0048221       0.0000000
       1493.2019       1.0020097       1.0038978       0.0000000
       1493.2227       1.0001305       1.0048146       0.0000000
       1493.2435       1.0001025       1.0034140       0.0000000
       1493.2644       1.0000196       1.0036676       0.0000000
       1493.2852       1.0001085       1.0029703       0.0000000
       1493.3060       1.0012077       1.0029418       0.0000000
       1493.3269       1.0006583       1.0026122       0.0000000
       1493.3477       1.0027753       1.0030380       0.0000000
       1493.3685       1.0014241       1.0027143       0.0000000
       1493.3894       1.0006889       1.0027148       0.0000000
       1493.4102      0.99995714       1.0023252       0.0000000
       1493.4310       1.0009097       1.0029676       0.0000000
       1493.4519       1.0006258       1.0020659       0.0000000
       1493.4727       1.0004536       1.0009048       0.0000000
       1493.4935      0.99753028      0.99994624       0.0000000
       1493.5144      0.99827409       1.0005084       0.0000000
       1493.5352       1.0002955       1.0001539       0.0000000
       1493.5560      0.99665707       1.0000148       0.0000000
       1493.5769      0.99825627      0.99989599       0.0000000
       1493.5977      0.99419558      0.99303973       0.0000000
       1493.6185      0.97897315      0.98014307       0.0000000
       1493.6394      0.96042699      0.96174973       0.0000000
       1493.6602      0.94034934      0.94111717       0.0000000
       1493.6810      0.91443211      0.91556305       0.0000000
       1493.7019      0.88821667      0.88880545       0.0000000
       1493.7227      0.86053836      0.86132050       0.0000000
       1493.7435      0.83474112      0.83504611       0.0000000
       1493.7644      0.81175351      0.81107718       0.0000000
       1493.7852      0.78804410      0.78924167       0.0000000
       1493.8060      0.77663124      0.77632415       0.0000000
       1493.8269      0.77060056      0.77215487       0.0000000
       1493.8477      0.77786088      0.77903622       0.0000000
       1493.8685      0.79501730      0.79583478       0.0000000
       1493.8894      0.81779242      0.81819016       0.0000000
       1493.9102      0.84281212      0.84398776       0.0000000
       1493.9310      0.86898756      0.86911124       0.0000000
       1493.9519      0.89670771      0.89736915       0.0000000
       1493.9727      0.92076284      0.92175043       0.0000000
       1493.9935      0.94458860      0.94677711       0.0000000
       1494.0144      0.96617323      0.96765882       0.0000000
       1494.0352      0.98581731      0.98474556       0.0000000
       1494.0560      0.99587440      0.99647933       0.0000000
       1494.0769      0.99945432       1.0008016       0.0000000
       1494.0977      0.99957204      0.99925196       0.0000000
       1494.1185      0.99741709       1.0008796       0.0000000
       1494.1394       1.0008718       1.0011609       0.0000000
       1494.1602       1.0004798       1.0012264       0.0000000
       1494.1810      0.99965465       1.0004125       0.0000000
       1494.2019      0.99998999       1.0001065       0.0000000
       1494.2227      0.99983346       1.0005963       0.0000000
       1494.2435      0.99733675      0.99935114       0.0000000
       1494.2644       1.0003065       1.0002161       0.0000000
       1494.2852      0.99141741       1.0006691       0.0000000
       1494.3060      0.99802661      0.99974734       0.0000000
       1494.3269       1.0004790       1.0007697       0.0000000
       1494.3477       1.0003934       1.0004681       0.0000000
       1494.3685       1.0010278       1.0005133       0.0000000
       1494.3894       1.0003365       1.0006959       0.0000000
       1494.4102       1.0009426       1.0000666       0.0000000
       1494.4310       1.0002348       1.0003660       0.0000000
       1494.4519       1.0008070       1.0000095       0.0000000
       1494.4727      0.99866623      0.99935102       0.0000000
       1494.4935       1.0053352       1.0018749       0.0000000
       1494.5144      0.99978453       1.0001950       0.0000000
       1494.5352       1.0018194      0.99986899       0.0000000
       1494.5560      0.99997669      0.99972069       0.0000000
       1494.5769      0.99996072       1.0002855       0.0000000
       1494.5977       1.0002958      0.99912000       0.0000000
       1494.6185       1.0002919      0.99948168       0.0000000
       1494.6394       1.0000592       1.0006193       0.0000000
       1494.6602       1.0007654       1.0013167       0.0000000
       1494.6810      0.99683547       1.0009356       0.0000000
       1494.7019       1.0013986       1.0006830       0.0000000
       1494.7227       1.0033950       1.0006520       0.0000000
       1494.7435       1.0013056       1.0008649       0.0000000
       1494.7644      0.99753749       1.0011435       0.0000000
       1494.7852       1.0009302       1.0006219       0.0000000
       1494.8061      0.86031359      0.87848449       128.00000
       1494.8269      0.99856544       1.0003054       128.00000
       1494.8477      0.99922585      0.99961191       0.0000000
       1494.8686      0.99939758       1.0002477       0.0000000
       1494.8894      0.99844515      0.99933934       0.0000000
       1494.9102      0.99898428       1.0005201       0.0000000
       1494.9311      0.99859464       1.0000951       0.0000000
       1494.9519       1.0000217       1.0003581       0.0000000
       1494.9727      0.99727309      0.99960750       0.0000000
       1494.9936      0.99917352       1.0002288       0.0000000
       1495.0144       1.0007192       1.0001267       0.0000000
       1495.0352       1.0027752       1.0026537       0.0000000
       1495.0561      0.99500448       1.0000143       128.00000
       1495.0769      0.89127970       1.0010023       0.0000000
       1495.0977      0.90953606       1.0006152       128.00000
       1495.1186       1.0015585      0.99983579       0.0000000
       1495.1394       1.0012604       1.0007209       0.0000000
       1495.1602      0.99755263      0.99914992       0.0000000
       1495.1811       1.0014285       1.0010436       0.0000000
       1495.2019       1.0013486       1.0008631       0.0000000
       1495.2227       1.0011771      0.99985045       0.0000000
       1495.2436       1.0022528       1.0001169       0.0000000
       1495.2644       1.0000873       1.0003583       0.0000000
       1495.2852       1.0010549      0.99988061       0.0000000
       1495.3061       1.0005254       1.0001991       0.0000000
       1495.3269       1.0011878       1.0006409       0.0000000
       1495.3477       1.0024008       1.0009737       0.0000000
       1495.3686       1.0011560       1.0007162       0.0000000
       1495.3894       1.0018277       1.0012182       0.0000000
       1495.4102       1.0015174       1.0011070       0.0000000
       1495.4311      0.99964297       1.0007098       0.0000000
       1495.4519       1.0014887       1.0006050       0.0000000
       1495.4727      0.99935043      0.99923289       0.0000000
       1495.4936       1.0013161       1.0008036       0.0000000
       1495.5144      0.98789680       1.0007907       128.00000
       1495.5352       1.0015949       1.0007339       0.0000000
       1495.5561      0.99992299       1.0007440       0.0000000
       1495.5769       1.0006510       1.0000446       0.0000000
       1495.5977      0.99961108       1.0002044       0.0000000
       1495.6186       1.0020514       1.0001413       0.0000000
       1495.6394       1.0005159      0.99973583       0.0000000
       1495.6602      0.99911410       1.0004253       0.0000000
       1495.6811       1.0006423       1.0003710       0.0000000
       1495.7019      0.99129158       1.0000277       128.00000
       1495.7227      0.99673480      0.99985254       0.0000000
       1495.7436       1.0014529       1.0010804       0.0000000
       1495.7644       1.0015854       1.0004880       0.0000000
       1495.7852       1.0023575       1.0007807       0.0000000
       1495.8061      0.99996716      0.99899375       0.0000000
       1495.8269      0.99990821      0.99899423       0.0000000
       1495.8477       1.0002520      0.99896765       0.0000000
       1495.8686      0.99946564      0.99905425       0.0000000
       1495.8894      0.99948496      0.99940211       0.0000000
       1495.9102       1.0013561       1.0003915       0.0000000
       1495.9311       1.0008353       1.0002197       0.0000000
       1495.9519      0.99878740      0.99934262       0.0000000
       1495.9727      0.99807990      0.99874133       0.0000000
       1495.9936      0.98258096      0.99903214       128.00000
       1496.0144      0.96435541       1.0005447       128.00000
       1496.0352       1.0008227      0.99924964       0.0000000
       1496.0561      0.99967271      0.99898094       0.0000000
       1496.0769      0.99973446      0.99932712       0.0000000
       1496.0977      0.99943453      0.99929249       0.0000000
       1496.1186       1.0010296       1.0001678       0.0000000
       1496.1394      0.98886377       1.0000215       128.00000
       1496.1602      0.99942940      0.99920726       0.0000000
       1496.1811      0.99882853      0.99995041       0.0000000
       1496.2019      0.99961072      0.99881279       0.0000000
       1496.2227      0.99882656      0.99988443       0.0000000
       1496.2436       1.0005392      0.99956208       0.0000000
       1496.2644      0.99936926      0.99949622       0.0000000
       1496.2852       1.0008562      0.99997985       0.0000000
       1496.3061       1.0025038       1.0004430       128.00000
       1496.3269       1.0002276      0.99953163       0.0000000
       1496.3477       1.0002236       1.0007516       0.0000000
       1496.3686       1.0014076       1.0003505       128.00000
       1496.3894       1.0005633       1.0005993       0.0000000
       1496.4102      0.99806380       1.0000238       128.00000
       1496.4311      0.99981147      0.99957848       0.0000000
       1496.4519       1.0008259       1.0003535       0.0000000
       1496.4727       1.0013586       1.0001576       0.0000000
       1496.4936       1.0020159       1.0004504       0.0000000
       1496.5144       1.0002525      0.99904168       0.0000000
       1496.5352      0.99996257      0.99874318       0.0000000
       1496.5561       1.0005394      0.99972814       0.0000000
       1496.5769       1.0009418      0.99957222       0.0000000
       1496.5977       1.0003082      0.99969172       0.0000000
       1496.6186      0.99947697      0.99857134       0.0000000
       1496.6394       1.0003179      0.99880451       0.0000000
       1496.6602       1.0000000      0.99920684       0.0000000
       1496.6811      0.99823695      0.99901074       0.0000000
       1496.7019       1.0001048      0.99878430       0.0000000
       1496.7227      0.99908882      0.99884284       0.0000000
       1496.7436      0.99958402      0.99832940       0.0000000
       1496.7644       1.0001999      0.99930888       0.0000000
       1496.7852      0.99856877      0.99983466       0.0000000
       1496.8061      0.99946368      0.99950123       0.0000000
       1496.8269      0.99992192      0.99882698       0.0000000
       1496.8478       1.0015932       1.0001924       0.0000000
       1496.8686       1.0009433      0.99936569       128.00000
       1496.8894      0.99957412      0.99943048       0.0000000
       1496.9103       1.0002607      0.99937403       0.0000000
       1496.9311       1.0004374      0.99964470       0.0000000
       1496.9519      0.99929249      0.99873143       0.0000000
       1496.9728      0.99871862      0.99835718       0.0000000
       1496.9936      0.99970752      0.99883175       0.0000000
       1497.0144      0.99774092      0.99829572       0.0000000
       1497.0353       1.0015833      0.99942452       128.00000
       1497.0561       1.0002534      0.99936134       0.0000000
       1497.0769       1.0017973      0.99966717       0.0000000
       1497.0978       1.0018412      0.99918854       0.0000000
       1497.1186       1.0012159      0.99982661       128.00000
       1497.1394       1.0001262      0.99904400       0.0000000
       1497.1603       1.0004642      0.99955618       0.0000000
       1497.1811       1.0015260       1.0001903       0.0000000
       1497.2019      0.99990594      0.99880141       0.0000000
       1497.2228      0.99995095       1.0003179       128.00000
       1497.2436       1.0010000      0.99978960       0.0000000
       1497.2644      0.99859923      0.99938929       0.0000000
       1497.2853       1.0015258      0.99965507       0.0000000
       1497.3061       1.0006748      0.99891138       0.0000000
       1497.3269      0.99880475      0.99865174       0.0000000
       1497.3478       1.0001971      0.99905366       0.0000000
       1497.3686       1.0002135      0.99908310       0.0000000
       1497.3894       1.0006455       1.0000263       0.0000000
       1497.4103       1.0016080      0.99999160       0.0000000
       1497.4311       1.0003239      0.99947971       0.0000000
       1497.4519       1.0020627       1.0004051       0.0000000
       1497.4728       1.0016111      0.99981171       0.0000000
       1497.4936       1.0012071       1.0000658       0.0000000
       1497.5144       1.0007969       1.0005504       0.0000000
       1497.5353       1.0015051      0.99926382       0.0000000
       1497.5561       1.0031660      0.99966800       0.0000000
       1497.5769       1.0017312       1.0003948       0.0000000
       1497.5978       1.0019157      0.99880338       0.0000000
       1497.6186       1.0001667      0.99871027       0.0000000
       1497.6394       1.0004855      0.99995971       0.0000000
       1497.6603       1.0014923      0.99997908       0.0000000
       1497.6811       1.0019314       1.0004215       0.0000000
       1497.7019       1.0024633      0.99959737       0.0000000
       1497.7228       1.0017097      0.99937379       0.0000000
       1497.7436       1.0011396      0.99953687       0.0000000
       1497.7644       1.0003424      0.99981904       0.0000000
       1497.7853       1.0006369      0.99968964       0.0000000
       1497.8061       1.0020933       1.0005940       0.0000000
       1497.8269       1.0028259      0.99981952       0.0000000
       1497.8478      0.99885452      0.99982113       0.0000000
       1497.8686       1.0019392      0.99951696       0.0000000
       1497.8894       1.0002246      0.99872053       0.0000000
       1497.9103      0.99376762      0.99032182       0.0000000
       1497.9311      0.82175595      0.83664650       128.00000
       1497.9519      0.96212989      0.96047163       0.0000000
       1497.9728      0.93962425      0.94068426       0.0000000
       1497.9936      0.92176467      0.92028034       0.0000000
       1498.0144      0.89794755      0.89799738       0.0000000
       1498.0353      0.87390953      0.87562484       0.0000000
       1498.0561      0.85309446      0.85273004       0.0000000
       1498.0769      0.83063442      0.83091736       0.0000000
       1498.0978      0.81277257      0.81122273       0.0000000
       1498.1186      0.79330850      0.79399782       0.0000000
       1498.1394      0.78344083      0.78336936       0.0000000
       1498.1603      0.78245282      0.78022885       0.0000000
       1498.1811      0.78564930      0.78489751       0.0000000
       1498.2019      0.79591835      0.79591000       0.0000000
       1498.2228      0.81404132      0.81290424       0.0000000
       1498.2436      0.83263332      0.83334559       0.0000000
       1498.2644      0.85426342      0.85541582       0.0000000
       1498.2853      0.87719780      0.87819034       0.0000000
       1498.3061      0.90095019      0.90195763       0.0000000
       1498.3269      0.92213315      0.92355639       0.0000000
       1498.3478      0.94075215      0.94335169       0.0000000
       1498.3686      0.96468395      0.96320963       0.0000000
       1498.3894      0.97472668      0.97820538       0.0000000
       1498.4103      0.98755193      0.99076772       0.0000000
       1498.4311       1.0012316      0.99894303       0.0000000
       1498.4519      0.99721181      0.99920517       0.0000000
       1498.4728      0.99763012      0.99938291       0.0000000
       1498.4936      0.99933839      0.99974966       0.0000000
       1498.5144      0.99598533      0.99876124       0.0000000
       1498.5353      0.99609733      0.99985909       0.0000000
       1498.5561      0.99925321      0.99983907       0.0000000
       1498.5769      0.99834883       1.0001320       0.0000000
       1498.5978      0.99763769       1.0008969       0.0000000
       1498.6186      0.99794543       1.0000365       0.0000000
       1498.6394      0.99896193       1.0003383       0.0000000
       1498.6603       1.0011282       1.0017480       0.0000000
       1498.6811       1.0024439       1.0004689       0.0000000
       1498.7019       1.0012532       1.0017991       0.0000000
       1498.7228      0.99961501       1.0019113       0.0000000
       1498.7436       1.0008214       1.0019600       0.0000000
       1498.7644      0.99789637       1.0016495       0.0000000
       1498.7853       1.0015084       1.0025551       0.0000000
       1498.8061       1.0000994       1.0021040       0.0000000
       1498.8269       1.0015960       1.0027875       0.0000000
       1498.8478       1.0032579       1.0038307       0.0000000
       1498.8686       1.0030646       1.0039122       0.0000000
       1498.8894       1.0010875       1.0046996       0.0000000
       1498.9103       1.0039302       1.0042660       0.0000000
       1498.9311       1.0033756       1.0051811       0.0000000
       1498.9519       1.0015305       1.0055366       0.0000000
       1498.9728       1.0030514       1.0059302       0.0000000
       1498.9936       1.0031890       1.0064446       0.0000000
       1499.0144       1.0024077       1.0064986       0.0000000
       1499.0353       1.0029383       1.0069770       0.0000000
       1499.0561       1.0060835       1.0080763       0.0000000
       1499.0769       1.0052317       1.0083531       0.0000000
       1499.0978       1.0049628       1.0080217       0.0000000
       1499.1186       1.0066456       1.0094408       0.0000000
       1499.1394       1.0050292       1.0083112       0.0000000
       1499.1603       1.0071204       1.0079679       0.0000000
       1499.1811       1.0063509       1.0084538       0.0000000
       1499.2020       1.0049584       1.0087888       0.0000000
       1499.2228       1.0056554       1.0084642       0.0000000
       1499.2436       1.0051478       1.0079989       0.0000000
       1499.2645       1.0040877       1.0086823       0.0000000
       1499.2853       1.0037221       1.0069455       0.0000000
       1499.3061       1.0033072       1.0065449       0.0000000
       1499.3270       1.0028887       1.0060823       0.0000000
       1499.3478       1.0038735       1.0062290       0.0000000
       1499.3686       1.0022379       1.0061545       0.0000000
       1499.3895       1.0024745       1.0053092       0.0000000
       1499.4103       1.0009092       1.0046115       0.0000000
       1499.4311       1.0026520       1.0049796       0.0000000
       1499.4520       1.0016259       1.0047790       0.0000000
       1499.4728       1.0005726       1.0041685       0.0000000
       1499.4936       1.0002877       1.0030570       0.0000000
       1499.5145       1.0008051       1.0030465       0.0000000
       1499.5353      0.99973828       1.0031149       0.0000000
       1499.5561       1.0007443       1.0027405       0.0000000
       1499.5770      0.99985343       1.0022516       0.0000000
       1499.5978       1.0028533       1.0022863       0.0000000
       1499.6186      0.99908763       1.0016857       0.0000000
       1499.6395      0.99918485       1.0021170       0.0000000
       1499.6603      0.99988490       1.0014735       0.0000000
       1499.6811      0.99866366       1.0016922       0.0000000
       1499.7020      0.99935901       1.0017910       0.0000000
       1499.7228      0.99866688       1.0016077       0.0000000
       1499.7436      0.99890262       1.0010532       0.0000000
       1499.7645      0.99835545       1.0015411       0.0000000
       1499.7853      0.99577314      0.99888694       0.0000000
       1499.8061      0.98890936      0.99158394       0.0000000
       1499.8270      0.97314698      0.97567743       0.0000000
       1499.8478      0.95414972      0.95627481       0.0000000
       1499.8686      0.93189800      0.93417352       0.0000000
       1499.8895      0.90800548      0.90928996       0.0000000
       1499.9103      0.88175070      0.88346595       0.0000000
       1499.9311      0.85282850      0.85575861       0.0000000
       1499.9520      0.82772934      0.82940167       0.0000000
       1499.9728      0.80304521      0.80510265       0.0000000
       1499.9936      0.78611004      0.78723103       0.0000000
       1500.0145      0.77406079      0.77457678       0.0000000
       1500.0353      0.77192593      0.77271914       0.0000000
       1500.0561      0.78071153      0.78176880       0.0000000
       1500.0770      0.80247200      0.80000335       0.0000000
       1500.0978      0.82276762      0.82345247       0.0000000
       1500.1186      0.84964263      0.85050619       0.0000000
       1500.1395      0.87413412      0.87552291       0.0000000
       1500.1603      0.90308946      0.90188348       0.0000000
       1500.1811      0.92752320      0.92756099       0.0000000
       1500.2020      0.95318508      0.95130658       0.0000000
       1500.2228      0.97068185      0.97110081       0.0000000
       1500.2436      0.98635232      0.98730415       0.0000000
       1500.2645      0.99780244      0.99809581       0.0000000
       1500.2853      0.99728066      0.99956709       0.0000000
       1500.3061      0.99983919       1.0002187       0.0000000
       1500.3270      0.99799007      0.99899793       0.0000000
       1500.3478      0.99863577       1.0001260       0.0000000
       1500.3686      0.99947673       1.0000280       0.0000000
       1500.3895       1.0007010      0.99965638       0.0000000
       1500.4103       1.0022480       1.0003492       0.0000000
       1500.4311      0.99941367       1.0001690       0.0000000
       1500.4520      0.99942064      0.99978423       0.0000000
       1500.4728      0.99957097       1.0002089       0.0000000
       1500.4936      0.99860573      0.99972922       0.0000000
       1500.5145      0.99943358       1.0000333       0.0000000
       1500.5353      0.99972826       1.0002567       0.0000000
       1500.5561      0.99886197      0.99961752       0.0000000
       1500.5770       1.0009922       1.0008742       0.0000000
       1500.5978      0.99855018      0.99976492       0.0000000
       1500.6186       1.0005333       1.0008870       0.0000000
       1500.6395      0.99861658      0.99969769       0.0000000
       1500.6603       1.0026072       1.0006385       0.0000000
       1500.6811       1.0006616       1.0004072       0.0000000
       1500.7020      0.99995047       1.0003786       0.0000000
       1500.7228       1.0019833       1.0015821       0.0000000
       1500.7436      0.99941343       1.0003735       0.0000000
       1500.7645      0.99979013       1.0005813       0.0000000
       1500.7853       1.0018288       1.0011660       0.0000000
       1500.8061       1.0003026       1.0005281       0.0000000
       1500.8270       1.0010489       1.0002280       0.0000000
       1500.8478       1.0046743       1.0013868       0.0000000
       1500.8686       1.0010396      0.99990785       0.0000000
       1500.8895       1.0022990       1.0015093       0.0000000
       1500.9103       1.0000643       1.0004016       0.0000000
       1500.9311       1.0012525       1.0006112       0.0000000
       1500.9520       1.0011127       1.0009567       0.0000000
       1500.9728       1.0015347       1.0013185       0.0000000
       1500.9936       1.0007631       1.0005887       0.0000000
       1501.0145       1.0010438       1.0011952       0.0000000
       1501.0353       1.0009065       1.0007808       0.0000000
       1501.0561      0.86639297      0.87876469       128.00000
       1501.0770      0.99987698       1.0010219       0.0000000
       1501.0978       1.0011356       1.0006001       0.0000000
       1501.1186       1.0015650       1.0010473       0.0000000
       1501.1395       1.0002449       1.0004404       0.0000000
       1501.1603       1.0026143       1.0015130       0.0000000
       1501.1811       1.0022355       1.0009419       0.0000000
       1501.2020      0.99856287      0.99909472       0.0000000
       1501.2228      0.99922490      0.99969405       0.0000000
       1501.2436       1.0011218      0.99999046       0.0000000
       1501.2645       1.0009382       1.0005188       0.0000000
       1501.2853       1.0000613      0.99971908       0.0000000
       1501.3061       1.0011965       1.0005842       0.0000000
       1501.3270       1.0010594       1.0000792       0.0000000
       1501.3478       1.0021727       1.0009438       0.0000000
       1501.3686      0.99988520      0.99990273       0.0000000
       1501.3895       1.0004756      0.99974781       0.0000000
       1501.4103      0.99998671       1.0001545       0.0000000
       1501.4311       1.0008603       1.0002042       0.0000000
       1501.4520      0.99891728      0.99925768       0.0000000
       1501.4728       1.0004375      0.99979365       0.0000000
       1501.4936       1.0011885       1.0002761       0.0000000
       1501.5145       1.0007277       1.0000373       0.0000000
       1501.5353       1.0019379       1.0005352       0.0000000
       1501.5561       1.0002764       1.0003853       0.0000000
       1501.5770       1.0007370      0.99971992       0.0000000
       1501.5978       1.0000795      0.99993843       0.0000000
       1501.6186       1.0006405       1.0003074       0.0000000
       1501.6395       1.0010557       1.0005574       0.0000000
       1501.6603      0.99958634      0.99978936       0.0000000
       1501.6811       1.0000588      0.99956894       0.0000000
       1501.7020      0.99998903      0.99930471       0.0000000
       1501.7228       1.0001842      0.99974340       0.0000000
       1501.7436       1.0006567       1.0004433       0.0000000
       1501.7645       1.0011207       1.0006372       0.0000000
       1501.7853       1.0012630       1.0001135       0.0000000
       1501.8061       1.0010918       1.0006570       0.0000000
       1501.8270       1.0012033       1.0008793       0.0000000
       1501.8478       1.0007962       1.0001152       0.0000000
       1501.8686      0.99922723      0.99937880       0.0000000
       1501.8895       1.0007339      0.99986047       0.0000000
       1501.9103       1.0002496      0.99936730       0.0000000
       1501.9311      0.99889857      0.99982673       0.0000000
       1501.9520       1.0002947      0.99974412       0.0000000
       1501.9728      0.99946928      0.99931943       0.0000000
       1501.9936       1.0014150       1.0006880       0.0000000
       1502.0145      0.99977022       1.0000159       0.0000000
       1502.0353       1.0004954      0.99954021       0.0000000
       1502.0561      0.99963450      0.99905497       0.0000000
       1502.0770       1.0018924       1.0007505       0.0000000
       1502.0978       1.0004545      0.99968928       0.0000000
       1502.1186       1.0002829      0.99999636       0.0000000
       1502.1395       1.0010765       1.0000842       0.0000000
       1502.1603      0.99880046      0.99875402       0.0000000
       1502.1812       1.0007541      0.99986082       0.0000000
       1502.2020      0.99983585      0.99884540       0.0000000
       1502.2228      0.99880546      0.99826431       0.0000000
       1502.2437       1.0001140      0.99955583       0.0000000
       1502.2645      0.99877840      0.99949342       0.0000000
       1502.2853      0.99957550      0.99947876       0.0000000
       1502.3062      0.99980098      0.99985802       0.0000000
       1502.3270      0.99995011       1.0004220       0.0000000
       1502.3478      0.99962121       1.0000000       0.0000000
       1502.3687       1.0007461       1.0000656       0.0000000
       1502.3895       1.0009671       1.0003564       0.0000000
       1502.4103       1.0007706       1.0003136       0.0000000
       1502.4312       1.0003222       1.0001476       0.0000000
       1502.4520      0.99931687      0.99999315       0.0000000
       1502.4728       1.0015755       1.0006918       0.0000000
       1502.4937       1.0008692       1.0006769       0.0000000
       1502.5145       1.0011609       1.0014694       0.0000000
       1502.5353       1.0006657      0.99999130       0.0000000
       1502.5562       1.0007950      0.99988085       0.0000000
       1502.5770       1.0011590       1.0012138       0.0000000
       1502.5978       1.0007446       1.0003849       0.0000000
       1502.6187       1.0007561       1.0004541       0.0000000
       1502.6395      0.99968642       1.0001529       0.0000000
       1502.6603      0.99940670      0.99996507       0.0000000
       1502.6812       1.0014741       1.0007670       0.0000000
       1502.7020       1.0004030      0.99983257       0.0000000
       1502.7228      0.99938303      0.99972421       0.0000000
       1502.7437       1.0001285       1.0002595       0.0000000
       1502.7645      0.99963206      0.99927700       0.0000000
       1502.7853       1.0004781      0.99958980       0.0000000
       1502.8062       1.0000597      0.99897546       0.0000000
       1502.8270      0.99882734      0.99957538       0.0000000
       1502.8478       1.0004134      0.99973828       0.0000000
       1502.8687       1.0008576      0.99969965       0.0000000
       1502.8895       1.0017220      0.99963427       0.0000000
       1502.9103       1.0021631      0.99955082       0.0000000
       1502.9312       1.0002916      0.99893612       0.0000000
       1502.9520      0.99977827      0.99908465       0.0000000
       1502.9728       1.0017138      0.99938673       0.0000000
       1502.9937       1.0008655      0.99923289       0.0000000
       1503.0145       1.0021883       1.0000254       0.0000000
       1504.7228      0.88703114       1.0134336       0.0000000
       1504.7437      0.89725208       1.0125563       128.00000
       1504.7645      0.90680742       1.0123776       0.0000000
       1504.7853      0.90779269       1.0101734       0.0000000
       1504.8062      0.91141754       1.0112994       0.0000000
       1504.8270      0.91901380       1.0099386       0.0000000
       1504.8478      0.92910892       1.0083346       0.0000000
       1504.8687      0.93893194       1.0070939       0.0000000
       1504.8895      0.94970095       1.0073984       0.0000000
       1504.9103      0.95529395       1.0049090       0.0000000
       1504.9312      0.96379739       1.0054153       0.0000000
       1504.9520      0.96888679       1.0044276       0.0000000
       1504.9728      0.97557795       1.0050449       0.0000000
       1504.9937      0.97908217       1.0037560       0.0000000
       1505.0145      0.98579174       1.0050133       0.0000000
       1505.0353      0.98663133       1.0028648       0.0000000
       1505.0562      0.99119705       1.0045314       0.0000000
       1505.0770      0.99322158       1.0046598       0.0000000
       1505.0978      0.99328238       1.0042285       0.0000000
       1505.1187      0.99346918       1.0039171       0.0000000
       1505.1395      0.99404079       1.0041947       0.0000000
       1505.1603      0.99609631       1.0052699       0.0000000
       1505.1812      0.99647105       1.0054139       0.0000000
       1505.2020      0.99819541       1.0066067       0.0000000
       1505.2228      0.99847633       1.0062865       0.0000000
       1505.2437      0.99972302       1.0068624       0.0000000
       1505.2645       1.0007067       1.0073498       0.0000000
       1505.2853       1.0003895       1.0070752       0.0000000
       1505.3062       1.0006267       1.0068356       0.0000000
       1505.3270       1.0031205       1.0080831       0.0000000
       1505.3478       1.0029998       1.0078388       0.0000000
       1505.3687       1.0019565       1.0070680       0.0000000
       1505.3895       1.0036377       1.0078102       0.0000000
       1505.4103       1.0028462       1.0071334       0.0000000
       1505.4312       1.0031528       1.0072221       0.0000000
       1505.4520       1.0031035       1.0069467       0.0000000
       1505.4728       1.0021614       1.0058668       0.0000000
       1505.4937       1.0045450       1.0069985       0.0000000
       1505.5145       1.0030748       1.0057477       0.0000000
       1505.5353       1.0025247       1.0053977       0.0000000
       1505.5562       1.0031333       1.0053707       0.0000000
       1505.5770       1.0018286       1.0042950       0.0000000
       1505.5978       1.0040121       1.0054737       0.0000000
       1505.6187       1.0026859       1.0044457       0.0000000
       1505.6395       1.0019618       1.0034748       0.0000000
       1505.6603       1.0029888       1.0041147       0.0000000
       1505.6812       1.0026635       1.0036887       0.0000000
       1505.7020       1.0019752       1.0030422       0.0000000
       1505.7228       1.0007874       1.0020691       0.0000000
       1505.7437       1.0011784       1.0020922       0.0000000
       1505.7645       1.0008286       1.0018193       0.0000000
       1505.7853       1.0021559       1.0024216       0.0000000
       1505.8062      0.99989289       1.0008988       0.0000000
       1505.8270       1.0005189       1.0009575       0.0000000
       1505.8478      0.99990737       1.0003773       0.0000000
       1505.8687      0.99996471       1.0003936       0.0000000
       1505.8895       1.0001062       1.0003779       0.0000000
       1505.9103      0.99826610      0.99922121       0.0000000
       1505.9312       1.0002514       1.0003271       0.0000000
       1505.9520       1.0006200      0.99938446       0.0000000
       1505.9728      0.99855268      0.99873263       0.0000000
       1505.9937      0.99758595      0.99760640       0.0000000
       1506.0145      0.98886943      0.98826861       0.0000000
       1506.0353      0.97253144      0.97188038       0.0000000
       1506.0562      0.95185369      0.95164603       0.0000000
       1506.0770      0.93009198      0.92940205       0.0000000
       1506.0978      0.90431279      0.90407956       0.0000000
       1506.1187      0.87832445      0.87729096       0.0000000
       1506.1395      0.85051382      0.84995228       0.0000000
       1506.1603      0.82525688      0.82432133       0.0000000
       1506.1812      0.80109286      0.80043203       0.0000000
       1506.2020      0.78220725      0.78174508       0.0000000
       1506.2228      0.77278709      0.77218324       0.0000000
       1506.2437      0.77268213      0.77195954       0.0000000
       1506.2645      0.78406018      0.78350538       0.0000000
       1506.2853      0.80298626      0.80267292       0.0000000
       1506.3062      0.82694942      0.82633168       0.0000000
       1506.3270      0.85330319      0.85284060       0.0000000
       1506.3478      0.88125384      0.88043028       0.0000000
       1506.3687      0.90774959      0.90678281       0.0000000
       1506.3895      0.93400246      0.93184721       0.0000000
       1506.4103      0.95654899      0.95385486       0.0000000
       1506.4312      0.97473246      0.97366405       0.0000000
       1506.4520      0.99082124      0.98931211       0.0000000
       1506.4728      0.99932981      0.99800628       0.0000000
       1506.4937       1.0007737      0.99944574       0.0000000
       1506.5145       1.0005506      0.99938166       0.0000000
       1506.5353       1.0008906      0.99952960       0.0000000
       1506.5562       1.0000000      0.99901301       0.0000000
       1506.5770       1.0008595      0.99940646       0.0000000
       1506.5978       1.0012656      0.99982619       0.0000000
       1506.6187       1.0020227       1.0007434       0.0000000
       1506.6395       1.0000706      0.99905044       0.0000000
       1506.6603       1.0022091       1.0003394       0.0000000
       1506.6812       1.0012482      0.99994498       0.0000000
       1506.7020       1.0016724       1.0001040       0.0000000
       1506.7228       1.0011141      0.99958169       0.0000000
       1506.7437       1.0004629      0.99929500       0.0000000
       1506.7645       1.0012124      0.99989462       0.0000000
       1506.7853      0.99856406      0.99820948       0.0000000
       1506.8062       1.0021684      0.99997669       0.0000000
       1506.8270      0.99980283      0.99891484       0.0000000
       1506.8478       1.0005186      0.99899632       0.0000000
       1506.8687      0.99991018      0.99895889       0.0000000
       1506.8895       1.0003481      0.99910927       0.0000000
       1506.9103       1.0002937      0.99930096       0.0000000
       1506.9312       1.0005414      0.99944133       0.0000000
       1506.9520      0.99959099      0.99870080       0.0000000
       1506.9729       1.0001508      0.99902803       0.0000000
       1506.9937       1.0006802      0.99935025       0.0000000
       1507.0145       1.0010833      0.99986070       0.0000000
       1507.0354       1.0000284      0.99915427       0.0000000
       1507.0562       1.0003214      0.99918401       0.0000000
       1507.0770       1.0008930      0.99958426       0.0000000
       1507.0979       1.0007458      0.99978954       0.0000000
       1507.1187       1.0015516       1.0000001       0.0000000
       1507.1395       1.0003040      0.99930340       0.0000000
       1507.1604       1.0010518      0.99980521       0.0000000
       1507.1812       1.0003924      0.99947488       0.0000000
       1507.2020       1.0017707       1.0005660       0.0000000
       1507.2229       1.0013778       1.0002146       0.0000000
       1507.2437       1.0001737      0.99956024       0.0000000
       1507.2645       1.0017836       1.0006551       0.0000000
       1507.2854       1.0008314       1.0000821       0.0000000
       1507.3062      0.99994129      0.99924546       0.0000000
       1507.3270      0.99986947      0.99929512       0.0000000
       1507.3479       1.0001478      0.99953008       0.0000000
       1507.3687      0.99990445      0.99939585       0.0000000
       1507.3895      0.99930942      0.99896950       0.0000000
       1507.4104       1.0007199      0.99982780       0.0000000
       1507.4312       1.0004849      0.99998319       0.0000000
       1507.4520       1.0019110       1.0007386       0.0000000
       1507.4729       1.0002123      0.99970353       0.0000000
       1507.4937       1.0015476       1.0000324       0.0000000
       1507.5145       1.0016588       1.0003729       0.0000000
       1507.5354       1.0003022      0.99958086       0.0000000
       1507.5562      0.99988335      0.99942130       0.0000000
       1507.5770       1.0008963      0.99983233       0.0000000
       1507.5979      0.99929160      0.99878508       0.0000000
       1507.6187       1.0003361      0.99960977       0.0000000
       1507.6395       1.0016758       1.0003339       0.0000000
       1507.6604      0.99949801      0.99899584       0.0000000
       1507.6812      0.99916339      0.99874181       0.0000000
       1507.7020      0.99907786      0.99863786       0.0000000
       1507.7229      0.99957025      0.99918914       0.0000000
       1507.7437       1.0012478      0.99996197       0.0000000
       1507.7645       1.0008141       1.0000662       0.0000000
       1507.7854      0.99887055      0.99858558       0.0000000
       1507.8062      0.99931467      0.99891889       0.0000000
       1507.8270       1.0007105       1.0000936       0.0000000
       1507.8479       1.0007982       1.0000000       0.0000000
       1507.8687      0.84728986      0.87449038       128.00000
       1507.8895      0.99931258      0.99916399       0.0000000
       1507.9104       1.0002689      0.99962807       0.0000000
       1507.9312      0.99959087      0.99915653       0.0000000
       1507.9520       1.0014355       1.0003546       0.0000000
       1507.9729       1.0009153      0.99994320       0.0000000
       1507.9937      0.99978048      0.99925202       0.0000000
       1508.0145      0.99958748      0.99922609       0.0000000
       1508.0354      0.99868608      0.99846923       0.0000000
       1508.0562       1.0009158       1.0000806       0.0000000
       1508.0770      0.99979675      0.99933815       0.0000000
       1508.0979       1.0015968       1.0002451       0.0000000
       1508.1187      0.99937350      0.99885714       0.0000000
       1508.1395       1.0012681       1.0003154       0.0000000
       1508.1604       1.0007524      0.99980611       0.0000000
       1508.1812      0.99993426      0.99906963       0.0000000
       1508.2020      0.99983907      0.99952424       0.0000000
       1508.2229      0.99996281      0.99898839       0.0000000
       1508.2437      0.99866080      0.99840480       0.0000000
       1508.2645      0.99912226      0.99850726       0.0000000
       1508.2854      0.99880344      0.99821800       0.0000000
       1508.3062      0.99826777      0.99796653       0.0000000
       1508.3270      0.99729109      0.99737489       0.0000000
       1508.3479      0.99896276      0.99852425       0.0000000
       1508.3687      0.99887490      0.99884290       0.0000000
       1508.3895      0.99867082      0.99866521       0.0000000
       1508.4104       1.0005566      0.99959350       0.0000000
       1508.4312       1.0005773      0.99972302       0.0000000
       1508.4520      0.99766386      0.99785602       0.0000000
       1508.4729       1.0016482       1.0004207       0.0000000
       1508.4937       1.0009342      0.99983889       0.0000000
       1508.5145      0.99822372      0.99826676       0.0000000
       1508.5354       1.0003074      0.99927521       0.0000000
       1508.5562      0.99980843      0.99927568       0.0000000
       1508.5770       1.0014123       1.0000713       0.0000000
       1508.5979       1.0005212      0.99954289       0.0000000
       1508.6187      0.99934578      0.99892718       0.0000000
       1508.6395       1.0001560      0.99972647       0.0000000
       1508.6604      0.99993229      0.99961692       0.0000000
       1508.6812       1.0014373       1.0005637       0.0000000
       1508.7020      0.99974477      0.99978155       0.0000000
       1508.7229      0.99883127      0.99898595       0.0000000
       1508.7437      0.99977940      0.99955910       0.0000000
       1508.7645      0.99933493      0.99935424       0.0000000
       1508.7854      0.99988204      0.99978793       0.0000000
       1508.8062       1.0020177       1.0009276       0.0000000
       1508.8270       1.0003223      0.99969965       0.0000000
       1508.8479       1.0012069       1.0003201       0.0000000
       1508.8687       1.0007093      0.99989706       0.0000000
       1508.8895      0.99950218      0.99920374       0.0000000
       1508.9104      0.99922508      0.99946988       0.0000000
       1508.9312       1.0005298      0.99985838       0.0000000
       1508.9520       1.0003181      0.99991941       0.0000000
       1508.9729      0.99925280      0.99913800       0.0000000
       1508.9937      0.99916154      0.99916816       0.0000000
       1509.0145      0.99938333      0.99886459       0.0000000
       1509.0354      0.99942571      0.99945253       0.0000000
       1509.0562       1.0012395       1.0001968       0.0000000
       1509.0770       1.0000337      0.99968886       0.0000000
       1509.0979      0.99926609      0.99920398       0.0000000
       1509.1187       1.0009696       1.0001775       0.0000000
       1509.1395       1.0011355       1.0001811       0.0000000
       1509.1604      0.99871522      0.99883628       0.0000000
       1509.1812      0.99880731      0.99880046       0.0000000
       1509.2020      0.99948317      0.99930072       0.0000000
       1509.2229       1.0008848       1.0004458       0.0000000
       1509.2437       1.0004784      0.99986756       0.0000000
       1509.2645       1.0003207       1.0000994       0.0000000
       1509.2854       1.0000041      0.99988562       0.0000000
       1509.3062      0.99928272      0.99966460       0.0000000
       1509.3270       1.0018035       1.0011657       0.0000000
       1509.3479       1.0003235       1.0001370       0.0000000
       1509.3687       1.0009360      0.99978304       0.0000000
       1509.3895       1.0001884       1.0000377       0.0000000
       1509.4104       1.0005734       1.0002919       0.0000000
       1509.4312      0.99869359      0.99911654       0.0000000
       1509.4520       1.0006177       1.0003641       0.0000000
       1509.4729      0.99916142      0.99931318       0.0000000
       1509.4937      0.99913543      0.99905473       0.0000000
       1509.5145      0.99849695      0.99878401       0.0000000
       1509.5354      0.99802464      0.99822789       0.0000000
       1509.5562       1.0028456       1.0014787       0.0000000
       1509.5770       1.0014060       1.0007144       0.0000000
       1509.5979       1.0002466      0.99989855       0.0000000
       1509.6187      0.99989897      0.99964011       0.0000000
       1509.6395      0.99985093      0.99973977       0.0000000
       1509.6604      0.99969864      0.99937874       0.0000000
       1509.6812      0.99971312      0.99924850       0.0000000
       1509.7020       1.0001793      0.99978977       0.0000000
       1509.7229      0.99999976      0.99982011       0.0000000
       1509.7437       1.0000969      0.99984819       0.0000000
       1509.7645      0.99953085      0.99935657       0.0000000
       1509.7854       1.0007720       1.0000032       0.0000000
       1509.8062       1.0013754       1.0004810       0.0000000
       1509.8270       1.0002186      0.99963135       0.0000000
       1509.8479       1.0000765      0.99979925       0.0000000
       1509.8687       1.0004566      0.99984878       0.0000000
       1509.8895       1.0000424      0.99962997       0.0000000
       1509.9104      0.99778134      0.99830967       0.0000000
       1509.9312       1.0006459      0.99990696       0.0000000
       1509.9520      0.99965239      0.99922729       0.0000000
       1509.9729       1.0001040      0.99943095       0.0000000
       1509.9937      0.99805039      0.99832630       0.0000000
       1510.0145      0.99766129      0.99785298       0.0000000
       1510.0354      0.99879730      0.99870616       0.0000000
       1510.0562       1.0003761      0.99952644       0.0000000
       1510.0770      0.99757206      0.99794686       0.0000000
       1510.0979      0.99843228      0.99858177       0.0000000
       1510.1187      0.99828684      0.99805081       0.0000000
       1510.1395      0.99946243      0.99914950       0.0000000
       1510.1604      0.99975270      0.99936801       0.0000000
       1510.1812       1.0012634       1.0002663       0.0000000
       1510.2020      0.99853843      0.99887997       0.0000000
       1510.2229       1.0001396      0.99934644       0.0000000
       1510.2437       1.0000803      0.99983096       0.0000000
       1510.2645      0.99932927      0.99923474       0.0000000
       1510.2854      0.99797201      0.99867177       0.0000000
       1510.3062      0.99519759      0.99548900       0.0000000
       1510.3270      0.98503041      0.98507661       0.0000000
       1510.3479      0.97008657      0.97003782       0.0000000
       1510.3687      0.95323676      0.95311064       0.0000000
       1510.3895      0.93240285      0.93257385       0.0000000
       1510.4104      0.90994185      0.91037327       0.0000000
       1510.4312      0.88906252      0.88905597       0.0000000
       1510.4520      0.86569053      0.86567509       0.0000000
       1510.4729      0.84262311      0.84283823       0.0000000
       1510.4937      0.82152790      0.82150090       0.0000000
       1510.5145      0.80236900      0.80274820       0.0000000
       1510.5354      0.78888327      0.78866029       0.0000000
       1510.5562      0.78058434      0.78082240       0.0000000
       1510.5770      0.77919900      0.77941853       0.0000000
       1510.5979      0.79010940      0.78731692       0.0000000
       1510.6187      0.80043721      0.80051702       0.0000000
       1510.6395      0.81869936      0.81903213       0.0000000
       1510.6604      0.84056437      0.84062886       0.0000000
       1510.6812      0.86246848      0.86315811       0.0000000
       1510.7020      0.88706470      0.88732928       0.0000000
       1510.7229      0.90902370      0.90962481       0.0000000
       1510.7437      0.93197209      0.93182516       0.0000000
       1510.7645      0.95116419      0.95168531       0.0000000
       1510.7854      0.96938598      0.96965164       0.0000000
       1510.8062      0.98434496      0.98441035       0.0000000
       1510.8270      0.99445343      0.99475497       0.0000000
       1510.8479      0.99826062      0.99887156       0.0000000
       1510.8687       1.0003147      0.99999571       0.0000000
       1510.8895      0.99765050      0.99850202       0.0000000
       1510.9104      0.99945372      0.99963850       0.0000000
       1510.9312      0.99852806      0.99902701       0.0000000
       1510.9520      0.99946988      0.99996412       0.0000000
       1510.9729      0.99854976      0.99945545       0.0000000
       1510.9937      0.95244974      0.98282164       128.00000
       1511.0145      0.99997461       1.0003846       0.0000000
       1511.0354       1.0006230       1.0006572       0.0000000
       1511.0562       1.0002083       1.0006349       0.0000000
       1511.0770       1.0010751       1.0004967       0.0000000
       1511.0979       1.0000659       1.0008142       0.0000000
       1511.1187       1.0018656       1.0017159       0.0000000
       1511.1395       1.0007446       1.0014230       0.0000000
       1511.1604      0.99975926       1.0009329       0.0000000
       1511.1812       1.0002348       1.0012970       0.0000000
       1511.2020       1.0012659       1.0019002       0.0000000
       1511.2229       1.0030847       1.0030621       0.0000000
       1511.2437       1.0018328       1.0024627       0.0000000
       1511.2645       1.0011330       1.0018647       0.0000000
       1511.2854       1.0031625       1.0036347       0.0000000
       1511.3062       1.0025011       1.0034271       0.0000000
       1511.3270       1.0025117       1.0036502       0.0000000
       1511.3479       1.0046828       1.0051601       0.0000000
       1511.3687       1.0054312       1.0060047       0.0000000
       1511.3895       1.0075001       1.0072420       0.0000000
       1511.4104       1.0064367       1.0070206       0.0000000
       1511.4312       1.0081373       1.0081408       0.0000000
       1511.4520       1.0075806       1.0079310       0.0000000
       1511.4729       1.0075452       1.0080501       0.0000000
       1511.4937       1.0062493       1.0070517       0.0000000
       1511.5145       1.0089693       1.0090702       0.0000000
       1511.5354       1.0074695       1.0080842       0.0000000
       1511.5562       1.0084419       1.0085410       0.0000000
       1511.5770       1.0091078       1.0091562       0.0000000
       1511.5979       1.0093189       1.0093889       0.0000000
       1511.6187       1.0090641       1.0088793       0.0000000
       1511.6395       1.0089660       1.0090371       0.0000000
       1511.6604       1.0071636       1.0077957       0.0000000
       1511.6812       1.0066935       1.0072019       0.0000000
       1511.7020       1.0061556       1.0070481       0.0000000
       1511.7229       1.0046635       1.0057962       0.0000000
       1511.7437       1.0060246       1.0064439       0.0000000
       1511.7645       1.0062609       1.0065749       0.0000000
       1511.7854       1.0044063       1.0047648       0.0000000
       1511.8062       1.0056008       1.0057081       0.0000000
       1511.8270       1.0059797       1.0053796       0.0000000
       1511.8479       1.0029240       1.0038577       0.0000000
       1511.8687       1.0025753       1.0034170       0.0000000
       1511.8895       1.0033953       1.0041020       0.0000000
       1511.9104       1.0042408       1.0042272       0.0000000
       1511.9312       1.0028304       1.0034902       0.0000000
       1511.9520       1.0036976       1.0038736       0.0000000
       1511.9729       1.0023607       1.0030121       0.0000000
       1511.9937       1.0029222       1.0032252       0.0000000
       1512.0145       1.0010544       1.0020299       0.0000000
       1512.0354       1.0031688       1.0032599       0.0000000
       1512.0562       1.0026017       1.0029199       0.0000000
       1512.0770       1.0020043       1.0024824       0.0000000
       1512.0979       1.0018238       1.0025220       0.0000000
       1512.1187       1.0005783       1.0016054       0.0000000
       1512.1395       1.0017542       1.0024529       0.0000000
       1512.1604       1.0008252       1.0015390       0.0000000
       1512.1812      0.99943191       1.0006847       0.0000000
       1512.2020      0.99745589      0.99801189       0.0000000
       1512.2229      0.98674661      0.98708540       0.0000000
       1512.2437      0.96871054      0.96920776       0.0000000
       1512.2645      0.94661468      0.94797003       0.0000000
       1512.2854      0.92520517      0.92550313       0.0000000
       1512.3062      0.89877450      0.89950174       0.0000000
       1512.3270      0.87264627      0.87307012       0.0000000
       1512.3479      0.84440106      0.84553349       0.0000000
       1512.3687      0.81826591      0.81908351       0.0000000
       1512.3895      0.79584622      0.79664290       0.0000000
       1512.4104      0.77923727      0.77982861       0.0000000
       1512.4312      0.77113318      0.77185106       0.0000000
       1512.4520      0.77527225      0.77558362       0.0000000
       1512.4729      0.78822219      0.78878397       0.0000000
       1512.4937      0.80747741      0.80831480       0.0000000
       1512.5145      0.83432937      0.83455747       0.0000000
       1512.5354      0.86002481      0.86043525       0.0000000
       1512.5562      0.88614398      0.88684577       0.0000000
       1512.5770      0.91306728      0.91337013       0.0000000
       1512.5979      0.93792844      0.93807137       0.0000000
       1512.6187      0.95883507      0.95962435       0.0000000
       1512.6395      0.97814429      0.97880787       0.0000000
       1512.6604      0.99316388      0.99354428       0.0000000
       1512.6812       1.0007026       1.0008935       0.0000000
       1512.7020       1.0007687       1.0012515       0.0000000
       1512.7229       1.0012906       1.0014538       0.0000000
       1512.7437      0.99852461      0.99963355       0.0000000
       1512.7645      0.99949926       1.0003747       0.0000000
       1512.7854      0.99916643       1.0001351       0.0000000
       1512.8062      0.99888092       1.0001105       0.0000000
       1512.8270       1.0018339       1.0016192       0.0000000
       1512.8479      0.99861258       1.0001540       0.0000000
       1512.8687       1.0005178       1.0008625       0.0000000
       1512.8895      0.99913698       1.0002475       0.0000000
       1512.9104      0.99921024      0.99985707       0.0000000
       1512.9312      0.99936825      0.99990869       0.0000000
       1512.9520      0.99741763      0.99875957       0.0000000
       1512.9729      0.99890286       1.0000790       0.0000000
       1512.9937      0.99828327      0.99939984       0.0000000
       1513.0145      0.99974513       1.0002631       0.0000000
       1513.0354       1.0011961       1.0007381       0.0000000
       1513.0562      0.99819189      0.99935913       0.0000000
       1513.0770       1.0000583       1.0003837       0.0000000
       1513.0979       1.0002271       1.0008624       0.0000000
       1513.1187      0.99776375      0.99898398       0.0000000
       1513.1395      0.99907833      0.99998951       0.0000000
       1513.1604      0.99969864       1.0005012       0.0000000
       1513.1812      0.99942702       1.0003794       0.0000000
       1513.2020      0.99788612      0.99906665       0.0000000
       1513.2229      0.99976587      0.99980950       128.00000
       1513.2437      0.99850422      0.99983901       0.0000000
       1513.2645      0.99958956       1.0003749       0.0000000
       1513.2854      0.99782121      0.99930525       0.0000000
       1513.3062       1.0008243       1.0011085       0.0000000
       1513.3270      0.99875253       1.0001245       0.0000000
       1513.3479       1.0008767       1.0007738       0.0000000
       1513.3687      0.99850440      0.99962425       0.0000000
       1513.3895      0.99835652      0.99999136       0.0000000
       1513.4104      0.99804527      0.99958634       0.0000000
       1513.4312      0.99766153      0.99951559       0.0000000
       1513.4520       1.0019759       1.0012935       0.0000000
       1513.4729      0.99912161       1.0001217       128.00000
       1513.4937      0.99994266       1.0007451       0.0000000
       1513.5145       1.0002383       1.0004392       0.0000000
       1513.5354       1.0000354       1.0005865       0.0000000
       1513.5562      0.99865627      0.99998319       0.0000000
       1513.5770      0.99975985       1.0006678       0.0000000
       1513.5979       1.0003380       1.0006802       0.0000000
       1513.6187       1.0007877       1.0010734       0.0000000
       1513.6395      0.99911088      0.99999338       0.0000000
       1513.6604       1.0003010       1.0006932       0.0000000
       1513.6812      0.99934113      0.99966133       0.0000000
       1513.7020       1.0019115       1.0018643       0.0000000
       1513.7229      0.99981904       1.0001397       0.0000000
       1513.7437      0.99974805       1.0002037       0.0000000
       1513.7645       1.0010560       1.0012151       0.0000000
       1513.7854       1.0007439       1.0002104       0.0000000
       1513.8062       1.0005317       1.0010639       0.0000000
       1513.8270      0.99953657       1.0006803       0.0000000
       1513.8479       1.0016702       1.0017377       0.0000000
       1513.8687       1.0019892       1.0021861       0.0000000
       1513.8895       1.0022621       1.0021285       0.0000000
       1513.9104       1.0010934       1.0010619       128.00000
       1513.9312      0.99982220       1.0007536       0.0000000
       1513.9520       1.0007439       1.0009000       0.0000000
       1513.9729       1.0008978       1.0014633       0.0000000
       1513.9937       1.0006226       1.0013407       0.0000000
       1514.0145       1.0021399       1.0014679       128.00000
       1514.0354       1.0000155       1.0008042       0.0000000
       1514.0562       1.0030891       1.0011022       128.00000
       1514.0770      0.99879318       1.0002612       0.0000000
       1514.0979      0.99796104      0.99967414       0.0000000
       1514.1187       1.0066150       1.0398030       128.00000
       1514.1395      0.99929291       1.0002880       0.0000000
       1514.1604      0.99867970      0.99977648       0.0000000
       1514.1812       1.0000743       1.0002770       128.00000
       1514.2020      0.99933195       1.0003188       0.0000000
       1514.2229      0.99987030       1.0004722       0.0000000
       1514.2437       1.0022739       1.0015202       0.0000000
       1514.2645       1.0020976       1.0014561       128.00000
       1514.2854       1.0002834       1.0013031       0.0000000
       1514.3062      0.99970818       1.0004994       0.0000000
       1514.3270       1.0000033       1.0012298       0.0000000
       1514.3479       1.0016451       1.0012246       0.0000000
       1514.3687      0.99821103      0.99977243       128.00000
       1514.3895       1.0014503       1.0013674       0.0000000
       1514.4104       1.0000409       1.0009148       0.0000000
       1514.4312      0.99930614       1.0010378       128.00000
       1514.4520      0.99920213       1.0011368       0.0000000
       1514.4729       1.0025444       1.0009406       0.0000000
       1514.4937       1.0005610       1.0007064       128.00000
       1514.5145      0.99846947      0.99945194       0.0000000
       1514.5354       1.0008529       1.0006136       0.0000000
       1514.5562       1.0004998       1.0003483       0.0000000
       1514.5770      0.99986434       1.0002111       0.0000000
       1514.5979       1.0001969       1.0003605       0.0000000
       1514.6187       1.0001891       1.0004390       0.0000000
       1514.6395      0.99979407       1.0001916       0.0000000
       1514.6604       1.0002724      0.99923825       0.0000000
       1514.6812      0.99899012      0.99945670       0.0000000
       1514.7020       1.0008751       1.0007104       128.00000
       1514.7229       1.0016439       1.0008941       0.0000000
       1514.7437       1.0016437       1.0011158       0.0000000
       1514.7645       1.0019746       1.0001700       0.0000000
       1514.7854       1.0000327       1.0010567       128.00000
       1514.8062       1.0002755       1.0003320       128.00000
       1514.8270       1.0019128       1.0010651       0.0000000
       1514.8479      0.99986118       1.0003265       0.0000000
       1514.8687       1.0027958       1.0019380       0.0000000
       1514.8895       1.0004708       1.0020921       0.0000000
       1514.9103       1.0024991       1.0021139       0.0000000
       1514.9312       1.0046517       1.0019168       128.00000
       1514.9520       1.0025823       1.0018080       0.0000000
       1514.9728       1.0023866       1.0020701       0.0000000
       1514.9937       1.0017735       1.0015819       0.0000000
       1515.0145       1.0011010       1.0020000       128.00000
       1515.0353       1.0016862       1.0012097       0.0000000
       1515.0562       1.0012004       1.0017155       0.0000000
       1515.0770       1.0012888       1.0016961       0.0000000
       1515.0978       1.0025425       1.0025232       0.0000000
       1515.1187       1.0014677       1.0010709       0.0000000
       1515.1395       1.0023438       1.0018070       0.0000000
       1515.1603       1.0001625       1.0004042       0.0000000
       1515.1812       1.0020494       1.0007956       0.0000000
       1515.2020       1.0014906       1.0011806       0.0000000
       1515.2228       1.0008116       1.0011675       0.0000000
       1515.2437       1.0003034       1.0009894       128.00000
       1515.2645      0.99959064      0.99983585       0.0000000
       1515.2853      0.99831438      0.99900007       128.00000
       1515.3062      0.99959493       1.0003357       128.00000
       1515.3270      0.99900514      0.99999571       0.0000000
       1515.3478       1.0019418       1.0007524       0.0000000
       1515.3687      0.99883002       1.0000259       128.00000
       1515.3895      0.99849266      0.99966365       0.0000000
       1515.4103      0.99985653       1.0005097       0.0000000
       1515.4312      0.99947989       1.0009471       128.00000
       1515.4520      0.99733353      0.99998778       128.00000
       1515.4728       1.0017819       1.0017297       0.0000000
       1515.4937       1.0008156       1.0009724       0.0000000
       1515.5145      0.99933928       1.0010411       128.00000
       1515.5353       1.0011060       1.0011722       0.0000000
       1515.5562       1.0027353       1.0016091       128.00000
       1515.5770      0.99958420       1.0002710       0.0000000
       1515.5978       1.0022506       1.0012465       0.0000000
       1515.6187      0.99984372       1.0004591       0.0000000
       1515.6395       1.0015402       1.0005970       128.00000
       1515.6603      0.99941266       1.0002143       0.0000000
       1515.6812      0.99938798      0.99944341       0.0000000
       1515.7020       1.0005676      0.99989766       0.0000000
       1515.7228       1.0004418      0.99972486       0.0000000
       1515.7437      0.99931139       1.0002230       0.0000000
       1515.7645       1.0005059      0.99963742       0.0000000
       1515.7853       1.0009562       1.0003687       0.0000000
       1515.8062      0.99761659      0.99927205       128.00000
       1515.8270      0.99801999      0.99838346       0.0000000
       1515.8478      0.99966812      0.99900693       0.0000000
       1515.8687      0.99998170      0.99952167       0.0000000
       1515.8895      0.99869972      0.99877727       0.0000000
       1515.9103      0.99856818      0.99899608       0.0000000
       1515.9312      0.99712014      0.99918020       0.0000000
       1515.9520       1.0009524       1.0000103       128.00000
       1515.9728       1.0011183       1.0005102       0.0000000
       1515.9937      0.99653226      0.99944305       128.00000
       1516.0145      0.99864638      0.99910825       0.0000000
       1516.0353      0.99899960       1.0000217       128.00000
       1516.0562      0.99822384      0.99906909       128.00000
       1516.0770      0.99909443      0.99992734       0.0000000
