    1247
       1596.8067       1.3506144       1.0052783       128.00000
       1596.8275       1.4107141       1.0052936       128.00000
       1596.8484       1.4505575       1.0035291       128.00000
       1596.8692       1.4625182       1.0022784       128.00000
       1596.8900       1.4773148       1.0010993       128.00000
       1596.9109       1.4665914       1.0000422       128.00000
       1596.9317       1.4837626      0.99945295       128.00000
       1596.9525       1.5069535      0.99839181       128.00000
       1596.9734       1.5484021      0.99581361       128.00000
       1596.9942       1.5706607      0.98909730       128.00000
       1597.0150       1.6018288      0.98354346       128.00000
       1597.0359       1.6456228      0.98003513       128.00000
       1597.0567       1.7092859      0.98024756       128.00000
       1597.0775       1.7681984      0.98150909       128.00000
       1597.0984       1.8876269      0.98812580       128.00000
       1597.1192       1.9469835      0.99394256       128.00000
       1597.1400       2.0137036      0.99810094       128.00000
       1597.1609       2.0752265      0.99954790       128.00000
       1597.1817       2.1120622      0.99995041       128.00000
       1597.2025       2.1465144       1.0013740       128.00000
       1597.2234       2.1528029       1.0010271       128.00000
       1597.2442       2.1648755       1.0029821       128.00000
       1597.2650       2.1127138       1.0027857       128.00000
       1597.2859       2.0335569       1.0031979       128.00000
       1597.3067       2.0992641       1.0029352       128.00000
       1597.3275       2.1552570       1.0037529       128.00000
       1597.3484       2.1544235       1.0036256       128.00000
       1597.3692       2.1898584       1.0031493       128.00000
       1597.3900       2.2424741       1.0046539       128.00000
       1597.4109       2.3470440       1.0039737       128.00000
       1597.4317       2.4627824       1.0036449       128.00000
       1597.4525       2.5631616       1.0036643       128.00000
       1597.4734       2.5957954       1.0028014       128.00000
       1597.4942       2.5691364       1.0014243       128.00000
       1597.5150       2.4578614       1.0009338       128.00000
       1597.5359       2.3983598       1.0002424       128.00000
       1597.5567       2.2892234       1.0010558       128.00000
       1597.5775       2.1701431       1.0010947       128.00000
       1597.5984       2.0602179       1.0001217       128.00000
       1597.6192       1.9633182       1.0005798       128.00000
       1597.6400       1.8663191       1.0002829       128.00000
       1597.6609       1.8007028       1.0006638       128.00000
       1597.6817       1.7526478      0.99983305       128.00000
       1597.7025       1.6878240       1.0004153       128.00000
       1597.7234       1.6708148       1.0002061       128.00000
       1597.7442       1.6474699      0.99955541       128.00000
       1597.7650       1.6034360      0.99965882       128.00000
       1597.7859       1.5801061      0.99965018       128.00000
       1597.8067       1.5561827      0.99882680       128.00000
       1597.8275       1.5176867      0.99890256       128.00000
       1597.8484       1.4954523      0.99789441       128.00000
       1597.8692       1.4591417      0.99781370       128.00000
       1597.8900       1.4344345      0.99846810       128.00000
       1597.9109       1.4145052      0.99848258       128.00000
       1597.9317       1.3999946      0.99863070       128.00000
       1597.9525       1.3493608      0.99796015       128.00000
       1597.9734       1.3211875      0.99862754       128.00000
       1597.9942       1.3120904      0.99933422       128.00000
       1598.0150       1.2960005      0.99945635       128.00000
       1598.0359       1.2849897      0.99964106       128.00000
       1598.0567       1.2551303      0.99935341       128.00000
       1598.0775       1.2449213      0.99937564       128.00000
       1598.0984       1.2431813      0.99961317       128.00000
       1598.1192       1.2214782       1.0000629       128.00000
       1598.1401       1.2186019       1.0000241       128.00000
       1598.1609       1.1916299      0.99944884       128.00000
       1598.1817       1.1999918      0.99993140       128.00000
       1598.2026       1.1884366      0.99956638       128.00000
       1598.2234       1.1815759      0.99982256       128.00000
       1598.2442       1.1773357       1.0006119       128.00000
       1598.2651       1.1797669       1.0003678       128.00000
       1598.2859       1.1654369       1.0001910       128.00000
       1598.3067       1.1599605       1.0001621       128.00000
       1598.3276       1.1500306      0.99996805       128.00000
       1598.3484       1.1401197      0.99981481       128.00000
       1598.3692       1.1380931       1.0000104       128.00000
       1598.3901       1.1378273       1.0000905       128.00000
       1598.4109       1.1469440       1.0006320       128.00000
       1598.4317       1.1231371      0.99925500       128.00000
       1598.4526       1.1138151      0.99928254       128.00000
       1598.4734       1.1220119      0.99932277       128.00000
       1598.4942       1.1128012      0.99977815       128.00000
       1598.5151       1.1173198       1.0002962       128.00000
       1598.5359       1.1154480       1.0006315       128.00000
       1598.5567       1.1151646       1.0003549       128.00000
       1598.5776       1.1178679       1.0005358       128.00000
       1598.5984       1.1097093       1.0003403       128.00000
       1598.6192       1.1190728       1.0003134       128.00000
       1598.6401       1.1122043       1.0000410       128.00000
       1598.6609       1.1157295       1.0004654       128.00000
       1598.6817       1.1071645      0.99943274       128.00000
       1598.7026       1.1059735      0.99930495       128.00000
       1598.7234       1.1020854      0.99929708       128.00000
       1598.7442       1.1045688      0.99944037       128.00000
       1598.7651       1.1048710      0.99895483       128.00000
       1598.7859       1.0944407      0.99878353       128.00000
       1598.8067       1.0972757      0.99869108       128.00000
       1598.8276       1.0999706      0.99851876       128.00000
       1598.8484       1.0870465      0.99777389       128.00000
       1598.8692       1.0884496      0.99746054       128.00000
       1598.8901       1.0815349      0.99738526       128.00000
       1598.9109       1.0872111      0.99784541       128.00000
       1598.9317       1.0964453      0.99774396       128.00000
       1598.9526       1.0889438      0.99783802       128.00000
       1598.9734       1.0846268      0.99706030       128.00000
       1598.9942       1.0716149      0.99750298       128.00000
       1599.0151       1.0775611      0.99664044       128.00000
       1599.0359       1.0763930      0.99709982       128.00000
       1599.0567       1.0759298      0.99699932       128.00000
       1599.0776       1.0687208      0.99634582       128.00000
       1599.0984       1.0690168      0.99657005       128.00000
       1599.1192       1.0724869      0.99664420       128.00000
       1599.1401       1.0648588      0.99722433       128.00000
       1599.1609       1.0673834      0.99659693       128.00000
       1599.1817       1.0642973      0.99647993       128.00000
       1599.2026       1.0691953      0.99647957       128.00000
       1599.2234       1.0669118      0.99712121       128.00000
       1599.2442       1.0583206      0.99659675       128.00000
       1599.2651       1.0599562      0.99655038       128.00000
       1599.2859       1.0614452      0.99642557       128.00000
       1599.3067       1.0628822      0.99649137       128.00000
       1599.3276       1.0678630      0.99680388       128.00000
       1599.3484       1.0610315      0.99674886       128.00000
       1599.3692     -0.53645748      0.99645531       128.00000
       1599.3901       1.0593096      0.99674428       128.00000
       1599.4109       1.0637484      0.99706072       128.00000
       1599.4317       1.0600517      0.99705458       128.00000
       1599.4526       1.0530597      0.99628586       128.00000
       1599.4734       1.0501791      0.99636692       128.00000
       1599.4942       1.0523735      0.99650234       128.00000
       1599.5151       1.0523744      0.99639881       128.00000
       1599.5359       1.0525546      0.99627495       128.00000
       1599.5567       1.0513810      0.99580312       128.00000
       1599.5776       1.0518876      0.99638295       128.00000
       1599.5984       1.0538330      0.99650031       128.00000
       1599.6192       1.0535791      0.99598980       128.00000
       1599.6401       1.0507646      0.99674076       128.00000
       1599.6609       1.0490694      0.99664736       128.00000
       1599.6818       1.0467969      0.99724472       128.00000
       1599.7026       1.0502337      0.99675196       128.00000
       1599.7234       1.0557272      0.99768126       128.00000
       1599.7443       1.0488113      0.99749905       128.00000
       1599.7651       1.0534023      0.99800044       128.00000
       1599.7859       1.0435166      0.99832511       128.00000
       1599.8068       1.0523289      0.99890721       128.00000
       1599.8276       1.0505534      0.99906909       128.00000
       1599.8484       1.0534354      0.99989295       128.00000
       1599.8693       1.0520390      0.99999183       0.0000000
       1599.8901       1.0488782       1.0005125       0.0000000
       1599.9109       1.0500674       1.0010078       0.0000000
       1599.9318     -0.59059608       1.0017679       128.00000
       1599.9526      0.93919957      0.90629715       128.00000
       1599.9734       1.0119801       1.0031357       128.00000
       1599.9943       1.0130469       1.0032911       128.00000
       1600.0151       1.0139765       1.0039363       128.00000
       1600.0359       1.0140202       1.0044661       128.00000
       1600.0568       1.0100883       1.0061909       128.00000
       1600.0776       1.0148734       1.0069118       0.0000000
       1600.0984       1.0137649       1.0072145       128.00000
       1600.1193       1.0181224       1.0082163       128.00000
       1600.1401       1.0139208       1.0092813       0.0000000
       1600.1609       1.0179392       1.0095048       0.0000000
       1600.1818       1.0134064       1.0102093       128.00000
       1600.2026       1.0156875       1.0097313       128.00000
       1600.2234       1.0186669       1.0105593       128.00000
       1600.2443       1.0211664       1.0110066       128.00000
       1600.2651       1.0174339       1.0105834       128.00000
       1600.2859       1.0226988       1.0114455       128.00000
       1600.3068       1.0137206       1.0106919       128.00000
       1600.3276       1.0190668       1.0108309       128.00000
       1600.3484       1.0224324       1.0103359       0.0000000
       1600.3693       1.0203189       1.0090044       0.0000000
       1600.3901       1.0144737       1.0086218       0.0000000
       1600.4109       1.0127074       1.0077915       128.00000
       1600.4318       1.0150423       1.0060738       0.0000000
       1600.4526       1.0062767       1.0052363       0.0000000
       1600.4734       1.0146908       1.0038295       0.0000000
       1600.4943       1.0117000       1.0022072       0.0000000
       1600.5151       1.0116192       1.0007230       128.00000
       1600.5359       1.0047008      0.99929893       0.0000000
       1600.5568       1.0074267      0.99764556       128.00000
       1600.5776       1.0034729      0.99611598       0.0000000
       1600.5984       1.0062417      0.99532664       128.00000
       1600.6193       1.0030305      0.99381584       0.0000000
       1600.6401      0.99736041      0.99258423       0.0000000
       1600.6609       1.0009500      0.99132603       128.00000
       1600.6818     -0.59106463      0.99081939       128.00000
       1600.7026      0.99916393      0.99031866       128.00000
       1600.7234      0.99500877      0.98931044       0.0000000
       1600.7443      0.99180967      0.98876345       0.0000000
       1600.7651      0.99353272      0.98775637       128.00000
       1600.7859      0.99005181      0.98608994       128.00000
       1600.8068      0.98803920      0.98153657       128.00000
       1600.8276      0.98082006      0.97621983       0.0000000
       1600.8484      0.97205698      0.97266793       0.0000000
       1600.8693      0.97436458      0.97174329       0.0000000
       1600.8901      0.97622555      0.97380006       128.00000
       1600.9109      0.97881341      0.97845858       0.0000000
       1600.9318      0.98365146      0.98432082       0.0000000
       1600.9526      0.98929280      0.98922956       0.0000000
       1600.9734      0.98848748      0.99011648       128.00000
       1600.9943      0.99311936      0.99106085       0.0000000
       1601.0151      0.98972505      0.99124730       0.0000000
       1601.0359      0.99098831      0.99208826       0.0000000
       1601.0568      0.99001420      0.99240994       128.00000
       1601.0776      0.98784578      0.99300277       128.00000
       1601.0984      0.99311805      0.99443138       128.00000
       1601.1193      0.99206543      0.99460065       128.00000
       1601.1401      0.99120355      0.99536234       0.0000000
       1601.1609      0.99527055      0.99650347       0.0000000
       1601.1818      0.99265879      0.99668646       0.0000000
       1601.2026      0.99475282      0.99704313       0.0000000
       1601.2234      0.99321711      0.99777895       0.0000000
       1601.2443      0.99456978      0.99807292       0.0000000
       1601.2651      0.99580431      0.99874806       0.0000000
       1601.2859      0.99696374      0.99940002       0.0000000
       1601.3068      0.99768120      0.99964774       0.0000000
       1601.3276      0.99617243      0.99992615       0.0000000
       1601.3485      0.99677670       1.0002800       0.0000000
       1601.3693      0.99509138       1.0008893       0.0000000
       1601.3901      0.99680597       1.0016215       0.0000000
       1601.4110      0.99609923       1.0016062       0.0000000
       1601.4318      0.99681300       1.0021585       0.0000000
       1601.4526      0.99559206       1.0023395       0.0000000
       1601.4735      0.99761784       1.0026505       0.0000000
       1601.4943      0.99668181       1.0028419       0.0000000
       1601.5151      0.99785614       1.0027981       0.0000000
       1601.5360      0.99843937       1.0034673       0.0000000
       1601.5568      0.99839681       1.0037152       0.0000000
       1601.5776      0.99814284       1.0036061       0.0000000
       1601.5985      0.99828911       1.0036906       0.0000000
       1601.6193      0.99996221       1.0040414       0.0000000
       1601.6401      0.99880856       1.0037831       0.0000000
       1601.6610       1.0016973       1.0044696       0.0000000
       1601.6818       1.0007145       1.0043851       0.0000000
       1601.7026      0.99820089       1.0037194       0.0000000
       1601.7235      0.99935371       1.0039312       0.0000000
       1601.7443       1.0024217       1.0040102       0.0000000
       1601.7651       1.0000196       1.0039302       0.0000000
       1601.7860       1.0005747       1.0041252       0.0000000
       1601.8068       1.0004544       1.0040634       0.0000000
       1601.8276      0.99966586       1.0036308       0.0000000
       1601.8485       1.0006208       1.0041380       0.0000000
       1601.8693      0.99941939       1.0037863       0.0000000
       1601.8901      0.99959934       1.0035189       0.0000000
       1601.9110      0.99858230       1.0038601       0.0000000
       1601.9318       1.0001979       1.0041490       0.0000000
       1601.9526      0.99906164       1.0041257       0.0000000
       1601.9735      0.99993610       1.0038497       0.0000000
       1601.9943      0.99811357       1.0036196       0.0000000
       1602.0151       1.0008537       1.0034875       0.0000000
       1602.0360      0.99900913       1.0036750       0.0000000
       1602.0568      0.99956828       1.0029850       0.0000000
       1602.0776      0.99792182       1.0032401       0.0000000
       1602.0985       1.0006853       1.0037187       0.0000000
       1602.1193      0.99742788       1.0031449       0.0000000
       1602.1401      0.99830604       1.0031759       0.0000000
       1602.1610      0.99943662       1.0033664       0.0000000
       1602.1818      0.99811196       1.0028847       0.0000000
       1602.2026      0.99746758       1.0029782       0.0000000
       1602.2235      0.99958766       1.0030842       0.0000000
       1602.2443      0.99731952       1.0024807       0.0000000
       1602.2651      0.99969000       1.0023768       0.0000000
       1602.2860      0.99856448       1.0025793       0.0000000
       1602.3068      0.99815828       1.0024428       0.0000000
       1602.3276      0.99726480       1.0020599       0.0000000
       1602.3485      0.99790245       1.0021861       0.0000000
       1602.3693       1.0023891       1.0025465       0.0000000
       1602.3901      0.99851424       1.0020224       0.0000000
       1602.4110       1.0017561       1.0022917       0.0000000
       1602.4318      0.99951959       1.0019845       0.0000000
       1602.4526       1.0008868       1.0020982       0.0000000
       1602.4735      0.99717408       1.0014908       0.0000000
       1602.4943       1.0000000       1.0017511       0.0000000
       1602.5151       1.0018629       1.0014188       0.0000000
       1602.5360      0.99827105       1.0010415       0.0000000
       1602.5568      0.99814481       1.0012091       0.0000000
       1602.5776      0.99886906       1.0007174       0.0000000
       1602.5985       1.0009477       1.0007099       0.0000000
       1602.6193      0.99888426       1.0003810       0.0000000
       1602.6401      0.99708194       1.0004982       0.0000000
       1602.6610      0.99751377       1.0001680       0.0000000
       1602.6818      0.99548459      0.99964482       0.0000000
       1602.7026      0.99904239       1.0000151       0.0000000
       1602.7235      0.99650991      0.99990815       0.0000000
       1602.7443      0.99442267      0.99931842       0.0000000
       1602.7651      0.99580038      0.99943185       0.0000000
       1602.7860      0.99557853      0.99948698       0.0000000
       1602.8068      0.99646229      0.99884385       0.0000000
       1602.8276      0.99502784      0.99857146       0.0000000
       1602.8485      0.99768400      0.99898201       0.0000000
       1602.8693      0.99376947      0.99863428       0.0000000
       1602.8901      0.99551481      0.99833471       0.0000000
       1602.9110      0.99519742      0.99860364       0.0000000
       1602.9318      0.99403852      0.99875283       0.0000000
       1602.9526      0.99489468      0.99798852       0.0000000
       1602.9735      0.99422604      0.99801105       0.0000000
       1602.9943      0.99758613      0.99822766       0.0000000
       1603.0151      0.99199915      0.99783671       0.0000000
       1603.0360      0.99292368      0.99749744       0.0000000
       1603.0568      0.99265790      0.99780208       0.0000000
       1603.0776      0.91291672      0.90761203       128.00000
       1603.0985      0.99349821      0.99739414       128.00000
       1603.1193      0.99544919      0.99695718       128.00000
       1603.1402      0.99547958      0.99719667       0.0000000
       1603.1610      0.99807286      0.99729216       0.0000000
       1603.1818      0.99401802      0.99717194       0.0000000
       1603.2027      0.99426240      0.99702060       0.0000000
       1603.2235      0.99549460      0.99666923       0.0000000
       1603.2443      0.99586505      0.99690259       128.00000
       1603.2652      0.99422818      0.99666703       0.0000000
       1603.2860      0.99609196      0.99715263       0.0000000
       1603.3068      0.99274880      0.99678046       0.0000000
       1603.3277      0.99792027      0.99665833       0.0000000
       1603.3485      0.99669439      0.99684525       0.0000000
       1603.3693      0.99572140      0.99631763       0.0000000
       1603.3902      0.99452561      0.99679446       0.0000000
       1603.4110      0.99465299      0.99671638       0.0000000
       1603.4318      0.99380708      0.99667692       128.00000
       1603.4527      0.99410921      0.99709851       128.00000
       1603.4735      0.99562389      0.99702859       128.00000
       1603.4943      0.99429476      0.99754310       128.00000
       1603.5152      0.99464065      0.99740016       0.0000000
       1603.5360      0.99500597      0.99738133       128.00000
       1603.5568      0.99554986      0.99781811       0.0000000
       1603.5777      0.99554098      0.99791992       128.00000
       1603.5985      0.99652427      0.99830282       0.0000000
       1603.6193      0.99677962      0.99873745       0.0000000
       1603.6402      0.99829483      0.99964774       128.00000
       1603.6610      0.99751705      0.99946713       0.0000000
       1603.6818      0.99713236       1.0002106       0.0000000
       1603.7027      0.99603325       1.0006591       0.0000000
       1603.7235      0.99599695       1.0009364       0.0000000
       1603.7443      0.99848574       1.0016474       0.0000000
       1603.7652       1.0003604       1.0023175       0.0000000
       1603.7860       1.0008179       1.0032433       0.0000000
       1603.8068      0.99915832       1.0032262       0.0000000
       1603.8277       1.0002686       1.0044775       0.0000000
       1603.8485       1.0030347       1.0052372       0.0000000
       1603.8693       1.0007761       1.0053583       0.0000000
       1603.8902       1.0021740       1.0062989       0.0000000
       1603.9110       1.0029001       1.0069116       0.0000000
       1603.9318       1.0056319       1.0076576       0.0000000
       1603.9527       1.0041028       1.0092139       0.0000000
       1603.9735       1.0048058       1.0089219       0.0000000
       1603.9943       1.0074886       1.0095778       0.0000000
       1604.0152       1.0039201       1.0099627       0.0000000
       1604.0360       1.0045823       1.0103612       0.0000000
       1604.0568       1.0071682       1.0108500       0.0000000
       1604.0777       1.0062222       1.0108265       0.0000000
       1604.0985       1.0059108       1.0107410       0.0000000
       1604.1193       1.0060452       1.0101510       0.0000000
       1604.1402       1.0050570       1.0106236       0.0000000
       1604.1610       1.0055429       1.0095083       0.0000000
       1604.1818       1.0065081       1.0092174       0.0000000
       1604.2027       1.0054348       1.0088778       0.0000000
       1604.2235       1.0051675       1.0073125       0.0000000
       1604.2443       1.0016079       1.0062006       0.0000000
       1604.2652       1.0023019       1.0049672       0.0000000
       1604.2860      0.99832672       1.0032251       0.0000000
       1604.3068      0.99837548       1.0021226       0.0000000
       1604.3277      0.99735528       1.0009701       0.0000000
       1604.3485      0.99750704      0.99906838       0.0000000
       1604.3693      0.99384010      0.99787885       0.0000000
       1604.3902      0.99579251      0.99683410       0.0000000
       1604.4110      0.99063247      0.99519467       0.0000000
       1604.4318      0.99135190      0.99416751       0.0000000
       1604.4527      0.99192488      0.99323100       0.0000000
       1604.4735      0.99167466      0.99233478       0.0000000
       1604.4943      0.99092448      0.99140543       0.0000000
       1604.5152      0.99005240      0.99069452       0.0000000
       1604.5360      0.98864472      0.98990321       0.0000000
       1604.5568      0.98915738      0.98931962       0.0000000
       1604.5777      0.98841536      0.98888475       0.0000000
       1604.5985      0.98562902      0.98729700       0.0000000
       1604.6193      0.98191965      0.98269081       0.0000000
       1604.6402      0.97688055      0.97693157       0.0000000
       1604.6610      0.97164536      0.97317088       0.0000000
       1604.6818      0.97245592      0.97187012       0.0000000
       1604.7027      0.97137815      0.97358847       0.0000000
       1604.7235      0.97522920      0.97723526       0.0000000
       1604.7443      0.98132545      0.98301536       0.0000000
       1604.7652      0.98478687      0.98820829       0.0000000
       1604.7860      0.98784345      0.99047631       0.0000000
       1604.8068      0.98963606      0.99078852       0.0000000
       1604.8277      0.99100554      0.99153441       0.0000000
       1604.8485      0.99110109      0.99238354       0.0000000
       1604.8693      0.99273193      0.99298221       0.0000000
       1604.8902      0.99330956      0.99326438       0.0000000
       1604.9110      0.99328595      0.99434614       0.0000000
       1604.9318      0.99714774      0.99525458       0.0000000
       1604.9527      0.99347198      0.99495912       0.0000000
       1604.9735      0.99665833      0.99616724       0.0000000
       1604.9943      0.99363708      0.99662656       0.0000000
       1605.0152      0.99643236      0.99715298       0.0000000
       1605.0360      0.99922997      0.99823654       0.0000000
       1605.0568      0.99709964      0.99844950       0.0000000
       1605.0777      0.99613351      0.99857944       0.0000000
       1605.0985      0.99901217      0.99946058       0.0000000
       1605.1193      0.99732673       1.0001400       0.0000000
       1605.1402       1.0001261       1.0001543       0.0000000
       1605.1610       1.0006226       1.0011820       0.0000000
       1605.1818      0.99748021       1.0014137       0.0000000
       1605.2027       1.0022929       1.0015750       0.0000000
       1605.2235       1.0007097       1.0017912       0.0000000
       1605.2443      0.99808186       1.0020827       0.0000000
       1605.2652       1.0031936       1.0024079       0.0000000
       1605.2860       1.0043555       1.0029831       0.0000000
       1605.3069      0.99971807       1.0028808       0.0000000
       1605.3277       1.0055988       1.0038005       0.0000000
       1605.3485      0.99990112       1.0034311       0.0000000
       1605.3694       1.0035142       1.0035073       0.0000000
       1605.3902       1.0001700       1.0033129       0.0000000
       1605.4110       1.0009103       1.0036345       0.0000000
       1605.4319      0.99988872       1.0039876       0.0000000
       1605.4527       1.0043315       1.0042170       0.0000000
       1605.4735       1.0011550       1.0039939       0.0000000
       1605.4944       1.0014971       1.0041020       0.0000000
       1605.5152       1.0072421       1.0045341       0.0000000
       1605.5360       1.0015278       1.0043153       0.0000000
       1605.5569       1.0073606       1.0043105       0.0000000
       1605.5777       1.0010697       1.0042801       0.0000000
       1605.5985       1.0049888       1.0046345       0.0000000
       1605.6194       1.0011436       1.0040095       0.0000000
       1605.6402       1.0015824       1.0041803       0.0000000
       1605.6610       1.0013549       1.0043153       0.0000000
       1605.6819       1.0031679       1.0045063       0.0000000
       1605.7027       1.0020992       1.0046881       0.0000000
       1605.7235       1.0018747       1.0040164       0.0000000
       1605.7444       1.0031979       1.0044341       0.0000000
       1605.7652       1.0017056       1.0043870       0.0000000
       1605.7860       1.0028048       1.0042084       0.0000000
       1605.8069       1.0021292       1.0041150       0.0000000
       1605.8277       1.0022763       1.0040416       0.0000000
       1605.8485       1.0027552       1.0042415       0.0000000
       1605.8694       1.0013186       1.0042660       0.0000000
       1605.8902       1.0024620       1.0039324       0.0000000
       1605.9110       1.0022811       1.0038260       0.0000000
       1605.9319       1.0015118       1.0036578       0.0000000
       1605.9527       1.0016363       1.0039717       0.0000000
       1605.9735       1.0003487       1.0032607       0.0000000
       1605.9944       1.0009499       1.0031369       0.0000000
       1606.0152      0.99824101       1.0027161       0.0000000
       1606.0360       1.0015770       1.0028383       0.0000000
       1606.0569       1.0003687       1.0029290       0.0000000
       1606.0777       1.0014609       1.0033121       0.0000000
       1606.0985      0.99979544       1.0028917       0.0000000
       1606.1194       1.0002539       1.0025115       0.0000000
       1606.1402       1.0000378       1.0023504       0.0000000
       1606.1610      0.99928725       1.0022842       0.0000000
       1606.1819      0.99864322       1.0015351       0.0000000
       1606.2027      0.93022585      0.91130918       128.00000
       1606.2235       1.0004748       1.0013804       0.0000000
       1606.2444       1.0004129       1.0011865       0.0000000
       1606.2652      0.99887002       1.0010263       0.0000000
       1606.2860      0.99883699       1.0009652       0.0000000
       1606.3069      0.99887478       1.0007032       0.0000000
       1606.3277      0.99970382       1.0008723       0.0000000
       1606.3485       1.0008577       1.0006838       0.0000000
       1606.3694      0.99961317       1.0002322       0.0000000
       1606.3902       1.0008065       1.0005333       0.0000000
       1606.4110      0.99890023      0.99991602       0.0000000
       1606.4319       1.0009946       1.0000000       0.0000000
       1606.4527      0.99934781      0.99990934       0.0000000
       1606.4735      0.99857020      0.99961466       0.0000000
       1606.4944      0.99881059      0.99963868       0.0000000
       1606.5152       1.0002494      0.99902290       0.0000000
       1606.5360      0.99807698      0.99872780       0.0000000
       1606.5569      0.99833441      0.99907726       0.0000000
       1606.5777      0.99798220      0.99850565       0.0000000
       1606.5985      0.99805671      0.99855459       0.0000000
       1606.6194      0.99737471      0.99861026       0.0000000
       1606.6402      0.99951959      0.99776864       0.0000000
       1606.6610      0.99818206      0.99836844       0.0000000
       1606.6819      0.99985713      0.99830478       0.0000000
       1606.7027      0.99592471      0.99813223       0.0000000
       1606.7235      0.99820417      0.99786717       0.0000000
       1606.7444      0.99870354      0.99828756       0.0000000
       1606.7652      0.99606436      0.99790221       0.0000000
       1606.7860      0.99992990      0.99818057       0.0000000
       1606.8069      0.99424249      0.99779189       0.0000000
       1606.8277      0.99703878      0.99782115       0.0000000
       1606.8485      0.99364924      0.99710435       128.00000
       1606.8694      0.99344808      0.99716413       128.00000
       1606.8902      0.99634433      0.99756992       0.0000000
       1606.9110      0.99255621      0.99701464       0.0000000
       1606.9319      0.99548978      0.99679488       0.0000000
       1606.9527      0.99980181      0.99719197       0.0000000
       1606.9735      0.99377584      0.99641228       0.0000000
       1606.9944      0.99587554      0.99661511       0.0000000
       1607.0152      0.99582678      0.99651897       0.0000000
       1607.0360      0.99560237      0.99665016       0.0000000
       1607.0569      0.99659145      0.99625003       0.0000000
       1607.0777      0.99359035      0.99626249       0.0000000
       1607.0985      0.99511290      0.99593979       0.0000000
       1607.1194      0.99664956      0.99610370       0.0000000
       1607.1402      0.99271399      0.99626100       0.0000000
       1607.1610      0.99704844      0.99673718       0.0000000
       1607.1819      0.99680293      0.99665964       0.0000000
       1607.2027      0.99244863      0.99681181       0.0000000
       1607.2235      0.99362081      0.99704343       128.00000
       1607.2444      0.99237692      0.99681401       0.0000000
       1607.2652      0.99283588      0.99738950       0.0000000
       1607.2860      0.99248821      0.99736840       0.0000000
       1607.3069      0.99418426      0.99760973       0.0000000
       1607.3277      0.99424034      0.99827445       0.0000000
       1607.3485      0.99382138      0.99825615       0.0000000
       1607.3694      0.99454296      0.99896795       0.0000000
       1607.3902      0.99487495      0.99873573       0.0000000
       1607.4110      0.99546826      0.99940485       0.0000000
       1607.4319      0.99472833      0.99969566       0.0000000
       1607.4527      0.99550480       1.0002108       0.0000000
       1607.4735      0.99577737       1.0007410       0.0000000
       1607.4944      0.99661821       1.0010967       0.0000000
       1607.5152      0.99591631       1.0011609       0.0000000
       1607.5360      0.99749500       1.0016489       0.0000000
       1607.5569      0.99803573       1.0020310       0.0000000
       1607.5777      0.99849945       1.0025851       0.0000000
       1607.5985      0.99863553       1.0034577       0.0000000
       1607.6194      0.99953157       1.0038226       0.0000000
       1607.6402       1.0003088       1.0042732       0.0000000
       1607.6610       1.0005214       1.0053254       0.0000000
       1607.6819       1.0006992       1.0060395       0.0000000
       1607.7027       1.0025095       1.0069267       0.0000000
       1607.7235       1.0015059       1.0073828       0.0000000
       1607.7444       1.0049548       1.0085853       0.0000000
       1607.7652       1.0049011       1.0088942       0.0000000
       1607.7860       1.0064749       1.0095658       0.0000000
       1607.8069       1.0064590       1.0102906       0.0000000
       1607.8277       1.0063454       1.0108328       0.0000000
       1607.8485       1.0069484       1.0108184       0.0000000
       1607.8694       1.0078043       1.0111206       0.0000000
       1607.8902       1.0085685       1.0117453       0.0000000
       1607.9110       1.0065001       1.0114244       0.0000000
       1607.9319       1.0080966       1.0111827       0.0000000
       1607.9527       1.0088661       1.0108662       0.0000000
       1607.9736       1.0071542       1.0104684       0.0000000
       1607.9944       1.0067706       1.0099472       0.0000000
       1608.0152       1.0066186       1.0096072       0.0000000
       1608.0361       1.0058370       1.0081995       0.0000000
       1608.0569       1.0042995       1.0073906       0.0000000
       1608.0777       1.0014278       1.0058308       0.0000000
       1608.0986       1.0026776       1.0048876       0.0000000
       1608.1194      0.99941903       1.0033182       0.0000000
       1608.1402      0.99941099       1.0019597       0.0000000
       1608.1611      0.99716520       1.0004512       0.0000000
       1608.1819      0.99658215      0.99893141       0.0000000
       1608.2027      0.99493462      0.99739921       0.0000000
       1608.2236      0.99305081      0.99642843       0.0000000
       1608.2444      0.99142379      0.99482620       0.0000000
       1608.2652      0.99098057      0.99363238       0.0000000
       1608.2861      0.99014711      0.99226654       0.0000000
       1608.3069      0.98969048      0.99141777       0.0000000
       1608.3277      0.98858249      0.99094450       0.0000000
       1608.3486      0.98789716      0.99015152       0.0000000
       1608.3694      0.98708391      0.98890632       0.0000000
       1608.3902      0.98694408      0.98949599       0.0000000
       1608.4111      0.98617035      0.98775452       0.0000000
       1608.4319      0.98158008      0.98346931       0.0000000
       1608.4527      0.97653228      0.97829866       0.0000000
       1608.4736      0.97166586      0.97422338       0.0000000
       1608.4944      0.97008842      0.97239363       0.0000000
       1608.5152      0.97074574      0.97332507       0.0000000
       1608.5361      0.97520792      0.97690344       0.0000000
       1608.5569      0.97966951      0.98247176       0.0000000
       1608.5777      0.98456472      0.98821127       0.0000000
       1608.5986      0.98986191      0.99128366       0.0000000
       1608.6194      0.98911899      0.99184024       0.0000000
       1608.6402      0.98894882      0.99219412       0.0000000
       1608.6611      0.99075019      0.99311024       0.0000000
       1608.6819      0.99183869      0.99354708       0.0000000
       1608.7027      0.99277806      0.99443281       0.0000000
       1608.7236      0.99340808      0.99501902       0.0000000
       1608.7444      0.99369538      0.99566793       0.0000000
       1608.7652      0.99374479      0.99647593       0.0000000
       1608.7861      0.99357080      0.99653929       0.0000000
       1608.8069      0.99438566      0.99742603       0.0000000
       1608.8277      0.99523872      0.99819607       0.0000000
       1608.8486      0.99532557      0.99886298       0.0000000
       1608.8694      0.99608773      0.99956214       0.0000000
       1608.8902      0.99488777      0.99980026       0.0000000
       1608.9111      0.99622864       1.0000609       0.0000000
       1608.9319      0.99712038       1.0004385       0.0000000
       1608.9527      0.99577564       1.0009407       0.0000000
       1608.9736      0.99906248       1.0013657       0.0000000
       1608.9944      0.99680001       1.0014342       0.0000000
       1609.0152      0.99690986       1.0018679       0.0000000
       1609.0361      0.99793458       1.0023878       0.0000000
       1609.0569      0.99748504       1.0027099       0.0000000
       1609.0777     -0.46016711       1.0026387       128.00000
       1609.0986      0.99844372       1.0027146       0.0000000
       1609.1194      0.99938726       1.0035913       0.0000000
       1609.1402       1.0001801       1.0035703       0.0000000
       1609.1611      0.99923569       1.0038825       0.0000000
       1609.1819       1.0005332       1.0039452       0.0000000
       1609.2027      0.99996704       1.0041617       0.0000000
       1609.2236      0.99965715       1.0039082       0.0000000
       1609.2444      0.99983871       1.0041332       0.0000000
       1609.2652      0.99905264       1.0042434       0.0000000
       1609.2861       1.0009435       1.0042130       0.0000000
       1609.3069       1.0007052       1.0046530       0.0000000
       1609.3277      0.99994302       1.0047114       0.0000000
       1609.3486       1.0003995       1.0044966       0.0000000
       1609.3694       1.0008165       1.0045658       0.0000000
       1609.3902      0.99911338       1.0047174       0.0000000
       1609.4111      0.99975598       1.0044898       0.0000000
       1609.4319       1.0000428       1.0047760       0.0000000
       1609.4527      0.99885058       1.0048867       0.0000000
       1609.4736       1.0006108       1.0051227       0.0000000
       1609.4944      0.99936837       1.0047997       0.0000000
       1609.5152      0.99961394       1.0048938       0.0000000
       1609.5361       1.0000651       1.0048820       0.0000000
       1609.5569       1.0000248       1.0050666       0.0000000
       1609.5777       1.0013990       1.0051062       0.0000000
       1609.5986       1.0011594       1.0049973       0.0000000
       1609.6194       1.0016732       1.0050761       0.0000000
       1609.6402       1.0012283       1.0051668       0.0000000
       1609.6611       1.0003183       1.0049073       0.0000000
       1609.6819       1.0022640       1.0047474       0.0000000
       1610.8069       1.0113177       1.0029536       0.0000000
       1610.8277       1.0107555       1.0033060       0.0000000
       1610.8486       1.0075754       1.0031672       0.0000000
       1610.8694       1.0083708       1.0034333       0.0000000
       1610.8902       1.0094250       1.0037514       0.0000000
       1610.9111       1.0076576       1.0037411       0.0000000
       1610.9319       1.0087683       1.0041369       0.0000000
       1610.9527       1.0065078       1.0036093       128.00000
       1610.9736       1.0084779       1.0036528       0.0000000
       1610.9944       1.0047181       1.0047247       128.00000
       1611.0152       1.0073289       1.0055517       0.0000000
       1611.0361       1.0083568       1.0067341       0.0000000
       1611.0569       1.0048109       1.0067682       0.0000000
       1611.0777       1.0052483       1.0067325       0.0000000
       1611.0986       1.0032942       1.0067084       0.0000000
       1611.1194       1.0074095       1.0072674       128.00000
       1611.1402       1.0057462       1.0074991       0.0000000
       1611.1611       1.0031137       1.0071958       128.00000
       1611.1819       1.0072986       1.0080930       128.00000
       1611.2027       1.0067059       1.0081984       0.0000000
       1611.2236       1.0046960       1.0082856       0.0000000
       1611.2444       1.0050762       1.0084441       128.00000
       1611.2652       1.0059775       1.0087388       128.00000
       1611.2861       1.0050004       1.0099531       128.00000
       1611.3069       1.0055292       1.0093869       0.0000000
       1611.3277       1.0038965       1.0100957       128.00000
       1611.3486       1.0036165       1.0104523       128.00000
       1611.3694       1.0040418       1.0116172       128.00000
       1611.3902       1.0033243       1.0111312       0.0000000
       1611.4111       1.0021808       1.0115846       128.00000
       1611.4319       1.0014277       1.0121093       128.00000
       1611.4527       1.0024847       1.0129663       0.0000000
       1611.4736       1.0017737       1.0138868       0.0000000
       1611.4944       1.0014496       1.0142536       0.0000000
       1611.5152       1.0016332       1.0157138       0.0000000
       1611.5361       1.0012232       1.0166595       0.0000000
       1611.5569       1.0029495       1.0168093       128.00000
       1611.5777       1.0027950       1.0172350       0.0000000
       1611.5986       1.0058870       1.0172329       0.0000000
       1611.6194       1.0053841       1.0188612       0.0000000
       1611.6402       1.0058277       1.0177337       0.0000000
       1611.6611       1.0056754       1.0170820       0.0000000
       1611.6819       1.0061300       1.0165439       0.0000000
       1611.7027       1.0078553       1.0171319       0.0000000
       1611.7236       1.0069206       1.0154564       0.0000000
       1611.7444       1.0054710       1.0149107       0.0000000
       1611.7652       1.0045491       1.0134612       0.0000000
       1611.7861       1.0048357       1.0116526       0.0000000
       1611.8069       1.0027318       1.0107710       0.0000000
       1611.8277       1.0036821       1.0091641       0.0000000
       1611.8486       1.0019399       1.0075619       0.0000000
       1611.8694       1.0033535       1.0060033       0.0000000
       1611.8903       1.0010962       1.0041862       0.0000000
       1611.9111       1.0013498       1.0020437       0.0000000
       1611.9319       1.0017844       1.0004456       0.0000000
       1611.9528       1.0007669      0.99858248       0.0000000
       1611.9736      0.99943680      0.99685246       0.0000000
       1611.9944       1.0003855      0.99459630       0.0000000
       1612.0153      0.99851775      0.99331588       0.0000000
       1612.0361      0.99915582      0.99181163       0.0000000
       1612.0569      0.99771011      0.99029964       0.0000000
       1612.0778      0.99736905      0.98960328       0.0000000
       1612.0986      0.99460304      0.98838645       0.0000000
       1612.1194      0.99404997      0.98734826       0.0000000
       1612.1403      0.99142039      0.98565382       0.0000000
       1612.1611      0.99055690      0.98530209       0.0000000
       1612.1819      0.99122900      0.98460013       0.0000000
       1612.2028      0.98955518      0.98501962       0.0000000
       1612.2236      0.98920208      0.98437113       0.0000000
       1612.2444      0.98508877      0.98057508       0.0000000
       1612.2653      0.98061031      0.97450590       0.0000000
       1612.2861      0.97424132      0.97090703       0.0000000
       1612.3069      0.97013193      0.96857035       0.0000000
       1612.3278      0.97354752      0.96974730       0.0000000
       1612.3486      0.97476047      0.97333264       0.0000000
       1612.3694      0.98204905      0.97802275       0.0000000
       1612.3903      0.98682314      0.98466653       0.0000000
       1612.4111      0.99079806      0.98778576       0.0000000
       1612.4319      0.99278808      0.98938036       0.0000000
       1612.4528      0.99143970      0.98969686       0.0000000
       1612.4736      0.99161011      0.98989344       0.0000000
       1612.4944      0.99520898      0.99008882       0.0000000
       1612.5153      0.99263692      0.99076444       0.0000000
       1612.5361      0.99392754      0.99201107       0.0000000
       1612.5569      0.99397409      0.99262834       0.0000000
       1612.5778      0.99783820      0.99248946       0.0000000
       1612.5986      0.99507391      0.99337208       0.0000000
       1612.6194      0.99710745      0.99433219       0.0000000
       1612.6403      0.99541998      0.99477458       0.0000000
       1612.6611      0.99855572      0.99484533       0.0000000
       1612.6819      0.99923825      0.99550480       0.0000000
       1612.7028      0.99989086      0.99556518       0.0000000
       1612.7236      0.99970424      0.99638051       0.0000000
       1612.7444      0.99876612      0.99640930       0.0000000
       1612.7653      0.99973720      0.99694973       0.0000000
       1612.7861       1.0018364      0.99770111       0.0000000
       1612.8069       1.0011854      0.99814391       0.0000000
       1612.8278       1.0011158      0.99804723       0.0000000
       1612.8486       1.0011883      0.99855161       0.0000000
       1612.8694       1.0007161      0.99903363       0.0000000
       1612.8903       1.0032367      0.99881887       0.0000000
       1612.9111       1.0005300      0.99922019       0.0000000
       1612.9319       1.0023447      0.99971938       0.0000000
       1612.9528      0.29110104       1.0005149       128.00000
       1612.9736       1.0025456       1.0007033       0.0000000
       1612.9944       1.0041385       1.0014182       0.0000000
       1613.0153       1.0042080       1.0016469       0.0000000
       1613.0361       1.0015526       1.0019239       0.0000000
       1613.0569       1.0036892       1.0023302       0.0000000
       1613.0778       1.0013583       1.0025076       0.0000000
       1613.0986       1.0031084       1.0021018       0.0000000
       1613.1194       1.0023322       1.0025547       0.0000000
       1613.1403       1.0049976       1.0023690       0.0000000
       1613.1611       1.0027542       1.0030907       0.0000000
       1613.1819       1.0049570       1.0030028       0.0000000
       1613.2028       1.0025003       1.0033717       0.0000000
       1613.2236       1.0025862       1.0027360       0.0000000
       1613.2444       1.0040238       1.0029938       0.0000000
       1613.2653       1.0044340       1.0030203       0.0000000
       1613.2861       1.0038601       1.0029281       0.0000000
       1613.3069       1.0033345       1.0028667       128.00000
       1613.3278       1.0039787       1.0028847       0.0000000
       1613.3486       1.0035408       1.0032167       0.0000000
       1613.3694       1.0020151       1.0029716       0.0000000
       1613.3903       1.0026873       1.0037271       0.0000000
       1613.4111       1.0029613       1.0032459       0.0000000
       1613.4319       1.0023620       1.0028108       0.0000000
       1613.4528       1.0063411       1.0032257       0.0000000
       1613.4736       1.0054916       1.0029587       0.0000000
       1613.4944       1.0063355       1.0032830       0.0000000
       1613.5153       1.0035902       1.0022019       0.0000000
       1613.5361       1.0064130       1.0027666       0.0000000
       1613.5569       1.0042831       1.0020007       0.0000000
       1613.5778       1.0049566       1.0019845       0.0000000
       1613.5986       1.0031449       1.0021611       0.0000000
       1613.6194       1.0055370       1.0021336       0.0000000
       1613.6403       1.0031896       1.0019522       0.0000000
       1613.6611       1.0043411       1.0016336       0.0000000
       1613.6819       1.0014840       1.0019472       0.0000000
       1613.7028       1.0020212       1.0014027       0.0000000
       1613.7236       1.0018440       1.0020047       0.0000000
       1613.7444       1.0024483       1.0011369       0.0000000
       1613.7653       1.0038185       1.0015135       0.0000000
       1613.7861       1.0018595       1.0011382       0.0000000
       1613.8069       1.0029614       1.0012560       0.0000000
       1613.8278       1.0023185       1.0007411       0.0000000
       1613.8486       1.0032018       1.0003908       0.0000000
       1613.8694       1.0015823       1.0007904       0.0000000
       1613.8903       1.0034647       1.0004743       0.0000000
       1613.9111       1.0021334       1.0005249       0.0000000
       1613.9319       1.0055573       1.0006171       0.0000000
       1613.9528      0.89160639      0.90034020       128.00000
       1613.9736      0.99861348       1.0000435       0.0000000
       1613.9944      0.99946779      0.99968678       128.00000
       1614.0153      0.99912012      0.99955612       128.00000
       1614.0361      0.99981833      0.99964964       0.0000000
       1614.0569       1.0009968      0.99931747       0.0000000
       1614.0778       1.0009950      0.99907607       0.0000000
       1614.0986       1.0006104      0.99899679       0.0000000
       1614.1194      0.99867535      0.99944675       0.0000000
       1614.1403      0.99950284      0.99864614       0.0000000
       1614.1611      0.99691600      0.99889910       0.0000000
       1614.1819      0.99924052      0.99872661       0.0000000
       1614.2028       1.0010986      0.99834585       128.00000
       1614.2236       1.0018150      0.99812698       0.0000000
       1614.2444       1.0010463      0.99750507       0.0000000
       1614.2653       1.0019050      0.99769413       0.0000000
       1614.2861       1.0002552      0.99757898       0.0000000
       1614.3069       1.0010788      0.99713898       0.0000000
       1614.3278       1.0000771      0.99709272       0.0000000
       1614.3486       1.0000032      0.99725771       0.0000000
       1614.3694       1.0009463      0.99669778       0.0000000
       1614.3903      0.99965537      0.99656576       0.0000000
       1614.4111       1.0001129      0.99623299       0.0000000
       1614.4319       1.0004714      0.99642318       0.0000000
       1614.4528       1.0010930      0.99616051       0.0000000
       1614.4736      0.99898314      0.99599057       0.0000000
       1614.4944      0.99867392      0.99567002       0.0000000
       1614.5153      0.99875534      0.99610680       0.0000000
       1614.5361      0.99899977      0.99600953       0.0000000
       1614.5569      0.99693638      0.99623132       128.00000
       1614.5778      0.99763358      0.99624598       0.0000000
       1614.5986      0.99656034      0.99612945       0.0000000
       1614.6194      0.99812365      0.99599534       0.0000000
       1614.6403      0.99706936      0.99606645       0.0000000
       1614.6611      0.99703962      0.99617636       128.00000
       1614.6819      0.99683988      0.99553066       0.0000000
       1614.7028      0.99789864      0.99582779       0.0000000
       1614.7236      0.99715972      0.99644935       0.0000000
       1614.7444      0.99894720      0.99607444       0.0000000
       1614.7653      0.99668002      0.99594802       0.0000000
       1614.7861      0.99682313      0.99605358       0.0000000
       1614.8069      0.99645835      0.99600643       0.0000000
       1614.8278      0.99715793      0.99621695       0.0000000
       1614.8486      0.99656469      0.99624199       0.0000000
       1614.8694      0.99671417      0.99671906       0.0000000
       1614.8903      0.99620336      0.99674076       0.0000000
       1614.9111      0.99757802      0.99660569       0.0000000
       1614.9319      0.99677163      0.99673861       0.0000000
       1614.9528      0.99739945      0.99686950       0.0000000
       1614.9736      0.99734694      0.99684280       0.0000000
       1614.9944      0.99719149      0.99738550       0.0000000
       1615.0153      0.99737829      0.99759430       0.0000000
       1615.0361      0.99728042      0.99779129       0.0000000
       1615.0569      0.99679923      0.99820274       0.0000000
       1615.0778      0.99704248      0.99861568       0.0000000
       1615.0986      0.99865437      0.99858886       0.0000000
       1615.1194      0.99819785      0.99930048       0.0000000
       1615.1403      0.99945414      0.99975806       0.0000000
       1615.1611      0.99849647       1.0002935       0.0000000
       1615.1819      0.99910194       1.0009490       0.0000000
       1615.2028       1.0001669       1.0011762       0.0000000
       1615.2236       1.0007139       1.0020250       0.0000000
       1615.2444       1.0016197       1.0026851       0.0000000
       1615.2653       1.0015113       1.0033656       0.0000000
       1615.2861      0.98437679       1.0041231       128.00000
       1615.3069       1.0033942       1.0051932       0.0000000
       1615.3278       1.0035636       1.0062685       0.0000000
       1615.3486       1.0046906       1.0070271       0.0000000
       1615.3694       1.0059369       1.0073581       0.0000000
       1615.3903       1.0067170       1.0083575       0.0000000
       1615.4111       1.0062522       1.0087557       0.0000000
       1615.4319       1.0076207       1.0094994       0.0000000
       1615.4528       1.0075421       1.0104671       0.0000000
       1615.4736       1.0079787       1.0105979       0.0000000
       1615.4944       1.0080674       1.0108062       0.0000000
       1615.5153       1.0089282       1.0110881       0.0000000
       1615.5361       1.0080999       1.0113105       0.0000000
       1615.5569       1.0085508       1.0111150       0.0000000
       1615.5778       1.0082505       1.0106302       0.0000000
       1615.5986       1.0076681       1.0105363       0.0000000
       1615.6194       1.0066886       1.0097030       0.0000000
       1615.6403       1.0064453       1.0087539       0.0000000
       1615.6611       1.0039811       1.0082206       0.0000000
       1615.6819       1.0056225       1.0066164       0.0000000
       1615.7028       1.0032928       1.0058359       0.0000000
       1615.7236       1.0026143       1.0042419       0.0000000
       1615.7444      0.99965280       1.0026977       0.0000000
       1615.7653      0.99928576       1.0010415       0.0000000
       1615.7861      0.99677908      0.99928075       0.0000000
       1615.8069      0.99679375      0.99829888       0.0000000
       1615.8278      0.99556583      0.99697155       0.0000000
       1615.8486      0.99427402      0.99530017       0.0000000
       1615.8694      0.99092263      0.99386477       0.0000000
       1615.8903      0.99166209      0.99286038       0.0000000
       1615.9111      0.99001545      0.99146491       0.0000000
       1615.9319      0.98969525      0.99082792       0.0000000
       1615.9528      0.98874360      0.99016535       0.0000000
       1615.9736      0.98732013      0.98940241       0.0000000
       1615.9944      0.98614085      0.98873007       0.0000000
       1616.0153      0.98740131      0.98809487       0.0000000
       1616.0361      0.98599160      0.98772192       0.0000000
       1616.0569      0.98415607      0.98490745       0.0000000
       1616.0778      0.97685522      0.97947323       0.0000000
       1616.0986      0.97280073      0.97495753       0.0000000
       1616.1194      0.96854120      0.97186577       0.0000000
       1616.1403      0.97098041      0.97187197       0.0000000
       1616.1611      0.97243625      0.97462255       0.0000000
       1616.1819      0.97792417      0.97940981       0.0000000
       1616.2028      0.98229265      0.98577434       0.0000000
       1616.2236      0.98697263      0.98995620       0.0000000
       1616.2444      0.98823845      0.99069476       0.0000000
       1616.2653      0.99034470      0.99179488       0.0000000
       1616.2861      0.98909199      0.99214137       0.0000000
       1616.3069      0.99017179      0.99302655       0.0000000
       1616.3278      0.98922437      0.99330616       0.0000000
       1616.3486      0.99117005      0.99438804       0.0000000
       1616.3694      0.99203438      0.99516737       0.0000000
       1616.3903      0.99345458      0.99511588       0.0000000
       1616.4111      0.99340177      0.99577713       0.0000000
       1616.4319      0.99466854      0.99653441       0.0000000
       1616.4528      0.99509346      0.99674797       0.0000000
       1616.4736      0.99679637      0.99790949       0.0000000
       1616.4944      0.99573153      0.99765223       0.0000000
       1616.5153      0.99700373      0.99823976       0.0000000
       1616.5361      0.99743527      0.99927366       0.0000000
       1616.5569      0.99730211      0.99922574       0.0000000
       1616.5778      0.99790245      0.99989814       0.0000000
       1616.5986      0.99797785       1.0002371       0.0000000
       1616.6194      0.99891984       1.0006549       0.0000000
       1616.6403      0.99839711       1.0006373       0.0000000
       1616.6611      0.99846345       1.0014074       0.0000000
       1616.6819      0.99967134       1.0014622       0.0000000
       1616.7028      0.99958116       1.0018067       0.0000000
       1616.7236      0.99850917       1.0021323       0.0000000
       1616.7444      0.99963504       1.0024151       0.0000000
       1616.7653       1.0001866       1.0032616       0.0000000
       1616.7861       1.0023845       1.0029643       0.0000000
       1616.8069       1.0002667       1.0030843       0.0000000
       1616.8278       1.0013217       1.0036666       0.0000000
       1616.8486       1.0011170       1.0036507       0.0000000
       1616.8694       1.0021623       1.0039127       0.0000000
       1616.8903       1.0025254       1.0037930       0.0000000
       1616.9111       1.0031178       1.0039245       0.0000000
       1616.9319       1.0031471       1.0044204       0.0000000
       1616.9528       1.0045668       1.0042825       0.0000000
       1616.9736       1.0023972       1.0041021       0.0000000
       1616.9944       1.0030607       1.0042617       0.0000000
       1617.0153       1.0022813       1.0041665       0.0000000
       1617.0361       1.0034336       1.0043648       0.0000000
       1617.0569       1.0024309       1.0043926       0.0000000
       1617.0778      0.88455492      0.91059059       128.00000
       1617.0986       1.0018100       1.0041103       0.0000000
       1617.1194       1.0025486       1.0039496       0.0000000
       1617.1403       1.0013307       1.0039350       0.0000000
       1617.1611       1.0006109       1.0036799       0.0000000
       1617.1819       1.0024873       1.0030018       0.0000000
       1617.2028       1.0018779       1.0031946       0.0000000
       1617.2236       1.0016500       1.0032839       0.0000000
       1617.2444       1.0029329       1.0032573       0.0000000
       1617.2653       1.0028515       1.0031232       0.0000000
       1617.2861       1.0018588       1.0029037       0.0000000
       1617.3069       1.0013075       1.0025619       0.0000000
       1617.3278       1.0029539       1.0031239       0.0000000
       1617.3486       1.0016822       1.0025665       0.0000000
       1617.3694       1.0023040       1.0020634       0.0000000
       1617.3903       1.0039240       1.0024973       0.0000000
       1617.4111       1.0001545       1.0026528       0.0000000
       1617.4319       1.0007077       1.0026400       0.0000000
       1617.4528       1.0024037       1.0021521       0.0000000
       1617.4736       1.0017298       1.0026896       0.0000000
       1617.4944       1.0013635       1.0019027       0.0000000
       1617.5153       1.0000000       1.0020065       0.0000000
       1617.5361       1.0018548       1.0017419       0.0000000
       1617.5569       1.0020599       1.0018535       0.0000000
       1617.5778       1.0010773       1.0016407       0.0000000
       1617.5986       1.0020165       1.0015190       0.0000000
       1617.6194       1.0016315       1.0015737       0.0000000
       1617.6403       1.0008069       1.0014526       0.0000000
       1617.6611       1.0015968       1.0014640       0.0000000
       1617.6819       1.0006168       1.0012015       0.0000000
       1617.7028      0.99959642       1.0015832       0.0000000
       1617.7236       1.0009439       1.0008444       0.0000000
       1617.7444       1.0016506       1.0006437       0.0000000
       1617.7653      0.99939227       1.0008694       0.0000000
       1617.7861      0.99800307       1.0004801       0.0000000
       1617.8069       1.0006617      0.99999416       0.0000000
       1617.8278      0.99853939       1.0002782       0.0000000
       1617.8486      0.99936849      0.99977785       0.0000000
       1617.8694      0.99790674      0.99946404       0.0000000
       1617.8903      0.99792016      0.99964279       0.0000000
       1617.9111      0.99664915      0.99975646       0.0000000
       1617.9319      0.99809515      0.99953586       0.0000000
       1617.9528      0.99784017      0.99913597       0.0000000
       1617.9736      0.99767667      0.99899429       0.0000000
       1617.9944      0.99810052      0.99837720       0.0000000
       1618.0153      0.99621212      0.99784178       0.0000000
       1618.0361      0.99724323      0.99773806       0.0000000
       1618.0569      0.99591076      0.99808156       0.0000000
       1618.0778      0.99578542      0.99786121       0.0000000
       1618.0986      0.99461967      0.99787581       0.0000000
       1618.1194      0.99587893      0.99792224       0.0000000
       1618.1403      0.99467528      0.99767500       0.0000000
       1618.1611      0.99540603      0.99742216       0.0000000
       1618.1819      0.99524218      0.99729991       0.0000000
       1618.2028      0.99541819      0.99721342       0.0000000
       1618.2236      0.99470919      0.99717921       0.0000000
       1618.2444      0.99478245      0.99727929       0.0000000
       1618.2653      0.99507529      0.99736410       0.0000000
       1618.2861      0.99540293      0.99713194       0.0000000
       1618.3069      0.99641871      0.99680829       0.0000000
       1618.3278      0.99605775      0.99681485       0.0000000
       1618.3486      0.99563563      0.99722981       0.0000000
       1618.3694      0.99560416      0.99711525       0.0000000
       1618.3903      0.99472165      0.99680912       0.0000000
       1618.4111      0.99547619      0.99718690       0.0000000
       1618.4319      0.99496591      0.99656278       0.0000000
       1618.4528      0.99636418      0.99668586       0.0000000
       1618.4736      0.99456763      0.99673140       0.0000000
       1618.4944      0.99535197      0.99643689       0.0000000
       1618.5153      0.99415892      0.99666262       0.0000000
       1618.5361      0.99655622      0.99635202       0.0000000
       1618.5569      0.99476773      0.99618518       0.0000000
       1618.5778      0.99546510      0.99658829       0.0000000
       1618.5986      0.99560070      0.99613380       0.0000000
       1618.6194      0.99667007      0.99620497       0.0000000
       1618.6403      0.99435604      0.99622411       0.0000000
       1618.6611      0.99666089      0.99659264       0.0000000
       1618.6819      0.99568862      0.99614233       0.0000000
       1618.7028      0.99654764      0.99670810       0.0000000
       1618.7236      0.99566579      0.99634385       0.0000000
       1618.7444      0.99710757      0.99682856       0.0000000
       1618.7653      0.99656951      0.99670267       0.0000000
       1618.7861      0.99709040      0.99700963       0.0000000
       1618.8069      0.99663579      0.99728030       0.0000000
       1618.8278      0.99850500      0.99762088       0.0000000
       1618.8486      0.99804538      0.99770731       0.0000000
       1618.8694      0.99877626      0.99868929       0.0000000
       1618.8903      0.99751145      0.99859464       0.0000000
       1618.9111      0.99956024      0.99931079       0.0000000
       1618.9319      0.99839997      0.99954939       0.0000000
       1618.9528      0.99765760       1.0000000       0.0000000
       1618.9736       1.0000049       1.0005769       0.0000000
       1618.9944      0.99841189       1.0012813       0.0000000
       1619.0153       1.0006905       1.0017406       0.0000000
       1619.0361       1.0014300       1.0027781       0.0000000
       1619.0569       1.0034887       1.0030094       0.0000000
       1619.0778       1.0017300       1.0041136       0.0000000
       1619.0986       1.0034949       1.0045083       0.0000000
       1619.1194       1.0057033       1.0058820       0.0000000
       1619.1403       1.0051218       1.0062093       0.0000000
       1619.1611       1.0049422       1.0070523       0.0000000
       1619.1819       1.0066787       1.0080523       0.0000000
       1619.2028       1.0078380       1.0086685       0.0000000
       1619.2236       1.0076498       1.0090280       0.0000000
       1619.2444       1.0085424       1.0096681       0.0000000
       1619.2653       1.0089959       1.0100393       0.0000000
       1619.2861       1.0087857       1.0110731       0.0000000
       1619.3069       1.0100962       1.0111912       0.0000000
       1619.3278       1.0086371       1.0110886       0.0000000
       1619.3486       1.0110074       1.0108117       0.0000000
       1619.3694       1.0087371       1.0111020       0.0000000
       1619.3903       1.0099666       1.0105426       0.0000000
       1619.4111       1.0078826       1.0101460       0.0000000
       1619.4319       1.0091997       1.0098983       0.0000000
       1619.4528       1.0065399       1.0086483       0.0000000
       1619.4736       1.0069892       1.0076216       0.0000000
       1619.4944       1.0061761       1.0067846       0.0000000
       1619.5153       1.0052555       1.0057814       0.0000000
       1619.5361       1.0029022       1.0044442       0.0000000
       1619.5569       1.0030431       1.0026225       0.0000000
       1619.5778       1.0019940       1.0014682       0.0000000
       1619.5986      0.99885446       1.0000943       0.0000000
       1619.6194      0.99976695      0.99856710       0.0000000
       1619.6403      0.99492353      0.99735963       0.0000000
       1619.6611      0.99565893      0.99550682       0.0000000
       1619.6819      0.99372798      0.99403316       0.0000000
       1619.7028      0.99477386      0.99329782       0.0000000
       1619.7236      0.99068123      0.99230546       0.0000000
       1619.7444      0.98925978      0.99129063       0.0000000
       1619.7653      0.98997790      0.99018729       0.0000000
       1619.7861      0.99078047      0.98979038       0.0000000
       1619.8069      0.98884225      0.98902458       0.0000000
       1619.8278      0.99078441      0.98866808       0.0000000
       1619.8486      0.98793352      0.98863131       0.0000000
       1619.8694      0.98737854      0.98571259       0.0000000
       1619.8903      0.97976959      0.98075122       0.0000000
       1619.9111      0.97493017      0.97569937       0.0000000
       1619.9319      0.97308779      0.97261792       0.0000000
       1619.9528      0.97377825      0.97222894       0.0000000
       1619.9736      0.97234875      0.97385925       0.0000000
       1619.9944      0.98035473      0.97828209       0.0000000
       1620.0153      0.98412293      0.98462611       0.0000000
       1620.0361      0.98688352      0.98895091       0.0000000
       1620.0569      0.99062848      0.99068743       0.0000000
       1620.0778      0.99145919      0.99133587       0.0000000
       1620.0986      0.99012005      0.99198145       0.0000000
       1620.1194      0.99326670      0.99208188       0.0000000
       1620.1403      0.99282974      0.99310386       0.0000000
       1620.1611      0.99460173      0.99347389       0.0000000
       1620.1819      0.99307549      0.99435967       0.0000000
       1620.2028      0.89564085      0.90026796       128.00000
       1620.2236      0.99513602      0.99515808       0.0000000
       1620.2444      0.99676049      0.99625713       0.0000000
       1620.2653      0.99434757      0.99629366       0.0000000
       1620.2861      0.99564254      0.99701828       0.0000000
       1620.3069      0.99667501      0.99743634       0.0000000
       1620.3278      0.99745041      0.99795461       0.0000000
       1620.3486      0.99716038      0.99849337       0.0000000
       1620.3694       1.0002630      0.99894023       0.0000000
       1620.3903      0.99967062      0.99935561       0.0000000
       1620.4111       1.0003997      0.99993819       0.0000000
       1620.4319      0.99869698       1.0004237       0.0000000
       1620.4528       1.0008761       1.0009781       0.0000000
       1620.4736       1.0008777       1.0012219       0.0000000
       1620.4944      0.99986660       1.0012553       0.0000000
       1620.5153       1.0011523       1.0016047       0.0000000
       1620.5361       1.0016071       1.0022920       0.0000000
       1620.5569       1.0019840       1.0023733       0.0000000
       1620.5778       1.0031092       1.0028396       0.0000000
       1620.5986       1.0035822       1.0021007       0.0000000
       1620.6194       1.0032188       1.0026238       0.0000000
       1620.6403       1.0011045       1.0028411       0.0000000
       1620.6611       1.0043362       1.0031053       0.0000000
       1620.6819       1.0013770       1.0027853       0.0000000
       1620.7028       1.0010818       1.0031630       0.0000000
       1620.7236       1.0038528       1.0033029       0.0000000
       1620.7444       1.0008513       1.0028725       0.0000000
       1620.7653       1.0035714       1.0029182       0.0000000
       1620.7861       1.0034287       1.0035894       0.0000000
       1620.8069       1.0006633       1.0031447       0.0000000
       1620.8278       1.0039871       1.0032552       0.0000000
       1620.8486       1.0045184       1.0033746       0.0000000
       1620.8694       1.0039253       1.0037042       0.0000000
       1620.8903       1.0021884       1.0033303       0.0000000
       1620.9111       1.0053779       1.0038098       0.0000000
       1620.9319       1.0024118       1.0029577       0.0000000
       1620.9528       1.0028936       1.0031862       0.0000000
       1620.9736       1.0038327       1.0030959       0.0000000
       1620.9944       1.0040160       1.0027575       0.0000000
       1621.0153       1.0033972       1.0030011       0.0000000
       1621.0361       1.0029051       1.0031389       0.0000000
       1621.0569       1.0016282       1.0026776       0.0000000
       1621.0778       1.0029764       1.0032680       0.0000000
       1621.0986       1.0025607       1.0027993       0.0000000
       1621.1194       1.0023966       1.0027766       0.0000000
       1621.1403       1.0032430       1.0028819       0.0000000
       1621.1611       1.0028639       1.0031427       0.0000000
       1621.1819       1.0020645       1.0029695       0.0000000
       1621.2028       1.0020478       1.0032482       0.0000000
       1621.2236       1.0031632       1.0030501       0.0000000
       1621.2444       1.0016155       1.0030944       0.0000000
       1621.2653       1.0027407       1.0029129       0.0000000
       1621.2861       1.0024011       1.0027976       0.0000000
       1621.3069       1.0015516       1.0026129       0.0000000
       1621.3278       1.0030968       1.0026971       0.0000000
       1621.3486       1.0020443       1.0023885       0.0000000
       1621.3694       1.0019236       1.0020988       0.0000000
       1621.3903       1.0018213       1.0022684       0.0000000
       1621.4111       1.0018915       1.0020808       0.0000000
       1621.4319       1.0021135       1.0020740       0.0000000
       1621.4527       1.0021617       1.0019032       0.0000000
       1621.4736       1.0016103       1.0015734       0.0000000
       1621.4944       1.0012985       1.0015941       0.0000000
       1621.5152       1.0013945       1.0010813       0.0000000
       1621.5361       1.0015574       1.0013790       0.0000000
       1621.5569       1.0003124       1.0011801       0.0000000
       1621.5777       1.0001266       1.0010369       0.0000000
       1621.5986      0.99912876       1.0003979       0.0000000
       1621.6194      0.99787557       1.0002919       0.0000000
       1621.6402      0.99623835      0.99997729       0.0000000
       1621.6611      0.99786603      0.99981368       0.0000000
       1621.6819      0.99761140      0.99976528       0.0000000
       1621.7027      0.99967289      0.99970841       0.0000000
       1621.7236      0.99850363      0.99923813       0.0000000
       1621.7444      0.99823642      0.99878699       0.0000000
       1621.7652      0.99900454      0.99911433       0.0000000
       1621.7861      0.99719101      0.99853653       0.0000000
       1621.8069      0.99824899      0.99832916       0.0000000
       1621.8277      0.99789065      0.99859214       0.0000000
       1621.8486      0.99832010      0.99840146       0.0000000
       1621.8694      0.99780446      0.99826390       0.0000000
       1621.8902      0.99890250      0.99830151       0.0000000
       1621.9111      0.99813020      0.99799615       0.0000000
       1621.9319      0.99933034      0.99856251       0.0000000
       1621.9527      0.99710512      0.99785882       0.0000000
       1621.9736      0.99248582      0.99854738       0.0000000
       1621.9944      0.99807042      0.99768639       0.0000000
       1622.0152       1.0004796      0.99826813       0.0000000
       1622.0361      0.99789786      0.99778163       0.0000000
       1622.0569      0.99810708      0.99762905       0.0000000
       1622.0777      0.99757230      0.99754280       0.0000000
       1622.0986      0.99898165      0.99765140       0.0000000
       1622.1194      0.99697649      0.99745077       0.0000000
       1622.1402      0.99906564      0.99696809       0.0000000
       1622.1611      0.99784416      0.99736470       0.0000000
       1622.1819      0.99988741      0.99722308       0.0000000
       1622.2027      0.99580997      0.99646389       0.0000000
       1622.2236      0.99851215      0.99686110       0.0000000
       1622.2444      0.99829280      0.99647319       0.0000000
       1622.2652      0.99227571      0.99645001       0.0000000
       1622.2861      0.99769455      0.99637651       0.0000000
       1622.3069      0.99749136      0.99620575       0.0000000
       1622.3277      0.99622452      0.99615383       0.0000000
       1622.3486      0.99314451      0.99606562       0.0000000
       1622.3694      0.99797815      0.99583745       0.0000000
       1622.3902      0.99128598      0.99633062       0.0000000
       1622.4111      0.99891692      0.99625915       0.0000000
       1622.4319      0.99095309      0.99581683       0.0000000
       1622.4527      0.98959535      0.99592334       0.0000000
       1622.4736       1.0002599      0.99635524       0.0000000
       1622.4944      0.99309474      0.99681538       0.0000000
       1622.5152      0.99977881      0.99680859       0.0000000
       1622.5361      0.99400848      0.99689859       0.0000000
       1622.5569      0.99284911      0.99714494       0.0000000
       1622.5777      0.99120194      0.99718022       0.0000000
       1622.5986       1.0001415      0.99735624       0.0000000
       1622.6194      0.99359727      0.99800831       0.0000000
       1622.6402      0.99471962      0.99777132       0.0000000
       1622.6611      0.99406838      0.99796671       0.0000000
       1622.6819      0.99414515      0.99827701       0.0000000
       1622.7027      0.99460006      0.99905306       0.0000000
       1622.7236      0.99604774      0.99969363       0.0000000
       1622.7444      0.99676216      0.99989021       0.0000000
       1622.7652      0.99575937       1.0000652       0.0000000
       1622.7861      0.99781346       1.0012937       0.0000000
       1622.8069      0.99562484       1.0012197       0.0000000
       1622.8277      0.99946827       1.0016713       0.0000000
       1622.8486      0.99863207       1.0026685       0.0000000
       1622.8694      0.99972653       1.0032734       0.0000000
       1622.8902       1.0000046       1.0036703       0.0000000
       1622.9111       1.0013733       1.0045779       0.0000000
       1622.9319       1.0013796       1.0049101       0.0000000
       1622.9527       1.0035816       1.0061344       0.0000000
       1622.9736       1.0028117       1.0066756       0.0000000
       1622.9944       1.0034803       1.0069994       0.0000000
       1623.0152       1.0041869       1.0077378       0.0000000
       1623.0361       1.0037457       1.0086956       0.0000000
       1623.0569       1.0067544       1.0093699       0.0000000
       1623.0777       1.0090284       1.0097799       0.0000000
       1623.0986       1.0064369       1.0102090       0.0000000
       1623.1194       1.0067471       1.0105296       0.0000000
       1623.1402       1.0068363       1.0106987       0.0000000
       1623.1611       1.0081635       1.0109022       0.0000000
       1623.1819       1.0072705       1.0107197       0.0000000
       1623.2027       1.0077419       1.0105779       0.0000000
       1623.2236       1.0078758       1.0105197       0.0000000
       1623.2444       1.0078623       1.0096955       0.0000000
       1623.2652       1.0079426       1.0091561       0.0000000
       1623.2861       1.0066547       1.0081469       0.0000000
       1623.3069       1.0138056       1.0073234       0.0000000
       1623.3277       1.0093220       1.0059783       0.0000000
       1623.3486       1.0108488       1.0050011       0.0000000
       1623.3694      0.99831504       1.0034415       128.00000
       1623.3902       1.0073212       1.0023847       0.0000000
       1623.4111      0.99883747       1.0008633       0.0000000
       1623.4319       1.0042340      0.99921888       0.0000000
       1623.4527      0.99751866      0.99795008       0.0000000
       1623.4736       1.0025181      0.99698883       0.0000000
       1623.4944      0.31079486      0.99500847       128.00000
       1623.5152      0.99985546      0.99399883       0.0000000
       1623.5361       1.0002886      0.99262422       0.0000000
       1623.5569      0.50973570      0.99213552       128.00000
       1623.5777      0.99714792      0.99113429       0.0000000
       1623.5986      0.99023932      0.99041826       0.0000000
       1623.6194      0.99533540      0.98930675       0.0000000
       1623.6402      0.98797202      0.98898065       0.0000000
       1623.6611      0.99338126      0.98863214       0.0000000
       1623.6819      0.98747385      0.98687720       0.0000000
       1623.7027      0.98882312      0.98199278       0.0000000
       1623.7236      0.97724992      0.97615927       0.0000000
       1623.7444      0.97949529      0.97244376       0.0000000
       1623.7652      0.98008388      0.97113305       0.0000000
       1623.7861      0.97711241      0.97302067       0.0000000
       1623.8069      0.97852409      0.97715741       0.0000000
       1623.8277      0.99075180      0.98290396       0.0000000
       1623.8486      0.99570066      0.98850769       0.0000000
       1623.8694      0.99727148      0.99015409       0.0000000
