    1154
       1816.1202       1.0113510      0.98540998       0.0000000
       1816.1411       1.0118822      0.98672706       0.0000000
       1816.1619       1.0108043      0.98638499       0.0000000
       1816.1827       1.0112824      0.98807830       0.0000000
       1816.2036       1.0097674      0.98761564       0.0000000
       1816.2244       1.0087570      0.98810542       0.0000000
       1816.2452       1.0109038      0.98892409       0.0000000
       1816.2661       1.0096973      0.98929906       0.0000000
       1816.2869       1.0090885      0.98897350       0.0000000
       1816.3077       1.0092211      0.98978651       0.0000000
       1816.3286       1.0052210      0.98917681       0.0000000
       1816.3494       1.0049669      0.98636842       128.00000
       1816.3702       1.0066953      0.98854071       0.0000000
       1816.3911      0.99914348      0.98341328       128.00000
       1816.4119       1.0029392      0.98283249       128.00000
       1816.4327       1.0053869      0.98892194       0.0000000
       1816.4536       1.0035256      0.98490381       128.00000
       1816.4744       1.0050187      0.98282605       128.00000
       1816.4952       1.0071449      0.97786647       128.00000
       1816.5161       1.0030149      0.98670071       128.00000
       1816.5369       1.0009203      0.98805189       128.00000
       1816.5577       1.0008349      0.98343194       128.00000
       1816.5786      0.99649578      0.98235351       128.00000
       1816.5994       1.0026495      0.98300558       128.00000
       1816.6202      0.99825758      0.98459530       128.00000
       1816.6411      0.99800295      0.98451000       128.00000
       1816.6619      0.99978763      0.98732406       0.0000000
       1816.6827      0.99806976      0.98560590       128.00000
       1816.7036      0.99854594      0.98586297       0.0000000
       1816.7244      0.99517870      0.98634803       128.00000
       1816.7452      0.98546880      0.97290927       128.00000
       1816.7661      0.96260101      0.95440555       128.00000
       1816.7869      0.94956750      0.94052815       128.00000
       1816.8077      0.93811512      0.92958552       0.0000000
       1816.8286      0.93264598      0.92267376       0.0000000
       1816.8494      0.93208587      0.92054844       128.00000
       1816.8702      0.93781936      0.92943013       128.00000
       1816.8911      0.95598924      0.94522768       128.00000
       1816.9119      0.97208136      0.96232706       0.0000000
       1816.9327      0.98955250      0.97950846       0.0000000
       1816.9536      0.99755275      0.98628753       128.00000
       1816.9744      0.99253404      0.98393822       128.00000
       1816.9952      0.99763179      0.98737913       0.0000000
       1817.0161      0.99744630      0.98666716       128.00000
       1817.0369      0.99777538      0.98866731       0.0000000
       1817.0577      0.99942422      0.98852110       0.0000000
       1817.0786      0.99833220      0.98917180       0.0000000
       1817.0994       1.0000610      0.99030232       0.0000000
       1817.1202       1.0003097      0.99218374       0.0000000
       1817.1411       1.0016097      0.99146938       128.00000
       1817.1619       1.0031554      0.99415892       0.0000000
       1817.1827       1.0047499      0.99428391       128.00000
       1817.2036       1.0016863      0.99375433       128.00000
       1817.2244       1.0054085      0.99651897       128.00000
       1817.2452       1.0081660      0.99472904       128.00000
       1817.2661      0.99848485      0.99862653       128.00000
       1817.2869       1.0059711      0.99813205       128.00000
       1817.3077       1.0069699      0.99506712       128.00000
       1817.3286       1.0077833       1.0005366       128.00000
       1817.3494       1.0066096       1.0001899       0.0000000
       1817.3702       1.0078920       1.0016356       0.0000000
       1817.3911       1.0090929       1.0015148       128.00000
       1817.4119       1.0076066       1.0015181       0.0000000
       1817.4327       1.0054005       1.0011680       128.00000
       1817.4536       1.0071083       1.0015240       0.0000000
       1817.4744       1.0067258       1.0022826       0.0000000
       1817.4952       1.0067999       1.0018381       0.0000000
       1817.5161       1.0067810       1.0014209       0.0000000
       1817.5369       1.0062833       1.0015591       128.00000
       1817.5577       1.0053445      0.99993616       0.0000000
       1817.5786       1.0055254       1.0011034       128.00000
       1817.5994       1.0038333      0.99775583       128.00000
       1817.6202       1.0042626       1.0001696       0.0000000
       1817.6411       1.0035533      0.99893576       128.00000
       1817.6619       1.0035738      0.99751163       128.00000
       1817.6827       1.0033665      0.99931997       0.0000000
       1817.7036       1.0032114      0.99939322       0.0000000
       1817.7244       1.0054424       1.0002939       128.00000
       1817.7452       1.0016209      0.99721742       0.0000000
       1817.7661       1.0041516      0.99841428       128.00000
       1817.7869       1.0014213      0.99713349       0.0000000
       1817.8077       1.0017906      0.99912643       0.0000000
       1817.8286       1.0013647      0.99641925       0.0000000
       1817.8494       1.0003736      0.99694586       128.00000
       1817.8702      0.99944854      0.99605328       0.0000000
       1817.8911      0.99938595      0.99611032       0.0000000
       1817.9119      0.99939573      0.99466640       0.0000000
       1817.9328      0.99933213      0.99587572       0.0000000
       1817.9536       1.0000386      0.99693525       0.0000000
       1817.9744      0.99910015      0.99664468       0.0000000
       1817.9953       1.0000528      0.99530917       0.0000000
       1818.0161      0.99850619      0.99410230       128.00000
       1818.0369      0.99970770      0.99656308       0.0000000
       1818.0578      0.99945772      0.99680877       0.0000000
       1818.0786      0.99913299      0.99639571       0.0000000
       1818.0994       1.0005136      0.99809927       0.0000000
       1818.1203      0.99923474      0.99652034       0.0000000
       1818.1411      0.99991930      0.99685115       0.0000000
       1818.1619       1.0000088      0.99699146       0.0000000
       1818.1828      0.99960995      0.99629349       0.0000000
       1818.2036      0.99930567      0.99710488       0.0000000
       1818.2244      0.99837875      0.99524748       0.0000000
       1818.2453       1.0001181      0.99619037       128.00000
       1818.2661      0.99898243      0.99629605       0.0000000
       1818.2869      0.99918169      0.99638593       0.0000000
       1818.3078      0.99941087      0.99701053       0.0000000
       1818.3286      0.99736190      0.99516594       0.0000000
       1818.3494      0.99900764      0.99635172       0.0000000
       1818.3703      0.99942678      0.99577570       0.0000000
       1818.3911      0.99926221      0.99584740       0.0000000
       1818.4119      0.99929374      0.99693859       128.00000
       1818.4328      0.99897015      0.99691975       0.0000000
       1818.4536      0.99887657      0.99627191       0.0000000
       1818.4744      0.99795258      0.99653965       0.0000000
       1818.4953      0.99880129      0.99763048       0.0000000
       1818.5161       1.0000910      0.99860734       0.0000000
       1818.5369      0.99892098      0.99758840       0.0000000
       1818.5578      0.99865103      0.99770743       0.0000000
       1818.5786      0.99854523      0.99637395       0.0000000
       1818.5994      0.99953169      0.99866813       0.0000000
       1818.6203      0.99913275      0.99673831       0.0000000
       1818.6411       1.0003358      0.99803632       0.0000000
       1818.6619       1.0002282      0.99814206       0.0000000
       1818.6828      0.99983233      0.99827290       0.0000000
       1818.7036      0.99938101      0.99809760       128.00000
       1818.7244       1.0001993      0.99859303       0.0000000
       1818.7453       1.0003667      0.99864870       0.0000000
       1818.7661       1.0003836      0.99984443       0.0000000
       1818.7869       1.0003849      0.99934685       0.0000000
       1818.8078       1.0013000      0.99980193       0.0000000
       1818.8286      0.99957424      0.99874550       0.0000000
       1818.8494      0.99994659      0.99943149       0.0000000
       1818.8703       1.0007439       1.0001192       0.0000000
       1818.8911       1.0005658      0.99892843       0.0000000
       1818.9119      0.99993235      0.99915117       0.0000000
       1818.9328       1.0006824      0.99910903       0.0000000
       1818.9536      0.99934828      0.99774975       0.0000000
       1818.9744      0.99995327      0.99951041       0.0000000
       1818.9953       1.0004333      0.99823624       128.00000
       1819.0161      0.99975836      0.99815887       0.0000000
       1819.0369      0.99934810      0.99739105       0.0000000
       1819.0578      0.99918795      0.99912077       0.0000000
       1819.0786      0.99925268      0.99799657       0.0000000
       1819.0994      0.99933952      0.99816632       0.0000000
       1819.1203       1.0001844      0.99946409       0.0000000
       1819.1411      0.99933398      0.99933833       0.0000000
       1819.1619      0.99951237      0.99857646       0.0000000
       1819.1828      0.99983847      0.99914783       0.0000000
       1819.2036      0.99926269      0.99898577       0.0000000
       1819.2244       1.0007141       1.0003239       0.0000000
       1819.2453      0.99998808      0.99940187       0.0000000
       1819.2661      0.99937290      0.99957216       0.0000000
       1819.2869      0.99949437      0.99997997       0.0000000
       1819.3078      0.99975371      0.99993992       0.0000000
       1819.3286      0.99935329      0.99959630       0.0000000
       1819.3494      0.99920952      0.99935234       0.0000000
       1819.3703      0.99968958      0.99991351       0.0000000
       1819.3911      0.99912786      0.99977458       0.0000000
       1819.4119      0.99922913      0.99909520       0.0000000
       1819.4328      0.99938565       1.0000119       0.0000000
       1819.4536      0.99911487      0.99981678       0.0000000
       1819.4744      0.99970150       1.0001123       0.0000000
       1819.4953      0.99985909       1.0004234       0.0000000
       1819.5161      0.99755841       1.0007576       0.0000000
       1819.5369       1.0005742       1.0009395       0.0000000
       1819.5578      0.99972790      0.99925458       0.0000000
       1819.5786      0.99950767       1.0000268       0.0000000
       1819.5994      0.99912435      0.99878186       0.0000000
       1819.6203      0.99854952      0.99895507       0.0000000
       1819.6411      0.99928212      0.99959099       0.0000000
       1819.6619      0.99938297      0.99954242       0.0000000
       1819.6828      0.99872410      0.99939442       0.0000000
       1819.7036      0.99867886      0.99959713       0.0000000
       1819.7244      0.99828565       1.0001830       0.0000000
       1819.7453      0.99947047      0.99904776       0.0000000
       1819.7661      0.99855268      0.99903756       0.0000000
       1819.7869      0.99907523      0.99893558       0.0000000
       1819.8078      0.99997079       1.0001940       0.0000000
       1819.8286      0.99890327      0.99908233       0.0000000
       1819.8494      0.99906462      0.99973655       0.0000000
       1819.8703      0.99937409      0.99990791       0.0000000
       1819.8911      0.99897844      0.99952292       0.0000000
       1819.9119      0.99953496      0.99942929       0.0000000
       1819.9328      0.99980932      0.99992734       0.0000000
       1819.9536       1.0002279       1.0004584       0.0000000
       1819.9744      0.99942756      0.99951118       0.0000000
       1819.9953      0.99885911      0.99900967       0.0000000
       1820.0161      0.99928319      0.99972296       0.0000000
       1820.0369      0.99876922      0.99991578       0.0000000
       1820.0578       1.0002300      0.99990571       0.0000000
       1820.0786       1.0013391       1.0023254       0.0000000
       1820.0994      0.99884140      0.99954128       0.0000000
       1820.1203       1.0006744       1.0010608       0.0000000
       1820.1411      0.99957365       1.0008597       0.0000000
       1820.1619       1.0003785       1.0009419       0.0000000
       1820.1828       1.0005572       1.0010846       0.0000000
       1820.2036      0.99961519       1.0000193       0.0000000
       1820.2244      0.99989676       1.0006739       0.0000000
       1820.2453      0.99975777      0.99993169       0.0000000
       1820.2661       1.0005007       1.0009813       0.0000000
       1820.2869       1.0001135       1.0005912       0.0000000
       1820.3078       1.0001767       1.0005541       0.0000000
       1820.3286      0.99923337      0.99957138       0.0000000
       1820.3494       1.0001009       1.0002980       0.0000000
       1820.3703       1.0005312       1.0002878       0.0000000
       1820.3911      0.99966633      0.99985689       0.0000000
       1820.4119      0.99945074      0.99983644       0.0000000
       1820.4328      0.99981314      0.99913764       0.0000000
       1820.4536       1.0015928       1.0005714       0.0000000
       1820.4744       1.0006080       1.0001813       0.0000000
       1820.4953       1.0016249       1.0001096       0.0000000
       1820.5161       1.0006241      0.99854714       0.0000000
       1820.5369       1.0010432      0.99991560       0.0000000
       1820.5578      0.99973536      0.99849898       0.0000000
       1820.5786      0.99862641      0.99925703       128.00000
       1820.5994       1.0005747      0.99984020       0.0000000
       1820.6203       1.0000243      0.99882656       0.0000000
       1820.6411       1.0010113      0.99969381       0.0000000
       1820.6619      0.99942923      0.99917912       0.0000000
       1820.6828       1.0005867      0.99919105       0.0000000
       1820.7036       1.0005013      0.99878293       0.0000000
       1820.7244       1.0002071      0.99870801       0.0000000
       1820.7453       1.0021225      0.99949020       0.0000000
       1820.7661       1.0010608       1.0003234       0.0000000
       1820.7869       1.0019034      0.99977905       0.0000000
       1820.8078       1.0012434       1.0000385       0.0000000
       1820.8286       1.0006578      0.99931777       0.0000000
       1820.8495       1.0005372      0.99978507       0.0000000
       1820.8703       1.0005398      0.99987733       0.0000000
       1820.8911       1.0007266      0.99863362       0.0000000
       1820.9120       1.0009145      0.99909216       0.0000000
       1820.9328       1.0009111      0.99899018       0.0000000
       1820.9536       1.0014544      0.99909234       0.0000000
       1820.9745       1.0008886      0.99872696       128.00000
       1820.9953       1.0001878      0.99946296       0.0000000
       1821.0161      0.99853170      0.99842340       128.00000
       1821.0370       1.0008481      0.99913186       128.00000
       1821.0578       1.0000000      0.99897331       0.0000000
       1821.0786       1.0008707      0.99904889       0.0000000
       1821.0995      0.99895024      0.99631250       0.0000000
       1821.1203       1.0001870      0.99828613       128.00000
       1821.1411   3.2353694e-16      0.84971899       128.00000
       1821.1620       1.0005300       1.0008155       0.0000000
       1821.1828       1.0006673       1.0002029       0.0000000
       1821.2036       1.0009795      0.99990195       0.0000000
       1821.2245      0.99875337      0.99861437       128.00000
       1821.2453      0.99981105      0.99982542       0.0000000
       1821.2661       1.0004227      0.99975723       128.00000
       1821.2870       1.0002110       1.0002817       0.0000000
       1821.3078       1.0014193       1.0017843       0.0000000
       1821.3286       1.0014768       1.0006605       0.0000000
       1821.3495       1.0012468       1.0003587       0.0000000
       1821.3703       1.0014197       1.0010868       0.0000000
       1821.3911      0.99938732      0.99744260       128.00000
       1821.4120       1.0010481       1.0021837       0.0000000
       1821.4328       1.0012627       1.0004368       0.0000000
       1821.4536       1.0015131       1.0015320       0.0000000
       1821.4745       1.0001159       1.0005727       0.0000000
       1821.4953      0.99723148      0.99661183       128.00000
       1821.5161       1.0016319       1.0020162       0.0000000
       1821.5370       1.0012456       1.0027319       0.0000000
       1821.5578      0.99981958       1.0020941       128.00000
       1821.5786       1.0002885       1.0010272       128.00000
       1821.5995       1.0009296       1.0016885       0.0000000
       1821.6203       1.0001856       1.0019441       0.0000000
       1821.6411      0.99986738       1.0022544       0.0000000
       1821.6620       1.0000365       1.0013590       0.0000000
       1821.6828      0.99894398      0.99982059       128.00000
       1821.7036      0.99967647      0.99977696       128.00000
       1821.7245      0.99967140       1.0022173       0.0000000
       1821.7453      0.99920249       1.0019064       0.0000000
       1821.7661      0.99815947      0.99912959       128.00000
       1821.7870      0.99969941       1.0021262       0.0000000
       1821.8078      0.99936020       1.0015736       0.0000000
       1821.8286      0.99910963       1.0023279       0.0000000
       1821.8495      0.99948436       1.0021687       0.0000000
       1821.8703      0.99799591       1.0019982       0.0000000
       1821.8911      0.99859333       1.0023334       0.0000000
       1821.9120      0.99916232       1.0012785       0.0000000
       1821.9328      0.99832988       1.0026782       0.0000000
       1821.9536      0.99946666       1.0030705       0.0000000
       1821.9745      0.99923617       1.0034361       0.0000000
       1821.9953       1.0002134       1.0026658       0.0000000
       1822.0161      0.99927598       1.0035403       0.0000000
       1822.0370      0.99979097       1.0034028       0.0000000
       1822.0578      0.99937630       1.0033063       0.0000000
       1822.0786      0.99995869       1.0031555       0.0000000
       1822.0995      0.99993753       1.0047241       0.0000000
       1822.1203       1.0011835       1.0041502       0.0000000
       1822.1411       1.0003804       1.0032308       0.0000000
       1822.1620       1.0006417       1.0045102       0.0000000
       1822.1828       1.0007823       1.0053902       0.0000000
       1822.2036       1.0022832       1.0059447       0.0000000
       1822.2245       1.0009631       1.0036093       0.0000000
       1822.2453       1.0018303       1.0056993       0.0000000
       1822.2661       1.0017060       1.0055205       0.0000000
       1822.2870       1.0021353       1.0062082       0.0000000
       1822.3078       1.0001079       1.0049902       0.0000000
       1822.3286       1.0013280       1.0058532       0.0000000
       1822.3495       1.0011518       1.0056320       0.0000000
       1822.3703       1.0014331       1.0049632       0.0000000
       1822.3911       1.0026933       1.0058390       0.0000000
       1822.4120       1.0009855       1.0047246       0.0000000
       1822.4328       1.0026057       1.0063218       0.0000000
       1822.4536       1.0017931       1.0056494       0.0000000
       1822.4745       1.0019158       1.0068328       0.0000000
       1822.4953       1.0017226       1.0060029       0.0000000
       1822.5161       1.0018574       1.0063118       0.0000000
       1822.5370       1.0003244       1.0046511       0.0000000
       1822.5578       1.0014324       1.0053343       0.0000000
       1822.5786       1.0013164       1.0044488       0.0000000
       1822.5995       1.0013100       1.0070530       0.0000000
       1822.6203       1.0016587       1.0054250       0.0000000
       1822.6411       1.0011135       1.0056934       0.0000000
       1822.6620       1.0011711       1.0054849       0.0000000
       1822.6828       1.0014590       1.0053396       0.0000000
       1822.7036       1.0009906       1.0055141       0.0000000
       1822.7245       1.0018215       1.0062584       0.0000000
       1822.7453       1.0019263       1.0070306       0.0000000
       1822.7661       1.0016052       1.0060699       0.0000000
       1822.7870       1.0012053       1.0055360       0.0000000
       1822.8078       1.0021054       1.0054017       0.0000000
       1822.8286       1.0011050       1.0058856       0.0000000
       1822.8495       1.0020050       1.0064377       0.0000000
       1822.8703       1.0005435       1.0060171       0.0000000
       1822.8911       1.0009689       1.0062433       0.0000000
       1822.9120       1.0016906       1.0058923       0.0000000
       1822.9328       1.0007097       1.0049797       0.0000000
       1822.9536       1.0011784       1.0062556       0.0000000
       1822.9745       1.0004076       1.0047512       0.0000000
       1822.9953       1.0013281       1.0070436       0.0000000
       1823.0161       1.0018615       1.0060585       0.0000000
       1823.0370       1.0016780       1.0061210       0.0000000
       1823.0578       1.0012536       1.0058492       0.0000000
       1823.0786       1.0017653       1.0059359       0.0000000
       1823.0995       1.0000319       1.0038524       0.0000000
       1823.1203       1.0007144       1.0054156       0.0000000
       1823.1411       1.0008010       1.0050838       0.0000000
       1823.1620       1.0004562       1.0039504       128.00000
       1823.1828       1.0002543       1.0052150       0.0000000
       1823.2036       1.0013043       1.0059397       0.0000000
       1823.2245       1.0021932       1.0065857       0.0000000
       1823.2453       1.0006427       1.0068444       0.0000000
       1823.2661       1.0008843       1.0047560       0.0000000
       1823.2870       1.0005496       1.0045013       0.0000000
       1823.3078      0.99980211       1.0056638       0.0000000
       1823.3286      0.99908197       1.0044985       0.0000000
       1823.3495       1.0007929       1.0047053       0.0000000
       1823.3703       1.0006498       1.0052409       0.0000000
       1823.3911      0.99880785       1.0039387       0.0000000
       1823.4120      0.99919599       1.0037332       0.0000000
       1823.4328      0.99857354       1.0022144       0.0000000
       1823.4536      0.99870569       1.0037131       0.0000000
       1823.4745      0.99867874       1.0039276       0.0000000
       1823.4953      0.99815148       1.0029020       0.0000000
       1823.5161      0.99816132       1.0025555       0.0000000
       1823.5370      0.99826849       1.0023004       0.0000000
       1823.5578      0.99856925       1.0027035       0.0000000
       1823.5786      0.99756116       1.0020298       0.0000000
       1823.5995      0.99753666       1.0022531       0.0000000
       1823.6203      0.99685627       1.0010850       0.0000000
       1823.6411      0.99754864       1.0024891       0.0000000
       1823.6620      0.99595201       1.0006729       0.0000000
       1823.6828      0.99552768       1.0005461       0.0000000
       1823.7036      0.99665505       1.0017196       0.0000000
       1823.7245      0.99595398       1.0003263       0.0000000
       1823.7453      0.99571913       1.0009874       0.0000000
       1823.7661      0.98985863      0.99487197       0.0000000
       1823.7870      0.97592705      0.98020750       0.0000000
       1823.8078      0.95868182      0.96335953       0.0000000
       1823.8286      0.94263047      0.94760609       0.0000000
       1823.8495      0.93260574      0.93752986       0.0000000
       1823.8703      0.92852008      0.93341178       0.0000000
       1823.8911      0.93243313      0.93674928       0.0000000
       1823.9120      0.94193769      0.94696283       0.0000000
       1823.9328      0.95775473      0.96341902       0.0000000
       1823.9536      0.97479850      0.97969288       0.0000000
       1823.9745      0.98797935      0.99367195       0.0000000
       1823.9953      0.99313784      0.99850106       0.0000000
       1824.0161      0.99371183      0.99840921       0.0000000
       1824.0370      0.99359083      0.99918175       0.0000000
       1824.0578      0.99300992      0.99884379       0.0000000
       1824.0786      0.99503523       1.0010318       0.0000000
       1824.0995      0.99553782       1.0015171       0.0000000
       1824.1203      0.99691600       1.0024155       0.0000000
       1824.1411      0.99828333       1.0037076       0.0000000
       1824.1620      0.99837571       1.0039060       0.0000000
       1824.1828      0.99822927       1.0039405       0.0000000
       1824.2036       1.0002346       1.0064316       0.0000000
       1824.2245       1.0014534       1.0063951       0.0000000
       1824.2453       1.0024614       1.0083032       0.0000000
       1824.2661       1.0028570       1.0089651       0.0000000
       1824.2870       1.0040424       1.0092297       0.0000000
       1824.3078       1.0046892       1.0093555       0.0000000
       1824.3286       1.0054854       1.0106362       0.0000000
       1824.3495       1.0054559       1.0106294       0.0000000
       1824.3703       1.0057362       1.0111399       0.0000000
       1824.3911       1.0063609       1.0120319       0.0000000
       1824.4120       1.0072998       1.0125087       0.0000000
       1824.4328       1.0067559       1.0125101       0.0000000
       1824.4536       1.0066665       1.0119981       0.0000000
       1824.4745       1.0068442       1.0123298       0.0000000
       1824.4953       1.0073216       1.0128516       0.0000000
       1824.5161       1.0070282       1.0117843       0.0000000
       1824.5370       1.0053854       1.0113008       0.0000000
       1824.5578       1.0054592       1.0107290       0.0000000
       1824.5786       1.0042698       1.0098710       0.0000000
       1824.5995       1.0050586       1.0104276       0.0000000
       1824.6203       1.0047299       1.0089891       0.0000000
       1824.6411       1.0041223       1.0101745       0.0000000
       1824.6620       1.0045139       1.0094820       0.0000000
       1824.6828       1.0034502       1.0087597       0.0000000
       1824.7036       1.0068388       1.0085474       128.00000
       1824.7245       1.0022986       1.0080262       0.0000000
       1824.7453       1.0024232       1.0079417       0.0000000
       1824.7661       1.0029826       1.0081650       0.0000000
       1824.7870       1.0018755       1.0071195       0.0000000
       1824.8078       1.0008671       1.0068119       0.0000000
       1824.8286       1.0006137       1.0060922       0.0000000
       1824.8495       1.0017512       1.0067028       0.0000000
       1824.8703       1.0006831       1.0061958       0.0000000
       1824.8911       1.0003557       1.0050331       0.0000000
       1824.9120      0.99967813       1.0048711       0.0000000
       1824.9328       1.0005585       1.0057774       0.0000000
       1824.9536      0.99983799       1.0049870       0.0000000
       1824.9745       1.0001624       1.0052105       0.0000000
       1824.9953      0.99979573       1.0048829       0.0000000
       1825.0161      0.99918932       1.0046880       0.0000000
       1825.0370      0.99870282       1.0041888       0.0000000
       1825.0578      0.99931210       1.0042274       0.0000000
       1825.0786      0.99886453       1.0037391       0.0000000
       1825.0995      0.99822700       1.0028789       0.0000000
       1825.1203      0.99806678       1.0038418       0.0000000
       1825.1411      0.99883652       1.0029374       0.0000000
       1825.1620      0.99775702       1.0029966       0.0000000
       1825.1828      0.99824089       1.0030967       0.0000000
       1825.2036      0.99692565       1.0021275       0.0000000
       1825.2245      0.99777275       1.0026171       0.0000000
       1825.2453      0.99776942       1.0019968       0.0000000
       1825.2661      0.99818516       1.0027410       0.0000000
       1825.2870      0.99712914       1.0016165       0.0000000
       1825.3078      0.99684131       1.0010939       0.0000000
       1825.3286      0.99668986       1.0014584       0.0000000
       1825.3495      0.99674875       1.0016370       0.0000000
       1825.3703      0.99755257       1.0012097       0.0000000
       1825.3911      0.99651772       1.0012009       0.0000000
       1825.4120      0.99836344       1.0018157       0.0000000
       1825.4328      0.99726546       1.0009909       0.0000000
       1825.4536      0.99648535      0.99997354       0.0000000
       1825.4745      0.99835974       1.0009750       0.0000000
       1825.4953      0.99840200       1.0009754       0.0000000
       1825.5161      0.99825191       1.0012099       0.0000000
       1825.5370      0.99775547       1.0014207       0.0000000
       1825.5578      0.99736434       1.0010211       0.0000000
       1825.5786      0.99785686       1.0016032       0.0000000
       1825.5995      0.99756068       1.0005758       0.0000000
       1825.6203      0.99834263       1.0004556       0.0000000
       1825.6411      0.99863982       1.0012240       0.0000000
       1825.6620      0.99847966       1.0005198       0.0000000
       1825.6828      0.99843282       1.0016139       0.0000000
       1825.7036      0.99826318       1.0000000       0.0000000
       1825.7245      0.99811918       1.0009751       0.0000000
       1825.7453      0.99830788       1.0011942       0.0000000
       1825.7661      0.99916232       1.0005080       0.0000000
       1825.7870      0.99973106       1.0013118       0.0000000
       1825.8078      0.99896944       1.0005585       0.0000000
       1825.8286      0.99968833       1.0017467       0.0000000
       1825.8495      0.99992859       1.0012734       0.0000000
       1825.8703      0.99890918       1.0008967       0.0000000
       1825.8911      0.99984163       1.0016813       0.0000000
       1825.9120      0.99906385      0.99952060       0.0000000
       1825.9328      0.99880677      0.99971217       0.0000000
       1825.9536      0.99804473      0.99953085       0.0000000
       1825.9745      0.99948543       1.0000404       0.0000000
       1825.9953      0.99922740       1.0000466       0.0000000
       1826.0161      0.99946529      0.99915540       0.0000000
       1826.0370      0.99866742      0.99950069       0.0000000
       1826.0578       1.0003363      0.99974918       0.0000000
       1826.0786       1.0004017      0.99960047       0.0000000
       1826.0995      0.99962068      0.99917096       0.0000000
       1826.1203       1.0000944      0.99812132       0.0000000
       1826.1411   3.3157139e-16      0.87081623       128.00000
       1826.1620      0.99903971       1.0003548       0.0000000
       1826.1828      0.99993634       1.0015650       0.0000000
       1826.2036      0.99988496       1.0012518       0.0000000
       1826.2245       1.0002785       1.0021167       0.0000000
       1826.2453      0.99969912       1.0018297       0.0000000
       1826.2661       1.0018095       1.0032105       0.0000000
       1826.2870       1.0008426       1.0027238       0.0000000
       1826.3078       1.0007526       1.0032287       0.0000000
       1826.3286      0.99932510       1.0014439       128.00000
       1826.3495       1.0003178       1.0027199       0.0000000
       1826.3703       1.0003096       1.0026184       0.0000000
       1826.3911       1.0000985       1.0018741       0.0000000
       1826.4120      0.99964499       1.0027988       0.0000000
       1826.4328       1.0000846       1.0025882       0.0000000
       1826.4536       1.0001148       1.0019993       0.0000000
       1826.4745      0.99961054       1.0012174       0.0000000
       1826.4953       1.0008820       1.0029019       0.0000000
       1826.5161      0.99986905       1.0024117       0.0000000
       1826.5370       1.0000575       1.0016353       0.0000000
       1826.5578      0.99923146       1.0013592       0.0000000
       1826.5786       1.0002210       1.0021154       0.0000000
       1826.5995      0.99975204       1.0007993       0.0000000
       1826.6203      0.99967366       1.0014935       0.0000000
       1826.6411      0.99938947       1.0014704       0.0000000
       1826.6620      0.99847442       1.0008235       0.0000000
       1826.6828      0.99832916      0.99919879       128.00000
       1826.7036      0.99979323       1.0011125       0.0000000
       1826.7245      0.99921209       1.0010183       0.0000000
       1826.7453      0.99921376       1.0003506       0.0000000
       1826.7661      0.99958682       1.0007683       0.0000000
       1826.7870      0.99928808       1.0003746       0.0000000
       1826.8078       1.0001509       1.0004884       0.0000000
       1826.8286      0.99918169      0.99965519       0.0000000
       1826.8495      0.99975526       1.0006323       0.0000000
       1826.8703       1.0003108       1.0009596       0.0000000
       1826.8911      0.99943644       1.0000726       0.0000000
       1826.9120      0.99982530       1.0004934       0.0000000
       1826.9328       1.0004340       1.0003694       0.0000000
       1826.9536       1.0002105      0.99962813       128.00000
       1826.9745      0.99631184       1.0008873       128.00000
       1826.9953       1.0001214       1.0001720       0.0000000
       1827.0161      0.99955302      0.99987030       0.0000000
       1827.0370       1.0009834      0.99982214       0.0000000
       1827.0578       1.0010965      0.99902517       0.0000000
       1827.0786       1.0008276      0.99981409       0.0000000
       1827.0995      0.99855137      0.99975950       128.00000
       1827.1203      0.99997890      0.99884057       128.00000
       1827.1411       1.0000925      0.99906880       0.0000000
       1827.1620       1.0015888       1.0008814       0.0000000
       1827.1828       1.0003322      0.99991900       0.0000000
       1827.2036       1.0006685      0.99800593       0.0000000
       1827.2245       1.0001477      0.99892068       0.0000000
       1827.2453      0.89162207      0.99946743       128.00000
       1827.2661       1.0007967      0.99975628       0.0000000
       1827.2870       1.0001620      0.99900734       0.0000000
       1827.3078      0.99906951      0.99695271       0.0000000
       1827.3286       1.0007229      0.99795163       0.0000000
       1827.3495      0.99994308      0.99788290       0.0000000
       1827.3703       1.0002800      0.99778241       0.0000000
       1827.3911       1.0016886      0.99883270       0.0000000
       1827.4120      0.99923635      0.99785906       0.0000000
       1827.4328       1.0008340      0.99745721       0.0000000
       1827.4536       1.0007083      0.99705493       0.0000000
       1827.4745       1.0010043      0.99770778       0.0000000
       1827.4953       1.0005783      0.99679703       0.0000000
       1827.5161       1.0003920      0.99726665       0.0000000
       1827.5370      0.99965024      0.99667448       0.0000000
       1827.5578       1.0015920      0.99826598       0.0000000
       1827.5786       1.0009460      0.99822634       0.0000000
       1827.5995       1.0012286      0.99781901       0.0000000
       1827.6203       1.0001059      0.99647987       0.0000000
       1827.6411       1.0007225      0.99730742       0.0000000
       1827.6620       1.0015310      0.99784076       0.0000000
       1827.6828       1.0008100      0.99633086       0.0000000
       1827.7036       1.0007993      0.99628198       0.0000000
       1827.7245       1.0020335      0.99632007       0.0000000
       1827.7453       1.0003629      0.99539727       0.0000000
       1827.7661       1.0008675      0.99641955       0.0000000
       1827.7870       1.0023023      0.99674428       0.0000000
       1827.8078       1.0004464      0.99545658       0.0000000
       1827.8286      0.99913800      0.99408001       0.0000000
       1827.8495       1.0014066      0.99620044       128.00000
       1827.8703       1.0007566      0.99533957       0.0000000
       1827.8911      0.99948120      0.99413913       0.0000000
       1827.9120      0.99898213      0.99354410       0.0000000
       1827.9328      0.99944240      0.99380314       0.0000000
       1827.9536      0.99903983      0.99357873       0.0000000
       1827.9745      0.99756962      0.99236637       0.0000000
       1828.9745  -1.2612816e-16      0.97172678       128.00000
       1828.9953       1.0094705      0.98067760       0.0000000
       1829.0161       1.0077289      0.98108220       0.0000000
       1829.0370       1.0077158      0.98126888       0.0000000
       1829.0578       1.0077860      0.98157609       0.0000000
       1829.0786       1.0079957      0.98469073       0.0000000
       1829.0995       1.0058074      0.98431790       0.0000000
       1829.1203       1.0057422      0.98595786       0.0000000
       1829.1411       1.0062467      0.98709035       0.0000000
       1829.1620       1.0046874      0.98642766       0.0000000
       1829.1828       1.0029045      0.98667818       128.00000
       1829.2036       1.0042828      0.98893476       0.0000000
       1829.2245       1.0032550      0.98856241       0.0000000
       1829.2453       1.0025213      0.98844844       0.0000000
       1829.2661       1.0031098      0.99075335       128.00000
       1829.2870       1.0030333      0.99021548       0.0000000
       1829.3078       1.0010052      0.99052572       0.0000000
       1829.3286       1.0037478      0.99337220       0.0000000
       1829.3495       1.0018431      0.99130893       0.0000000
       1829.3703       1.0015639      0.99216545       0.0000000
       1829.3911       1.0001725      0.99025273       128.00000
       1829.4120       1.0024611      0.99410778       0.0000000
       1829.4328       1.0020478      0.99335325       128.00000
       1829.4536       1.0014807      0.99358594       0.0000000
       1829.4745       1.0007288      0.99243796       0.0000000
       1829.4953       1.0013231      0.99407172       0.0000000
       1829.5161       1.0006828      0.99378043       0.0000000
       1829.5370       1.0000595      0.99301332       0.0000000
       1829.5578       1.0012856      0.99496222       128.00000
       1829.5786       1.0012043      0.99472785       0.0000000
       1829.5995       1.0005941      0.99397469       128.00000
       1829.6203       1.0000000      0.99479467       128.00000
       1829.6411       1.0005695      0.99284083       0.0000000
       1829.6620       1.0017473      0.99522042       0.0000000
       1829.6828       1.0009563      0.99455178       0.0000000
       1829.7036       1.0009998      0.99432456       0.0000000
       1829.7245       1.0012617      0.99560547       0.0000000
       1829.7453       1.0025045      0.99745065       0.0000000
       1829.7661       1.0015451      0.99591440       0.0000000
       1829.7870       1.0030454      0.99733412       0.0000000
       1829.8078       1.0006512      0.99481010       0.0000000
       1829.8286       1.0017868      0.99677265       0.0000000
       1829.8495       1.0014831      0.99545759       0.0000000
       1829.8703       1.0029327      0.99794561       0.0000000
       1829.8911       1.0009794      0.99590242       0.0000000
       1829.9120       1.0016483      0.99812859       0.0000000
       1829.9328       1.0014349      0.99705821       0.0000000
       1829.9536       1.0020143      0.99821562       0.0000000
       1829.9745       1.0025713      0.99831182       0.0000000
       1829.9953       1.0026877      0.99882352       0.0000000
       1830.0161       1.0021245      0.99857509       0.0000000
       1830.0370       1.0029787      0.99922854       0.0000000
       1830.0578       1.0013016      0.99832827       0.0000000
       1830.0786       1.0015438      0.99837357       0.0000000
       1830.0995       1.0013108      0.99676770       0.0000000
       1830.1203       1.0010649      0.99826318       0.0000000
       1830.1411       1.0019473       1.0002966       0.0000000
       1830.1620       1.0002993      0.99738652       128.00000
       1830.1828       1.0015117      0.99825430       0.0000000
       1830.2036       1.0010318      0.99830532       0.0000000
       1830.2245       1.0004241      0.99854153       0.0000000
       1830.2453       1.0027961       1.0011334       0.0000000
       1830.2661       1.0024649       1.0006870       0.0000000
       1830.2870       1.0024073      0.99937272       0.0000000
       1830.3078       1.0012197      0.99882525       0.0000000
       1830.3286       1.0013534      0.99954444       0.0000000
       1830.3495       1.0029575       1.0020572       0.0000000
       1830.3703       1.0022646       1.0020373       0.0000000
       1830.3911       1.0019720       1.0014950       0.0000000
       1830.4120       1.0024045       1.0008918       0.0000000
       1830.4328      0.99978071      0.99874520       0.0000000
       1830.4536       1.0010508      0.99897355       0.0000000
       1830.4745       1.0014334       1.0005929       0.0000000
       1830.4953       1.0005555      0.99971730       0.0000000
       1830.5161       1.0009447       1.0008396       0.0000000
       1830.5370       1.0005281      0.99963152       0.0000000
       1830.5578      0.99973720      0.99924743       0.0000000
       1830.5786      0.99965447      0.99968952       0.0000000
       1830.5995      0.99945402      0.99882150       0.0000000
       1830.6203      0.99922949      0.99803984       0.0000000
       1830.6411      0.99876684      0.99850488       0.0000000
       1830.6620      0.99839520      0.99797195       0.0000000
       1830.6828      0.99734920      0.99564362       0.0000000
       1830.7036      0.99739772      0.99698764       0.0000000
       1830.7245      0.99671549      0.99687654       0.0000000
       1830.7453      0.99601382      0.99533933       0.0000000
       1830.7661      0.99554044      0.99493831       0.0000000
       1830.7870      0.99593490      0.99580342       0.0000000
       1830.8078      0.98603439      0.98638070       0.0000000
       1830.8286      0.96981961      0.97003818       0.0000000
       1830.8495      0.95265901      0.95248491       0.0000000
       1830.8703      0.93807095      0.93867606       0.0000000
       1830.8911      0.93020463      0.93015867       0.0000000
       1830.9120      0.92936128      0.93048084       0.0000000
       1830.9328      0.93478411      0.93509269       0.0000000
       1830.9536      0.94785333      0.94740230       0.0000000
       1830.9745      0.96346927      0.96342355       0.0000000
       1830.9953      0.98116857      0.98118293       0.0000000
       1831.0161      0.99204546      0.99267298       0.0000000
       1831.0370      0.99426246      0.99444604       0.0000000
       1831.0578      0.99458140      0.99484670       0.0000000
       1831.0786      0.99351597      0.99491507       0.0000000
       1831.0995      0.99575347      0.99673194       0.0000000
       1831.1203      0.99552524      0.99607688       0.0000000
       1831.1411      0.99574393      0.99670154       128.00000
       1831.1620      0.99625021      0.99469203       128.00000
       1831.1828      0.99908161      0.99959189       0.0000000
       1831.2036      0.99875015      0.99980468       0.0000000
       1831.2245       1.0006523       1.0013026       0.0000000
       1831.2453       1.0040722       1.0015824       128.00000
       1831.2661      0.99805427      0.99888223       128.00000
       1831.2870       1.0023631       1.0029221       0.0000000
       1831.3078       1.0034438       1.0042661       0.0000000
       1831.3286       1.0037791       1.0046352       0.0000000
       1831.3495       1.0069152       1.0061592       128.00000
       1831.3703       1.0036577       1.0037991       0.0000000
       1831.3911       1.0047365       1.0064573       0.0000000
       1831.4120       1.0042551       1.0055591       128.00000
       1831.4328       1.0063291       1.0051734       128.00000
       1831.4536       1.0076007       1.0087471       0.0000000
       1831.4745       1.0083612       1.0080960       128.00000
       1831.4953       1.0095303       1.0088817       128.00000
       1831.5161       1.0089750       1.0078545       128.00000
       1831.5370       1.0072315       1.0081639       0.0000000
       1831.5578       1.0085826       1.0072752       128.00000
       1831.5786       1.0085261       1.0067859       128.00000
       1831.5995       1.0077697       1.0065026       128.00000
       1831.6203       1.0081940       1.0072324       128.00000
       1831.6411       1.0088089       1.0058563       128.00000
       1831.6620       1.0081043       1.0063621       128.00000
       1831.6828       1.0063478       1.0043275       128.00000
       1831.7036       1.0074053       1.0053612       128.00000
       1831.7245       1.0063896       1.0056175       128.00000
       1831.7453       1.0061057       1.0050005       0.0000000
       1831.7661       1.0063649       1.0052868       128.00000
       1831.7870       1.0053877       1.0045967       0.0000000
       1831.8078       1.0045022       1.0034455       128.00000
       1831.8286       1.0055408       1.0046027       128.00000
       1831.8495       1.0039673       1.0035048       0.0000000
       1831.8703       1.0036292       1.0040423       128.00000
       1831.8911       1.0045066       1.0033035       128.00000
       1831.9120       1.0033722       1.0030335       128.00000
       1831.9328       1.0038457       1.0036678       128.00000
       1831.9536       1.0029178       1.0019912       0.0000000
       1831.9745       1.0036018       1.0031166       128.00000
       1831.9953       1.0012262       1.0000064       0.0000000
       1832.0161       1.0024605       1.0026164       0.0000000
       1832.0370       1.0022452       1.0022963       128.00000
       1832.0578       1.0021003       1.0025839       128.00000
       1832.0786       1.0019287       1.0023121       0.0000000
       1832.0994       1.0002569       1.0002009       0.0000000
       1832.1203       1.0020182       1.0018544       128.00000
       1832.1411       1.0007470       1.0014987       128.00000
       1832.1619       1.0009223       1.0010113       128.00000
       1832.1828       1.0001923       1.0000129       128.00000
       1832.2036       1.0012927       1.0018163       128.00000
       1832.2244      0.99958163       1.0002788       128.00000
       1832.2453      0.99974012       1.0004889       128.00000
       1832.2661      0.99972814      0.99966425       128.00000
       1832.2869      0.99970424      0.99968922       0.0000000
       1832.3078       1.0007924       1.0006453       0.0000000
       1832.3286       1.0002854      0.99954510       128.00000
       1832.3494       1.0001850       1.0002481       128.00000
       1832.3703       1.0012830       1.0009879       128.00000
       1832.3911      0.99899876      0.99992311       128.00000
       1832.4119      0.99909264      0.99963111       128.00000
       1832.4328      0.99847209      0.99899232       0.0000000
       1832.4536      0.99901325      0.99958277       0.0000000
       1832.4744       1.0005729      0.99990898       128.00000
       1832.4953      0.99957794       1.0002878       0.0000000
       1832.5161      0.99902773       1.0001596       0.0000000
       1832.5369      0.99895370      0.99902689       128.00000
       1832.5578       1.0002940       1.0006455       128.00000
       1832.5786      0.99928880      0.99970454       128.00000
       1832.5994      0.99977851       1.0002968       128.00000
       1832.6203       1.0001441       1.0004213       128.00000
       1832.6411      0.99971408       1.0006729       0.0000000
       1832.6619      0.99985087       1.0004454       0.0000000
       1832.6828       1.0005308       1.0011072       128.00000
       1832.7036      0.99978316      0.99988997       128.00000
       1832.7244       1.0003539       1.0006801       128.00000
       1832.7453      0.99811262      0.99942040       0.0000000
       1832.7661      0.99970722       1.0000104       128.00000
       1832.7869      0.99986827      0.99983257       128.00000
       1832.8078      0.99924242      0.99989849       0.0000000
       1832.8286      0.99873054      0.99892020       0.0000000
       1832.8494      0.99873227      0.99880290       0.0000000
       1832.8703      0.99943060       1.0005232       0.0000000
       1832.8911      0.99971068       1.0000000       128.00000
       1832.9119      0.99922001      0.99970794       0.0000000
       1832.9328      0.99924028      0.99911475       0.0000000
       1832.9536      0.99889964      0.99869782       0.0000000
       1832.9744      0.99898356      0.99896610       0.0000000
       1832.9953       1.0001647       1.0006553       0.0000000
       1833.0161      0.99977261       1.0007659       0.0000000
       1833.0369      0.99928921      0.99951220       128.00000
       1833.0578      0.99989384       1.0002445       0.0000000
       1833.0786       1.0008475       1.0014563       0.0000000
       1833.0994      0.99855602       1.0000997       0.0000000
       1833.1203      0.99927765       1.0004297       0.0000000
       1833.1411       1.0013281       1.0011591       0.0000000
       1833.1619      0.99893010       1.0010267       0.0000000
       1833.1828      0.99917608       1.0010273       0.0000000
       1833.2036       1.0006351       1.0010964       0.0000000
       1833.2244      0.99853468       1.0009135       0.0000000
       1833.2453      0.99909353       1.0009862       0.0000000
       1833.2661       1.0000242       1.0018314       0.0000000
       1833.2869      0.99917501       1.0013419       0.0000000
       1833.3078      0.99988747       1.0019929       0.0000000
       1833.3286      0.99923033       1.0012553       0.0000000
       1833.3494      0.99968410       1.0018080       0.0000000
       1833.3703      0.99970156       1.0014142       0.0000000
       1833.3911      0.99814188       1.0019562       0.0000000
       1833.4119      0.99922860       1.0015049       0.0000000
       1833.4328       1.0005537       1.0015621       0.0000000
       1833.4536      0.99983430       1.0016376       0.0000000
       1833.4744       1.0004284       1.0019279       0.0000000
       1833.4953      0.99831223      0.99940574       0.0000000
       1833.5161      0.99829721       1.0009952       0.0000000
       1833.5369      0.99981159       1.0017178       0.0000000
       1833.5578      0.99990320       1.0025226       0.0000000
       1833.5786      0.99994421       1.0023501       0.0000000
       1833.5994      0.99817801       1.0000967       0.0000000
       1833.6203       1.0002999       1.0028018       0.0000000
       1833.6411       1.0002946       1.0024081       0.0000000
       1833.6619      0.99952203       1.0020249       0.0000000
       1833.6828      0.99995023       1.0022787       0.0000000
       1833.7036       1.0010797       1.0031887       0.0000000
       1833.7244       1.0004346       1.0009634       0.0000000
       1833.7453       1.0000421       1.0029778       0.0000000
       1833.7661       1.0004276       1.0001246       0.0000000
       1833.7869      0.99926579      0.99949193       0.0000000
       1833.8078      0.99985546       1.0001526       0.0000000
       1833.8286       1.0001447       1.0002069       0.0000000
       1833.8494      0.99951762       1.0011181       0.0000000
       1833.8703       1.0000346       1.0016676       0.0000000
       1833.8911      0.99941546      0.99960148       0.0000000
       1833.9119      0.99980539      0.99978381       0.0000000
       1833.9328       1.0002165       1.0022702       0.0000000
       1833.9536       1.0002689       1.0018890       0.0000000
       1833.9744       1.0008078       1.0006267       0.0000000
       1833.9953       1.0001132       1.0012609       0.0000000
       1834.0161       1.0004491       1.0003725       0.0000000
       1834.0369      0.99942338       1.0005896       0.0000000
       1834.0578       1.0004990       1.0008247       0.0000000
       1834.0786       1.0003935       1.0002517       0.0000000
       1834.0994      0.99973339       1.0005866       0.0000000
       1834.1203       1.0002645       1.0009565       0.0000000
       1834.1411       1.0001589       1.0014864       0.0000000
       1834.1619      0.99954849       1.0007814       0.0000000
       1834.1828      0.99902552      0.99961048       0.0000000
       1834.2036       1.0001661       1.0008291       0.0000000
       1834.2244       1.0000739       1.0001581       0.0000000
       1834.2453      0.99966043       1.0003802       0.0000000
       1834.2661  -1.1155878e-16      0.85943466       128.00000
       1834.2869      0.99855906      0.99996138       0.0000000
       1834.3078      0.99787605      0.99944645       0.0000000
       1834.3286      0.99904984       1.0010136       0.0000000
       1834.3494      0.99844009      0.99943250       0.0000000
       1834.3703      0.99810970       1.0001990       0.0000000
       1834.3911      0.99865490       1.0000302       0.0000000
       1834.4119      0.99836552      0.99984837       0.0000000
       1834.4328      0.99716020      0.99879593       0.0000000
       1834.4536      0.99698561      0.99855393       0.0000000
       1834.4744      0.99745655      0.99928820       0.0000000
       1834.4953      0.99909741       1.0002195       0.0000000
       1834.5161      0.99840266      0.99910498       0.0000000
       1834.5369      0.99770147      0.99915868       0.0000000
       1834.5578      0.99884111       1.0002537       0.0000000
       1834.5786      0.99911356       1.0005809       0.0000000
       1834.5994      0.99878186       1.0002179       0.0000000
       1834.6203      0.99942464       1.0008402       0.0000000
       1834.6411      0.99815339       1.0001603       0.0000000
       1834.6619      0.99784958       1.0001092       0.0000000
       1834.6828      0.99899554       1.0009377       0.0000000
       1834.7036      0.99886900       1.0000041       0.0000000
       1834.7244      0.99882030       1.0000678       0.0000000
       1834.7453      0.99848878       1.0004735       0.0000000
       1834.7661      0.99882722       1.0010438       0.0000000
       1834.7869      0.99922436       1.0007399       0.0000000
       1834.8078      0.99770403      0.99980301       0.0000000
       1834.8286      0.99894440       1.0007124       0.0000000
       1834.8494      0.99810439      0.99946707       0.0000000
       1834.8703      0.99851036       1.0002871       0.0000000
       1834.8911      0.99875891       1.0008957       0.0000000
       1834.9119      0.99833548      0.99991292       0.0000000
       1834.9328      0.99821770       1.0000274       0.0000000
       1834.9536      0.99939167       1.0008708       0.0000000
       1834.9744      0.99731249      0.99912316       0.0000000
       1834.9952      0.99842793       1.0002785       0.0000000
       1835.0161      0.99981427       1.0015199       0.0000000
       1835.0369      0.99896902       1.0002319       0.0000000
       1835.0577      0.99761933      0.99887449       128.00000
       1835.0786      0.99900270       1.0000917       0.0000000
       1835.0994      0.99855596       1.0002679       0.0000000
       1835.1202      0.99834555      0.99976361       0.0000000
       1835.1411      0.99886459      0.99991339       0.0000000
       1835.1619      0.99922770       1.0003589       0.0000000
       1835.1827       1.0000075       1.0015872       0.0000000
       1835.2036      0.99967653       1.0010504       0.0000000
       1835.2244      0.99911618       1.0005453       0.0000000
       1835.2452       1.0004162       1.0019841       0.0000000
       1835.2661       1.0004725       1.0016816       0.0000000
       1835.2869       1.0009454       1.0028802       0.0000000
       1835.3077       1.0007287       1.0020685       0.0000000
       1835.3286      0.99921203      0.99938941       0.0000000
       1835.3494       1.0004984       1.0010375       0.0000000
       1835.3702      0.99959540       1.0015093       0.0000000
       1835.3911       1.0008911       1.0022160       0.0000000
       1835.4119       1.0000066       1.0021389       0.0000000
       1835.4327       1.0010930       1.0022463       0.0000000
       1835.4536       1.0014524       1.0026401       0.0000000
       1835.4744       1.0008384       1.0022570       0.0000000
       1835.4952      0.99993771       1.0020701       0.0000000
       1835.5161      0.99995685       1.0009944       0.0000000
       1835.5369       1.0004550       1.0017316       0.0000000
       1835.5577       1.0005461       1.0023248       0.0000000
       1835.5786      0.99761307      0.99930173       128.00000
       1835.5994      0.99846530      0.99606627       128.00000
       1835.6202      0.99709207      0.99785811       128.00000
       1835.6411      0.99813253      0.99861705       128.00000
       1835.6619       1.0010251       1.0019249       0.0000000
       1835.6827      0.99831682      0.99919713       0.0000000
       1835.7036       1.0001845       1.0015190       0.0000000
       1835.7244      0.99765730      0.99810958       128.00000
       1835.7452       1.0004473       1.0014665       0.0000000
       1835.7661      0.99997288       1.0006555       0.0000000
       1835.7869       1.0000463       1.0016779       0.0000000
       1835.8077      0.99880439       1.0003506       0.0000000
       1835.8286       1.0006752       1.0010291       128.00000
       1835.8494       1.0003501       1.0011317       0.0000000
       1835.8702      0.99973005       1.0014060       0.0000000
       1835.8911       1.0007044       1.0016761       0.0000000
       1835.9119      0.99955100       1.0014926       0.0000000
       1835.9327       1.0011741       1.0023260       0.0000000
       1835.9536       1.0011841       1.0017039       128.00000
       1835.9744       1.0006286       1.0019854       0.0000000
       1835.9952       1.0005382       1.0014026       0.0000000
       1836.0161       1.0017655       1.0031289       0.0000000
       1836.0369       1.0010129       1.0021545       0.0000000
       1836.0577       1.0006104       1.0015576       0.0000000
       1836.0786       1.0012968       1.0015823       0.0000000
       1836.0994       1.0005829       1.0007528       0.0000000
       1836.1202      0.99921083       1.0009985       128.00000
       1836.1411       1.0012239       1.0014125       0.0000000
       1836.1619       1.0000926       1.0009710       0.0000000
       1836.1827       1.0004525       1.0015360       0.0000000
       1836.2036       1.0010827       1.0018435       0.0000000
       1836.2244      0.99996156       1.0000643       0.0000000
       1836.2452      0.99979156       1.0005015       0.0000000
       1836.2661      0.99939114      0.99936336       128.00000
       1836.2869      0.99830788      0.99839538       128.00000
       1836.3077      0.99976695       1.0016997       0.0000000
       1836.3286       1.0006062       1.0017022       0.0000000
       1836.3494      0.99946856       1.0006286       0.0000000
       1836.3702      0.99972892       1.0000209       0.0000000
       1836.3911       1.0006304       1.0015377       0.0000000
       1836.4119       1.0002282       1.0013331       0.0000000
       1836.4327       1.0011359       1.0026000       0.0000000
       1836.4536       1.0001409       1.0016026       0.0000000
       1836.4744       1.0004553       1.0022343       0.0000000
       1836.4952       1.0001277       1.0017538       0.0000000
       1836.5161      0.99790984      0.99929208       128.00000
       1836.5369       1.0000821       1.0017229       0.0000000
       1836.5577      0.99970478       1.0016067       0.0000000
       1836.5786      0.99985087       1.0011714       0.0000000
       1836.5994       1.0021434       1.0034243       0.0000000
       1836.6202      0.99993289       1.0011755       0.0000000
       1836.6411       1.0001450       1.0017740       0.0000000
       1836.6619      0.99990386       1.0012044       0.0000000
       1836.6827       1.0010535       1.0031879       0.0000000
       1836.7036       1.0008347       1.0031465       0.0000000
       1836.7244      0.99989063       1.0014518       0.0000000
       1836.7452       1.0006179       1.0022633       0.0000000
       1836.7661       1.0004963       1.0023805       0.0000000
       1836.7869       1.0006381       1.0017220       0.0000000
       1836.8077       1.0005662       1.0025659       0.0000000
       1836.8286       1.0014017       1.0023797       0.0000000
       1836.8494       1.0004927       1.0016538       0.0000000
       1836.8702       1.0010276       1.0029674       0.0000000
       1836.8911       1.0006999       1.0021517       0.0000000
       1836.9119       1.0015007       1.0025809       0.0000000
       1836.9327       1.0012685       1.0030171       0.0000000
       1836.9536       1.0010954       1.0030681       0.0000000
       1836.9744       1.0020919       1.0033103       0.0000000
       1836.9952       1.0025184       1.0027475       0.0000000
       1837.0161       1.0007780       1.0014216       0.0000000
       1837.0369       1.0013459       1.0027188       0.0000000
       1837.0577       1.0017647       1.0022596       0.0000000
       1837.0786      0.99996167       1.0012259       0.0000000
       1837.0994       1.0010290       1.0023131       0.0000000
       1837.1202       1.0010631       1.0018803       0.0000000
       1837.1410       1.0030880       1.0040516       0.0000000
       1837.1619       1.0025947       1.0038120       0.0000000
       1837.1827       1.0028335       1.0034208       0.0000000
       1837.2035       1.0019742       1.0035859       0.0000000
       1837.2244       1.0026742       1.0021631       0.0000000
       1837.2452       1.0024576       1.0029805       0.0000000
       1837.2660       1.0024858       1.0024883       0.0000000
       1837.2869       1.0019703       1.0033615       0.0000000
       1837.3077       1.0024631       1.0034970       0.0000000
       1837.3285       1.0027581       1.0032723       0.0000000
       1837.3494       1.0026863       1.0035646       0.0000000
       1837.3702       1.0013269       1.0022322       0.0000000
       1837.3910       1.0020642       1.0024661       0.0000000
       1837.4119       1.0011798       1.0023429       0.0000000
       1837.4327       1.0026871       1.0035111       0.0000000
       1837.4535       1.0023999       1.0026314       0.0000000
       1837.4744       1.0016233       1.0020854       0.0000000
       1837.4952       1.0018535       1.0025051       0.0000000
       1837.5160       1.0001624       1.0009627       0.0000000
       1837.5369       1.0000126       1.0002104       0.0000000
       1837.5577       1.0009654       1.0014622       0.0000000
       1837.5785       1.0008819       1.0019073       0.0000000
       1837.5994      0.99998772       1.0010173       0.0000000
       1837.6202      0.99940890      0.99990946       0.0000000
       1837.6410      0.99868768      0.99944907       0.0000000
       1837.6619      0.99831110      0.99933088       0.0000000
       1837.6827      0.99793488      0.99815470       0.0000000
       1837.7035      0.99826241      0.99881095       0.0000000
       1837.7244      0.99768907      0.99816626       0.0000000
       1837.7452      0.99673849      0.99740201       0.0000000
       1837.7660      0.99701095      0.99758410       0.0000000
       1837.7869      0.99577445      0.99635196       0.0000000
       1837.8077      0.99635744      0.99696273       0.0000000
       1837.8285      0.99371403      0.99405253       0.0000000
       1837.8494      0.98110944      0.98135781       0.0000000
       1837.8702      0.96484905      0.96528012       0.0000000
       1837.8910      0.94748288      0.94783169       0.0000000
       1837.9119      0.93495125      0.93564850       0.0000000
       1837.9327      0.92847025      0.92931670       0.0000000
       1837.9535      0.93053699      0.93112558       0.0000000
       1837.9744      0.93906760      0.93979114       0.0000000
       1837.9952      0.95347375      0.95343447       0.0000000
       1838.0160      0.97045308      0.97117990       0.0000000
       1838.0369      0.98597854      0.98618895       0.0000000
       1838.0577      0.99322683      0.99405545       0.0000000
       1838.0785      0.99445236      0.99513710       0.0000000
       1838.0994      0.99546909      0.99541003       0.0000000
       1838.1202      0.99487221      0.99559325       0.0000000
       1838.1410      0.99573016      0.99591219       0.0000000
       1838.1619      0.99557674      0.99608386       0.0000000
       1838.1827      0.99588817      0.99674851       0.0000000
       1838.2035      0.99810809      0.99780732       0.0000000
       1838.2244      0.99737483      0.99744564       0.0000000
       1838.2452      0.99868405      0.99856377       0.0000000
       1838.2660      0.99971074       1.0003167       0.0000000
       1838.2869       1.0001414      0.99971819       0.0000000
       1838.3077      0.99986541       1.0002868       0.0000000
       1838.3285       1.0019217       1.0015655       0.0000000
       1838.3494       1.0030309       1.0021746       0.0000000
       1838.3702       1.0040468       1.0032318       0.0000000
       1838.3910       1.0044223       1.0044196       0.0000000
       1838.4119       1.0050195       1.0048295       0.0000000
       1838.4327       1.0039791       1.0038764       0.0000000
       1838.4535       1.0056844       1.0053099       0.0000000
       1838.4744       1.0054511       1.0050390       0.0000000
       1838.4952       1.0054567       1.0041987       0.0000000
       1838.5160       1.0061058       1.0063335       0.0000000
       1838.5369       1.0051892       1.0050024       0.0000000
       1838.5577       1.0055424       1.0052526       0.0000000
       1838.5785       1.0050787       1.0048842       0.0000000
       1838.5994       1.0053605       1.0051202       0.0000000
       1838.6202       1.0066603       1.0057608       0.0000000
       1838.6410       1.0060366       1.0036346       0.0000000
       1838.6619       1.0047753       1.0020955       0.0000000
       1838.6827       1.0053810       1.0037259       0.0000000
       1838.7035       1.0046984       1.0033587       0.0000000
       1838.7452       1.0025225       1.0028838       128.00000
       1838.7660       1.0038570       1.0042926       0.0000000
       1838.7869       1.0023959       1.0020192       0.0000000
       1838.8077       1.0023645       1.0022174       0.0000000
       1838.8285       1.0033338       1.0023311       0.0000000
       1838.8494       1.0024909       1.0012574       0.0000000
       1838.8702       1.0026896       1.0015197       0.0000000
       1838.8910       1.0006369       1.0008588       128.00000
       1838.9118       1.0008546      0.99961478       0.0000000
       1838.9327       1.0021728       1.0000999       0.0000000
       1838.9535       1.0003234      0.99895418       0.0000000
       1838.9743       1.0002934      0.99878913       0.0000000
       1838.9952       1.0001137      0.99759930       0.0000000
       1839.0160      0.99931896      0.99780375       0.0000000
       1839.0368      0.99933815      0.99756795       0.0000000
       1839.0577      0.99788338      0.99638408       0.0000000
       1839.0785      0.99893016      0.99737132       0.0000000
       1839.0993      0.99788404      0.99607742       0.0000000
       1839.1202      0.99877894      0.99624658       0.0000000
       1839.1410      0.99812454      0.99614859       0.0000000
       1839.1618      0.99955189      0.99735862       0.0000000
       1839.1827      0.99987829      0.99633276       0.0000000
       1839.2035      0.99876320      0.99566746       0.0000000
       1839.2243      0.99962276      0.99590629       0.0000000
       1839.2452      0.99821419      0.99704170       0.0000000
       1839.2660      0.99907392      0.99634451       0.0000000
       1839.2868       1.0002655      0.99647892       0.0000000
       1839.3077      0.99885219      0.99572700       0.0000000
       1839.3285      0.99921900      0.99563831       0.0000000
       1839.3493      0.99927306      0.99692130       0.0000000
       1839.3702      0.99999845      0.99560249       0.0000000
       1839.3910      0.99885601      0.99555027       128.00000
       1839.4118      0.99877083      0.99549174       0.0000000
       1839.4327      0.99950475      0.99535471       0.0000000
       1839.4535      0.99882120      0.99506277       0.0000000
       1839.4743      0.99912995      0.99590820       0.0000000
       1839.4952      0.99947900      0.99513614       0.0000000
       1839.5160  -1.1027970e-16      0.84970725       128.00000
       1839.5368      0.99917382      0.99509025       0.0000000
       1839.5577      0.99775106      0.99454790       0.0000000
       1839.5785      0.99708408      0.99128550       128.00000
       1839.5993      0.99848878      0.99251050       0.0000000
       1839.6202      0.99907470      0.99423575       0.0000000
       1839.6410      0.99867636      0.99436527       0.0000000
       1839.6618      0.99748027      0.99382722       0.0000000
       1839.6827      0.99695897      0.99280053       0.0000000
       1839.7035      0.99739665      0.99335510       128.00000
       1839.7243      0.99868339      0.99459326       0.0000000
       1839.7452      0.99933141      0.99503458       0.0000000
       1839.7660      0.99553752      0.99166650       128.00000
       1839.7868      0.99221700      0.98597819       128.00000
       1839.8077      0.99684155      0.99176669       128.00000
       1839.8285      0.99685824      0.99248356       128.00000
       1839.8493      0.99756914      0.99276114       0.0000000
       1839.8702      0.99854219      0.99331015       0.0000000
       1839.8910      0.99635959      0.99072421       128.00000
       1839.9118      0.99586004      0.98950732       128.00000
       1839.9327      0.99782443      0.99177629       0.0000000
       1839.9535      0.99870241      0.99285436       0.0000000
       1839.9743      0.99836075      0.99305290       0.0000000
       1839.9952      0.99776196      0.99193668       128.00000
       1840.0160      0.99859899      0.99311119       0.0000000
       1840.0368      0.99896753      0.99304944       0.0000000
       1840.0577      0.99953294      0.99345726       0.0000000
       1840.0785      0.99621838      0.99140781       128.00000
       1840.0993      0.99865681      0.99256879       0.0000000
       1840.1202      0.99809247      0.99182165       0.0000000
       1840.1410      0.99810219      0.99216157       0.0000000
       1840.1618      0.99726802      0.99138671       128.00000
       1840.1827      0.99780911      0.99152577       0.0000000
       1840.2035      0.99856997      0.99249333       0.0000000
       1840.2243      0.99916077      0.99414551       0.0000000
       1840.2452      0.99788767      0.99215519       0.0000000
       1840.2660      0.99876136      0.99191856       0.0000000
       1840.2868      0.99893820      0.99242216       0.0000000
       1840.3077      0.99792933      0.99130833       0.0000000
       1840.3285      0.99929094      0.99290931       0.0000000
       1840.3493      0.99849826      0.99166608       0.0000000
       1840.3702      0.99811679      0.99021506       0.0000000
       1840.3910      0.99832582      0.99142933       0.0000000
       1840.4118      0.99940538      0.99247640       0.0000000
       1840.4327      0.99909246      0.99210364       0.0000000
       1840.4535      0.99778187      0.98933893       128.00000
       1840.4743      0.99877715      0.99018264       128.00000
       1840.4951       1.0001189      0.99192595       0.0000000
       1840.5160      0.99958539      0.99119222       0.0000000
       1840.5368      0.99954605      0.99001682       0.0000000
       1840.5576       1.0001961      0.99143571       0.0000000
       1840.5785      0.99943179      0.99040413       0.0000000
       1840.5993      0.99906516      0.99063140       0.0000000
       1840.6201       1.0003009      0.99109286       0.0000000
       1840.6410      0.99986750      0.98994052       0.0000000
       1840.6618       1.0010633      0.99262291       0.0000000
       1840.6826      0.99941242      0.99056226       128.00000
       1840.7035       1.0010197      0.99096066       0.0000000
       1840.7243       1.0027074      0.99232948       0.0000000
       1840.7451      0.99988854      0.99097562       0.0000000
       1840.7660       1.0006663      0.99233907       0.0000000
       1840.7868       1.0002531      0.99089766       0.0000000
       1840.8076       1.0006249      0.99073118       0.0000000
       1840.8285      0.99991101      0.99041981       0.0000000
       1840.8493       1.0014307      0.99170607       0.0000000
       1840.8701       1.0012530      0.99088216       0.0000000
       1840.8910       1.0020646      0.99145621       0.0000000
       1840.9118       1.0022473      0.99159008       0.0000000
       1840.9326       1.0002941      0.98950905       0.0000000
       1840.9535       1.0012043      0.99043316       0.0000000
       1840.9743      0.99991089      0.98933417       0.0000000
       1840.9951       1.0001460      0.98910475       128.00000
       1841.0160      0.99994439      0.98956805       0.0000000
       1841.0368      0.99893653      0.98839343       0.0000000
       1841.0576       1.0003450      0.98928612       0.0000000
       1841.0785      0.99978548      0.98873138       0.0000000
       1841.0993      0.99926460      0.98847795       0.0000000
       1841.1201      0.99901283      0.98823762       0.0000000
       1841.1410      0.99980807      0.98852998       0.0000000
