    1196
       1711.4107       1.0110936       1.0270253       0.0000000
       1711.4315       1.0040220       1.0199405       0.0000000
       1711.4524       1.0033860       1.0191925       0.0000000
       1711.4732       1.0011868       1.0170822       0.0000000
       1711.4940      0.97469974       1.0149555       128.00000
       1711.5149       1.0048411       1.0191121       0.0000000
       1711.5357       1.0048447       1.0169812       128.00000
       1711.5565       1.0022601       1.0160239       0.0000000
       1711.5774       1.0050002       1.0194854       0.0000000
       1711.5982       1.0048594       1.0195037       0.0000000
       1711.6190       1.0026302       1.0155791       0.0000000
       1711.6399       1.0033042       1.0159776       0.0000000
       1711.6607       1.0039420       1.0163640       0.0000000
       1711.6815       1.0003232       1.0135531       0.0000000
       1711.7024       1.0022073       1.0138657       0.0000000
       1711.7232       1.0040431       1.0153096       128.00000
       1711.7440       1.0004438       1.0140152       0.0000000
       1711.7649       1.0031025       1.0142838       0.0000000
       1711.7857       1.0233579       1.0124942       128.00000
       1711.8065      0.99866611       1.0111893       0.0000000
       1711.8274       1.0006051       1.0125567       128.00000
       1711.8482       1.0001998       1.0110601       0.0000000
       1711.8691      0.99930596       1.0096823       0.0000000
       1711.8899       1.0021658       1.0114360       0.0000000
       1711.9107      0.99784327       1.0088867       128.00000
       1711.9316      0.99758685       1.0086472       0.0000000
       1711.9524      0.99811441       1.0087571       0.0000000
       1711.9732      0.99767268       1.0083624       0.0000000
       1711.9941      0.99966842       1.0089129       0.0000000
       1712.0149       1.0073545       1.0080096       128.00000
       1712.0357      0.99919218       1.0070392       0.0000000
       1712.0566       1.0002309       1.0078123       0.0000000
       1712.0774      0.99913698       1.0070492       0.0000000
       1712.0982      0.99888039       1.0079916       0.0000000
       1712.1191       1.0007893       1.0094486       0.0000000
       1712.1399       1.0144433       1.0070512       128.00000
       1712.1607      0.99894071       1.0077039       0.0000000
       1712.1816       1.0001204       1.0077323       0.0000000
       1712.2024      0.99726486       1.0062745       0.0000000
       1712.2232      0.99867982       1.0061122       128.00000
       1712.2441       1.0013276       1.0099057       0.0000000
       1712.2649       1.0001640       1.0083698       0.0000000
       1712.2857      0.99924731       1.0073485       0.0000000
       1712.3066       1.0000000       1.0082687       0.0000000
       1712.3274      0.99963081       1.0067307       0.0000000
       1712.3482       1.0007603       1.0083243       0.0000000
       1712.3691      0.99919945       1.0082196       0.0000000
       1712.3899       1.0018386       1.0099857       0.0000000
       1712.4107      0.99954158       1.0086576       0.0000000
       1712.4316       1.0025048       1.0099380       0.0000000
       1712.4524       1.0012861       1.0087481       0.0000000
       1712.4732       1.0011201       1.0081035       0.0000000
       1712.4941       1.0023658       1.0108634       0.0000000
       1712.5149       1.0007665       1.0076258       0.0000000
       1712.5357      0.99974275       1.0067240       0.0000000
       1712.5566       1.0007250       1.0098096       0.0000000
       1712.5774       1.0003896       1.0075632       0.0000000
       1712.5982       1.0001802       1.0062932       0.0000000
       1712.6191       1.0028006       1.0081276       0.0000000
       1712.6399       1.0015916       1.0071547       0.0000000
       1712.6607       1.0013702       1.0072520       0.0000000
       1712.6816       1.0020645       1.0067227       0.0000000
       1712.7024       1.0025536       1.0075829       0.0000000
       1712.7232       1.0022192       1.0064986       0.0000000
       1712.7441       1.0023285       1.0075351       0.0000000
       1712.7649       1.0005190       1.0061194       0.0000000
       1712.7857       1.0021126       1.0072520       0.0000000
       1712.8066       1.0039707       1.0082612       0.0000000
       1712.8274       1.0010333       1.0051484       0.0000000
       1712.8482       1.0031254       1.0073687       0.0000000
       1712.8691       1.0026482       1.0078206       0.0000000
       1712.8899      0.99981815       1.0048198       0.0000000
       1712.9107       1.0021613       1.0059011       0.0000000
       1712.9316       1.0034420       1.0073922       0.0000000
       1712.9524       1.0021461       1.0065378       0.0000000
       1712.9732      0.99993372       1.0043941       0.0000000
       1712.9941       1.0013795       1.0050174       0.0000000
       1713.0149       1.0006826       1.0056751       0.0000000
       1713.0357       1.0014284       1.0054810       0.0000000
       1713.0566       1.0016518       1.0037669       0.0000000
       1713.0774       1.0024437       1.0058463       0.0000000
       1713.0982      0.99993688       1.0040252       0.0000000
       1713.1191      0.99845481       1.0028559       0.0000000
       1713.1399      0.99927878       1.0036438       0.0000000
       1713.1607       1.0003691       1.0041701       0.0000000
       1713.1816      0.99962878       1.0027468       0.0000000
       1713.2024       1.0005181       1.0023909       0.0000000
       1713.2232      0.99956667       1.0022219       0.0000000
       1713.2441      0.99798912       1.0008612       0.0000000
       1713.2649      0.99462330      0.99792516       0.0000000
       1713.2857      0.98754698      0.99143392       0.0000000
       1713.3066      0.98317307      0.98564881       0.0000000
       1713.3274      0.97809839      0.98055458       0.0000000
       1713.3482      0.97763151      0.97926134       0.0000000
       1713.3691      0.97994858      0.98283654       0.0000000
       1713.3899      0.98434132      0.98728549       0.0000000
       1713.4107      0.98948973      0.99335986       0.0000000
       1713.4316      0.99588573      0.99984217       0.0000000
       1713.4524      0.99047977       1.0022979       0.0000000
       1713.4732      0.99902660       1.0004299       0.0000000
       1713.4941      0.99783784       1.0003130       0.0000000
       1713.5149      0.99695623       1.0004874       0.0000000
       1713.5357      0.99884737       1.0010117       0.0000000
       1713.5566      0.99540871      0.99903995       0.0000000
       1713.5774      0.99711829       1.0003822       0.0000000
       1713.5982      0.99878353       1.0002915       0.0000000
       1713.6191      0.99863213       1.0003631       0.0000000
       1713.6399      0.99852127       1.0006508       0.0000000
       1713.6607      0.99693054      0.99905777       0.0000000
       1713.6816      0.99885225       1.0004179       0.0000000
       1713.7024      0.99721766       1.0000449       0.0000000
       1713.7232      0.99950290       1.0005512       0.0000000
       1713.7441      0.99975091       1.0013108       0.0000000
       1713.7649       1.0025392       1.0038151       0.0000000
       1713.7857      0.99954110       1.0007449       0.0000000
       1713.8066       1.0008094       1.0034405       0.0000000
       1713.8274       1.0049169       1.0055368       0.0000000
       1713.8482       1.0036019       1.0031735       0.0000000
       1713.8691       1.0050354       1.0054549       0.0000000
       1713.8899       1.0075138       1.0087208       0.0000000
       1713.9107       1.0075914       1.0083622       0.0000000
       1713.9316      0.99952281       1.0085468       0.0000000
       1713.9524       1.0096815       1.0101011       0.0000000
       1713.9732       1.0128452       1.0117803       0.0000000
       1713.9941       1.0138024       1.0117998       128.00000
       1714.0149       1.0107340       1.0112245       0.0000000
       1714.0357       1.0101802       1.0115089       0.0000000
       1714.0566       1.0000638       1.0115820       0.0000000
       1714.0774       1.0110215       1.0103630       0.0000000
       1714.0982       1.0091987       1.0091976       0.0000000
       1714.1191       1.0072535       1.0076337       0.0000000
       1714.1399       1.0050850       1.0060768       0.0000000
       1714.1607       1.0005209       1.0016803       0.0000000
       1714.1816       1.0009080       1.0008787       0.0000000
       1714.2024      0.99813980      0.99829406       0.0000000
       1714.2232      0.99761379      0.99703836       0.0000000
       1714.2441      0.99549413      0.99576026       0.0000000
       1714.2649      0.99564177      0.99506927       0.0000000
       1714.2857      0.99480057      0.99439245       0.0000000
       1714.3066      0.99272478      0.99256593       0.0000000
       1714.3274      0.98753065      0.98658442       0.0000000
       1714.3482      0.95755005      0.95726216       0.0000000
       1714.3691      0.90945518      0.90857166       0.0000000
       1714.3899      0.86919230      0.86948270       0.0000000
       1714.4107      0.84709060      0.84744281       0.0000000
       1714.4316      0.84128970      0.84910280       0.0000000
       1714.4524      0.87831080      0.87715995       0.0000000
       1714.4732      0.92140907      0.92058396       0.0000000
       1714.4941      0.96531737      0.96347123       0.0000000
       1714.5149      0.99188542      0.98994428       128.00000
       1714.5357      0.99095684      0.99100620       0.0000000
       1714.5566      0.98996717      0.98848581       0.0000000
       1714.5774      0.99367499      0.99193066       0.0000000
       1714.5982      0.99468726      0.99204957       128.00000
       1714.6191      0.99109524      0.98996866       128.00000
       1714.6399      0.99095368      0.98899901       128.00000
       1714.6607      0.99272513      0.99291009       0.0000000
       1714.6816      0.99735743      0.99371219       0.0000000
       1714.7024      0.99685162      0.99406332       128.00000
       1714.7232      0.99726945      0.99622655       0.0000000
       1714.7441      0.99733514      0.99562913       0.0000000
       1714.7649      0.99795908      0.99603719       0.0000000
       1714.7857       1.0015041      0.99877071       0.0000000
       1714.8066       1.0011454      0.99818712       0.0000000
       1714.8274      0.99837339      0.99523640       0.0000000
       1714.8482       1.0004234      0.99780566       0.0000000
       1714.8691       1.0012788      0.99833971       0.0000000
       1714.8899      0.99925703      0.99623823       0.0000000
       1714.9107      0.99994236      0.99635899       0.0000000
       1714.9316       1.0002074      0.99747437       0.0000000
       1714.9524      0.99947673      0.99712402       128.00000
       1714.9732       1.0004421      0.99728483       0.0000000
       1714.9941       1.0008656      0.99939454       0.0000000
       1715.0149       1.0031364       1.0004454       0.0000000
       1715.0357      0.99990541      0.99749386       0.0000000
       1715.0566      0.99790931      0.99556297       0.0000000
       1715.0774       1.0031265       1.0005090       0.0000000
       1715.0982       1.0006428      0.99767345       0.0000000
       1715.1191       1.0023532      0.99692976       128.00000
       1715.1399      0.98929888      0.99489516       0.0000000
       1715.1607       1.0006540      0.99840719       0.0000000
       1715.1816       1.0003883      0.99816787       0.0000000
       1715.2024      0.99999279      0.99590027       0.0000000
       1715.2232       1.0023693      0.99877375       0.0000000
       1715.2441      0.99129993      0.99687362       128.00000
       1715.2649      0.99603534      0.99229014       0.0000000
       1715.2857      0.99680692      0.99248147       0.0000000
       1715.3066       1.0008947      0.99759251       0.0000000
       1715.3274      0.99639612      0.99309844       0.0000000
       1715.3482      0.99428308      0.99077684       0.0000000
       1715.3691      0.99738234      0.99405169       0.0000000
       1715.3899      0.99827409      0.99537456       0.0000000
       1715.4107      0.99779832      0.99292094       0.0000000
       1715.4316      0.99843949      0.99636608       0.0000000
       1715.4524      0.99625540      0.99320835       0.0000000
       1715.4732      0.99382681      0.98974240       0.0000000
       1715.4941      0.99844545      0.99550653       0.0000000
       1715.5149      0.99998814      0.99526238       0.0000000
       1715.5357      0.99813789      0.99515551       0.0000000
       1715.5566      0.99358946      0.99088365       0.0000000
       1715.5774      0.99609727      0.99172884       0.0000000
       1715.5982      0.99800628      0.99459404       0.0000000
       1715.6191       1.0002780      0.99628687       0.0000000
       1715.6399      0.99446589      0.99141085       0.0000000
       1715.6607      0.84989548      0.84758019       128.00000
       1715.6816      0.99948353      0.99932009       0.0000000
       1715.7024      0.99851781      0.99885666       0.0000000
       1715.7232       1.0083050       1.0014342       128.00000
       1715.7441       1.0027146       1.0006750       0.0000000
       1715.7649       1.0010715      0.99973011       0.0000000
       1715.7857       1.0024692       1.0014135       0.0000000
       1715.8066      0.99992549       1.0000807       0.0000000
       1715.8274       1.0011116       1.0011083       0.0000000
       1715.8482       1.0024583       1.0025681       0.0000000
       1715.8691       1.0025892       1.0024204       0.0000000
       1715.8899       1.0002757       1.0004351       0.0000000
       1715.9107       1.0026152       1.0028169       0.0000000
       1715.9316       1.0013605       1.0008886       0.0000000
       1715.9524       1.0002466       1.0000516       0.0000000
       1715.9732       1.0013590       1.0011748       0.0000000
       1715.9941       1.0022269       1.0022957       0.0000000
       1716.0149       1.0004109       1.0002798       0.0000000
       1716.0357       1.0007095       1.0004889       0.0000000
       1716.0566       1.0027019       1.0025563       0.0000000
       1716.0774      0.99718475       1.0005609       0.0000000
       1716.0982       1.0017478       1.0015218       0.0000000
       1716.1191       1.0029951       1.0025434       0.0000000
       1716.1399       1.0010937       1.0011939       0.0000000
       1716.1607       1.0005696       1.0006707       0.0000000
       1716.1816       1.0019145       1.0012883       0.0000000
       1716.2024       1.0027992       1.0029095       0.0000000
       1716.2232       1.0011249       1.0006590       128.00000
       1716.2441       1.0017748       1.0011328       0.0000000
       1716.2649       1.0010555       1.0007812       0.0000000
       1716.2857       1.0016061       1.0014222       0.0000000
       1716.3066       1.0002402       1.0001445       0.0000000
       1716.3274       1.0020751       1.0013219       0.0000000
       1716.3482       1.0027255       1.0017560       0.0000000
       1716.3691       1.0012618       1.0007651       0.0000000
       1716.3899       1.0017104       1.0011911       0.0000000
       1716.4107       1.0017838       1.0017706       0.0000000
       1716.4316       1.0032487       1.0031904       0.0000000
       1716.4524       1.0004870       1.0003496       0.0000000
       1716.4732       1.0005927      0.99953169       0.0000000
       1716.4941       1.0036659       1.0034369       0.0000000
       1716.5149       1.0003213       1.0000901       0.0000000
       1716.5357       1.0014176       1.0010339       0.0000000
       1716.5566       1.0044787       1.0024295       0.0000000
       1716.5774       1.0017264       1.0008703       0.0000000
       1716.5982      0.99868011      0.99856055       0.0000000
       1716.6191       1.0014372       1.0000489       0.0000000
       1716.6399       1.0023677       1.0013504       0.0000000
       1716.6607      0.99836737      0.99765027       0.0000000
       1716.6816       1.0110848      0.99585247       128.00000
       1716.7024       1.0014325       1.0005758       0.0000000
       1716.7232       1.0016017       1.0007037       0.0000000
       1716.7441      0.99880654      0.99729425       0.0000000
       1716.7649      0.99893641      0.99778241       0.0000000
       1716.7857      0.99967384      0.99884015       0.0000000
       1716.8066       1.0002885      0.99895257       0.0000000
       1716.8274      0.99895698      0.99800283       0.0000000
       1716.8482       1.0000008      0.99876332       0.0000000
       1716.8691      0.99288839      0.99642700       0.0000000
       1716.8899      0.99701917      0.99613327       0.0000000
       1716.9107       1.0114625      0.99778324       128.00000
       1716.9316      0.99851757      0.99797958       0.0000000
       1716.9524      0.99690831      0.99555749       0.0000000
       1716.9732      0.99812925      0.99676257       0.0000000
       1716.9941      0.99958384      0.99837548       0.0000000
       1717.0149      0.99766147      0.99642855       0.0000000
       1717.0357      0.99864846      0.99819380       128.00000
       1717.0566      0.99908412      0.99818152       0.0000000
       1717.0774      0.99795252      0.99717587       0.0000000
       1717.0982      0.99917984      0.99679917       0.0000000
       1717.1191       1.0006523      0.99947506       0.0000000
       1717.1399       1.0001663      0.99896401       0.0000000
       1717.1607       1.0008922      0.99998617       0.0000000
       1717.1816       1.0011982      0.99988514       0.0000000
       1717.2024       1.0003506      0.99929929       0.0000000
       1717.2232      0.99986690      0.99824095       0.0000000
       1717.2441       1.0008357      0.99965692       0.0000000
       1717.2649      0.99992657      0.99892974       0.0000000
       1717.2857      0.99916476      0.99756050       128.00000
       1717.3066       1.0028605       1.0012641       0.0000000
       1717.3274       1.0024090       1.0009246       0.0000000
       1717.3482       1.0001525      0.99909371       0.0000000
       1717.3691       1.0014720      0.99959350       0.0000000
       1717.3899       1.0005553      0.99933922       0.0000000
       1717.4107       1.0004406      0.99914318       0.0000000
       1717.4316      0.99862784      0.99775183       0.0000000
       1717.4524       1.0017979       1.0000000       0.0000000
       1717.4732      0.99989218      0.99883294       0.0000000
       1717.4940       1.7400290      0.99745882       128.00000
       1717.5149       1.0026394       1.0013684       0.0000000
       1717.5357       1.0006130      0.99920762       0.0000000
       1717.5565       1.0111578      0.99882245       0.0000000
       1717.5774       1.0013936      0.99911189       0.0000000
       1717.5982       1.0014708       1.0000935       0.0000000
       1717.6190       1.0010134      0.99928796       0.0000000
       1717.6399       1.0195144      0.99947238       128.00000
       1717.6607       1.0010277      0.99936259       0.0000000
       1717.6815       1.0012619      0.99976587       0.0000000
       1717.7024       1.0077744      0.99950987       0.0000000
       1717.7232      0.99996603      0.99884921       0.0000000
       1717.7440       1.0008992      0.99963033       0.0000000
       1717.7649      0.99965924      0.99827754       0.0000000
       1717.7857      0.99928457      0.99718839       0.0000000
       1717.8065       1.0002295      0.99862927       0.0000000
       1717.8274       1.0004660      0.99945915       0.0000000
       1717.8482      0.99816132      0.99652922       0.0000000
       1717.8690      0.99457484      0.99432456       0.0000000
       1717.8899      0.99849892      0.99672997       0.0000000
       1717.9107      0.99820715      0.99681157       0.0000000
       1717.9315      0.99627233      0.99476779       0.0000000
       1717.9524      0.99763888      0.99596626       0.0000000
       1717.9732      0.99719125      0.99485672       0.0000000
       1717.9940      0.99709481      0.99561322       0.0000000
       1718.0149      0.99630105      0.99462241       0.0000000
       1718.0357      0.99926585      0.99504524       0.0000000
       1718.0565       1.7179427      0.99441814       128.00000
       1718.0774      0.99447471      0.99203265       0.0000000
       1718.0982      0.99008161      0.98853934       0.0000000
       1718.1190      0.98221451      0.98114139       0.0000000
       1718.1399      0.97877973      0.97628659       0.0000000
       1718.1607      0.97554338      0.97302020       0.0000000
       1718.1815      0.97808820      0.97591478       0.0000000
       1718.2024      0.98289973      0.98100042       0.0000000
       1718.2232      0.99727380      0.98723149       128.00000
       1718.2440      0.99570274      0.99338722       0.0000000
       1718.2649      0.99628735      0.99400991       0.0000000
       1718.2857      0.99599928      0.99446553       0.0000000
       1718.3065      0.99443996      0.99308652       0.0000000
       1718.3274      0.99692816      0.99521548       0.0000000
       1718.3482      0.99679720      0.99449766       0.0000000
       1718.3690      0.99704850      0.99524993       0.0000000
       1718.3899      0.99735111      0.99607813       0.0000000
       1718.4107      0.99746460      0.99582565       0.0000000
       1718.4315      0.99619365      0.99415827       0.0000000
       1718.4524      0.99906141      0.99720877       0.0000000
       1718.4732      0.99971116      0.99754232       0.0000000
       1718.4940       1.0132015      0.99591017       128.00000
       1718.5149      0.99701583      0.99551958       0.0000000
       1718.5357      0.99872488      0.99623936       0.0000000
       1718.5565      0.99869412      0.99661398       0.0000000
       1718.5774       1.0009252      0.99908674       0.0000000
       1718.5982      0.99987674      0.99764609       0.0000000
       1718.6190       1.0004160      0.99882048       0.0000000
       1718.6399       1.0029609       1.0006605       0.0000000
       1718.6607       1.0035139       1.0016665       0.0000000
       1718.6815       1.0045327       1.0025986       0.0000000
       1718.7024       1.0043472       1.0023279       0.0000000
       1718.7232       1.0067813       1.0038381       0.0000000
       1718.7440       1.0068070       1.0047226       0.0000000
       1718.7649       1.0096189       1.0078087       0.0000000
       1718.7857       1.0096244       1.0072325       0.0000000
       1718.8065       1.0103000       1.0079796       0.0000000
       1718.8274       1.0106345       1.0077537       0.0000000
       1718.8482       1.0092080       1.0073135       0.0000000
       1718.8690       1.0077416       1.0057335       0.0000000
       1718.8899       1.0076658       1.0049200       0.0000000
       1718.9107       1.0066941       1.0046046       0.0000000
       1718.9315       1.0057212       1.0034165       0.0000000
       1718.9524       1.0044541       1.0025076       0.0000000
       1718.9732      0.99994576      0.99783963       0.0000000
       1718.9940      0.99721736      0.99490958       0.0000000
       1719.0149      0.99884218      0.99571478       0.0000000
       1719.0357      0.99569303      0.99322188       0.0000000
       1719.0565      0.99424106      0.99170905       0.0000000
       1719.0774      0.99420625      0.99163151       0.0000000
       1719.0982      0.99368674      0.99131131       0.0000000
       1719.1190      0.99480760      0.99208915       0.0000000
       1719.1399       1.0004206      0.98599565       0.0000000
       1719.1607      0.96054643      0.95824075       0.0000000
       1719.1815      0.91596103      0.91345257       0.0000000
       1719.2024      0.87409967      0.87123483       0.0000000
       1719.2232      0.85145020      0.84931022       0.0000000
       1719.2440      0.85464257      0.84589624       0.0000000
       1719.2649      0.87270015      0.87043297       0.0000000
       1719.2857      0.91748738      0.91503966       0.0000000
       1719.3065      0.96888220      0.95733064       128.00000
       1719.3274      0.99021244      0.98817986       0.0000000
       1719.3482      0.99472368      0.99217814       0.0000000
       1719.3690      0.99676430      0.99422687       0.0000000
       1719.3899      0.99621481      0.99284124       0.0000000
       1719.4107      0.99776232      0.99532717       0.0000000
       1719.4315      0.99822712      0.99559325       0.0000000
       1719.4524      0.99691033      0.99415177       0.0000000
       1719.4732      0.99906695      0.99618161       0.0000000
       1719.4940      0.99814034      0.99550515       0.0000000
       1719.5149      0.99660850      0.99398851       0.0000000
       1719.5357      0.99763125      0.99497074       0.0000000
       1719.5565       1.0000578      0.99597579       0.0000000
       1719.5774      0.99888700      0.99611586       0.0000000
       1719.5982      0.99985951      0.99702126       0.0000000
       1719.6190       1.0003489      0.99723029       0.0000000
       1719.6399       1.0006200      0.99695021       0.0000000
       1719.6607       1.0027244      0.99876171       0.0000000
       1719.6815       1.0033568       1.0004423       0.0000000
       1719.7024       1.0007867      0.99823391       0.0000000
       1719.7232       1.0007050      0.99795979       0.0000000
       1719.7440       1.0033152      0.99952251       0.0000000
       1719.7649       1.0014130      0.99796689       0.0000000
       1719.7857       1.0017450      0.99815023       0.0000000
       1719.8065       1.0012982      0.99813038       0.0000000
       1719.8274       1.0025519      0.99859560       0.0000000
       1719.8482       1.0030845      0.99820113       0.0000000
       1719.8690       1.0022113      0.99856859       0.0000000
       1719.8899      0.99999595      0.99677712       0.0000000
       1719.9107      0.89800638      0.87007833       128.00000
       1719.9315       1.0040005       1.0009189       0.0000000
       1719.9524       1.0040815       1.0010896       0.0000000
       1719.9732       1.0032774       1.0004154       0.0000000
       1719.9940       1.0046501       1.0013392       128.00000
       1720.0149       1.0053302      0.99976897       128.00000
       1720.0357       1.0039014       1.0009093       128.00000
       1720.0565       1.0031283       1.0006858       0.0000000
       1720.0774       1.0164317      0.99818665       128.00000
       1720.0982       1.0062248      0.99855298       128.00000
       1720.1190       1.0035062      0.99971533       0.0000000
       1720.1399       1.0033401       1.0005436       0.0000000
       1720.1607       1.0044119       1.0001978       0.0000000
       1720.1815       1.0053725      0.99752492       128.00000
       1720.2024       1.0055747       1.0008740       0.0000000
       1720.2232       1.0018388      0.99523151       0.0000000
       1720.2440       1.0030873      0.99896067       0.0000000
       1720.2649       1.0023569      0.99783278       0.0000000
       1720.2857       1.0038779      0.99549651       128.00000
       1720.3065       1.0013735      0.99578309       128.00000
       1720.3274       1.0023402      0.99879318       0.0000000
       1720.3482      0.99919671      0.99465144       0.0000000
       1720.3690       1.0010639      0.99544996       0.0000000
       1720.3899      0.99774951      0.99319482       128.00000
       1720.4107       1.0017507      0.99844718       0.0000000
       1720.4315      0.99942619      0.99640012       0.0000000
       1720.4524      0.99917102      0.99296433       0.0000000
       1720.4732       1.0019094      0.99732155       0.0000000
       1720.4940       1.0029929      0.99816847       0.0000000
       1720.5149      0.99810195      0.99846125       0.0000000
       1720.5357       1.0032424      0.99859399       0.0000000
       1720.5565       1.0040169      0.99807477       128.00000
       1720.5774       1.0009218      0.99826932       0.0000000
       1720.5982      0.99934852      0.99792141       0.0000000
       1720.6190      0.99988705      0.99775618       0.0000000
       1720.6399      0.99948519      0.99903232       128.00000
       1720.6607      0.99975234      0.99874926       0.0000000
       1720.6815       1.0007918      0.99984670       0.0000000
       1720.7024       1.0015903       1.0002940       0.0000000
       1720.7232      0.99952346      0.99852353       0.0000000
       1720.7440       1.0005237      0.99907953       0.0000000
       1720.7649       1.0003271       1.0004106       0.0000000
       1720.7857       1.0018325       1.0024749       0.0000000
       1720.8065      0.99753195      0.99936980       0.0000000
       1720.8274      0.99982131       1.0008714       0.0000000
       1720.8482      0.98214483      0.98653775       0.0000000
       1720.8690      0.97896665      0.98434168       0.0000000
       1720.8899      0.99961144       1.0056273       0.0000000
       1720.9107      0.99571943      0.99902827       128.00000
       1720.9315      0.99417889      0.99793959       128.00000
       1720.9524       1.0067792       1.0079519       0.0000000
       1720.9732       1.0002638       1.0003268       0.0000000
       1720.9940      0.99206376      0.98748571       0.0000000
       1721.0149      0.97359681      0.97037315       0.0000000
       1721.0357      0.96958500      0.96675396       128.00000
       1721.0565      0.98357552      0.98133349       0.0000000
       1721.0774      0.96395123      0.95529592       0.0000000
       1721.0982      0.99933398      0.98955935       0.0000000
       1721.1190       1.0121647       1.0048847       0.0000000
       1721.1399       1.0708926       1.0653641       0.0000000
       1721.1607       1.0088283       1.0050845       128.00000
       1721.1815       1.0631340       1.0063806       128.00000
       1721.2024       1.0065948      0.99605131       0.0000000
       1721.2232      0.97064275      0.96097928       0.0000000
       1721.2440       1.0034848      0.96830052       128.00000
       1721.2649       1.0045117      0.98565239       128.00000
       1721.2857      0.97229457      0.96628958       0.0000000
       1721.3065      0.98193514      0.97613281       0.0000000
       1721.3274       1.0137107       1.0110351       0.0000000
       1721.3482       1.0230852       1.0203032       0.0000000
       1721.3690       1.0399703       1.0079429       128.00000
       1721.3899       1.0136282       1.0130908       0.0000000
       1721.4107       1.0157350       1.0168191       0.0000000
       1721.4315      0.99026465      0.99173504       0.0000000
       1721.4524      0.97618926      0.97574276       128.00000
       1721.4732      0.96935630      0.96975565       0.0000000
       1721.4940      0.98029095      0.98162884       0.0000000
       1721.5149       1.0047230       1.0063019       0.0000000
       1721.5357       1.0010360       1.0021939       0.0000000
       1721.5565       1.0052170       1.0067945       0.0000000
       1721.5774      0.99766451      0.99949461       0.0000000
       1721.5982       1.0095890      0.99847800       128.00000
       1721.6190      0.98776048      0.99577135       0.0000000
       1721.6399      0.99065089      0.99317932       0.0000000
       1721.6607      0.98822445      0.99092823       0.0000000
       1721.6815      0.99187315      0.99510896       0.0000000
       1721.7024      0.99590325      0.99834877       0.0000000
       1721.7232      0.99611217      0.99794787       0.0000000
       1721.7440      0.99375218      0.99689507       0.0000000
       1721.7649      0.99505043      0.99764007       0.0000000
       1721.7857      0.99532586      0.99811888       0.0000000
       1721.8065      0.99593312      0.99886954       0.0000000
       1721.8274      0.99453115      0.99743468       0.0000000
       1721.8482       1.0170565      0.99843520       128.00000
       1721.8690       1.0187678      0.99835241       128.00000
       1721.8899       1.0027353      0.99937272       0.0000000
       1721.9107      0.99698704      0.99993074       0.0000000
       1721.9315      0.99520898      0.99819088       0.0000000
       1721.9524      0.99960709       1.0029228       0.0000000
       1721.9732      0.99966621       1.0012754       0.0000000
       1721.9940      0.99954331       1.0023042       0.0000000
       1722.0149       1.0009967       1.0042714       0.0000000
       1722.0357       1.0003469       1.0041134       0.0000000
       1722.0565      0.99849606       1.0019979       0.0000000
       1722.0774       1.0026860       1.0051759       0.0000000
       1722.0982       1.0022224       1.0051460       0.0000000
       1722.1190       1.0004265       1.0031315       0.0000000
       1722.1399       1.0022072       1.0046378       128.00000
       1722.1607       1.0018983       1.0047601       0.0000000
       1722.1815       1.0010153       1.0032471       0.0000000
       1722.2024      0.99749511       1.0005350       0.0000000
       1722.2232       1.0006291       1.0047114       0.0000000
       1722.2440      0.98954755       1.0033726       0.0000000
       1722.2649       1.0000381       1.0027703       0.0000000
       1722.2857       1.0004089       1.0042932       0.0000000
       1722.3065      0.99876094       1.0026770       0.0000000
       1722.3274      0.99868274       1.0011287       0.0000000
       1722.3482       1.0267001       1.0014777       128.00000
       1722.3690      0.99905717       1.0017070       0.0000000
       1722.3899       1.0246108       1.0016298       128.00000
       1722.4107       1.0145057       1.0016857       128.00000
       1722.4315      0.99949044       1.0018185       0.0000000
       1722.4524      0.99801737       1.0018547       0.0000000
       1722.4732      0.99736965       1.0003959       0.0000000
       1722.4940      0.99790478       1.0011630       0.0000000
       1722.5149       1.0018187       1.0049371       0.0000000
       1722.5357      0.99735701       1.0022676       0.0000000
       1722.5565      0.99786246       1.0012203       0.0000000
       1722.5774      0.99772573       1.0022485       0.0000000
       1722.5982      0.99706149       1.0015341       0.0000000
       1722.6190      0.99708927       1.0012143       0.0000000
       1722.6399      0.99616820       1.0009089       0.0000000
       1722.6607      0.99532837      0.99987578       0.0000000
       1722.6815      0.99685949       1.0015879       0.0000000
       1722.7024      0.99578130       1.0001341       0.0000000
       1722.7232      0.99533105      0.99912554       0.0000000
       1722.7440      0.99681526       1.0016441       0.0000000
       1722.7648      0.99633873       1.0001378       0.0000000
       1722.7857      0.99518377       1.0003688       0.0000000
       1722.8065      0.99634963       1.0014305       0.0000000
       1722.8273      0.99715227       1.0012589       0.0000000
       1722.8482      0.99507397       1.0001066       0.0000000
       1722.8690      0.99456424      0.99950755       0.0000000
       1722.8898      0.99627560       1.0017756       0.0000000
       1722.9107      0.98918891      0.99479216       0.0000000
       1722.9315      0.98280960      0.98752761       0.0000000
       1722.9523      0.97931015      0.98404670       0.0000000
       1722.9732      0.97586846      0.98040587       0.0000000
       1722.9940      0.99351496      0.98204106       128.00000
       1723.0148      0.98167253      0.98662370       0.0000000
       1723.0357      0.98901445      0.99424255       0.0000000
       1723.0565      0.99633062       1.0012060       0.0000000
       1723.0773      0.99784923       1.0032276       0.0000000
       1723.0982      0.99773127       1.0031313       0.0000000
       1723.1190      0.99633020       1.0013362       0.0000000
       1723.1398      0.99580014       1.0014355       0.0000000
       1723.1607      0.99701416       1.0027136       0.0000000
       1723.1815      0.99535882       1.0013217       0.0000000
       1723.2023      0.99363208      0.99993634       0.0000000
       1723.2232      0.99691051       1.0027621       0.0000000
       1723.2440      0.99663228       1.0025398       0.0000000
       1723.2648       1.0059789      0.99969113       128.00000
       1723.2857      0.99770242       1.0040767       0.0000000
       1723.3065       1.0231593       1.0043133       128.00000
       1723.3273      0.99804038       1.0043181       0.0000000
       1723.3482      0.99833697       1.0054914       0.0000000
       1723.3690      0.99913138       1.0061978       0.0000000
       1723.3898      0.99872065       1.0073053       0.0000000
       1723.4107       1.0003625       1.0095813       0.0000000
       1723.4315       1.0031493       1.0120995       0.0000000
       1723.4523       1.0016513       1.0104723       0.0000000
       1723.4732       1.0053598       1.0142493       0.0000000
       1723.4940       1.0074879       1.0171224       0.0000000
       1723.5148       1.0060173       1.0158142       0.0000000
       1723.5357       1.0082238       1.0177959       0.0000000
       1723.5565       1.0105911       1.0199990       0.0000000
       1723.5773       1.0110431       1.0216156       0.0000000
       1723.5982       1.0117259       1.0225356       0.0000000
       1723.6190       1.0125625       1.0219479       0.0000000
       1723.6398       1.0133548       1.0222958       0.0000000
       1723.6607       1.0155642       1.0261447       0.0000000
       1723.6815       1.0136987       1.0239445       0.0000000
       1723.7023       1.0133868       1.0243337       0.0000000
       1723.7232       1.0120487       1.0226208       0.0000000
       1723.7440       1.0223652       1.0211654       128.00000
       1723.7648       1.0090463       1.0200869       0.0000000
       1723.7857       1.0073059       1.0198623       0.0000000
       1723.8065       1.0056032       1.0168934       0.0000000
       1723.8273       1.0022641       1.0139016       0.0000000
       1723.8482       1.0009534       1.0123165       0.0000000
       1724.9523      0.99758089       1.0374094       128.00000
       1724.9732      0.99681270       1.0340564       0.0000000
       1724.9940      0.99803537       1.0337617       0.0000000
       1725.0148      0.99700636       1.0331647       0.0000000
       1725.0357      0.99674010       1.0308832       0.0000000
       1725.0565      0.99710703       1.0301962       0.0000000
       1725.0773      0.99893779       1.0304806       128.00000
       1725.0982      0.99673116       1.0268722       0.0000000
       1725.1190      0.99369138       1.0213214       128.00000
       1725.1398      0.99822521       1.0299019       0.0000000
       1725.1607      0.99367833       1.0223354       0.0000000
       1725.1815      0.99531120       1.0201352       0.0000000
       1725.2023      0.99806201       1.0246266       0.0000000
       1725.2232      0.99230373       1.0174413       0.0000000
       1725.2440      0.99855459       1.0253228       0.0000000
       1725.2648      0.99480182       1.0215787       0.0000000
       1725.2857      0.99542683       1.0207603       128.00000
       1725.3065      0.99456120       1.0176758       0.0000000
       1725.3273      0.99898022       1.0241941       0.0000000
       1725.3482      0.99695045       1.0201616       0.0000000
       1725.3690      0.99622154       1.0179439       128.00000
       1725.3898      0.99815595       1.0200375       0.0000000
       1725.4107      0.99532008       1.0150806       128.00000
       1725.4315      0.99712151       1.0200853       0.0000000
       1725.4523      0.99465215       1.0138385       128.00000
       1725.4732      0.99603426       1.0175177       128.00000
       1725.4940      0.99630833       1.0151101       128.00000
       1725.5148      0.99836481       1.0197207       0.0000000
       1725.5357      0.99440652       1.0115674       128.00000
       1725.5565       1.0007069       1.0202466       128.00000
       1725.5773      0.99623591       1.0153022       0.0000000
       1725.5982      0.99699992       1.0169528       0.0000000
       1725.6190      0.99699634       1.0132424       0.0000000
       1725.6398       1.0008500       1.0187058       128.00000
       1725.6607      0.99841976       1.0155681       0.0000000
       1725.6815       1.0011265       1.0195211       0.0000000
       1725.7023      0.99869233       1.0135002       128.00000
       1725.7231      0.99884254       1.0174342       0.0000000
       1725.7440      0.99948514       1.0181915       128.00000
       1725.7648       1.0008775       1.0183066       0.0000000
       1725.7856      0.99870157       1.0148913       128.00000
       1725.8065       1.0000029       1.0152187       0.0000000
       1725.8273       1.0012589       1.0163357       0.0000000
       1725.8481       1.0008764       1.0180256       0.0000000
       1725.8690      0.99875605       1.0133991       0.0000000
       1725.8898      0.99895287       1.0148968       0.0000000
       1725.9106       1.0026404       1.0185111       128.00000
       1725.9315      0.96551204      0.98184186       128.00000
       1725.9523      0.85588032      0.87190372       128.00000
       1725.9731      0.99923146       1.0156869       128.00000
       1725.9940       1.0015523       1.0176960       0.0000000
       1726.0148      0.99666536       1.0126967       0.0000000
       1726.0356       1.0001477       1.0163164       0.0000000
       1726.0565       1.0000334       1.0148214       0.0000000
       1726.0773       1.0143462       1.0180216       128.00000
       1726.0981       1.0009141       1.0179855       0.0000000
       1726.1190       1.0015346       1.0156502       128.00000
       1726.1398       1.0059319       1.0153834       0.0000000
       1726.1606       1.0017254       1.0161170       128.00000
       1726.1815       1.0050466       1.0155042       0.0000000
       1726.2023       1.0019763       1.0154763       0.0000000
       1726.2231       1.0079355       1.0168326       0.0000000
       1726.2440       1.0030894       1.0146074       128.00000
       1726.2648       1.0110420       1.0143312       128.00000
       1726.2856       1.0020950       1.0147001       0.0000000
       1726.3065      0.99873322       1.0127170       0.0000000
       1726.3273       1.0010242       1.0128255       128.00000
       1726.3481       1.0004594       1.0136673       0.0000000
       1726.3690       1.0007911       1.0141188       0.0000000
       1726.3898      0.99873668       1.0113639       0.0000000
       1726.4106       1.0075345       1.0119933       128.00000
       1726.4315       1.0034443       1.0122198       0.0000000
       1726.4523       1.0001336       1.0137306       0.0000000
       1726.4731       1.0029944       1.0092235       0.0000000
       1726.4940       1.0000597       1.0101770       0.0000000
       1726.5148       1.0018820       1.0109794       0.0000000
       1726.5356      0.99903202       1.0112975       0.0000000
       1726.5565      0.99952787       1.0094403       0.0000000
       1726.5773      0.99929112       1.0102456       0.0000000
       1726.5981       1.0030708       1.0112330       0.0000000
       1726.6190       1.0016983       1.0099808       0.0000000
       1726.6398       1.0022336       1.0100814       0.0000000
       1726.6606       1.0000507       1.0123340       0.0000000
       1726.6815       1.0008098       1.0116068       0.0000000
       1726.7023      0.99934202       1.0099884       128.00000
       1726.7231      0.99974036       1.0107487       0.0000000
       1726.7440       1.0000000       1.0113399       0.0000000
       1726.7648       1.0007713       1.0122039       0.0000000
       1726.7856       1.0012817       1.0127707       0.0000000
       1726.8065       1.0015769       1.0103856       0.0000000
       1726.8273       1.0026696       1.0128381       128.00000
       1726.8481       1.0103664       1.0119750       128.00000
       1726.8690       1.0003507       1.0084538       0.0000000
       1726.8898       1.0010073       1.0110042       0.0000000
       1726.9106       1.0011444       1.0112425       0.0000000
       1726.9315       1.0004132       1.0088462       128.00000
       1726.9523       1.0017844       1.0116353       0.0000000
       1726.9731       1.0069095       1.0130281       0.0000000
       1726.9940       1.0020189       1.0105692       0.0000000
       1727.0148       1.0007457       1.0107994       0.0000000
       1727.0356       1.0038354       1.0116059       0.0000000
       1727.0565       1.0018094       1.0105865       0.0000000
       1727.0773       1.0004321       1.0093231       0.0000000
       1727.0981       1.0020233       1.0100633       0.0000000
       1727.1190       1.0016979       1.0115380       0.0000000
       1727.1398      0.99933958       1.0082471       0.0000000
       1727.1606       1.0007662       1.0085105       0.0000000
       1727.1815       1.0034988       1.0091027       128.00000
       1727.2023       1.0008978       1.0089538       0.0000000
       1727.2231       1.0007143       1.0090929       0.0000000
       1727.2440       1.0018107       1.0101514       0.0000000
       1727.2648       1.0026513       1.0102683       0.0000000
       1727.2856       1.0011771       1.0099581       0.0000000
       1727.3065       1.0032871       1.0104766       0.0000000
       1727.3273       1.0023363       1.0105891       0.0000000
       1727.3481       1.0003616       1.0092496       0.0000000
       1727.3690       1.0023508       1.0098759       0.0000000
       1727.3898       1.0020567       1.0110806       0.0000000
       1727.4106       1.0001284       1.0087048       0.0000000
       1727.4315       1.0001745       1.0077684       0.0000000
       1727.4523      0.99989986       1.0068194       0.0000000
       1727.4731       1.0003724       1.0073389       0.0000000
       1727.4940       1.0004853       1.0077583       0.0000000
       1727.5148      0.99783385       1.0045592       0.0000000
       1727.5356       1.0003492       1.0054942       128.00000
       1727.5565      0.99997163       1.0073802       0.0000000
       1727.5773      0.99757844       1.0046133       0.0000000
       1727.5981      0.99771452       1.0044026       0.0000000
       1727.6190      0.99883950       1.0061448       0.0000000
       1727.6398      0.99796605       1.0036724       0.0000000
       1727.6606      0.99765277       1.0050536       0.0000000
       1727.6815      0.99800676       1.0044909       0.0000000
       1727.7023      0.99563265       1.0029086       0.0000000
       1727.7231      0.98928297      0.99498695       0.0000000
       1727.7440      0.98404253      0.99093026       0.0000000
       1727.7648      0.97672623      0.98226804       0.0000000
       1727.7856      0.97505885      0.98125196       0.0000000
       1727.8065      0.97706860      0.98348695       0.0000000
       1727.8273      0.98151767      0.98674899       0.0000000
       1727.8481      0.98625857      0.99072760       0.0000000
       1727.8690      0.99428326       1.0004565       0.0000000
       1727.8898      0.99690253       1.0019170       0.0000000
       1727.9106      0.99570566       1.0016522       0.0000000
       1727.9315      0.99591762       1.0026610       0.0000000
       1727.9523      0.99669290       1.0016751       0.0000000
       1727.9731      0.99739170       1.0031298       0.0000000
       1727.9940      0.99776757       1.0031075       0.0000000
       1728.0148      0.99888092       1.0024590       0.0000000
       1728.0356      0.99668902       1.0023024       128.00000
       1728.0564      0.99993283       1.0030415       0.0000000
       1728.0773      0.99823499       1.0034568       0.0000000
       1728.0981      0.99885011       1.0040174       0.0000000
       1728.1189      0.99653709       1.0027269       0.0000000
       1728.1398      0.99682093       1.0012542       0.0000000
       1728.1606      0.99957597       1.0039163       0.0000000
       1728.1814      0.99876398       1.0038840       0.0000000
       1728.2023      0.99932992       1.0039843       0.0000000
       1728.2231       1.0033882       1.0042282       128.00000
       1728.2439       1.0024087       1.0066350       0.0000000
       1728.2648       1.0012028       1.0062829       0.0000000
       1728.2856       1.0033324       1.0067972       0.0000000
       1728.3064       1.0102926       1.0058756       128.00000
       1728.3273       1.0075382       1.0086315       128.00000
       1728.3481       1.0067514       1.0107967       0.0000000
       1728.3689       1.0088581       1.0132681       0.0000000
       1728.3898       1.0091914       1.0116234       0.0000000
       1728.4106       1.0080577       1.0112090       128.00000
       1728.4314       1.0118749       1.0162249       0.0000000
       1728.4523       1.0109768       1.0141521       0.0000000
       1728.4731       1.0218065       1.0122790       128.00000
       1728.4939       1.0089275       1.0118192       0.0000000
       1728.5148       1.0089033       1.0130521       0.0000000
       1728.5356       1.0086269       1.0111390       0.0000000
       1728.5564       1.0056022       1.0085914       0.0000000
       1728.5773       1.0037296       1.0068960       0.0000000
       1728.5981       1.0025581       1.0061435       0.0000000
       1728.6189       1.0003144       1.0016696       0.0000000
       1728.6398      0.99775678       1.0002066       0.0000000
       1728.6606      0.99703139       1.0001609       0.0000000
       1728.6814      0.99606514       1.0003947       0.0000000
       1728.7023      0.99384576      0.99641478       0.0000000
       1728.7231      0.99543554      0.99528635       128.00000
       1728.7439      0.99443001      0.99778777       0.0000000
       1728.7648      0.99196768      0.99476063       0.0000000
       1728.7856      0.96682054      0.96789640       128.00000
       1728.8064      0.92707717      0.92830187       0.0000000
       1728.8273      0.88267112      0.88382739       0.0000000
       1728.8481      0.85120338      0.85322863       0.0000000
       1728.8689      0.84771729      0.84884447       0.0000000
       1728.8898      0.86802489      0.87025720       0.0000000
       1728.9106      0.90775251      0.90850854       128.00000
       1728.9314      0.94918716      0.95183790       0.0000000
       1728.9523      0.98865867      0.98986953       0.0000000
       1728.9731      0.99516797      0.99668860       0.0000000
       1728.9939      0.99200875      0.99394017       128.00000
       1729.0148      0.99886060      0.99985391       0.0000000
       1729.0356      0.99676192      0.99906826       0.0000000
       1729.0564      0.99726081      0.99898821       0.0000000
       1729.0773      0.99765772      0.99809033       128.00000
       1729.0981      0.99840623      0.99903637       0.0000000
       1729.1189      0.99809498       1.0000898       0.0000000
       1729.1398      0.99991393       1.0010263       0.0000000
       1729.1606      0.99730176      0.99794483       128.00000
       1729.1814      0.99791503      0.99987769       0.0000000
       1729.2023       1.0013311       1.0034498       0.0000000
       1729.2231      0.99933624       1.0000000       0.0000000
       1729.2439      0.87664372      0.87687296       128.00000
       1729.2648       1.0034940       1.0060890       0.0000000
       1729.2856       1.0012528       1.0042588       0.0000000
       1729.3064       1.0007719       1.0032532       0.0000000
       1729.3273       1.0030172       1.0051413       128.00000
       1729.3481       1.0041884       1.0069227       0.0000000
       1729.3689       1.0012165       1.0033380       0.0000000
       1729.3898       1.0037987       1.0055170       0.0000000
       1729.4106       1.0051812       1.0058632       0.0000000
       1729.4314       1.0003872       1.0027571       128.00000
       1729.4523       1.0019382       1.0048079       0.0000000
       1729.4731       1.0019540       1.0039117       0.0000000
       1729.4939       1.0047870       1.0044743       128.00000
       1729.5148       1.0031267       1.0049357       128.00000
       1729.5356       1.0013087       1.0037107       0.0000000
       1729.5564       1.0019711       1.0035167       0.0000000
       1729.5773       1.0039687       1.0051806       0.0000000
       1729.5981       1.0035777       1.0045546       0.0000000
       1729.6189       1.0027685       1.0044278       0.0000000
       1729.6398       1.0036521       1.0053915       0.0000000
       1729.6606       1.0022203       1.0037297       0.0000000
       1729.6814       1.0022590       1.0037664       128.00000
       1729.7023       1.0043674       1.0040396       0.0000000
       1729.7231       1.0061080       1.0051327       0.0000000
       1729.7439       1.0015118       1.0022544       0.0000000
       1729.7648       1.0014349       1.0023068       0.0000000
       1729.7856       1.0027150       1.0040200       0.0000000
       1729.8064       1.0014462       1.0021669       0.0000000
       1729.8273      0.99978524       1.0007288       0.0000000
       1729.8481       1.0011907       1.0019832       0.0000000
       1729.8689       1.0017929       1.0023446       0.0000000
       1729.8898      0.99957490       1.0002513       0.0000000
       1729.9106      0.99956733       1.0001688       0.0000000
       1729.9314       1.0025378       1.0028113       0.0000000
       1729.9523       1.0003844       1.0010768       0.0000000
       1729.9731      0.99824834      0.99949759       0.0000000
       1729.9939       1.0021796       1.0015081       0.0000000
       1730.0148       1.0026473       1.0022280       0.0000000
       1730.0356       1.0000956       1.0005969       0.0000000
       1730.0564       1.0017439       1.0021552       0.0000000
       1730.0772       1.0009135      0.99986142       0.0000000
       1730.0981       1.0000776       1.0004956       0.0000000
       1730.1189       1.0012405       1.0006618       0.0000000
       1730.1397       1.0004321       1.0007282       0.0000000
       1730.1606      0.99880302      0.99902171       0.0000000
       1730.1814      0.99862158      0.99857485       0.0000000
       1730.2022      0.99970365      0.99890512       0.0000000
       1730.2231       1.0006756      0.99916166       0.0000000
       1730.2439      0.99994403      0.99927104       0.0000000
       1730.2647       1.0000776       1.0000660       0.0000000
       1730.2856       1.0009264       1.0001763       0.0000000
       1730.3064       1.0003424      0.99991679       0.0000000
       1730.3272      0.99918622      0.99859214       0.0000000
       1730.3481       1.0018737       1.0016179       0.0000000
       1730.3689       1.0005895       1.0002068       0.0000000
       1730.3897      0.99930280      0.99831617       0.0000000
       1730.4106       1.0005177       1.0003338       0.0000000
       1730.4314       1.0010209       1.0002520       0.0000000
       1730.4522       1.0013028       1.0001267       0.0000000
       1730.4731       1.0006998       1.0000119       0.0000000
       1730.4939      0.99979943      0.99979198       0.0000000
       1730.5147       1.0006044      0.99940664       0.0000000
       1730.5356       1.0015663       1.0004970       0.0000000
       1730.5564       1.0017257       1.0004390       0.0000000
       1730.5772       1.0015877       1.0006901       0.0000000
       1730.5981       1.0023962       1.0011891       0.0000000
       1730.6189       1.0028466       1.0016482       0.0000000
       1730.6397       1.0008905      0.99923700       0.0000000
       1730.6606       1.0031910       1.0019184       0.0000000
       1730.6814       1.0029294       1.0016427       0.0000000
       1730.7022       1.0016967       1.0006251       0.0000000
       1730.7231       1.0026705       1.0014606       0.0000000
       1730.7439       1.0022763       1.0002582       0.0000000
       1730.7647       1.0036544       1.0021763       0.0000000
       1730.7856       1.0042402       1.0026958       0.0000000
       1730.8064       1.0012258      0.99923104       0.0000000
       1730.8272       1.0030042       1.0012252       0.0000000
       1730.8481       1.0025334       1.0011413       0.0000000
       1730.8689       1.0030134       1.0013990       0.0000000
       1730.8897       1.0014013      0.99948746       0.0000000
       1730.9106       1.0024770       1.0004696       0.0000000
       1730.9314       1.0013335      0.99949396       0.0000000
       1730.9522       1.0008694      0.99910432       0.0000000
       1730.9731       1.0004274      0.99803698       0.0000000
       1730.9939       1.0018812       1.0000664       0.0000000
       1731.0147       1.0003867      0.99845451       0.0000000
       1731.0356       1.0019746       1.0000829       0.0000000
       1731.0564       1.0000125      0.99832779       0.0000000
       1731.0772       1.0008340      0.99809372       0.0000000
       1731.0981       1.0004711      0.99798936       0.0000000
       1731.1189       1.0008643      0.99882740       0.0000000
       1731.1397      0.99926251      0.99765426       0.0000000
       1731.1606      0.99983907      0.99792367       0.0000000
       1731.1814      0.99877530      0.99650294       0.0000000
       1731.2022       1.0003009      0.99730045       0.0000000
       1731.2231      0.99774742      0.99575138       0.0000000
       1731.2439      0.99728966      0.99497521       0.0000000
       1731.2647      0.99858224      0.99606651       0.0000000
       1731.2856       1.0007156      0.99759465       0.0000000
       1731.3064      0.99728709      0.99478459       0.0000000
       1731.3272      0.99789107      0.99623311       0.0000000
       1731.3481      0.99821812      0.99592358       0.0000000
       1731.3689      0.99794924      0.99534392       0.0000000
       1731.3897      0.99745530      0.99500281       0.0000000
       1731.4106      0.99822336      0.99536908       0.0000000
       1731.4314      0.99890316      0.99532712       0.0000000
       1731.4522      0.99767029      0.99443960       0.0000000
       1731.4731      0.99851853      0.99515939       0.0000000
       1731.4939      0.99870169      0.99648577       0.0000000
       1731.5147      0.99862176      0.99629837       0.0000000
       1731.5356      0.99945265      0.99558127       0.0000000
       1731.5564       1.0001374      0.99704492       0.0000000
       1731.5772       1.0002059      0.99843174       0.0000000
       1731.5981      0.99903882      0.99530524       0.0000000
       1731.6189       1.0012459      0.99827486       0.0000000
       1731.6397       1.0010281      0.99806613       0.0000000
       1731.6606       1.0008541      0.99867326       0.0000000
       1731.6814       1.0011728      0.99795997       0.0000000
       1731.7022       1.0029093       1.0000434       0.0000000
       1731.7231       1.0006262      0.99752951       0.0000000
       1731.7439      0.99956441      0.99602520       0.0000000
       1731.7647       1.0016197      0.99814492       0.0000000
       1731.7856       1.0006059      0.99743128       0.0000000
       1731.8064       1.0010695      0.99714488       0.0000000
       1731.8272       1.0008336      0.99729294       0.0000000
       1731.8480       1.0003994      0.99668068       0.0000000
       1731.8689       1.0029931      0.99892086       0.0000000
       1731.8897       1.0006496      0.99716324       0.0000000
       1731.9105      0.99820095      0.99497426       0.0000000
       1731.9314       1.0017483      0.99810714       0.0000000
       1731.9522       1.0002570      0.99598914       0.0000000
       1731.9730      0.99949229      0.99737793       0.0000000
       1731.9939       1.0013605      0.99657482       0.0000000
       1732.0147       1.0008250      0.99770939       0.0000000
       1732.0355       1.0010309      0.99670506       0.0000000
       1732.0564       1.0015169      0.99808681       0.0000000
       1732.0772      0.99905646      0.99545711       0.0000000
       1732.0980       1.0001650      0.99655527       0.0000000
       1732.1189       1.0022495      0.99817562       0.0000000
       1732.1397      0.99937630      0.99578667       0.0000000
       1732.1605      0.99922407      0.99521244       0.0000000
       1732.1814       1.0011954      0.99659985       0.0000000
       1732.2022       1.0017685      0.99686372       0.0000000
       1732.2230      0.99819654      0.99489737       0.0000000
       1732.2439      0.99940366      0.99590015       0.0000000
       1732.2647      0.99884683      0.99451488       0.0000000
       1732.2855      0.99656230      0.99288523       0.0000000
       1732.3064      0.99963921      0.99499130       0.0000000
       1732.3272      0.99679959      0.99325806       0.0000000
       1732.3480      0.99832058      0.99323016       0.0000000
       1732.3689      0.99983364      0.99480313       0.0000000
       1732.3897      0.99825305      0.99404150       0.0000000
       1732.4105      0.99856627      0.99343932       0.0000000
       1732.4314      0.99712420      0.99262267       0.0000000
       1732.4522      0.99729192      0.99271852       0.0000000
       1732.4730      0.99689639      0.99259996       0.0000000
       1732.4939      0.99508822      0.99093270       0.0000000
       1732.5147      0.99442387      0.99000871       0.0000000
       1732.5355      0.99209696      0.98677260       0.0000000
       1732.5564      0.98310351      0.97816789       0.0000000
       1732.5772      0.97610021      0.97129148       0.0000000
       1732.5980      0.97552335      0.97055465       0.0000000
       1732.6189      0.97735733      0.97267628       0.0000000
       1732.6397      0.98027754      0.97511631       0.0000000
       1732.6605      0.98674548      0.98235327       0.0000000
       1732.6814      0.99484682      0.98890746       0.0000000
       1732.7022      0.99861002      0.99324805       0.0000000
       1732.7230      0.99621052      0.99060237       0.0000000
       1732.7439      0.99616194      0.99090922       0.0000000
       1732.7647      0.99697137      0.99208617       0.0000000
       1732.7855      0.99747723      0.99184763       0.0000000
       1732.8064      0.99697393      0.99186063       0.0000000
       1732.8272      0.99712825      0.99216866       0.0000000
       1732.8480      0.99674433      0.99110287       0.0000000
       1732.8689      0.99638408      0.99073422       0.0000000
       1732.8897      0.99668616      0.99163222       0.0000000
       1732.9105      0.99904358      0.99328595       0.0000000
       1732.9314      0.99728709      0.99157768       0.0000000
       1732.9522      0.99915636      0.99394631       0.0000000
       1732.9730       1.0004930      0.99468201       0.0000000
       1732.9939      0.99804556      0.99273127       0.0000000
       1733.0147      0.99928856      0.99271154       0.0000000
       1733.0355       1.0008262      0.99543661       0.0000000
       1733.0564      0.99875760      0.99312907       0.0000000
       1733.0772       1.0004364      0.99412954       0.0000000
       1733.0980       1.0013579      0.99575663       0.0000000
       1733.1189       1.0032599      0.99652308       0.0000000
       1733.1397       1.0047348      0.99988586       0.0000000
       1733.1605       1.0040443      0.99810255       0.0000000
       1733.1814       1.0070219       1.0007458       0.0000000
       1733.2022       1.0094632       1.0031474       0.0000000
       1733.2230       1.0101972       1.0041100       0.0000000
       1733.2439       1.0082998       1.0027277       0.0000000
       1733.2647       1.0103345       1.0038995       0.0000000
       1733.2855       1.0117127       1.0052325       0.0000000
       1733.3064       1.0102776       1.0035466       0.0000000
       1733.3272       1.0086583       1.0027577       0.0000000
       1733.3480       1.0074133       1.0007740       0.0000000
       1733.3689       1.0063757       1.0004596       0.0000000
       1733.3897       1.0040945      0.99794668       0.0000000
       1733.4105       1.0027137      0.99599838       0.0000000
       1733.4314      0.99934351      0.99296904       0.0000000
       1733.4522      0.99970442      0.99321556       0.0000000
       1733.4730      0.99589926      0.98899561       0.0000000
       1733.4938      0.84323829      0.83730501       128.00000
       1733.5147      0.99659848      0.99062067       0.0000000
       1733.5355      0.99400061      0.98810905       0.0000000
       1733.5563      0.99431926      0.98771214       0.0000000
       1733.5772      0.99643356      0.99001312       0.0000000
       1733.5980      0.97313690      0.96694779       0.0000000
       1733.6188      0.92916805      0.92376578       0.0000000
       1733.6397      0.88692772      0.88137817       128.00000
       1733.6605      0.85659266      0.85144752       0.0000000
       1733.6813      0.84640104      0.84116697       0.0000000
       1733.7022      0.86252385      0.85749233       0.0000000
       1733.7230      0.90295017      0.89783347       0.0000000
       1733.7438      0.94788384      0.94152713       0.0000000
       1733.7647      0.98498696      0.97848564       0.0000000
       1733.7855      0.99522215      0.98876315       0.0000000
       1733.8063      0.99674165      0.98938084       128.00000
       1733.8272      0.99687231      0.99077141       0.0000000
       1733.8480      0.99667138      0.98976415       0.0000000
       1733.8688      0.99767762      0.99071795       0.0000000
       1733.8897      0.99781418      0.99119365       0.0000000
       1733.9105      0.99774176      0.99114805       0.0000000
       1733.9313      0.99749225      0.99101180       0.0000000
       1733.9522      0.99973881      0.99313486       0.0000000
       1733.9730      0.99891466      0.99232382       0.0000000
       1733.9938      0.99975067      0.99229723       128.00000
       1734.0147       1.0021486      0.99555743       0.0000000
       1734.0355       1.0013386      0.99452889       0.0000000
       1734.0563       1.0011444      0.99446696       0.0000000
       1734.0772       1.0031443      0.99622208       0.0000000
       1734.0980       1.0020108      0.99445409       0.0000000
       1734.1188       1.0019118      0.99504709       0.0000000
       1734.1397       1.0019329      0.99471891       0.0000000
       1734.1605       1.0027269      0.99553025       0.0000000
       1734.1813       1.0034153      0.99606007       0.0000000
       1734.2022       1.0029668      0.99559599       0.0000000
       1734.2230       1.0029812      0.99573958       0.0000000
       1734.2438       1.0033822      0.99619073       0.0000000
       1734.2647       1.0038431      0.99671853       0.0000000
       1734.2855       1.0022336      0.99513131       0.0000000
       1734.3063       1.0007483      0.99370271       0.0000000
       1734.3272       1.0041950      0.99720043       0.0000000
       1734.3480       1.0036449      0.99673170       0.0000000
       1734.3688       1.0052423      0.99836856       0.0000000
       1734.3897       1.0072842       1.0005031       0.0000000
       1734.4105      0.99969393      0.99313718       0.0000000
       1734.4313      0.99749905      0.99108142       0.0000000
       1734.4522       1.0016019      0.99520612       0.0000000
       1734.4730       1.0086724       1.0022624       0.0000000
       1734.4938       1.0012271      0.99525005       0.0000000
       1734.5147      0.99393088      0.98676670       0.0000000
       1734.5355       1.0025470      0.99556786       0.0000000
       1734.5563       1.0045345      0.99703091       0.0000000
       1734.5772       1.0008987      0.99316317       0.0000000
       1734.5980      0.99597591      0.98804283       0.0000000
       1734.6188      0.98898357      0.98100060       0.0000000
       1734.6397       1.0160997       1.0077527       0.0000000
       1734.6605      0.98961049      0.98142260       0.0000000
       1734.6813      0.97268206      0.96480715       0.0000000
       1734.7022      0.99985200      0.99208844       0.0000000
       1734.7230       1.0119510       1.0044333       0.0000000
       1734.7438      0.97444546      0.96758008       128.00000
       1734.7647      0.98745537      0.98077595       0.0000000
       1734.7855      0.98459738      0.97843051       0.0000000
       1734.8063      0.93882704      0.93335718       0.0000000
       1734.8272      0.97771788      0.97130901       0.0000000
       1734.8480       1.0015520      0.99525446       0.0000000
       1734.8688       1.0032780      0.99729228       0.0000000
       1734.8897      0.99455333      0.98964030       0.0000000
       1734.9105      0.97097355      0.96639645       0.0000000
       1734.9313      0.98932076      0.98491865       0.0000000
       1734.9521       1.0032312      0.99912363       0.0000000
       1734.9730       1.0058439       1.0022776       0.0000000
       1734.9938       1.0176725       1.0140042       0.0000000
       1735.0146      0.96045959      0.95659405       0.0000000
       1735.0355      0.95777887      0.95439100       0.0000000
       1735.0563       1.0106310       1.0060663       0.0000000
       1735.0771       1.0283306       1.0234991       0.0000000
       1735.0980      0.99291122      0.98835319       0.0000000
       1735.1188      0.99507815      0.99038619       0.0000000
       1735.1396       1.0055989       1.0009843       0.0000000
       1735.1605      0.99462903      0.99025154       0.0000000
       1735.1813      0.98490167      0.98075253       0.0000000
       1735.2021      0.98377818      0.97976440       0.0000000
       1735.2230       1.0010657      0.99683464       0.0000000
       1735.2438       1.0052197       1.0009872       0.0000000
       1735.2646       1.0040389      0.99989849       0.0000000
       1735.2855       1.0071092       1.0025406       0.0000000
       1735.3063      0.99791515      0.99330997       0.0000000
       1735.3271      0.99666268      0.99216676       0.0000000
       1735.3480      0.99565816      0.99125689       0.0000000
       1735.3688      0.99793440      0.99359149       0.0000000
       1735.3896      0.99831659      0.99421549       0.0000000
       1735.4105      0.99986160      0.99566275       0.0000000
       1735.4313       1.0016118      0.99745196       0.0000000
       1735.4521      0.99930960      0.99520159       0.0000000
       1735.4730      0.99763346      0.99350131       0.0000000
       1735.4938      0.99786103      0.99437797       0.0000000
       1735.5146      0.99893892      0.99566627       0.0000000
       1735.5355      0.99753958      0.99347657       0.0000000
       1735.5563      0.99679571      0.99298286       0.0000000
       1735.5771      0.99832636      0.99463576       0.0000000
       1735.5980      0.99782604      0.99418736       0.0000000
       1735.6188      0.99852133      0.99490219       0.0000000
       1735.6396      0.99697906      0.99346775       0.0000000
       1735.6605      0.99811280      0.99471933       0.0000000
       1735.6813      0.99632430      0.99310273       0.0000000
       1735.7021      0.99623370      0.99291557       0.0000000
       1735.7230      0.99929368      0.99556243       0.0000000
       1735.7438      0.99780548      0.99465585       0.0000000
       1735.7646      0.99815953      0.99566293       0.0000000
       1735.7855      0.99712914      0.99412179       0.0000000
       1735.8063      0.99903160      0.99600297       0.0000000
       1735.8271      0.99841315      0.99560535       0.0000000
       1735.8480       1.0007758      0.99664581       0.0000000
       1735.8688      0.99945194      0.99609727       0.0000000
       1735.8896      0.99919260      0.99653018       0.0000000
       1735.9105      0.99689716      0.99435872       0.0000000
       1735.9313      0.99712193      0.99433976       0.0000000
       1735.9521      0.99810714      0.99383163       128.00000
       1735.9730      0.99714017      0.99473125       0.0000000
       1735.9938      0.99393332      0.99144781       0.0000000
       1736.0146      0.99594319      0.99367219       128.00000
       1736.0355      0.99563473      0.99342591       0.0000000
       1736.0563      0.99932545      0.99122852       128.00000
       1736.0771      0.99294281      0.99141568       0.0000000
       1736.0980      0.99494803      0.99359173       0.0000000
       1736.1188      0.99354923      0.99159014       0.0000000
       1736.1396      0.99447519      0.99258834       0.0000000
       1736.1605      0.99504226      0.99360842       0.0000000
       1736.1813      0.99924558      0.99614167       0.0000000
       1736.2021      0.99662316      0.99517435       0.0000000
       1736.2230      0.99351078      0.99254054       0.0000000
       1736.2438      0.99718165      0.99597394       0.0000000
       1736.2646      0.99838746      0.99589801       0.0000000
       1736.2855      0.99589455      0.99144214       0.0000000
       1736.3063      0.99658149      0.99418753       0.0000000
       1736.3271      0.99665797      0.99555039       0.0000000
       1736.3479      0.99794823      0.99380487       0.0000000
       1736.3688      0.99759132      0.99673665       0.0000000
       1736.3896      0.99660271      0.99611968       0.0000000
       1736.4104       1.0032364      0.99624133       0.0000000
       1736.4313       1.0027156      0.99921811       0.0000000
       1736.4521      0.99812061      0.99763954       0.0000000
       1736.4729      0.99791318      0.99734211       0.0000000
       1736.4938       1.0104033      0.99905223       0.0000000
       1736.5146      0.99646151      0.99623895       0.0000000
       1736.5354      0.99908674      0.99685514       0.0000000
       1736.5563      0.99969602      0.99950397       0.0000000
       1736.5771       1.0061599      0.99894601       128.00000
       1736.5979       1.0021399      0.99536932       0.0000000
       1736.6188      0.99739057      0.99762893       0.0000000
       1736.6396       1.0016016       1.0001876       0.0000000
       1736.6604      0.99824792      0.99790215       0.0000000
       1736.6813       1.0039189       1.0018491       128.00000
       1736.7021      0.99985468      0.99955392       0.0000000
       1736.7229       1.0018251       1.0009242       0.0000000
       1736.7438       1.0119714       1.0033715       0.0000000
       1736.7646       1.0086012       1.0026869       0.0000000
       1736.7854       1.0036061       1.0016551       128.00000
       1736.8063       1.0117712       1.0014213       0.0000000
       1736.8271       1.0093420       1.0024379       0.0000000
       1736.8479       1.0025640       1.0028085       0.0000000
       1736.8688       1.0046871       1.0032568       0.0000000
       1736.8896       1.0075256       1.0008519       128.00000
       1736.9104       1.0075670       1.0046244       128.00000
       1736.9313       1.0069475       1.0057442       0.0000000
       1736.9521       1.0039403       1.0028821       128.00000
       1736.9729       1.0030590       1.0038781       0.0000000
       1736.9938       1.0045190       1.0058198       0.0000000
       1737.0146       1.0073978       1.0060930       0.0000000
       1737.0354       1.0054860       1.0059131       0.0000000
       1737.0563       1.0051072       1.0062125       0.0000000
       1737.0771       1.0070473       1.0070873       128.00000
       1737.0979       1.0054721       1.0056841       0.0000000
       1737.1188       1.0034982       1.0042092       0.0000000
       1737.1396       1.0034100       1.0041345       0.0000000
       1737.1604       1.0034606       1.0048862       0.0000000
       1737.1813       1.0031431       1.0048538       0.0000000
       1737.2021       1.0064530       1.0074064       0.0000000
       1737.2229       1.0088348       1.0106518       0.0000000
       1737.2438       1.0057980       1.0067542       0.0000000
       1737.2646       1.0073860       1.0065700       0.0000000
       1737.2854       1.0058815       1.0075287       0.0000000
       1737.3063       1.0045879       1.0055667       0.0000000
       1737.3271       1.0041064       1.0050156       0.0000000
       1737.3479       1.0025520       1.0046327       0.0000000
       1737.3688       1.0030240       1.0044950       0.0000000
       1737.3896       1.0042663       1.0056273       0.0000000
