     992
       1468.3083      0.99630052      0.99106556       0.0000000
       1468.3292      0.99620426      0.99117631       0.0000000
       1468.3500      0.99668574      0.99138403       0.0000000
       1468.3708      0.99670309      0.99141496       0.0000000
       1468.3917      0.88942087      0.88645333       128.00000
       1468.4125      0.99805325      0.99218088       0.0000000
       1468.4333      0.99773836      0.99243432       0.0000000
       1468.4542      0.99769109      0.99251556       0.0000000
       1468.4750      0.99832499      0.99267703       0.0000000
       1468.4958      0.99782735      0.99233478       0.0000000
       1468.5167      0.99855030      0.99295551       0.0000000
       1468.5375      0.99859792      0.99275947       0.0000000
       1468.5583      0.99852723      0.99297404       0.0000000
       1468.5792      0.99876320      0.99356735       0.0000000
       1468.6000      0.99896544      0.99373949       0.0000000
       1468.6208      0.99929267      0.99348027       0.0000000
       1468.6417      0.99890727      0.99362141       0.0000000
       1468.6625      0.99866474      0.99332476       0.0000000
       1468.6833      0.99946219      0.99382150       0.0000000
       1468.7042      0.99884158      0.99321145       0.0000000
       1468.7250      0.99885106      0.99321747       0.0000000
       1468.7458      0.99911439      0.99367297       0.0000000
       1468.7667      0.99916399      0.99369860       0.0000000
       1468.7875      0.99891651      0.99358404       0.0000000
       1468.8083      0.99901813      0.99402249       0.0000000
       1468.8292      0.99941200      0.99384803       0.0000000
       1468.8500      0.99931633      0.99355423       0.0000000
       1468.8708      0.99971616      0.99426156       0.0000000
       1468.8917      0.99972957      0.99470997       0.0000000
       1468.9125      0.99979472      0.99503732       0.0000000
       1468.9333       1.0009477      0.99552411       0.0000000
       1468.9542       1.0002685      0.99475801       128.00000
       1468.9750      0.99931139      0.99477702       0.0000000
       1468.9958       1.0005382      0.99534261       0.0000000
       1469.0167       1.0007851      0.99556005       0.0000000
       1469.0375       1.0007454      0.99559695       0.0000000
       1469.0583       1.0002406      0.99516314       0.0000000
       1469.0792       1.0007401      0.99612182       0.0000000
       1469.1000       1.0006140      0.99568629       0.0000000
       1469.1208       1.0002731      0.99535662       0.0000000
       1469.1417       1.0002712      0.99545646       0.0000000
       1469.1625       1.0000885      0.99570078       0.0000000
       1469.1833       1.0009956      0.99596792       0.0000000
       1469.2042       1.0005181      0.99572414       0.0000000
       1469.2250       1.0003768      0.99626023       0.0000000
       1469.2458       1.0000124      0.99562085       0.0000000
       1469.2667      0.99938804      0.99483973       0.0000000
       1469.2875       1.0000782      0.99523765       0.0000000
       1469.3083      0.99955434      0.99508387       0.0000000
       1469.3292      0.99981034      0.99552006       0.0000000
       1469.3500      0.99950981      0.99545664       0.0000000
       1469.3708       1.0002241      0.99637938       0.0000000
       1469.3917       1.0004374      0.99629176       0.0000000
       1469.4125      0.99996090      0.99592221       0.0000000
       1469.4333       1.0003873      0.99646193       0.0000000
       1469.4542       1.0000607      0.99650222       0.0000000
       1469.4750       1.0005440      0.99680531       0.0000000
       1469.4958       1.0005658      0.99725062       0.0000000
       1469.5167       1.0007409      0.99758399       0.0000000
       1469.5375       1.0014929      0.99796283       0.0000000
       1469.5583       1.0009809      0.99750787       0.0000000
       1469.5792       1.0005769      0.99729121       0.0000000
       1469.6000       1.0004466      0.99750251       0.0000000
       1469.6208      0.99980944      0.99716866       0.0000000
       1469.6417      0.99953276      0.99644989       0.0000000
       1469.6625      0.99957448      0.99651355       0.0000000
       1469.6833      0.99886465      0.99628478       0.0000000
       1469.7042      0.99852031      0.99604785       0.0000000
       1469.7250      0.99906498      0.99655366       0.0000000
       1469.7458       1.0004243      0.99751860       0.0000000
       1469.7667       1.0000240      0.99683088       0.0000000
       1469.7875       1.0002660      0.99742168       0.0000000
       1469.8083       1.0004175      0.99737746       0.0000000
       1469.8292       1.0003645      0.99734372       0.0000000
       1469.8500       1.0005912      0.99764413       0.0000000
       1469.8708       1.0007508      0.99813670       0.0000000
       1469.8917       1.0002455      0.99761462       0.0000000
       1469.9125       1.0001751      0.99780816       0.0000000
       1469.9333       1.0003248      0.99792987       0.0000000
       1469.9542       1.0003824      0.99775898       0.0000000
       1469.9750       1.0009495      0.99814403       0.0000000
       1469.9958       1.0006655      0.99799901       0.0000000
       1470.0167       1.0005547      0.99798769       0.0000000
       1470.0375       1.0003728      0.99816871       0.0000000
       1470.0583       1.0005164      0.99801040       0.0000000
       1470.0792       1.0004267      0.99778277       0.0000000
       1470.1000       1.0000484      0.99766922       0.0000000
       1470.1208       1.0006242      0.99805439       0.0000000
       1470.1417       1.0000218      0.99745417       0.0000000
       1470.1625       1.0007851      0.99843973       0.0000000
       1470.1833       1.0001838      0.99801958       0.0000000
       1470.2042      0.99941754      0.99713349       0.0000000
       1470.2250      0.99920022      0.99712658       0.0000000
       1470.2458      0.99918509      0.99714309       0.0000000
       1470.2667      0.99980736      0.99771053       0.0000000
       1470.2875      0.99963361      0.99779630       0.0000000
       1470.3083      0.99944836      0.99733973       0.0000000
       1470.3292      0.99961215      0.99754661       0.0000000
       1470.3500      0.99996436      0.99788827       0.0000000
       1470.3708      0.99979758      0.99789178       0.0000000
       1470.3917      0.99846661      0.99691212       0.0000000
       1470.4125      0.99941194      0.99723381       0.0000000
       1470.4333      0.99936265      0.99730313       0.0000000
       1470.4542      0.99954730      0.99746257       0.0000000
       1470.4750      0.99954832      0.99755764       0.0000000
       1470.4958      0.99865222      0.99692160       0.0000000
       1470.5167      0.99899554      0.99732596       0.0000000
       1470.5375      0.99876362      0.99701744       0.0000000
       1470.5583      0.99925631      0.99761683       0.0000000
       1470.5792       1.0000148      0.99819195       0.0000000
       1470.6000       1.0004207      0.99858147       0.0000000
       1470.6208       1.0006526      0.99899483       0.0000000
       1470.6417       1.0008128      0.99922353       0.0000000
       1470.6625       1.0006468      0.99926025       0.0000000
       1470.6833       1.0011841      0.99960899       0.0000000
       1470.7042       1.0011959       1.0000000       0.0000000
       1470.7250       1.0014369       1.0000042       0.0000000
       1470.7458       1.0011232      0.99978602       0.0000000
       1470.7667       1.0011837      0.99975151       0.0000000
       1470.7875       1.0010291      0.99962014       0.0000000
       1470.8083       1.0002831      0.99901718       0.0000000
       1470.8292      0.99989343      0.99858552       0.0000000
       1470.8500      0.99950486      0.99834728       0.0000000
       1470.8708      0.99936670      0.99806511       0.0000000
       1470.8917      0.99954075      0.99818063       0.0000000
       1470.9125      0.99957317      0.99822664       0.0000000
       1470.9333       1.0002171      0.99877942       0.0000000
       1470.9542       1.0002869      0.99891734       0.0000000
       1470.9750       1.0004210      0.99918157       0.0000000
       1470.9958       1.0007489      0.99955732       0.0000000
       1471.0167       1.0006882      0.99943924       0.0000000
       1471.0375       1.0014013       1.0001403       0.0000000
       1471.0583       1.0011904      0.99997377       0.0000000
       1471.0792       1.0010663      0.99993372       0.0000000
       1471.1000       1.0014549       1.0001129       0.0000000
       1471.1208       1.0011424      0.99999171       0.0000000
       1471.1417       1.0012105       1.0001438       0.0000000
       1471.1625       1.0006089      0.99945784       0.0000000
       1471.1833       1.0003951      0.99933493       0.0000000
       1471.2042       1.0006051      0.99948001       0.0000000
       1471.2250       1.0006186      0.99949914       0.0000000
       1471.2458       1.0002620      0.99914789       0.0000000
       1471.2667      0.99969947      0.99839735       0.0000000
       1471.2875      0.99925393      0.99807197       0.0000000
       1471.3083      0.99916518      0.99824131       0.0000000
       1471.3292      0.99936450      0.99839967       0.0000000
       1471.3500      0.99949390      0.99820888       0.0000000
       1471.3708      0.99931896      0.99812073       0.0000000
       1471.3917      0.99854267      0.99752277       0.0000000
       1471.4125      0.99919713      0.99775070       0.0000000
       1471.4333      0.99883515      0.99780035       0.0000000
       1471.4542      0.99948996      0.99831820       0.0000000
       1471.4750      0.99980247      0.99848819       0.0000000
       1471.4958      0.99955624      0.99826449       0.0000000
       1471.5167      0.88216221      0.88051569       128.00000
       1471.5375       1.0006249      0.99760097       128.00000
       1471.5583      0.99980581      0.99803507       0.0000000
       1471.5792      0.99984694      0.99793226       0.0000000
       1471.6000      0.99968314      0.99819833       128.00000
       1471.6208       1.0006368      0.99805993       0.0000000
       1471.6417       1.0003502      0.99842280       128.00000
       1471.6625      0.99934798      0.99834460       128.00000
       1471.6833      0.99960881      0.99768806       128.00000
       1471.7042      0.99962676      0.99809098       0.0000000
       1471.7250       1.0000129      0.99897337       0.0000000
       1471.7458       1.0007602      0.99883920       0.0000000
       1471.7667       1.0007837      0.99905550       0.0000000
       1471.7875       1.0001556      0.99899685       0.0000000
       1471.8083       1.0012307      0.99911612       128.00000
       1471.8292       1.0009562      0.99922448       0.0000000
       1471.8500      0.99991006      0.99962020       0.0000000
       1471.8708       1.0001377      0.99894547       0.0000000
       1471.8917      0.99998003      0.99961215       0.0000000
       1471.9125       1.0003096      0.99905926       0.0000000
       1471.9333       1.0002412      0.99977571       0.0000000
       1471.9542       1.0005800      0.99957341       0.0000000
       1471.9750      0.99955350      0.99896961       0.0000000
       1471.9958       1.0000517      0.99864560       0.0000000
       1472.0167      0.99763268      0.99880260       128.00000
       1472.0375      0.99927837      0.99854070       0.0000000
       1472.0583      0.99917340      0.99906176       0.0000000
       1472.0792      0.99890333      0.99886179       0.0000000
       1472.1000      0.99951196      0.99911195       0.0000000
       1472.1208      0.99936730      0.99916548       0.0000000
       1472.1417       1.0001847      0.99948436       128.00000
       1472.1625      0.99985671      0.99922186       0.0000000
       1472.1833       1.0006373       1.0000633       0.0000000
       1472.2042      0.99998248      0.99935323       0.0000000
       1472.2250      0.99948043      0.99947000       0.0000000
       1472.2458       1.0000874       1.0000378       0.0000000
       1472.2667      0.99992257       1.0003018       0.0000000
       1472.2875       1.0001093       1.0003425       0.0000000
       1472.3083       1.0009072       1.0011365       0.0000000
       1472.3292       1.0002338      0.99979889       0.0000000
       1472.3500       1.0004401       1.0009407       0.0000000
       1472.3708      0.99968094       1.0001072       0.0000000
       1472.3917      0.99957842      0.99994963       0.0000000
       1472.4125      0.99932259      0.99984097       0.0000000
       1472.4333      0.99929529       1.0000876       0.0000000
       1472.4542      0.99953437       1.0004905       0.0000000
       1472.4750      0.99878931      0.99964803       0.0000000
       1472.4958      0.99980986       1.0002272       0.0000000
       1472.5167      0.99916214       1.0001004       0.0000000
       1472.5375      0.99899536      0.99992889       0.0000000
       1472.5583      0.99874169      0.99938077       0.0000000
       1472.5792      0.99916124      0.99970126       0.0000000
       1472.6000      0.99891067       1.0000111       0.0000000
       1472.6208      0.99897933       1.0004190       0.0000000
       1472.6417      0.99982888       1.0011939       0.0000000
       1472.6625      0.99960035       1.0009214       0.0000000
       1472.6833       1.0006387       1.0017505       0.0000000
       1472.7042       1.0007774       1.0018064       0.0000000
       1472.7250       1.0017707       1.0025483       0.0000000
       1472.7458       1.0008293       1.0022097       0.0000000
       1472.7667       1.0021170       1.0036309       0.0000000
       1472.7875       1.0019134       1.0032529       0.0000000
       1472.8083       1.0009832       1.0034775       0.0000000
       1472.8292       1.0024147       1.0038607       0.0000000
       1472.8500      0.99734777       1.0052906       128.00000
       1472.8708       1.0038681       1.0049292       0.0000000
       1472.8917       1.0045161       1.0060011       0.0000000
       1472.9125       1.0041907       1.0058146       0.0000000
       1472.9333      0.99837464       1.0061709       128.00000
       1472.9542       1.0051448       1.0067457       0.0000000
       1472.9750       1.0029587       1.0072683       0.0000000
       1472.9958       1.0057062       1.0074100       0.0000000
       1473.0167       1.0065867       1.0074654       0.0000000
       1473.0375       1.0067105       1.0081449       0.0000000
       1473.0583       1.0070772       1.0086868       0.0000000
       1473.0792       1.0061673       1.0087180       0.0000000
       1473.1000       1.0029935       1.0092727       128.00000
       1473.1208       1.0077081       1.0096434       0.0000000
       1473.1417      0.99259704       1.0104901       0.0000000
       1473.1625      0.99484169       1.0108891       128.00000
       1473.1833      0.98201799       1.0111905       0.0000000
       1473.2042      0.97148341       1.0113322       0.0000000
       1473.2250       1.0006831       1.0112293       128.00000
       1473.2458      0.98105383       1.0102524       0.0000000
       1473.2667      0.94803101       1.0096748       128.00000
       1473.2875      0.93440926       1.0090550       0.0000000
       1473.3083      0.99668473       1.0081180       128.00000
       1473.3292      0.99836844       1.0068161       128.00000
       1473.3500      0.99592388       1.0062232       128.00000
       1473.3708      0.92478949       1.0051450       128.00000
       1473.3917      0.97480226       1.0045590       0.0000000
       1473.4125      0.96504605       1.0034900       0.0000000
       1473.4333      0.94428188       1.0025682       0.0000000
       1473.4542      0.95616078       1.0023193       0.0000000
       1473.4750      0.92443967       1.0013756       128.00000
       1473.4958      0.95789778       1.0012184       0.0000000
       1473.5167      0.92395204       1.0005535       128.00000
       1473.5375      0.99685496       1.0007621       128.00000
       1473.5583      0.94659907       1.0001805       128.00000
       1473.5792      0.95859885      0.99983215       0.0000000
       1473.6000      0.90951872      0.99899662       128.00000
       1473.6208      0.95473421      0.99949723       128.00000
       1473.6417      0.98634654      0.99889833       128.00000
       1473.6625      0.94507432      0.99867857       0.0000000
       1473.6833      0.97933042      0.99862230       0.0000000
       1473.7042      0.98887068      0.99834472       0.0000000
       1473.7250      0.99646640      0.99848777       128.00000
       1473.7458      0.99461246      0.99857700       128.00000
       1473.7667      0.99597663      0.99888402       0.0000000
       1473.7875      0.99660569      0.99859440       0.0000000
       1473.8083      0.99672925      0.99900794       0.0000000
       1473.8292      0.99707323      0.99924523       0.0000000
       1473.8500      0.99690622      0.99912238       0.0000000
       1473.8708      0.99598819      0.99836528       0.0000000
       1473.8917      0.99695408      0.99935061       0.0000000
       1473.9125      0.99485475      0.99977773       128.00000
       1473.9333      0.99300432      0.99977529       128.00000
       1473.9542      0.99869937       1.0006592       0.0000000
       1473.9750      0.99887472       1.0009035       0.0000000
       1473.9958      0.99920815       1.0014156       0.0000000
       1474.0167      0.99787170       1.0011998       0.0000000
       1474.0375      0.99985015       1.0020362       0.0000000
       1474.0583       1.0001472       1.0021478       0.0000000
       1474.0791      0.99994814       1.0021992       0.0000000
       1474.1000      0.99949342       1.0018090       0.0000000
       1474.1208       1.0000018       1.0022372       0.0000000
       1474.1416      0.99773985       1.0015950       128.00000
       1474.1625      0.99876010       1.0011111       0.0000000
       1474.1833      0.99939632       1.0015392       0.0000000
       1474.2041      0.99923629       1.0014915       0.0000000
       1474.2250      0.99865830       1.0010303       0.0000000
       1474.2458      0.99848342       1.0008216       0.0000000
       1474.2666      0.99899465       1.0009602       0.0000000
       1474.2875      0.99797672       1.0011492       0.0000000
       1474.3083      0.99947548       1.0013920       0.0000000
       1474.3291       1.0000130       1.0021801       0.0000000
       1474.3500       1.0007732       1.0029877       0.0000000
       1474.3708       1.0007632       1.0028536       0.0000000
       1474.3916       1.0011532       1.0034859       0.0000000
       1474.4125       1.0003693       1.0025651       0.0000000
       1474.4333      0.99990231       1.0022857       0.0000000
       1474.4541       1.0003052       1.0022150       0.0000000
       1474.4750      0.99811763       1.0021346       0.0000000
       1474.4958       1.0004375       1.0024159       0.0000000
       1474.5166      0.99994594       1.0018243       0.0000000
       1474.5375       1.0000418       1.0020711       0.0000000
       1474.5583      0.99944729       1.0021541       0.0000000
       1474.5791       1.0001183       1.0020877       0.0000000
       1474.6000      0.99766624       1.0023068       0.0000000
       1474.6208       1.0001971       1.0023711       0.0000000
       1474.6416      0.88655001      0.88921243       128.00000
       1474.6625      0.99965966       1.0013336       0.0000000
       1474.6833      0.99981076       1.0012469       128.00000
       1474.7041      0.99974418       1.0016406       128.00000
       1474.7250       1.0008916       1.0019445       0.0000000
       1474.7458      0.99921399       1.0017464       0.0000000
       1474.7666       1.0001239       1.0022823       0.0000000
       1474.7875       1.0000354       1.0029026       0.0000000
       1474.8083       1.0008914       1.0034918       0.0000000
       1474.8291      0.99917859       1.0033457       0.0000000
       1474.8500       1.0011288       1.0034003       0.0000000
       1474.8708       1.0006140       1.0031255       0.0000000
       1474.8916       1.0004783       1.0029767       0.0000000
       1474.9125      0.99999094       1.0031470       0.0000000
       1474.9333       1.0001451       1.0026245       0.0000000
       1474.9541       1.0004047       1.0025203       0.0000000
       1474.9750      0.99940348       1.0027000       0.0000000
       1474.9958      0.99983644       1.0023103       0.0000000
       1475.0166      0.99971616       1.0027711       0.0000000
       1475.0375      0.99895811       1.0027423       0.0000000
       1475.0583      0.99950588       1.0026110       0.0000000
       1475.0791      0.99972433       1.0021980       128.00000
       1475.1000       1.0004265       1.0026420       0.0000000
       1475.1208       1.0001106       1.0031193       0.0000000
       1475.1416       1.0006723       1.0030702       0.0000000
       1475.1625       1.0006164       1.0033624       0.0000000
       1475.1833       1.0001893       1.0028199       0.0000000
       1475.2041      0.99996644       1.0029410       0.0000000
       1475.2250       1.0008956       1.0030802       0.0000000
       1475.2458       1.0007676       1.0037059       0.0000000
       1475.2666       1.0002525       1.0032288       0.0000000
       1475.2875       1.0007678       1.0033482       0.0000000
       1475.3083       1.0001181       1.0029424       0.0000000
       1475.3291       1.0002416       1.0027726       0.0000000
       1475.3500      0.99974507       1.0031092       0.0000000
       1475.3708      0.99993032       1.0031669       0.0000000
       1475.3916       1.0001389       1.0034641       0.0000000
       1475.4125       1.0003080       1.0039579       0.0000000
       1475.4333       1.0004603       1.0039370       0.0000000
       1475.4541       1.0012499       1.0044664       0.0000000
       1475.4750       1.0009590       1.0039052       0.0000000
       1475.4958       1.0004500       1.0037436       0.0000000
       1475.5166       1.0013717       1.0046152       0.0000000
       1475.5375       1.0004374       1.0040317       0.0000000
       1475.5583       1.0001423       1.0037575       0.0000000
       1475.5791      0.99965304       1.0031440       0.0000000
       1475.6000       1.0007467       1.0041128       0.0000000
       1475.6208       1.0004542       1.0040700       0.0000000
       1475.6416       1.0000581       1.0041543       0.0000000
       1475.6625      0.99896526       1.0044352       0.0000000
       1475.6833       1.0010468       1.0046160       0.0000000
       1475.7041       1.0001882       1.0040687       0.0000000
       1475.7250       1.0006547       1.0048493       0.0000000
       1475.7458      0.99997997       1.0039612       0.0000000
       1475.7666       1.0001676       1.0042043       0.0000000
       1475.7875      0.99984157       1.0040023       0.0000000
       1475.8083      0.99973059       1.0038710       0.0000000
       1475.8291       1.0001217       1.0043095       0.0000000
       1475.8500      0.99985367       1.0038866       0.0000000
       1475.8708      0.99904108       1.0041811       0.0000000
       1475.8916       1.0004301       1.0047636       0.0000000
       1475.9125       1.0009778       1.0051759       0.0000000
       1475.9333       1.0007317       1.0050954       0.0000000
       1475.9541       1.0001960       1.0045998       0.0000000
       1475.9750       1.0003772       1.0049993       0.0000000
       1475.9958       1.0005560       1.0049690       0.0000000
       1476.0166       1.0005236       1.0051696       0.0000000
       1476.0375       1.0007387       1.0053635       0.0000000
       1476.0583       1.0010273       1.0055261       0.0000000
       1476.0791       1.0012493       1.0059054       0.0000000
       1476.1000       1.0010242       1.0057336       0.0000000
       1476.1208       1.0010197       1.0054878       0.0000000
       1476.1416       1.0009868       1.0056204       0.0000000
       1476.1625       1.0010936       1.0056344       0.0000000
       1476.1833       1.0009986       1.0056084       0.0000000
       1476.2041       1.0006717       1.0053648       0.0000000
       1476.2250       1.0010890       1.0058408       0.0000000
       1476.2458       1.0009760       1.0055684       0.0000000
       1476.2666       1.0010577       1.0059326       0.0000000
       1476.2875       1.0006140       1.0052973       0.0000000
       1476.3083       1.0009658       1.0057070       0.0000000
       1476.3291       1.0002179       1.0049561       0.0000000
       1476.3500       1.0008925       1.0056248       0.0000000
       1476.3708       1.0000000       1.0049261       0.0000000
       1476.3916      0.99928087       1.0045605       0.0000000
       1476.4125      0.99961740       1.0045193       0.0000000
       1476.4333      0.99981028       1.0049058       0.0000000
       1476.4541      0.99984360       1.0049293       0.0000000
       1476.4750       1.0000970       1.0052130       0.0000000
       1476.4958       1.0004352       1.0056254       0.0000000
       1476.5166       1.0001276       1.0054699       0.0000000
       1476.5375       1.0010122       1.0062299       0.0000000
       1476.5583       1.0007818       1.0060769       0.0000000
       1476.5791       1.0006924       1.0060108       0.0000000
       1476.6000       1.0010192       1.0063491       0.0000000
       1476.6208       1.0005100       1.0057756       0.0000000
       1476.6416       1.0002046       1.0054661       0.0000000
       1476.6625       1.0006679       1.0059561       0.0000000
       1476.6833       1.0000817       1.0055755       0.0000000
       1476.7041      0.99916035       1.0044605       0.0000000
       1476.7250      0.99931300       1.0047017       0.0000000
       1476.7458      0.99913889       1.0047430       0.0000000
       1476.7666      0.99752039       1.0049497       0.0000000
       1476.7875      0.99975443       1.0051997       0.0000000
       1476.8083      0.99995470       1.0057665       0.0000000
       1476.8291       1.0002271       1.0058099       0.0000000
       1476.8500       1.0001367       1.0059747       0.0000000
       1476.8708      0.99971598       1.0062993       0.0000000
       1476.8916       1.0002146       1.0059968       0.0000000
       1476.9125       1.0005549       1.0062124       0.0000000
       1476.9333      0.99995989       1.0059617       0.0000000
       1476.9541       1.0003711       1.0063092       0.0000000
       1476.9750      0.99937123       1.0056921       0.0000000
       1476.9958       1.0001105       1.0063325       0.0000000
       1477.0166       1.0009067       1.0075177       0.0000000
       1478.1208      0.87229472       1.0181155       128.00000
       1478.1416      0.89050466       1.0170519       0.0000000
       1478.1624      0.90612429       1.0147303       0.0000000
       1478.1833      0.91924852       1.0124515       0.0000000
       1478.2041      0.93157548       1.0117804       0.0000000
       1478.2249      0.93999642       1.0109855       0.0000000
       1478.2458      0.94441354       1.0102522       0.0000000
       1478.2666      0.94838148       1.0101887       0.0000000
       1478.2874      0.95245147       1.0102879       0.0000000
       1478.3083      0.95687300       1.0099275       0.0000000
       1478.3291      0.96233964       1.0100281       0.0000000
       1478.3499      0.96812636       1.0099791       0.0000000
       1478.3708      0.97368664       1.0098487       0.0000000
       1478.3916      0.98072737       1.0101758       0.0000000
       1478.4124      0.98655051       1.0090352       0.0000000
       1478.4333      0.99413276       1.0092350       0.0000000
       1478.4541      0.99930704       1.0085686       128.00000
       1478.4749       1.0059987       1.0093323       0.0000000
       1478.4958       1.0092618       1.0089333       0.0000000
       1478.5166       1.0110444       1.0092701       0.0000000
       1478.5374       1.0115006       1.0088302       0.0000000
       1478.5583       1.0111910       1.0082597       128.00000
       1478.5791       1.0119300       1.0079718       128.00000
       1478.5999       1.0118914       1.0085990       0.0000000
       1478.6208       1.0133600       1.0077717       128.00000
       1478.6416       1.0106688       1.0068705       0.0000000
       1478.6624       1.0104104       1.0059807       0.0000000
       1478.6833       1.0085782       1.0045308       0.0000000
       1478.7041       1.0076008       1.0034568       0.0000000
       1478.7249       1.0068766       1.0027603       0.0000000
       1478.7458       1.0079989       1.0015397       0.0000000
       1478.7666       1.0064604       1.0004811       128.00000
       1478.7874       1.0042225      0.99985683       0.0000000
       1478.8083       1.0063119      0.99906981       0.0000000
       1478.8291       1.0019318      0.99840301       0.0000000
       1478.8499       1.0023100      0.99765354       0.0000000
       1478.8708       1.0018150      0.99766994       0.0000000
       1478.8916       1.0007073      0.99669737       0.0000000
       1478.9124      0.99941617      0.99587411       0.0000000
       1478.9333       1.0002798      0.99558872       0.0000000
       1478.9541      0.99918568      0.99513733       0.0000000
       1478.9749      0.99921125      0.99478930       0.0000000
       1478.9958      0.99882334      0.99446714       0.0000000
       1479.0166      0.99976188      0.99393058       0.0000000
       1479.0374      0.99749804      0.99326003       0.0000000
       1479.0583      0.99850136      0.99361849       0.0000000
       1479.0791      0.99801159      0.99382824       0.0000000
       1479.0999      0.99799806      0.99350768       0.0000000
       1479.1208      0.99796939      0.99356222       0.0000000
       1479.1416      0.99872631      0.99449158       0.0000000
       1479.1624      0.99859619      0.99401277       0.0000000
       1479.1833      0.99946290      0.99430943       0.0000000
       1479.2041      0.99878544      0.99459654       0.0000000
       1479.2249      0.99896866      0.99444950       0.0000000
       1479.2458      0.99925536      0.99475420       0.0000000
       1479.2666      0.99998879      0.99519336       0.0000000
       1479.2874      0.99882698      0.99488306       0.0000000
       1479.3083      0.99999458      0.99534297       0.0000000
       1479.3291      0.99924457      0.99544573       0.0000000
       1479.3499       1.0003572      0.99540132       0.0000000
       1479.3708      0.99940097      0.99524963       0.0000000
       1479.3916      0.99976295      0.99558938       0.0000000
       1479.4124      0.99990875      0.99562800       0.0000000
       1479.4333       1.0007741      0.99660856       0.0000000
       1479.4541       1.0006020      0.99644363       0.0000000
       1479.4749       1.0003796      0.99611098       0.0000000
       1479.4958       1.0014910      0.99691325       0.0000000
       1479.5166       1.0006385      0.99636143       0.0000000
       1479.5374       1.0006027      0.99664199       0.0000000
       1479.5583       1.0005504      0.99634850       0.0000000
       1479.5791       1.0009534      0.99709648       0.0000000
       1479.5999       1.0010712      0.99654269       0.0000000
       1479.6208       1.0018487      0.99725926       0.0000000
       1479.6416       1.0010329      0.99654549       0.0000000
       1479.6624       1.0007820      0.99703914       0.0000000
       1479.6833       1.0011725      0.99687320       0.0000000
       1479.7041       1.0024354      0.99667680       128.00000
       1479.7249       1.0000517      0.99630147       0.0000000
       1479.7458       1.0001870      0.99635470       0.0000000
       1479.7666       1.0007818      0.99679339       0.0000000
       1479.7874       1.0015992      0.99703419       0.0000000
       1479.8083       1.0013448      0.99702930       0.0000000
       1479.8291       1.0007284      0.99682093       0.0000000
       1479.8499       1.0007498      0.99648601       0.0000000
       1479.8708       1.0007544      0.99676198       0.0000000
       1479.8916       1.0002968      0.99672359       0.0000000
       1479.9124       1.0006469      0.99667746       0.0000000
       1479.9333       1.0015500      0.99690914       0.0000000
       1479.9541       1.0011785      0.99701470       0.0000000
       1479.9749       1.0007305      0.99686432       0.0000000
       1479.9958       1.0003686      0.99673212       0.0000000
       1480.0166       1.0005456      0.99659580       0.0000000
       1480.0374      0.99947107      0.99593800       0.0000000
       1480.0583       1.0006390      0.99634314       0.0000000
       1480.0791      0.99928135      0.99585056       0.0000000
       1480.0999       1.0000209      0.99629897       0.0000000
       1480.1207      0.99952513      0.99612367       0.0000000
       1480.1416       1.0027875      0.99638385       128.00000
       1480.1624       1.0006765      0.99685067       0.0000000
       1480.1832       1.0005902      0.99677742       0.0000000
       1480.2041       1.0002548      0.99656337       0.0000000
       1480.2249       1.0002773      0.99660474       0.0000000
       1480.2457       1.0006751      0.99701470       0.0000000
       1480.2666       1.0003372      0.99675101       0.0000000
       1480.2874       1.0000826      0.99669152       0.0000000
       1480.3082       1.0000000      0.99658948       0.0000000
       1480.3291       1.0008548      0.99718481       0.0000000
       1480.3499       1.0007236      0.99735618       0.0000000
       1480.3707       1.0005884      0.99725765       0.0000000
       1480.3916       1.0001405      0.99692905       0.0000000
       1480.4124      0.99981654      0.99684095       0.0000000
       1480.4332       1.0000013      0.99659312       0.0000000
       1480.4541      0.99961042      0.99671930       0.0000000
       1480.4749      0.99986649      0.99692070       0.0000000
       1480.4957      0.99958485      0.99683172       0.0000000
       1480.5166       1.0009910      0.99782544       0.0000000
       1480.5374       1.0003856      0.99773425       0.0000000
       1480.5582       1.0009863      0.99783236       0.0000000
       1480.5791       1.0007712      0.99796188       0.0000000
       1480.5999       1.0006406      0.99796772       0.0000000
       1480.6207      0.99993849      0.99748850       0.0000000
       1480.6416       1.0008672      0.99805009       0.0000000
       1480.6624       1.0006007      0.99815261       0.0000000
       1480.6832       1.0034438      0.99847531       0.0000000
       1480.7041      0.99953818      0.99734682       0.0000000
       1480.7249       1.0002947      0.99759638       0.0000000
       1480.7457      0.99944478      0.99716860       0.0000000
       1480.7666      0.99914640      0.99712914       0.0000000
       1480.7874      0.99991781      0.99722189       0.0000000
       1480.8082      0.99905074      0.99691153       0.0000000
       1480.8291      0.99898762      0.99667829       0.0000000
       1480.8499      0.99924451      0.99713778       0.0000000
       1480.8707      0.99883473      0.99667507       0.0000000
       1480.8916       1.0032085      0.99714917       128.00000
       1480.9124      0.99902403      0.99666178       0.0000000
       1480.9332      0.99933660      0.99637020       0.0000000
       1480.9541      0.99886286      0.99691617       0.0000000
       1480.9749      0.99998277      0.99714881       0.0000000
       1480.9957      0.99906814      0.99705178       0.0000000
       1481.0166      0.99905258      0.99693775       0.0000000
       1481.0374      0.99950999      0.99724400       0.0000000
       1481.0582      0.99958384      0.99736422       0.0000000
       1481.0791      0.99866849      0.99664521       0.0000000
       1481.0999      0.99907249      0.99679494       0.0000000
       1481.1207      0.99943942      0.99658614       0.0000000
       1481.1416      0.99870735      0.99681228       0.0000000
       1481.1624      0.99822253      0.99628359       0.0000000
       1481.1832      0.99921829      0.99664360       0.0000000
       1481.2041      0.99856067      0.99634916       0.0000000
       1481.2249      0.99853224      0.99620152       0.0000000
       1481.2457      0.99824035      0.99625272       0.0000000
       1481.2666      0.99823105      0.99637401       0.0000000
       1481.2874      0.86978036      0.87355357       128.00000
       1481.3082      0.99920690      0.99684286       0.0000000
       1481.3291      0.99966431      0.99715203       0.0000000
       1481.3499      0.99981612      0.99731660       0.0000000
       1481.3707       1.0000441      0.99726093       0.0000000
       1481.3916       1.0004568      0.99763584       0.0000000
       1481.4124       1.0005515      0.99782687       0.0000000
       1481.4332       1.0005455      0.99775159       0.0000000
       1481.4541       1.0000168      0.99761808       0.0000000
       1481.4749       1.0010411      0.99822253       0.0000000
       1481.4957       1.0001423      0.99779421       0.0000000
       1481.5166       1.0006313      0.99816060       0.0000000
       1481.5374       1.0007582      0.99797434       0.0000000
       1481.5582       1.0008973      0.99819213       0.0000000
       1481.5791       1.0008651      0.99802846       0.0000000
       1481.5999       1.0003822      0.99776357       0.0000000
       1481.6207       1.0005956      0.99789244       0.0000000
       1481.6416      0.99996465      0.99771124       0.0000000
       1481.6624       1.0000535      0.99749684       0.0000000
       1481.6832      0.99964607      0.99746239       0.0000000
       1481.7041       1.0006571      0.99787217       0.0000000
       1481.7249       1.0010836      0.99849653       0.0000000
       1481.7457       1.0010138      0.99862379       0.0000000
       1481.7666       1.0007756      0.99868447       0.0000000
       1481.7874       1.0028377      0.99885166       0.0000000
       1481.8082       1.0003257      0.99818742       0.0000000
       1481.8291       1.0004795      0.99818921       0.0000000
       1481.8499       1.0004780      0.99834180       0.0000000
       1481.8707       1.0014070      0.99881536       0.0000000
       1481.8916       1.0014966      0.99923992       0.0000000
       1481.9124       1.0008289      0.99850142       0.0000000
       1481.9332       1.0003023      0.99820346       0.0000000
       1481.9540       1.0002526      0.99804997       0.0000000
       1481.9749       1.0009249      0.99802357       0.0000000
       1481.9957       1.0007157      0.99849200       0.0000000
       1482.0165      0.99991572      0.99797904       0.0000000
       1482.0374       1.0003971      0.99836111       0.0000000
       1482.0582      0.99907136      0.99737549       0.0000000
       1482.0790      0.99970466      0.99764609       0.0000000
       1482.0999       1.0000135      0.99795842       0.0000000
       1482.1207       1.0005000      0.99850488       0.0000000
       1482.1415       1.0006638      0.99826920       0.0000000
       1482.1624       1.0003219      0.99844205       0.0000000
       1482.1832      0.99795264      0.99713606       0.0000000
       1482.2040       1.0002846      0.99860352       0.0000000
       1482.2249       1.0004767      0.99867421       0.0000000
       1482.2457       1.0004646      0.99842596       0.0000000
       1482.2665      0.99968916      0.99803388       0.0000000
       1482.2874       1.0000677      0.99827236       0.0000000
       1482.3082      0.99987978      0.99816561       0.0000000
       1482.3290      0.99952036      0.99780554       0.0000000
       1482.3499      0.99882025      0.99694139       0.0000000
       1482.3707      0.99861848      0.99721867       0.0000000
       1482.3915      0.99885148      0.99710113       0.0000000
       1482.4124      0.99892932      0.99728376       0.0000000
       1482.4332      0.99845773      0.99680233       0.0000000
       1482.4540      0.99862105      0.99715084       0.0000000
       1482.4749      0.99903309      0.99707723       0.0000000
       1482.4957      0.99948996      0.99758482       0.0000000
       1482.5165      0.99989480      0.99796480       0.0000000
       1482.5374       1.0012180      0.99889934       0.0000000
       1482.5582      0.99970394      0.99850667       0.0000000
       1482.5790      0.99996710      0.99833465       0.0000000
       1482.5999       1.0001180      0.99861836       0.0000000
       1482.6207       1.0008502      0.99910742       0.0000000
       1482.6415       1.0008582      0.99899328       0.0000000
       1482.6624       1.0004815      0.99854946       0.0000000
       1482.6832       1.0003920      0.99853480       0.0000000
       1482.7040       1.0005614      0.99856806       0.0000000
       1482.7249       1.0006056      0.99884140       0.0000000
       1482.7457       1.0003232      0.99857801       0.0000000
       1482.7665       1.0001112      0.99886048       0.0000000
       1482.7874       1.0000004      0.99857920       0.0000000
       1482.8082      0.99987495      0.99844933       0.0000000
       1482.8290       1.0005512      0.99861085       0.0000000
       1482.8499       1.0846291      0.99863726       128.00000
       1482.8707       1.0860250      0.99899739       128.00000
       1482.8915       1.0007942      0.99902624       0.0000000
       1482.9124       1.0007836      0.99924421       0.0000000
       1482.9332      0.99964648      0.99835002       0.0000000
       1482.9540      0.99965441      0.99823630       0.0000000
       1482.9749      0.99983448      0.99831247       0.0000000
       1482.9957       1.0000890      0.99852866       0.0000000
       1483.0165       1.0010566      0.99799824       128.00000
       1483.0374      0.99974513      0.99829185       0.0000000
       1483.0582       1.0003840      0.99887526       0.0000000
       1483.0790       1.0008521      0.99916184       0.0000000
       1483.0999       1.0004203      0.99909955       0.0000000
       1483.1207      0.99997199      0.99832493       0.0000000
       1483.1415       1.0002053      0.99873722       0.0000000
       1483.1624      0.99947399      0.99795455       0.0000000
       1483.1832      0.99950320      0.99806190       0.0000000
       1483.2040      0.99859017      0.99728167       0.0000000
       1483.2249      0.99923241      0.99800354       0.0000000
       1483.2457      0.99867183      0.99736184       0.0000000
       1483.2665      0.99827224      0.99721813       0.0000000
       1483.2874      0.99844998      0.99732769       0.0000000
       1483.3082      0.99858141      0.99766141       0.0000000
       1483.3290      0.99958229      0.99850053       0.0000000
       1483.3499      0.99863207      0.99772376       0.0000000
       1483.3707      0.99944365      0.99809557       0.0000000
       1483.3915      0.99844152      0.99739558       0.0000000
       1483.4124      0.99842167      0.99748015       0.0000000
       1483.4332      0.99888337      0.99803138       0.0000000
       1483.4540      0.99977815      0.99872684       0.0000000
       1483.4749      0.99892676      0.99817133       0.0000000
       1483.4957       1.0001231      0.99906319       0.0000000
       1483.5165      0.99919039      0.99889094       0.0000000
       1483.5374       1.0011100       1.0003430       0.0000000
       1483.5582       1.0000314      0.99951285       0.0000000
       1483.5790       1.0014069       1.0009338       0.0000000
       1483.5998       1.0023001       1.0018171       0.0000000
       1483.6207       1.0031661       1.0023962       0.0000000
       1483.6415       1.0035975       1.0029315       0.0000000
       1483.6623       1.0043563       1.0037242       0.0000000
       1483.6832       1.0046923       1.0042183       0.0000000
       1483.7040       1.0064843       1.0053570       0.0000000
       1483.7248       1.0065770       1.0059546       0.0000000
       1483.7457       1.0070590       1.0064332       0.0000000
       1483.7665       1.0089909       1.0063663       128.00000
       1483.7873       1.0076625       1.0071580       0.0000000
       1483.8082       1.0090476       1.0082483       0.0000000
       1483.8290       1.0086631       1.0083694       0.0000000
       1483.8498       1.0092527       1.0089267       0.0000000
       1483.8707       1.0094308       1.0092086       0.0000000
       1483.8915       1.0101314       1.0094457       0.0000000
       1483.9123       1.0100280       1.0098324       0.0000000
       1483.9332       1.0101647       1.0099460       0.0000000
       1483.9540       1.0087231       1.0087843       0.0000000
       1483.9748       1.0093063       1.0086443       0.0000000
       1483.9957       1.0087138       1.0082165       0.0000000
       1484.0165       1.0073832       1.0070909       0.0000000
       1484.0373       1.0070943       1.0067285       0.0000000
       1484.0582       1.0059611       1.0053593       0.0000000
       1484.0790       1.0046736       1.0042168       0.0000000
       1484.0998       1.0044224       1.0040475       0.0000000
       1484.1207       1.0026392       1.0020770       0.0000000
       1484.1415       1.0026455       1.0022409       0.0000000
       1484.1623       1.0014359       1.0009162       0.0000000
       1484.1832      0.99999487      0.99990445       0.0000000
       1484.2040       1.0007100       1.0001359       0.0000000
       1484.2248      0.99985540      0.99937636       0.0000000
       1484.2457      0.99940377      0.99898171       0.0000000
       1484.2665      0.99905950      0.99843585       0.0000000
       1484.2873      0.99915534      0.99878430       0.0000000
       1484.3082      0.99855006      0.99796808       0.0000000
       1484.3290      0.99812204      0.99750960       0.0000000
       1484.3498      0.99816948      0.99759406       0.0000000
       1484.3707      0.99774212      0.99711025       0.0000000
       1484.3915      0.99721938      0.99724668       0.0000000
       1484.4123      0.86689520      0.87323833       128.00000
       1484.4332      0.99762732      0.99694884       0.0000000
       1484.4540      0.99976546      0.99688393       0.0000000
       1484.4748      0.99701315      0.99653393       0.0000000
       1484.4957      0.99755400      0.99661660       0.0000000
       1484.5165      0.99938154      0.99654013       0.0000000
       1484.5373      0.99683028      0.99586487       0.0000000
       1484.5582      0.99737364      0.99641114       0.0000000
       1484.5790      0.99649763      0.99614102       0.0000000
       1484.5998      0.99716842      0.99638104       0.0000000
       1484.6207      0.99760383      0.99695456       0.0000000
       1484.6415      0.99739492      0.99675423       0.0000000
       1484.6623      0.99758017      0.99684572       0.0000000
       1484.6832      0.99753970      0.99698901       0.0000000
       1484.7040      0.99812347      0.99768651       0.0000000
       1484.7248      0.99871218      0.99815327       0.0000000
       1484.7457      0.99895155      0.99846315       0.0000000
       1484.7665      0.99948061      0.99869591       0.0000000
       1484.7873       1.0004574      0.99947482       0.0000000
       1484.8082       1.0005609      0.99975479       0.0000000
       1484.8290      0.99953783      0.99898487       0.0000000
       1484.8498       1.0000346      0.99930835       0.0000000
       1484.8707      0.99997908      0.99920106       0.0000000
       1484.8915      0.99974221      0.99918818       0.0000000
       1484.9123      0.99904490      0.99872255       0.0000000
       1484.9332       1.0004727      0.99949026       0.0000000
       1484.9540       1.0000314      0.99974734       0.0000000
       1484.9748      0.99989277      0.99949962       0.0000000
       1484.9956       1.0001868      0.99975860       0.0000000
       1485.0165       1.0002788      0.99987721       0.0000000
       1485.0373       1.0005741       1.0001031       0.0000000
       1485.0581       1.0011778       1.0003054       0.0000000
       1485.0790       1.0004404       1.0000862       0.0000000
       1485.0998       1.0005910       1.0002035       0.0000000
       1485.1206       1.0010521       1.0007626       0.0000000
       1485.1415       1.0006372       1.0004644       0.0000000
       1485.1623       1.0012357       1.0008805       0.0000000
       1485.1831       1.0019367       1.0012972       0.0000000
       1485.2040       1.0006450       1.0003585       0.0000000
       1485.2248       1.0009246       1.0007049       0.0000000
       1485.2456       1.0007895       1.0007451       0.0000000
       1485.2665       1.0018853       1.0004596       0.0000000
       1485.2873       1.0014625       1.0010138       0.0000000
       1485.3081       1.0008329       1.0006679       0.0000000
       1485.3290       1.0006886       1.0003211       0.0000000
       1485.3498       1.0004866       1.0000105       0.0000000
       1485.3706      0.99985427      0.99973285       0.0000000
       1485.3915       1.0002351      0.99986386       0.0000000
       1485.4123       1.0000066      0.99997580       0.0000000
       1485.4331       1.0012424      0.99926341       0.0000000
       1485.4540       1.0021561      0.99982971       0.0000000
       1485.4748      0.99915546      0.99935889       0.0000000
       1485.4956      0.99928308      0.99934781       0.0000000
       1485.5165      0.99925226      0.99941373       0.0000000
       1485.5373      0.99983478      0.99977446       0.0000000
       1485.5581       1.0000476       1.0002285       0.0000000
       1485.5790      0.99987817      0.99982309       0.0000000
       1485.5998       1.0003793       1.0006040       0.0000000
       1485.6206       1.0009840       1.0006493       0.0000000
       1485.6415       1.0004140       1.0003707       0.0000000
       1485.6623       1.0001047       1.0003636       0.0000000
       1485.6831      0.99998289       1.0001607       0.0000000
       1485.7040      0.99983215       1.0004990       0.0000000
       1485.7248       1.0026559       1.0008144       0.0000000
       1485.7456      0.99997151       1.0003560       0.0000000
       1485.7665       1.0004615       1.0002185       0.0000000
       1485.7873      0.99980426      0.99982029       0.0000000
       1485.8081       1.0000373       1.0000638       0.0000000
       1485.8290       1.0001290       1.0002650       0.0000000
       1485.8498       1.0007590       1.0003890       0.0000000
       1485.8706       1.0005761       1.0008026       0.0000000
       1485.8915       1.0013589       1.0013771       0.0000000
       1485.9123       1.0010241       1.0012130       0.0000000
       1485.9331       1.0009770       1.0015486       0.0000000
       1485.9540       1.0030584       1.0016476       0.0000000
       1485.9748       1.0009080       1.0015211       0.0000000
       1485.9956       1.0007913       1.0014775       0.0000000
       1486.0165       1.0001587       1.0011188       0.0000000
       1486.0373       1.0005529       1.0011610       0.0000000
       1486.0581       1.0011004       1.0008307       0.0000000
       1486.0790       1.0001029       1.0007737       0.0000000
       1486.0998      0.99943733      0.99998826       0.0000000
       1486.1206       1.0003983       1.0003189       0.0000000
       1486.1415      0.99948031       1.0001881       0.0000000
       1486.1623      0.99909765      0.99988741       0.0000000
       1486.1831       1.0000621       1.0008385       0.0000000
       1486.2040      0.99931556       1.0005805       0.0000000
       1486.2248       1.0002334       1.0010984       0.0000000
       1486.2456       1.0005510       1.0012753       0.0000000
       1486.2665       1.0009514       1.0017117       0.0000000
       1486.2873       1.0001554       1.0015124       0.0000000
       1486.3081       1.0007017       1.0016323       0.0000000
       1486.3289       1.0006894       1.0018126       0.0000000
       1486.3498       1.0006200       1.0015473       0.0000000
       1486.3706       1.0002842       1.0013548       0.0000000
       1486.3914      0.99963164       1.0009815       0.0000000
       1486.4123      0.99973035       1.0010809       0.0000000
       1486.4331       1.0004878       1.0018854       0.0000000
       1486.4539       1.0001270       1.0008057       0.0000000
       1486.4748       1.0005544       1.0013021       0.0000000
       1486.4956      0.99970055       1.0012118       0.0000000
       1486.5164      0.99984151       1.0013318       0.0000000
       1486.5373      0.99974161       1.0010890       0.0000000
       1486.5581       1.0005265       1.0006424       0.0000000
       1486.5789      0.99875689       1.0005273       0.0000000
       1486.5998      0.99834538       1.0002929       0.0000000
       1486.6206      0.99892730       1.0003425       0.0000000
       1486.6414      0.99846673       1.0001684       0.0000000
       1486.6623      0.99876374      0.99991912       0.0000000
       1486.6831      0.99911970       1.0003222       0.0000000
       1486.7039      0.99963158       1.0002285       0.0000000
       1486.7248      0.99890220       1.0002936       0.0000000
       1486.7456      0.99902636       1.0003166       0.0000000
       1486.7664      0.99865603       1.0004846       0.0000000
       1486.7873      0.99888945       1.0002990       0.0000000
       1486.8081       1.0004686       1.0008053       0.0000000
       1486.8289      0.99881482       1.0009694       0.0000000
       1486.8498      0.99965936       1.0011969       0.0000000
       1486.8706      0.99928921       1.0010313       0.0000000
       1486.8914      0.99924499       1.0009139       0.0000000
       1486.9123      0.99888480       1.0005525       0.0000000
       1486.9331      0.99901175       1.0011359       0.0000000
       1486.9539      0.99872708       1.0006236       0.0000000
       1486.9748      0.99762118       1.0004276       0.0000000
       1486.9956      0.99904156       1.0006698       0.0000000
       1487.0164      0.99881268       1.0006043       0.0000000
       1487.0373       1.1138530       1.0010813       128.00000
       1487.0581      0.99808609       1.0005479       0.0000000
       1487.0789      0.99908197       1.0010139       0.0000000
       1487.0998      0.99928415       1.0005509       0.0000000
       1487.1206      0.99894601       1.0005779       0.0000000
       1487.1414      0.99929601       1.0008876       0.0000000
       1487.1623      0.99912918       1.0008062       0.0000000
       1487.1831      0.99903643       1.0005985       0.0000000
       1487.2039      0.99891794       1.0003712       0.0000000
       1487.2248      0.99851310       1.0002229       0.0000000
       1487.2456      0.99888086       1.0008703       0.0000000
       1487.2664      0.99916059       1.0009165       0.0000000
       1487.2873      0.99934679       1.0013981       0.0000000
       1487.3081      0.99982750       1.0013876       0.0000000
       1487.3289      0.99945617       1.0014682       0.0000000
       1487.3498       1.0002115       1.0012754       0.0000000
       1487.3706      0.99942058       1.0013268       0.0000000
       1487.3914      0.99994993       1.0017661       0.0000000
       1487.4123      0.99968332       1.0014491       0.0000000
       1487.4331      0.99881822       1.0009357       0.0000000
       1487.4539      0.99927783       1.0008148       0.0000000
       1487.4747      0.99861646       1.0005914       0.0000000
       1487.4956      0.99796653       1.0000702       0.0000000
       1487.5164       1.0011752      0.99987441       128.00000
       1487.5372      0.85940939      0.86727881       128.00000
       1487.5581      0.99810785      0.99992734       0.0000000
       1487.5789      0.99949765       1.0001295       0.0000000
       1487.5997      0.99880356       1.0006412       0.0000000
       1487.6206      0.99987382       1.0005766       0.0000000
       1487.6414      0.99969912       1.0003799       0.0000000
       1487.6622      0.99938416       1.0004066       0.0000000
       1487.6831      0.99918920       1.0001823       0.0000000
       1487.7039      0.99947405       1.0004420       0.0000000
       1487.7247      0.99942350       1.0003319       0.0000000
       1487.7456      0.99937737       1.0002950       0.0000000
       1487.7664      0.99960667       1.0006475       0.0000000
       1487.7872      0.99901581       1.0003207       0.0000000
       1487.8081      0.99950993       1.0005236       0.0000000
       1487.8289      0.99931669       1.0007008       0.0000000
       1487.8497      0.99926394       1.0004570       0.0000000
       1487.8706      0.99907207       1.0002460       0.0000000
       1487.8914      0.99974787       1.0012529       0.0000000
       1487.9122      0.99961424       1.0011817       0.0000000
       1487.9331      0.99949270       1.0009664       0.0000000
       1487.9539       1.0000314       1.0016072       0.0000000
       1487.9747      0.99957526       1.0010706       0.0000000
       1487.9956       1.0005841       1.0019747       0.0000000
       1488.0164       1.0001264       1.0019124       0.0000000
       1488.0372       1.0005097       1.0017670       0.0000000
       1488.0581       1.0001644       1.0017900       0.0000000
       1488.0789       1.0003635       1.0022118       0.0000000
       1488.0997       1.0003673       1.0021631       0.0000000
       1488.1206       1.0007051       1.0024563       0.0000000
       1488.1414      0.99934530       1.0019537       0.0000000
       1488.1622      0.99964124       1.0018603       0.0000000
       1488.1831       1.0002233       1.0022912       0.0000000
       1488.2039      0.99898446       1.0019343       0.0000000
       1488.2247      0.99952424       1.0019019       0.0000000
       1488.2456      0.99962902       1.0018845       0.0000000
       1488.2664       1.0015557       1.0018300       0.0000000
       1488.2872      0.99865770       1.0014663       0.0000000
       1488.3081      0.99928308       1.0016930       0.0000000
       1488.3289      0.99828327       1.0016057       0.0000000
       1488.3497      0.99904805       1.0013385       0.0000000
       1488.3706      0.99887067       1.0016278       0.0000000
       1488.3914      0.99873978       1.0017761       0.0000000
       1488.4122      0.99970800       1.0027506       0.0000000
       1488.4331       1.0005012       1.0029168       0.0000000
       1488.4539      0.99965000       1.0031044       0.0000000
       1488.4747       1.0003663       1.0032107       0.0000000
       1488.4956      0.99996042       1.0032445       0.0000000
       1488.5164       1.0000951       1.0031760       0.0000000
       1488.5372      0.99975377       1.0031308       0.0000000
       1488.5581      0.99933058       1.0025566       0.0000000
       1488.5789      0.99941897       1.0030725       0.0000000
       1488.5997      0.99902505       1.0023072       0.0000000
       1488.6205      0.99886465       1.0025716       0.0000000
       1488.6414      0.99865997       1.0023907       0.0000000
       1488.6622      0.99908084       1.0026724       0.0000000
       1488.6830      0.99891901       1.0023987       0.0000000
       1488.7039      0.99866879       1.0024880       0.0000000
       1488.7247      0.99847233       1.0022451       0.0000000
       1488.7455      0.99947304       1.0027963       0.0000000
       1488.7664      0.99932975       1.0030515       0.0000000
       1488.7872      0.99933469       1.0030574       0.0000000
       1488.8080      0.99915808       1.0028646       0.0000000
       1488.8289      0.99950159       1.0032592       0.0000000
       1488.8497      0.99992085       1.0036762       0.0000000
       1488.8705      0.99995512       1.0038865       0.0000000
       1488.8914       1.0004805       1.0045418       0.0000000
       1488.9122       1.0004665       1.0045882       0.0000000
       1488.9330       1.0012361       1.0051254       0.0000000
       1488.9539       1.0023177       1.0062557       0.0000000
       1488.9747       1.0026470       1.0068998       0.0000000
       1488.9955       1.0038217       1.0074656       0.0000000
       1489.0164       1.0039489       1.0080428       0.0000000
       1489.0372       1.0042820       1.0086058       0.0000000
       1489.0580       1.0051749       1.0093384       0.0000000
       1489.0789       1.0048665       1.0093913       0.0000000
       1489.0997       1.0060147       1.0096909       0.0000000
       1489.1205       1.0049953       1.0095745       0.0000000
       1489.1414       1.0056911       1.0103339       0.0000000
       1489.1622       1.0070291       1.0112454       0.0000000
       1489.1830       1.0068172       1.0114107       0.0000000
       1489.2039       1.0068496       1.0115889       0.0000000
       1489.2247       1.0072994       1.0123484       0.0000000
       1489.2455       1.0088203       1.0133139       0.0000000
       1489.2664       1.0081322       1.0128953       0.0000000
       1489.2872       1.0082433       1.0128142       0.0000000
       1489.3080       1.0087408       1.0133346       0.0000000
       1489.3289       1.0079552       1.0127170       0.0000000
       1489.3497       1.0080628       1.0125948       0.0000000
       1489.3705       1.0070027       1.0121771       0.0000000
       1489.3914       1.0064847       1.0111849       0.0000000
       1489.4122       1.0060731       1.0106590       0.0000000
       1489.4330       1.0042944       1.0091898       0.0000000
       1489.4539       1.0058494       1.0090175       0.0000000
       1489.4747       1.0048941       1.0079237       0.0000000
       1489.4955       1.0042303       1.0072136       0.0000000
       1489.5164       1.0039108       1.0064472       0.0000000
       1489.5372       1.0013249       1.0047450       0.0000000
       1489.5580       1.0019985       1.0050491       0.0000000
       1489.5789       1.0012124       1.0043482       0.0000000
       1489.5997       1.0006766       1.0039878       0.0000000
       1489.6205       1.0000128       1.0033252       0.0000000
       1489.6413       1.0003667       1.0033959       0.0000000
       1489.6622      0.99974376       1.0028216       0.0000000
       1489.6830      0.99885577       1.0019091       0.0000000
       1489.7038      0.99509585       1.0014440       0.0000000
       1489.7247      0.99900943       1.0014690       0.0000000
       1489.7455      0.99779153       1.0007974       0.0000000
       1489.7663      0.99731302       1.0005515       0.0000000
       1489.7872      0.99732107       1.0004164       0.0000000
       1489.8080      0.99712694       1.0000000       0.0000000
       1489.8288      0.99709857       1.0005699       0.0000000
       1489.8497      0.99673271       1.0001279       0.0000000
       1489.8705      0.99697441       1.0005606       0.0000000
       1489.8913      0.99803108       1.0013033       0.0000000
       1489.9122      0.99843407       1.0017844       0.0000000
       1489.9330      0.99822474       1.0020697       128.00000
       1489.9538      0.99827015       1.0021039       128.00000
       1489.9747      0.99908376       1.0025045       0.0000000
       1489.9955      0.99977505       1.0029085       0.0000000
       1490.0163      0.99978513       1.0030479       0.0000000
       1490.0372      0.99940652       1.0028778       0.0000000
