    1288
       1624.9953      0.94980431      0.95296580       0.0000000
       1625.0162      0.92462116      0.92787439       0.0000000
       1625.0370      0.89167911      0.89474535       0.0000000
       1625.0578      0.85429883      0.85723895       0.0000000
       1625.0787      0.82889342      0.83187211       128.00000
       1625.0995      0.81156671      0.81453252       0.0000000
       1625.1203      0.80466729      0.81004673       128.00000
       1625.1412      0.82322162      0.82622904       128.00000
       1625.1620      0.84391969      0.84712887       128.00000
       1625.1828      0.87469447      0.87895042       128.00000
       1625.2037      0.90860951      0.91364735       128.00000
       1625.2245      0.94349253      0.94844288       128.00000
       1625.2453      0.97005224      0.97478223       128.00000
       1625.2662      0.98499227      0.98935407       128.00000
       1625.2870      0.99189526      0.99562877       0.0000000
       1625.3078      0.98140520      0.99502373       128.00000
       1625.3287      0.99309283      0.99689347       128.00000
       1625.3495      0.99436885      0.99828750       0.0000000
       1625.3703      0.99174815      0.99567246       0.0000000
       1625.3912      0.99785691       1.0022193       0.0000000
       1625.4120      0.99934155       1.0029777       0.0000000
       1625.4328      0.99528402       1.0011897       0.0000000
       1625.4537      0.99555129      0.99986196       0.0000000
       1625.4745      0.99698889       1.0010934       128.00000
       1625.4953      0.99952036       1.0036454       0.0000000
       1625.5162       1.0006688       1.0048358       0.0000000
       1625.5370       1.0014807       1.0057186       0.0000000
       1625.5578      0.99964952       1.0039182       0.0000000
       1625.5787      0.99978912       1.0033307       0.0000000
       1625.5995       1.0010123       1.0034758       0.0000000
       1625.6203       1.0056103       1.0075071       0.0000000
       1625.6412       1.0085671       1.0099137       0.0000000
       1625.6620       1.0111305       1.0120801       0.0000000
       1625.6828       1.0069386       1.0087067       0.0000000
       1625.7037      0.99846083       1.0042168       0.0000000
       1625.7245      0.98756194      0.99212700       0.0000000
       1625.7453      0.95847625      0.96345556       128.00000
       1625.7662      0.93306428      0.93764633       0.0000000
       1625.7870      0.90488774      0.90936631       0.0000000
       1625.8078      0.89617229      0.90061450       0.0000000
       1625.8287      0.91677982      0.92131901       0.0000000
       1625.8495      0.94400018      0.94865102       0.0000000
       1625.8703      0.97541320      0.98016471       0.0000000
       1625.8912      0.99816442       1.0030072       0.0000000
       1625.9120       1.0088058       1.0137984       0.0000000
       1625.9328       1.0076109       1.0126100       0.0000000
       1625.9537       1.0049841       1.0099753       0.0000000
       1625.9745       1.0040359       1.0090078       0.0000000
       1625.9953       1.0049443       1.0099459       0.0000000
       1626.0162       1.0009909       1.0057949       0.0000000
       1626.0370      0.99113244      0.99501318       0.0000000
       1626.0579       1.0117837       1.0154538       0.0000000
       1626.0787      0.99176097      0.99583435       0.0000000
       1626.0995      0.96678972      0.97063357       0.0000000
       1626.1204      0.98730063      0.99174255       0.0000000
       1626.1412      0.99831945       1.0031441       0.0000000
       1626.1620       1.0038775       1.0089895       0.0000000
       1626.1829       1.0042421       1.0092860       0.0000000
       1626.2037       1.0034721       1.0086398       0.0000000
       1626.2245       1.0005867       1.0113213       0.0000000
       1626.2454       1.0065339       1.0120158       0.0000000
       1626.2662      0.99836922       1.0029970       0.0000000
       1626.2870      0.99926364       1.0035298       0.0000000
       1626.3079       1.0034977       1.0072131       0.0000000
       1626.3287      0.98151553      0.98287511       0.0000000
       1626.3495      0.98010588      0.98135775       0.0000000
       1626.3704      0.98801678      0.99146736       0.0000000
       1626.3912      0.99701470       1.0011317       0.0000000
       1626.4120       1.0024847       1.0069498       0.0000000
       1626.4329      0.97069806      0.97449970       0.0000000
       1626.4537      0.91891545      0.92021048       0.0000000
       1626.4745      0.95458883      0.95640719       0.0000000
       1626.4954      0.98779964      0.99070847       0.0000000
       1626.5162      0.99352735      0.99713939       0.0000000
       1626.5370       1.0008096       1.0047518       0.0000000
       1626.5579       1.0010535       1.0050503       0.0000000
       1626.5787       1.0021074       1.0068396       0.0000000
       1626.5995      0.98367894       1.0007534       128.00000
       1626.6204       1.0125111       1.0138545       128.00000
       1626.6412       1.0094494       1.0131297       0.0000000
       1626.6620       1.0088447       1.0138100       0.0000000
       1626.6829       1.0033416       1.0090325       0.0000000
       1626.7037       1.0031978       1.0089276       0.0000000
       1626.7245       1.0044812       1.0101717       0.0000000
       1626.7454       1.0024983       1.0081816       0.0000000
       1626.7662      0.99673611       1.0023400       0.0000000
       1626.7870      0.98188990      0.98665291       0.0000000
       1626.8079      0.95414853      0.95947605       0.0000000
       1626.8287      0.92881304      0.93396360       0.0000000
       1626.8495      0.90057445      0.90554702       0.0000000
       1626.8704      0.87355751      0.87835032       0.0000000
       1626.8912      0.85132271      0.85602462       0.0000000
       1626.9120      0.83903652      0.84389335       128.00000
       1626.9329      0.83200043      0.83648181       0.0000000
       1626.9537      0.84066391      0.84521383       0.0000000
       1626.9745      0.85832471      0.86290818       0.0000000
       1626.9954      0.88267916      0.88724846       0.0000000
       1627.0162      0.91277069      0.91728085       0.0000000
       1627.0370      0.94135028      0.94574618       0.0000000
       1627.0579      0.96497864      0.96914160       0.0000000
       1627.0787      0.99007189      0.99405485       0.0000000
       1627.0995      0.99881023       1.0024600       0.0000000
       1627.1204       1.0021479       1.0055767       0.0000000
       1627.1412      0.99883425       1.0032396       128.00000
       1627.1620       1.0032969       1.0059439       0.0000000
       1627.1829       1.0043030       1.0066764       0.0000000
       1627.2037       1.0044369       1.0065600       128.00000
       1627.2245       1.0028100       1.0047454       0.0000000
       1627.2454       1.0013845       1.0032442       0.0000000
       1627.2662      0.99824148       1.0001135       0.0000000
       1627.2870      0.99787420      0.99980468       0.0000000
       1627.3079       1.0009900       1.0030888       0.0000000
       1627.3287       1.0014392       1.0036248       0.0000000
       1627.3495       1.0069917       1.0092789       0.0000000
       1627.3704       1.0053540       1.0086088       0.0000000
       1627.3912       1.0081093       1.0105181       0.0000000
       1627.4120       1.0012431       1.0109670       0.0000000
       1627.4329       1.0051074       1.0089303       0.0000000
       1627.4537       1.0022091       1.0048658       0.0000000
       1627.4745      0.99673593      0.99964195       0.0000000
       1627.4954      0.99969119       1.0029351       0.0000000
       1627.5162      0.99926978       1.0027261       0.0000000
       1627.5370       1.0001811       1.0039016       0.0000000
       1627.5579      0.99863434       1.0026051       0.0000000
       1627.5787      0.99741131       1.0016367       0.0000000
       1627.5995       1.0014491       1.0059031       0.0000000
       1627.6204       1.0059143       1.0106407       0.0000000
       1627.6412       1.0039041       1.0090052       0.0000000
       1627.6620      0.99888271       1.0058773       0.0000000
       1627.6829      0.99958521       1.0086880       0.0000000
       1627.7037      0.99871236       1.0063629       0.0000000
       1627.7245      0.99776208       1.0066259       0.0000000
       1627.7454       1.0007699       1.0107167       0.0000000
       1627.7662       1.0010422       1.0120666       0.0000000
       1627.7870       1.0000806       1.0106386       0.0000000
       1627.8079      0.99961627       1.0091718       0.0000000
       1627.8287       1.0002677       1.0102506       0.0000000
       1627.8495       1.0009933       1.0098162       0.0000000
       1627.8704       1.0031893       1.0124475       0.0000000
       1627.8912       1.0017042       1.0110410       0.0000000
       1627.9120       1.0012013       1.0109296       0.0000000
       1627.9329      0.99925673       1.0087417       0.0000000
       1627.9537       1.0012735       1.0111471       0.0000000
       1627.9745      0.99523699       1.0090548       128.00000
       1627.9954      0.99892515       1.0073690       0.0000000
       1628.0162       1.0006026       1.0106752       0.0000000
       1628.0370       1.0008528       1.0103438       0.0000000
       1628.0579      0.99983513       1.0095687       0.0000000
       1628.0787       1.0018684       1.0120382       0.0000000
       1628.0995      0.99903154       1.0088478       0.0000000
       1628.1204      0.82850993      0.83470434       128.00000
       1628.1412      0.99247551      0.99895555       128.00000
       1628.1620      0.99644214       1.0030166       128.00000
       1628.1829      0.98980784      0.99865448       128.00000
       1628.2037      0.99159503       1.0006325       128.00000
       1628.2245      0.99700809       1.0061771       128.00000
       1628.2454      0.99926704       1.0087875       0.0000000
       1628.2662      0.99890053       1.0070925       0.0000000
       1628.2870      0.99805504       1.0052438       128.00000
       1628.3079      0.99542558       1.0011311       128.00000
       1628.3287      0.99854577       1.0075827       128.00000
       1628.3495      0.99631357       1.0040548       128.00000
       1628.3704      0.99902219       1.0059100       128.00000
       1628.3912      0.99286991       1.0000000       128.00000
       1628.4120      0.99799657       1.0043647       128.00000
       1628.4329      0.99930668       1.0065203       0.0000000
       1628.4537      0.99727231       1.0048108       128.00000
       1628.4745      0.99864256       1.0029279       128.00000
       1628.4954      0.99887258       1.0068424       128.00000
       1628.5162      0.99492699       1.0016189       128.00000
       1628.5370      0.99188203      0.99729872       128.00000
       1628.5579      0.99803025       1.0048256       128.00000
       1628.5787       1.0000798       1.0079498       0.0000000
       1628.5995      0.99625570       1.0036210       128.00000
       1628.6204      0.99680096       1.0028309       128.00000
       1628.6412      0.99850708       1.0055876       0.0000000
       1628.6620      0.99820811       1.0041947       0.0000000
       1628.6829       1.0003829       1.0070552       0.0000000
       1628.7037      0.99898827       1.0059292       0.0000000
       1628.7245      0.99631089       1.0017503       128.00000
       1628.7454       1.0005269       1.0083078       0.0000000
       1628.7662      0.99928725       1.0063968       0.0000000
       1628.7870      0.99975181       1.0075870       128.00000
       1628.8079      0.99928379       1.0058268       128.00000
       1628.8287      0.99729043       1.0030609       128.00000
       1628.8495       1.0003613       1.0087093       0.0000000
       1628.8704       1.0017198       1.0107758       0.0000000
       1628.8912      0.99937630       1.0040038       128.00000
       1628.9120      0.99802363       1.0036985       128.00000
       1628.9329      0.99965948       1.0081174       128.00000
       1628.9537       1.0015584       1.0102190       0.0000000
       1628.9745      0.99969989       1.0075772       128.00000
       1628.9954      0.99958664       1.0069786       128.00000
       1629.0162      0.99993896       1.0066932       0.0000000
       1629.0370      0.99924517       1.0084797       0.0000000
       1629.0579       1.0000416       1.0098538       0.0000000
       1629.0787      0.99783009       1.0047177       0.0000000
       1629.0995      0.99959463       1.0061555       0.0000000
       1629.1204      0.99538296       1.0041224       0.0000000
       1629.1412      0.98637706      0.99507135       0.0000000
       1629.1620      0.96327686      0.97185868       0.0000000
       1629.1829      0.93596864      0.94334686       0.0000000
       1629.2037      0.89908075      0.90661788       128.00000
       1629.2245      0.86675906      0.87385720       0.0000000
       1629.2454      0.83876377      0.84750998       0.0000000
       1629.2662      0.81782842      0.82609624       0.0000000
       1629.2870      0.80983239      0.81804925       0.0000000
       1629.3079      0.81765372      0.82378596       0.0000000
       1629.3287      0.84114361      0.84881198       0.0000000
       1629.3495      0.87131739      0.87981451       0.0000000
       1629.3704      0.90538383      0.91287941       0.0000000
       1629.3912      0.93812960      0.94817287       0.0000000
       1629.4120      0.96569699      0.97567654       0.0000000
       1629.4329      0.98798579      0.99781859       0.0000000
       1629.4537      0.99883366       1.0079598       0.0000000
       1629.4745      0.99961483       1.0100018       0.0000000
       1629.4954      0.99775821       1.0074821       0.0000000
       1629.5162      0.99712956       1.0056990       0.0000000
       1629.5370      0.99803424       1.0088124       128.00000
       1629.5579      0.99799746       1.0067804       0.0000000
       1629.5787      0.99894941       1.0086752       128.00000
       1629.5995       1.0005523       1.0123104       0.0000000
       1629.6204      0.99846172       1.0094607       128.00000
       1629.6412       1.0012712       1.0124273       0.0000000
       1629.6620       1.0001793       1.0095847       0.0000000
       1629.6829       1.0001833       1.0091443       0.0000000
       1629.7037       1.0008407       1.0107832       0.0000000
       1629.7245       1.0021168       1.0128003       0.0000000
       1629.7454       1.0016506       1.0115542       0.0000000
       1629.7662       1.0034657       1.0128833       0.0000000
       1629.7870       1.0023808       1.0113047       0.0000000
       1629.8079       1.0030148       1.0141990       0.0000000
       1629.8287       1.0041937       1.0140710       0.0000000
       1629.8495       1.0037870       1.0146446       0.0000000
       1629.8704       1.0013446       1.0121855       0.0000000
       1629.8912       1.0028418       1.0129400       0.0000000
       1629.9120       1.0038230       1.0147291       0.0000000
       1629.9329       1.0034416       1.0125867       0.0000000
       1629.9537       1.0039303       1.0128757       0.0000000
       1629.9745       1.0039837       1.0123819       0.0000000
       1629.9954       1.0045348       1.0147148       0.0000000
       1630.0162       1.0040710       1.0125489       0.0000000
       1630.0370       1.0043935       1.0132823       0.0000000
       1630.0579       1.0049111       1.0148101       0.0000000
       1630.0787       1.0046310       1.0146227       0.0000000
       1630.0995       1.0033014       1.0129325       0.0000000
       1630.1204       1.0046068       1.0145843       0.0000000
       1630.1412       1.0038307       1.0138570       0.0000000
       1630.1620       1.0036286       1.0136814       0.0000000
       1630.1829       1.0047965       1.0129328       0.0000000
       1630.2037       1.0050429       1.0139927       0.0000000
       1630.2246       1.0042623       1.0126148       0.0000000
       1630.2454       1.0043285       1.0137161       0.0000000
       1630.2662       1.0042281       1.0139570       0.0000000
       1630.2871       1.0022821       1.0104430       0.0000000
       1630.3079       1.0034409       1.0124683       0.0000000
       1630.3287       1.0028429       1.0100411       0.0000000
       1630.3496       1.0038369       1.0130730       0.0000000
       1630.3704       1.0030206       1.0105178       0.0000000
       1630.3912       1.0030608       1.0106254       0.0000000
       1630.4121       1.0019621       1.0098194       0.0000000
       1630.4329       1.0020194       1.0105544       0.0000000
       1630.4537       1.0012797       1.0096328       0.0000000
       1630.4746       1.0016465       1.0097774       0.0000000
       1630.4954       1.0027311       1.0103743       0.0000000
       1630.5162       1.0019776       1.0106827       0.0000000
       1630.5371       1.0010501       1.0098253       0.0000000
       1630.5579      0.99811745       1.0078117       0.0000000
       1630.5787       1.0020261       1.0085915       0.0000000
       1630.5996       1.0011740       1.0081565       0.0000000
       1630.6204      0.99917191       1.0076138       0.0000000
       1630.6412       1.0012239       1.0092238       0.0000000
       1630.6621       1.0000837       1.0080091       0.0000000
       1630.6829       1.0006404       1.0086504       0.0000000
       1630.7037       1.0026973       1.0111442       0.0000000
       1630.7246       1.0007224       1.0081480       0.0000000
       1630.7454       1.0018063       1.0092881       0.0000000
       1630.7662       1.0017110       1.0101240       0.0000000
       1630.7871       1.0014415       1.0101111       0.0000000
       1630.8079      0.99933147       1.0066805       0.0000000
       1630.8287      0.99997902       1.0089332       0.0000000
       1630.8496       1.0016705       1.0108112       0.0000000
       1630.8704      0.99963135       1.0080643       0.0000000
       1630.8912      0.99996346       1.0070634       0.0000000
       1630.9121      0.99997878       1.0079767       0.0000000
       1630.9329      0.99812913       1.0061644       0.0000000
       1630.9537      0.98455894      0.99346340       0.0000000
       1630.9746      0.96170181      0.96831930       0.0000000
       1630.9954      0.93387592      0.94053727       0.0000000
       1631.0162      0.90672737      0.91397184       0.0000000
       1631.0371      0.87807691      0.88498378       0.0000000
       1631.0579      0.85345280      0.86053962       0.0000000
       1631.0787      0.83602440      0.84171551       0.0000000
       1631.0996      0.82970661      0.83564246       0.0000000
       1631.1204      0.83503115      0.84238535       0.0000000
       1631.1412      0.84910846      0.85616952       0.0000000
       1631.1621      0.87373406      0.88058746       0.0000000
       1631.1829      0.89750051      0.90413398       0.0000000
       1631.2037      0.92755258      0.93431175       0.0000000
       1631.2246      0.95314109      0.95950848       0.0000000
       1631.2454      0.82044381      0.82490849       128.00000
       1631.2662      0.98615855      0.99096680       128.00000
       1631.2871       1.0008548       1.0044774       0.0000000
       1631.3079       1.0012889       1.0054675       0.0000000
       1631.3287      0.99799007       1.0042704       128.00000
       1631.3496      0.99835676       1.0051012       0.0000000
       1631.3704      0.99805748       1.0049214       0.0000000
       1631.3912       1.0006911       1.0066534       0.0000000
       1631.4121      0.99919224       1.0046577       128.00000
       1631.4329      0.99788493       1.0030961       128.00000
       1631.4537       1.0003353       1.0052696       0.0000000
       1631.4746      0.99939942       1.0034349       0.0000000
       1631.4954       1.0023202       1.0064644       0.0000000
       1631.5162      0.99936748       1.0027112       128.00000
       1631.5371       1.0019826       1.0051908       0.0000000
       1631.5579       1.0005385       1.0058880       0.0000000
       1631.5787      0.99861783       1.0024625       128.00000
       1631.5996      0.99924320       1.0014050       0.0000000
       1631.6204       1.0002888       1.0034798       0.0000000
       1631.6412       1.0016681       1.0035412       0.0000000
       1631.6621       1.0004419       1.0029032       0.0000000
       1631.6829      0.99913847       1.0016634       128.00000
       1631.7037      0.99917865       1.0019910       0.0000000
       1631.7246       1.0012448       1.0042340       0.0000000
       1631.7454      0.99963027      0.99995720       128.00000
       1631.7662       1.0001482       1.0020914       128.00000
       1631.7871       1.0027094       1.0059303       0.0000000
       1631.8079      0.99984264       1.0016048       128.00000
       1631.8287       1.0005918       1.0023726       128.00000
       1631.8496       1.0015353       1.0054450       0.0000000
       1631.8704      0.99836189       1.0004554       0.0000000
       1631.8912      0.99960023       1.0022402       128.00000
       1631.9121       1.0027326       1.0059973       0.0000000
       1631.9329       1.0016912       1.0023804       128.00000
       1631.9537       1.0014017       1.0030667       0.0000000
       1631.9746       1.0016953       1.0045397       0.0000000
       1631.9954       1.0008689       1.0017567       0.0000000
       1632.0162      0.99731493      0.99925566       128.00000
       1632.0371       1.0011563       1.0053942       0.0000000
       1632.0579       1.0025873       1.0049021       0.0000000
       1632.0787       1.0016359       1.0045958       128.00000
       1632.0996       1.0013236       1.0050071       128.00000
       1632.1204       1.0029471       1.0048432       0.0000000
       1632.1412       1.0006905       1.0032279       0.0000000
       1632.1621      0.99629372      0.99753058       128.00000
       1632.1829       1.0004674       1.0035641       0.0000000
       1632.2037       1.0032713       1.0057031       128.00000
       1632.2246       1.0010382       1.0052327       0.0000000
       1632.2454      0.99915290       1.0035281       128.00000
       1632.2662      0.99508268      0.99884546       128.00000
       1632.2871       1.0003687       1.0047623       0.0000000
       1632.3079       1.0024519       1.0044892       0.0000000
       1632.3287       1.0019360       1.0070361       0.0000000
       1632.3496      0.99942619       1.0032928       0.0000000
       1632.3704       1.0020591       1.0045005       0.0000000
       1632.3912       1.0002887       1.0057701       0.0000000
       1632.4121       1.0011411       1.0070157       0.0000000
       1632.4329      0.99947965       1.0053884       0.0000000
       1632.4537       1.0018380       1.0068879       0.0000000
       1632.4746      0.99981922       1.0043740       0.0000000
       1632.4954       1.0008446       1.0037991       0.0000000
       1632.5162       1.0002598       1.0041951       0.0000000
       1632.5371      0.99954802       1.0030302       0.0000000
       1632.5579       1.0005172       1.0024234       0.0000000
       1632.5787       1.0017573       1.0052283       128.00000
       1632.5996       1.0002775       1.0053471       0.0000000
       1632.6204      0.99957794       1.0030293       0.0000000
       1632.6412       1.0001574       1.0032523       0.0000000
       1632.6621      0.99948770       1.0046265       0.0000000
       1632.6829       1.0000025       1.0058006       0.0000000
       1632.7037       1.0022748       1.0069349       0.0000000
       1632.7246       1.0002854       1.0048133       0.0000000
       1632.7454       1.0007385       1.0045643       0.0000000
       1632.7662      0.99930531       1.0030465       0.0000000
       1632.7871      0.99908847       1.0025365       0.0000000
       1632.8079      0.99893951       1.0017450       0.0000000
       1632.8287       1.0016116       1.0052130       0.0000000
       1632.8496      0.99932790       1.0026790       0.0000000
       1632.8704      0.99867135       1.0020387       0.0000000
       1632.8912      0.99942321       1.0037744       0.0000000
       1632.9121       1.0000845       1.0028253       0.0000000
       1632.9329      0.99970299       1.0034009       0.0000000
       1632.9537      0.99921024       1.0023351       0.0000000
       1632.9746      0.99860054       1.0020623       0.0000000
       1632.9954      0.99780744       1.0003932       0.0000000
       1633.0162      0.99891204       1.0021645       0.0000000
       1633.0371      0.99865651       1.0016207       0.0000000
       1633.0579      0.99969405       1.0045453       0.0000000
       1633.0787       1.0003443       1.0028356       0.0000000
       1633.0996       1.0007157       1.0019585       0.0000000
       1633.1204      0.99869078       1.0027640       0.0000000
       1633.1412      0.99848276       1.0010386       0.0000000
       1633.1621      0.99851286       1.0016036       0.0000000
       1633.1829      0.99901485       1.0018966       0.0000000
       1633.2037      0.99971259       1.0017389       0.0000000
       1633.2246      0.99878860       1.0006241       0.0000000
       1633.2454      0.99815977      0.99977404       0.0000000
       1633.2662      0.99754703       1.0002563       0.0000000
       1633.2871      0.99738997       1.0000815       0.0000000
       1633.3079      0.99207836      0.99413186       0.0000000
       1633.3287      0.97130120      0.97428751       0.0000000
       1633.3496      0.94425476      0.94599271       0.0000000
       1633.3704      0.91057926      0.91190839       0.0000000
       1633.3912      0.87736261      0.87927663       0.0000000
       1633.4121      0.84791410      0.84955877       0.0000000
       1633.4329      0.82410997      0.82583410       0.0000000
       1633.4537      0.81172955      0.81336606       0.0000000
       1633.4746      0.81422663      0.81576133       0.0000000
       1633.4954      0.83277559      0.83364528       0.0000000
       1633.5162      0.86159092      0.86131340       0.0000000
       1633.5371      0.89321989      0.89410603       0.0000000
       1633.5579      0.92512923      0.92640090       0.0000000
       1633.5787      0.95695353      0.95741636       0.0000000
       1633.5996      0.98116297      0.98262405       0.0000000
       1633.6204      0.99716848      0.99869865       0.0000000
       1633.6412      0.99784541      0.99954683       0.0000000
       1633.6621      0.99776393      0.99787217       0.0000000
       1633.6829      0.99954075       1.0014120       0.0000000
       1633.7037      0.99794084      0.99928391       0.0000000
       1633.7246       1.0004355       1.0005782       0.0000000
       1633.7454       1.0002178       1.0025166       0.0000000
       1633.7662      0.99887455       1.0006212       0.0000000
       1633.7871      0.99937654      0.99971282       0.0000000
       1633.8079      0.99534559       1.0018251       128.00000
       1633.8287      0.99897861      0.99989945       0.0000000
       1633.8496       1.0018303       1.0026102       0.0000000
       1633.8704       1.0005801       1.0017102       0.0000000
       1633.8912       1.0013067       1.0009614       0.0000000
       1633.9121       1.0019553       1.0014515       0.0000000
       1633.9329       1.0020574       1.0041252       0.0000000
       1633.9537       1.0008101       1.0021427       0.0000000
       1633.9746       1.0011846       1.0004510       0.0000000
       1633.9954      0.99462616       1.0018269       128.00000
       1634.0162       1.0026654       1.0034025       0.0000000
       1634.0371       1.0028353       1.0031325       0.0000000
       1634.0579       1.0034258       1.0037458       0.0000000
       1634.0787       1.0039104       1.0031153       0.0000000
       1634.0996       1.0032629       1.0027039       0.0000000
       1634.1204       1.0045241       1.0044035       0.0000000
       1634.1412       1.0030341       1.0013106       0.0000000
       1634.1621       1.0089254       1.0039357       0.0000000
       1634.1829       1.0054789       1.0054537       0.0000000
       1634.2037       1.0032943       1.0027875       0.0000000
       1634.2246       1.0040365       1.0034963       0.0000000
       1634.2454       1.0029130       1.0023121       0.0000000
       1634.2662       1.0045770       1.0036809       0.0000000
       1634.2871       1.0032800       1.0020932       0.0000000
       1634.3079       1.0047387       1.0037063       0.0000000
       1634.3287       1.0037863       1.0030528       0.0000000
       1634.3496       1.0043694       1.0020629       0.0000000
       1634.3704      0.85261911      0.85350060       128.00000
       1634.3912      0.97795707      0.99842358       128.00000
       1634.4121       1.0039910       1.0004718       0.0000000
       1634.4329       1.0026319      0.99948698       0.0000000
       1634.4537       1.0047083       1.0006672       128.00000
       1634.4746       1.0050869       1.0001823       0.0000000
       1634.4954       1.0050709       1.0009692       0.0000000
       1634.5162       1.0038441      0.99990976       0.0000000
       1634.5371       1.0043948       1.0001855       0.0000000
       1634.5579       1.0032562      0.99879313       0.0000000
       1634.5787       1.0032767      0.99734479       128.00000
       1634.5996       1.0029684      0.99744850       0.0000000
       1634.6204       1.0029973      0.99838096       128.00000
       1634.6412       1.0023181      0.99742019       0.0000000
       1634.6621       1.0048593      0.99924034       0.0000000
       1634.6829       1.0039381      0.99957591       0.0000000
       1634.7037       1.0009527      0.99600542       0.0000000
       1634.7246       1.0030099      0.99920064       0.0000000
       1634.7454       1.0020442      0.99530482       0.0000000
       1634.7662       1.0017339      0.99554616       128.00000
       1634.7871       1.0021726      0.99689424       0.0000000
       1634.8079       1.0024046      0.99678385       0.0000000
       1634.8287       1.0008594      0.99569881       0.0000000
       1634.8496       1.0027359      0.99822724       0.0000000
       1634.8704       1.0015315      0.99825007       0.0000000
       1634.8912       1.0029113      0.99890327       0.0000000
       1634.9121       1.0018224      0.99799609       0.0000000
       1634.9329       1.0010153      0.99687988       0.0000000
       1634.9537       1.0017699      0.99712735       0.0000000
       1634.9746       1.0001525      0.99523509       0.0000000
       1634.9954       1.0014350      0.99772662       0.0000000
       1635.0162       1.0011592      0.99663758       128.00000
       1635.0371      0.99983537      0.99534124       0.0000000
       1635.0579      0.99744928      0.99247837       0.0000000
       1635.0787      0.99885482      0.99420059       0.0000000
       1635.0996      0.99866688      0.99468964       128.00000
       1635.1204      0.99007791      0.98500079       0.0000000
       1635.1412      0.96982348      0.96406662       128.00000
       1635.1621      0.94547272      0.94126123       0.0000000
       1635.1829      0.91604197      0.91176403       0.0000000
       1635.2037      0.88902199      0.88526481       0.0000000
       1635.2246      0.86165386      0.85775793       128.00000
       1635.2454      0.84134644      0.83815950       0.0000000
       1635.2662      0.83022255      0.82629192       0.0000000
       1635.2871      0.82958853      0.82534373       0.0000000
       1635.3079      0.84490073      0.84074777       128.00000
       1635.3287      0.86373985      0.85939389       128.00000
       1635.3496      0.88977009      0.88505262       0.0000000
       1635.3704      0.91648883      0.91199934       128.00000
       1635.3912      0.94681537      0.94161153       0.0000000
       1635.4121      0.97288698      0.96715492       0.0000000
       1635.4329      0.99022657      0.98489648       0.0000000
       1635.4537      0.99884188      0.99320424       0.0000000
       1635.4746       1.0015650      0.99614334       0.0000000
       1635.4954       1.0003448      0.99445206       0.0000000
       1635.5162       1.0008765      0.99540299       0.0000000
       1635.5371       1.0001075      0.99534804       0.0000000
       1635.5579      0.99983257      0.99374986       0.0000000
       1635.5787       1.0021061      0.99655229       0.0000000
       1635.5996       1.0004976      0.99477839       128.00000
       1635.6204       1.0006795      0.99451202       0.0000000
       1635.6412       1.0015594      0.99709928       0.0000000
       1635.6621       1.0020595      0.99661005       0.0000000
       1635.6829       1.0010468      0.99575728       0.0000000
       1635.7037       1.0000770      0.99687654       128.00000
       1635.7246       1.0005921      0.99463999       128.00000
       1635.7454       1.0020145      0.99679536       0.0000000
       1635.7662       1.0021622      0.99677062       0.0000000
       1635.7871       1.0016927      0.99661541       0.0000000
       1635.8079       1.0013773      0.99533486       0.0000000
       1635.8287       1.0029591      0.99615413       0.0000000
       1635.8496       1.0034605      0.99637055       128.00000
       1635.8704       1.0030096      0.99657720       0.0000000
       1635.8912       1.0028336      0.99690574       0.0000000
       1635.9121       1.0036041      0.99700379       0.0000000
       1635.9329       1.0017432      0.99596113       0.0000000
       1635.9537       1.0021865      0.99617189       0.0000000
       1635.9746       1.0014293      0.99514282       0.0000000
       1635.9954       1.0009823      0.99437332       0.0000000
       1636.0162       1.0027868      0.99521863       0.0000000
       1636.0371       1.0029014      0.99661964       0.0000000
       1636.0579       1.0040326      0.99740303       0.0000000
       1636.0787       1.0037323      0.99719381       0.0000000
       1636.0996       1.0032442      0.99680632       0.0000000
       1636.1204       1.0025231      0.99442190       0.0000000
       1636.1412       1.0025401      0.99510264       0.0000000
       1636.1621       1.0025408      0.99566931       0.0000000
       1636.1829       1.0031222      0.99632508       0.0000000
       1636.2037       1.0026827      0.99435568       0.0000000
       1636.2246       1.0020658      0.99530101       0.0000000
       1636.2454       1.0012226      0.99420071       0.0000000
       1636.2662      0.99986511      0.99426037       128.00000
       1636.2871       1.0035349      0.99719429       0.0000000
       1636.3079       1.0028212      0.99634105       0.0000000
       1636.3287       1.0028863      0.99583656       0.0000000
       1636.3496       1.0027491      0.99473780       0.0000000
       1636.3704       1.0026433      0.99515098       0.0000000
       1636.3912       1.0034261      0.99545807       0.0000000
       1636.4121       1.0019114      0.99369901       0.0000000
       1636.4329       1.0023004      0.99387318       0.0000000
       1636.4537       1.0020319      0.99376851       0.0000000
       1636.4746       1.0011147      0.99280125       0.0000000
       1636.4954       1.0001280      0.99226469       0.0000000
       1636.5162      0.99732649      0.98860669       0.0000000
       1636.5371      0.99429756      0.98421401       0.0000000
       1636.5579      0.98948842      0.98206961       0.0000000
       1636.5787      0.98850101      0.97859782       0.0000000
       1636.5995      0.98701406      0.97780377       0.0000000
       1636.6204      0.98607999      0.97600549       0.0000000
       1636.6412      0.98554307      0.97453827       0.0000000
       1636.6620      0.98679370      0.97704554       0.0000000
       1636.6829      0.98774779      0.97841787       0.0000000
       1636.7037      0.98930794      0.97888917       0.0000000
       1636.7245      0.98712552      0.97942871       128.00000
       1636.7454      0.99427921      0.98356467       0.0000000
       1636.7662      0.99783605      0.98630214       0.0000000
       1636.7870       1.0004263      0.98942202       0.0000000
       1636.8079       1.0015115      0.99064279       0.0000000
       1636.8287       1.0011019      0.98979557       0.0000000
       1636.8495       1.0015168      0.99016041       0.0000000
       1636.8704       1.0020066      0.98975307       0.0000000
       1636.8912       1.0016109      0.98991042       0.0000000
       1636.9120       1.0010216      0.98950315       0.0000000
       1636.9329       1.0024598      0.99002630       0.0000000
       1636.9537       1.0008377      0.98853952       0.0000000
       1636.9745       1.0012643      0.98936439       0.0000000
       1636.9954       1.0014801      0.98953229       0.0000000
       1637.0162       1.0004083      0.98938608       128.00000
       1637.0370       1.0022117      0.98862970       128.00000
       1637.0579       1.0011927      0.98834294       0.0000000
       1637.0787       1.0006443      0.98749930       0.0000000
       1637.0995       1.0021536      0.98852962       0.0000000
       1637.1204       1.0013291      0.98829669       0.0000000
       1637.1412       1.0009165      0.98717195       0.0000000
       1637.1620       1.0011770      0.98746806       0.0000000
       1637.1829       1.0015528      0.98792040       0.0000000
       1637.2037       1.0011951      0.98671609       0.0000000
       1637.2245       1.0007437      0.98588324       0.0000000
       1637.2454       1.0009576      0.98667276       0.0000000
       1637.2662       1.0012013      0.98604852       0.0000000
       1637.2870      0.99892449      0.98251092       0.0000000
       1637.3079       1.0014880      0.98569864       0.0000000
       1637.3287      0.99911952      0.98351836       0.0000000
       1637.3495      0.99989861      0.98530221       0.0000000
       1637.3704       1.0076920      0.98641545       128.00000
       1637.3912       1.0011241      0.98635864       0.0000000
       1637.4120       1.0013437      0.98576301       0.0000000
       1637.4329       1.0002198      0.98302633       0.0000000
       1637.4537      0.99997300      0.98425692       0.0000000
       1637.4745      0.99619389      0.97778887       0.0000000
       1637.4954      0.81642795      0.80130672       128.00000
       1637.5162      0.94466317      0.92716259       128.00000
       1637.5370      0.91230005      0.89392358       128.00000
       1637.5579      0.88940632      0.87427592       128.00000
       1637.5787      0.85399050      0.83861512       128.00000
       1637.5995      0.83389485      0.81920028       0.0000000
       1637.6204      0.81093693      0.79607099       128.00000
       1637.6412      0.81356561      0.79912800       0.0000000
       1637.6620      0.82576126      0.81080467       128.00000
       1637.6829      0.85322571      0.83896846       0.0000000
       1637.7037      0.88410002      0.86929053       128.00000
       1637.7245      0.91681212      0.90227807       0.0000000
       1637.7454      0.94776255      0.93137515       128.00000
       1637.7662      0.97370243      0.95669460       128.00000
       1637.7870      0.99621004      0.97951025       0.0000000
       1637.8079      0.97548187      0.97911316       128.00000
       1637.8287       1.0008818      0.98310488       0.0000000
       1637.8495       1.0000000      0.98220074       128.00000
       1637.8704       1.0015022      0.98351192       128.00000
       1637.8912      0.99945778      0.98085052       0.0000000
       1637.9120       1.0005313      0.98153204       0.0000000
       1637.9329      0.99913758      0.98103493       0.0000000
       1637.9537      0.99780893      0.97839969       128.00000
       1637.9745       1.0027728      0.98408455       0.0000000
       1637.9954       1.0011245      0.98141968       0.0000000
       1638.0162       1.0002784      0.98172379       128.00000
       1638.0370      0.99975616      0.97980487       128.00000
       1638.0579      0.99778801      0.97664046       128.00000
       1638.0787      0.99789476      0.97711462       128.00000
       1638.0995       1.0008334      0.97971720       0.0000000
       1638.1204      0.99908495      0.97646862       128.00000
       1638.1412       1.0016304      0.98056120       0.0000000
       1638.1620       1.0020438      0.98052424       0.0000000
       1638.1829       1.0027124      0.98067003       0.0000000
       1638.2037       1.0013534      0.98002166       0.0000000
       1638.2245       1.0010496      0.97849363       128.00000
       1638.2454       1.0024816      0.97881806       128.00000
       1638.2662       1.0029018      0.98100364       128.00000
       1638.2870       1.0021628      0.97924864       0.0000000
       1638.3079       1.0030899      0.98033440       0.0000000
       1638.3287       1.0028187      0.97994345       128.00000
       1638.3495      0.99889928      0.98212457       128.00000
       1638.3704       1.0047679      0.97910964       128.00000
       1638.3912       1.0025516      0.97765273       128.00000
       1638.4120       1.0036535      0.97894102       0.0000000
       1638.4329       1.0047458      0.97986346       0.0000000
       1638.4537       1.0052054      0.98029155       0.0000000
       1638.4745      0.99910474      0.97461528       128.00000
       1638.4954       1.0014995      0.97714180       128.00000
       1638.5162       1.0025706      0.97559327       0.0000000
       1638.5370       1.0021582      0.97620910       0.0000000
       1638.5579      0.99968779      0.97290766       0.0000000
       1638.5787       1.0002179      0.97373235       128.00000
       1638.5995       1.0015496      0.97430080       0.0000000
       1638.6204       1.0018946      0.97447914       128.00000
       1638.6412      0.99474907      0.96677506       128.00000
       1638.6620      0.97485071      0.94831687       128.00000
       1638.6829      0.94232148      0.91584778       128.00000
       1638.7037      0.91221356      0.88667935       128.00000
       1638.7245      0.89472067      0.86835623       128.00000
       1638.7454      0.90038526      0.87300152       128.00000
       1638.7662      0.92365003      0.89770120       128.00000
       1638.7870      0.95759684      0.92825943       128.00000
       1638.8079      0.98419040      0.95433688       128.00000
       1638.8287      0.99875444      0.96777952       128.00000
       1638.8495      0.99924052      0.96586215       128.00000
       1638.8704      0.99926019      0.96649677       128.00000
       1638.8912      0.99694914      0.96358663       128.00000
       1638.9120      0.99918348      0.96622521       128.00000
       1638.9329       1.0001773      0.96709031       128.00000
       1638.9537      0.99807698      0.96452510       128.00000
       1638.9745      0.99942333      0.96609908       128.00000
       1640.0579      0.99591011       1.0037769       0.0000000
       1640.0787      0.99724019       1.0052255       0.0000000
       1640.0995      0.99673188       1.0047421       0.0000000
       1640.1204      0.99207205       1.0000000       128.00000
       1640.1412      0.99459451       1.0025742       128.00000
       1640.1620      0.99660248       1.0047307       0.0000000
       1640.1829      0.99488014       1.0029640       0.0000000
       1640.2037      0.99568862       1.0038036       0.0000000
       1640.2245      0.99534923       1.0035247       0.0000000
       1640.2454      0.99102259      0.99908465       128.00000
       1640.2662      0.99302119       1.0013051       0.0000000
       1640.2870      0.99436039       1.0025856       0.0000000
       1640.3079      0.99318129       1.0020888       0.0000000
       1640.3287      0.98989761      0.99846786       128.00000
       1640.3495      0.99253821       1.0019237       0.0000000
       1640.3704      0.99208754       1.0021825       128.00000
       1640.3912      0.99693334       1.0054208       0.0000000
       1640.4120      0.99465501       1.0030526       0.0000000
       1640.4329      0.99369854       1.0034757       128.00000
       1640.4537      0.99830502       1.0068305       0.0000000
       1640.4745      0.99857736       1.0071491       0.0000000
       1640.4954      0.99317747       1.0023947       128.00000
       1640.5162      0.99534732       1.0040628       0.0000000
       1640.5370      0.99383646       1.0020764       0.0000000
       1640.5579      0.99702877       1.0055898       0.0000000
       1640.5787      0.99796307       1.0063293       0.0000000
       1640.5995      0.99490374       1.0096705       128.00000
       1640.6204      0.99793565       1.0068438       0.0000000
       1640.6412      0.99642718       1.0057890       0.0000000
       1640.6620      0.99919629       1.0089375       0.0000000
       1640.6828      0.99617159       1.0048890       0.0000000
       1640.7037      0.99779719       1.0080560       0.0000000
       1640.7245      0.99900627       1.0077829       0.0000000
       1640.7453      0.99818933       1.0065390       128.00000
       1640.7662       1.0006622       1.0088370       128.00000
       1640.7870      0.99851406       1.0068126       0.0000000
       1640.8078      0.99450493       1.0070236       128.00000
       1640.8287      0.99902987       1.0073248       0.0000000
       1640.8495      0.99941087       1.0074985       0.0000000
       1640.8703      0.99900919       1.0072420       0.0000000
       1640.8912       1.0017533       1.0099126       128.00000
       1640.9120      0.99951470       1.0077767       0.0000000
       1640.9328      0.99984384       1.0081350       0.0000000
       1640.9537       1.0011922       1.0095423       0.0000000
       1640.9745      0.99818683       1.0063525       128.00000
       1640.9953      0.99935180       1.0077716       0.0000000
       1641.0162      0.99898934       1.0072259       0.0000000
       1641.0370      0.99732137       1.0056779       0.0000000
       1641.0578      0.99724936       1.0054208       0.0000000
       1641.0787      0.99934578       1.0075740       0.0000000
       1641.0995      0.99997699       1.0082083       0.0000000
       1641.1203      0.99988002       1.0091063       0.0000000
       1641.1412      0.99854952       1.0069033       0.0000000
       1641.1620      0.99710655       1.0054220       0.0000000
       1641.1828      0.99961853       1.0077940       0.0000000
       1641.2037      0.99872750       1.0070634       0.0000000
       1641.2245       1.0017421       1.0099660       0.0000000
       1641.2453       1.0015134       1.0096909       0.0000000
       1641.2662      0.99846053       1.0068467       0.0000000
       1641.2870       1.0013685       1.0096612       0.0000000
       1641.3078      0.99961030       1.0080801       0.0000000
       1641.3287       1.0013419       1.0097343       0.0000000
       1641.3495       1.0017614       1.0103151       0.0000000
       1641.3703       1.0000222       1.0085763       0.0000000
       1641.3912      0.99972826       1.0081525       0.0000000
       1641.4120      0.99936914       1.0079257       0.0000000
       1641.4328       1.0008069       1.0093595       0.0000000
       1641.4537       1.0007135       1.0090787       0.0000000
       1641.4745      0.99864525       1.0077418       0.0000000
       1641.4953      0.99809247       1.0063332       0.0000000
       1641.5162       1.0002800       1.0084698       0.0000000
       1641.5370       1.0009128       1.0090110       0.0000000
       1641.5578      0.99942249       1.0073080       0.0000000
       1641.5787       1.0007675       1.0084369       0.0000000
       1641.5995       1.0032587       1.0105816       0.0000000
       1641.6203      0.99961573       1.0066309       0.0000000
       1641.6412       1.0014390       1.0080370       0.0000000
       1641.6620      0.98534489      0.99122655       0.0000000
       1641.6828      0.96517324      0.97071970       0.0000000
       1641.7037      0.93594754      0.94089109       0.0000000
       1641.7245      0.90220475      0.90653068       0.0000000
       1641.7453      0.86912173      0.87283278       0.0000000
       1641.7662      0.84338719      0.84661263       0.0000000
       1641.7870      0.82393700      0.82680261       0.0000000
       1641.8078      0.81484318      0.81744808       0.0000000
       1641.8287      0.82291454      0.82538390       0.0000000
       1641.8495      0.84265947      0.84523815       0.0000000
       1641.8703      0.88046640      0.88312584       0.0000000
       1641.8912      0.91474688      0.91738415       0.0000000
       1641.9120      0.94530267      0.94798976       0.0000000
       1641.9328      0.97569627      0.97858351       0.0000000
       1641.9537      0.99951488       1.0027103       0.0000000
       1641.9745       1.0034201       1.0070230       0.0000000
       1641.9953       1.0046719       1.0087862       0.0000000
       1642.0162      0.99978650       1.0045278       0.0000000
       1642.0370      0.99883062       1.0043300       0.0000000
       1642.0578      0.99858791       1.0048652       0.0000000
       1642.0787      0.99886394       1.0058798       0.0000000
       1642.0995      0.99660212       1.0043873       0.0000000
       1642.1203       1.0000000       1.0072882       0.0000000
       1642.1412      0.99758905       1.0062275       0.0000000
       1642.1620      0.99697095       1.0058517       0.0000000
       1642.1828      0.99737930       1.0067074       0.0000000
       1642.2037       1.0021774       1.0126655       0.0000000
       1642.2245       1.0006751       1.0113465       0.0000000
       1642.2453      0.99964911       1.0112069       0.0000000
       1642.2662       1.0014544       1.0119573       0.0000000
       1642.2870      0.98115528       1.0106229       128.00000
       1642.3078       1.0022467       1.0124959       0.0000000
       1642.3287       1.0033414       1.0130056       0.0000000
       1642.3495      0.99602652       1.0118250       128.00000
       1642.3703       1.0015748       1.0120572       0.0000000
       1642.3912       1.0009871       1.0116810       0.0000000
       1642.4120       1.0011334       1.0112237       0.0000000
       1642.4328       1.0033780       1.0130285       0.0000000
       1642.4537       1.0019257       1.0116869       0.0000000
       1642.4745       1.0010982       1.0115870       0.0000000
       1642.4953       1.0013990       1.0124991       128.00000
       1642.5162       1.0010457       1.0107358       0.0000000
       1642.5370       1.0011911       1.0105536       0.0000000
       1642.5578      0.99991274       1.0087700       0.0000000
       1642.5787       1.0007119       1.0104417       0.0000000
       1642.5995       1.0007049       1.0104430       0.0000000
       1642.6203       1.0021994       1.0113833       0.0000000
       1642.6412       1.0022237       1.0128874       0.0000000
       1642.6620       1.0018263       1.0112317       0.0000000
       1642.6828       1.0007759       1.0099597       0.0000000
       1642.7037       1.0025041       1.0115769       0.0000000
       1642.7245       1.0024933       1.0120902       0.0000000
       1642.7453       1.0018227       1.0129398       0.0000000
       1642.7662       1.0032177       1.0130748       0.0000000
       1642.7870       1.0012978       1.0107353       0.0000000
       1642.8078       1.0023476       1.0117155       128.00000
       1642.8287       1.0003124       1.0104302       0.0000000
       1642.8495       1.0005076       1.0104685       0.0000000
       1642.8703       1.0008326       1.0096228       0.0000000
       1642.8912       1.0007826       1.0118990       128.00000
       1642.9120       1.0008429       1.0096782       0.0000000
       1642.9328      0.99910986       1.0075554       0.0000000
       1642.9537      0.99777722       1.0078439       0.0000000
       1642.9745      0.99574351       1.0098343       128.00000
       1642.9953      0.99928671       1.0078206       0.0000000
       1643.0162       1.0013313       1.0097538       0.0000000
       1643.0370       1.0005462       1.0089735       0.0000000
       1643.0578       1.0001131       1.0089650       0.0000000
       1643.0787       1.0011605       1.0103577       0.0000000
       1643.0995      0.99703592       1.0085422       0.0000000
       1643.1203       1.0011765       1.0092164       0.0000000
       1643.1412       1.0013467       1.0100790       0.0000000
       1643.1620       1.0003757       1.0102551       0.0000000
       1643.1828       1.0044502       1.0113653       0.0000000
       1643.2037      0.84464484      0.85237998       128.00000
       1643.2245      0.99511915       1.0033520       128.00000
       1643.2453      0.99812543       1.0070188       128.00000
       1643.2661       1.0011466       1.0090369       0.0000000
       1643.2870       1.0013467       1.0084399       0.0000000
       1643.3078       1.0021467       1.0068823       128.00000
       1643.3286       1.0027790       1.0084648       0.0000000
       1643.3495       1.0014379       1.0074075       128.00000
       1643.3703       1.0022097       1.0078899       0.0000000
       1643.3911       1.0002048       1.0074011       0.0000000
       1643.4120       1.0017731       1.0067024       0.0000000
       1643.4328       1.0022686       1.0085374       0.0000000
       1643.4536      0.99723667       1.0042033       0.0000000
       1643.4745      0.98262805      0.98973107       0.0000000
       1643.4953      0.96378857      0.96952009       0.0000000
       1643.5161      0.93711764      0.94500309       0.0000000
       1643.5370      0.91018569      0.91709119       0.0000000
       1643.5578      0.88284284      0.88952005       0.0000000
       1643.5786      0.85658896      0.86356723       0.0000000
       1643.5995      0.83619094      0.84615934       128.00000
       1643.6203      0.83113945      0.83769846       0.0000000
       1643.6411      0.83338165      0.84113252       128.00000
       1643.6620      0.85049748      0.85576481       0.0000000
       1643.6828      0.87196302      0.87802052       0.0000000
       1643.7036      0.89664602      0.90555531       0.0000000
       1643.7245      0.92589015      0.93298215       0.0000000
       1643.7453      0.95538574      0.96319944       0.0000000
       1643.7661      0.97664380      0.98354995       0.0000000
       1643.7870      0.99560016       1.0039234       0.0000000
       1643.8078       1.0003124       1.0081658       0.0000000
       1643.8286      0.99629271       1.0061492       128.00000
       1643.8495       1.0008638       1.0070345       0.0000000
       1643.8703      0.99664509       1.0061376       128.00000
       1643.8911      0.99901909       1.0079579       128.00000
       1643.9120       1.0000520       1.0075048       0.0000000
       1643.9328      0.99741727       1.0058960       0.0000000
       1643.9536      0.99245310       1.0077707       0.0000000
       1643.9745       1.0007321       1.0095193       0.0000000
       1643.9953       1.0001340       1.0080376       0.0000000
       1644.0161       1.0009611       1.0093555       0.0000000
       1644.0370      0.99883986       1.0060641       0.0000000
       1644.0578       1.0010717       1.0089325       0.0000000
       1644.0786       1.0010766       1.0080986       0.0000000
       1644.0995       1.0006715       1.0077790       128.00000
       1644.1203      0.99926376       1.0070202       0.0000000
       1644.1411       1.0017359       1.0087044       0.0000000
       1644.1620      0.99721938       1.0053521       0.0000000
       1644.1828      0.99736738       1.0065854       0.0000000
       1644.2036       1.0019274       1.0089171       0.0000000
       1644.2245       1.0022901       1.0092698       128.00000
       1644.2453       1.0031596       1.0103517       0.0000000
       1644.2661       1.0020322       1.0089834       0.0000000
       1644.2870       1.0023254       1.0101141       0.0000000
       1644.3078       1.0003202       1.0096478       0.0000000
       1644.3286       1.0011762       1.0094223       0.0000000
       1644.3495       1.0019594       1.0094172       0.0000000
       1644.3703       1.0009847       1.0079148       0.0000000
       1644.3911       1.0050375       1.0111427       0.0000000
       1644.4120       1.0032187       1.0096117       0.0000000
       1644.4328       1.0035925       1.0100358       0.0000000
       1644.4536       1.0003605       1.0085330       0.0000000
       1644.4745       1.0017829       1.0070503       0.0000000
       1644.4953       1.0030257       1.0097059       0.0000000
       1644.5161       1.0018713       1.0093597       0.0000000
       1644.5370       1.0020988       1.0088179       0.0000000
       1644.5578       1.0032395       1.0097611       0.0000000
       1644.5786       1.0014671       1.0079370       0.0000000
       1644.5995       1.0017805       1.0094581       0.0000000
       1644.6203       1.0031331       1.0095617       0.0000000
       1644.6411       1.0030235       1.0089191       0.0000000
       1644.6620       1.0019857       1.0097156       0.0000000
       1644.6828       1.0026954       1.0101789       0.0000000
       1644.7036       1.0017236       1.0083433       0.0000000
       1644.7245       1.0016315       1.0086385       128.00000
       1644.7453       1.0032338       1.0096092       0.0000000
       1644.7661       1.0017111       1.0081208       0.0000000
       1644.7870       1.0026944       1.0092095       0.0000000
       1644.8078       1.0017992       1.0082587       0.0000000
       1644.8286       1.0028071       1.0093704       0.0000000
       1644.8495       1.0023023       1.0082926       0.0000000
       1644.8703       1.0027856       1.0093752       0.0000000
       1644.8911       1.0042169       1.0099066       0.0000000
       1644.9120       1.0010682       1.0072782       0.0000000
       1644.9328       1.0034361       1.0091867       0.0000000
       1644.9536       1.0004561       1.0068092       0.0000000
       1644.9745      0.99954849       1.0063584       0.0000000
       1644.9953      0.99970090       1.0065027       0.0000000
       1645.0161       1.0035319       1.0094661       0.0000000
       1645.0370       1.0004003       1.0035328       0.0000000
       1645.0578       1.0012448       1.0065986       0.0000000
       1645.0786       1.0034041       1.0070875       0.0000000
       1645.0995       1.0005395       1.0049359       0.0000000
       1645.1203       1.0014880       1.0077112       0.0000000
       1645.1411       1.0031217       1.0070528       0.0000000
       1645.1620       1.0023861       1.0061802       0.0000000
       1645.1828       1.0015126       1.0077207       0.0000000
       1645.2036       1.0025268       1.0069175       0.0000000
       1645.2245      0.99963760       1.0053650       0.0000000
       1645.2453       1.0029973       1.0079530       0.0000000
       1645.2661       1.0010666       1.0048107       0.0000000
       1645.2869      0.99978840       1.0045899       0.0000000
       1645.3078       1.0036390       1.0082773       0.0000000
       1645.3286      0.99886155       1.0068069       0.0000000
       1645.3494       1.0044545       1.0087053       0.0000000
       1645.3703       1.0020596       1.0076568       0.0000000
       1645.3911       1.0013436       1.0066941       0.0000000
       1645.4119      0.99959445       1.0032760       0.0000000
       1645.4328       1.0011837       1.0036907       0.0000000
       1645.4536       1.0017220       1.0067612       0.0000000
       1645.4744       1.0008466       1.0054929       0.0000000
       1645.4953       1.0003474       1.0046585       0.0000000
       1645.5161       1.0004337       1.0047498       0.0000000
       1645.5369      0.99829203       1.0030568       0.0000000
       1645.5578       1.0024039       1.0065103       0.0000000
       1645.5786       1.0025463       1.0054252       0.0000000
       1645.5994      0.99851292       1.0042754       0.0000000
       1645.6203       1.0016960       1.0060656       0.0000000
       1645.6411       1.0029281       1.0074576       0.0000000
       1645.6619      0.99872059       1.0037464       128.00000
       1645.6828       1.0011048       1.0059522       0.0000000
       1645.7036      0.99960625       1.0030181       0.0000000
       1645.7244       1.0003152       1.0059406       0.0000000
       1645.7453      0.99966860       1.0028238       0.0000000
       1645.7661      0.99840778       1.0014682       0.0000000
       1645.7869       1.0005413       1.0034245       0.0000000
       1645.8078      0.99890620       1.0032814       0.0000000
       1645.8286      0.99229574      0.99626249       0.0000000
       1645.8494      0.97361368      0.97752357       0.0000000
       1645.8703      0.94276834      0.94897407       128.00000
       1645.8911      0.91633284      0.92007267       0.0000000
       1645.9119      0.88342494      0.88651764       0.0000000
       1645.9328      0.84938508      0.85263699       0.0000000
       1645.9536      0.82152814      0.82595086       0.0000000
       1645.9744      0.81136703      0.81399387       0.0000000
       1645.9953      0.81263477      0.81644171       0.0000000
       1646.0161      0.83043545      0.83328617       0.0000000
       1646.0369      0.86082542      0.86375642       0.0000000
       1646.0578      0.89320379      0.89591122       0.0000000
       1646.0786      0.92607850      0.92905867       0.0000000
       1646.0994      0.95380878      0.95809841       0.0000000
       1646.1203      0.98009115      0.98478067       0.0000000
       1646.1411      0.99758816       1.0010750       0.0000000
       1646.1619      0.99457610       1.0004272       128.00000
       1646.1828      0.99564731      0.99970198       0.0000000
       1646.2036      0.99660075      0.99915177       0.0000000
       1646.2244      0.99883318       1.0026814       0.0000000
       1646.2453      0.99871820       1.0001944       0.0000000
       1646.2661      0.99566180      0.99720472       0.0000000
       1646.2869      0.99855238      0.99913329       0.0000000
       1646.3078      0.99552941      0.99611694       0.0000000
       1646.3286      0.85450172      0.85697782       128.00000
       1646.3494       1.0009109       1.0043468       128.00000
       1646.3703       1.0014310       1.0069678       0.0000000
       1646.3911       1.0016659       1.0050764       0.0000000
       1646.4119      0.99938887       1.0025947       0.0000000
       1646.4328      0.99844259       1.0017791       0.0000000
       1646.4536      0.99791402       1.0027426       0.0000000
       1646.4744       1.0021541       1.0050616       0.0000000
       1646.4953       1.0045943       1.0079763       0.0000000
       1646.5161       1.0039952       1.0087013       128.00000
       1646.5369       1.0007573       1.0039735       0.0000000
       1646.5578       1.0007496       1.0037519       0.0000000
       1646.5786       1.0021559       1.0045266       0.0000000
       1646.5994       1.0050250       1.0073640       0.0000000
       1646.6203       1.0076064       1.0106198       0.0000000
       1646.6411       1.0064806       1.0095459       0.0000000
       1646.6619       1.0019677       1.0094692       128.00000
       1646.6828       1.0035559       1.0068978       0.0000000
       1646.7036       1.0007834       1.0026375       0.0000000
       1646.7244       1.0003570       1.0025188       0.0000000
       1646.7453       1.0034277       1.0059370       128.00000
       1646.7661       1.0038190       1.0073504       0.0000000
       1646.7869      0.98740011       1.0060176       128.00000
       1646.8078       1.0020163       1.0048575       0.0000000
       1646.8286      0.99981666       1.0034088       0.0000000
       1646.8494       1.0048431       1.0069197       0.0000000
       1646.8703       1.0061519       1.0102378       0.0000000
       1646.8911       1.0068489       1.0094732       0.0000000
       1646.9119       1.0058481       1.0069988       0.0000000
       1646.9328      0.99835879       1.0029581       128.00000
       1646.9536      0.99979436       1.0025350       0.0000000
       1646.9744       1.0012300       1.0033525       0.0000000
       1646.9952       1.0035563       1.0052035       0.0000000
       1647.0161       1.0075473       1.0096755       0.0000000
       1647.0369       1.0021601       1.0072064       0.0000000
       1647.0577      0.99885076       1.0022216       128.00000
       1647.0786       1.0013534       1.0030010       128.00000
       1647.0994       1.0011134       1.0017627       0.0000000
       1647.1202      0.99786496       1.0009502       0.0000000
       1647.1411       1.0045383       1.0077184       0.0000000
       1647.1619       1.0067320       1.0078796       0.0000000
       1647.1827      0.99949843       1.0020157       0.0000000
       1647.2036      0.99873549       1.0004958       128.00000
       1647.2244      0.99868125       1.0004377       0.0000000
       1647.2452       1.0004779       1.0025499       0.0000000
       1647.2661       1.0043340       1.0064000       0.0000000
       1647.2869       1.0044892       1.0065638       0.0000000
       1647.3077      0.99554455      0.99944222       0.0000000
       1647.3286      0.99810785      0.99945682       0.0000000
       1647.3494       1.0027548       1.0037265       0.0000000
       1647.3702      0.99748421      0.99876392       0.0000000
       1647.3911       1.0002896       1.0020354       0.0000000
       1647.4119      0.99483103      0.99860412       0.0000000
       1647.4327      0.99881947       1.0000263       0.0000000
       1647.4536      0.99849868      0.99935037       0.0000000
       1647.4744      0.99742484      0.99864942       0.0000000
       1647.4952      0.99686170      0.99754471       0.0000000
       1647.5161      0.99809915       1.0004878       0.0000000
       1647.5369       1.0005053       1.0009376       0.0000000
       1647.5577       1.0022281       1.0020927       0.0000000
       1647.5786      0.99898350      0.99919075       0.0000000
       1647.5994      0.99833119      0.99888134       0.0000000
       1647.6202       1.0018432       1.0027239       0.0000000
       1647.6411      0.98577720      0.98732513       128.00000
       1647.6619      0.97060567      0.97339696       128.00000
       1647.6827      0.93788940      0.94928628       128.00000
       1647.7036      0.91903043      0.91985041       0.0000000
       1647.7244      0.89000273      0.89257514       0.0000000
       1647.7452      0.86545610      0.86585510       0.0000000
       1647.7661      0.83944148      0.84065247       128.00000
       1647.7869      0.82948381      0.82915568       0.0000000
       1647.8077      0.82854700      0.82826990       0.0000000
       1647.8286      0.84072083      0.84091944       128.00000
       1647.8494      0.85964739      0.86047351       0.0000000
       1647.8702      0.88957757      0.89041263       0.0000000
       1647.8911      0.91576540      0.91804451       0.0000000
       1647.9119      0.94554210      0.94634521       0.0000000
       1647.9327      0.96902168      0.96885657       0.0000000
       1647.9536      0.98763925      0.98815030       0.0000000
       1647.9744      0.99573779      0.99887300       128.00000
       1647.9952      0.99786377       1.0001740       0.0000000
       1648.0161      0.99957091      0.99843073       0.0000000
       1648.0369      0.99662298      0.99779087       0.0000000
       1648.0577      0.99890232      0.99867344       0.0000000
       1648.0786      0.99873090      0.99836689       0.0000000
       1648.0994      0.99871492      0.99671453       0.0000000
       1648.1202      0.99592614      0.99773401       0.0000000
       1648.1411       1.0010762      0.99937391       0.0000000
       1648.1619      0.99688196      0.99815977       0.0000000
       1648.1827      0.99895924      0.99766499       0.0000000
       1648.2036      0.99127829      0.99827021       128.00000
       1648.2244      0.99872971      0.99577832       0.0000000
       1648.2452      0.99719226      0.99825615       128.00000
       1648.2661       1.0007454       1.0003248       0.0000000
       1648.2869      0.99761176      0.99721086       0.0000000
       1648.3077       1.0003613      0.99688166       0.0000000
       1648.3286       1.0000632      0.99899197       0.0000000
       1648.3494      0.99975914      0.99773300       128.00000
       1648.3702      0.99820751      0.99617869       0.0000000
       1648.3911      0.99889117      0.99784815       0.0000000
       1648.4119      0.99674898      0.99753028       0.0000000
       1648.4327       1.0004805      0.99826097       0.0000000
       1648.4536      0.99869829      0.99748826       0.0000000
       1648.4744       1.0018952      0.99915856       0.0000000
       1648.4952       1.0004104      0.99913979       0.0000000
       1648.5160       1.0007893      0.99774963       0.0000000
       1648.5369      0.96107954      0.99816704       0.0000000
       1648.5577       1.0003939      0.99783164       0.0000000
       1648.5785      0.99909663      0.99640924       0.0000000
       1648.5994       1.0017127      0.99767703       0.0000000
       1648.6202       1.0001589      0.99789780       0.0000000
       1648.6410       1.0000800      0.99687386       0.0000000
       1648.6619      0.99951959      0.99657261       0.0000000
       1648.6827       1.0008868      0.99719054       0.0000000
       1648.7035      0.99636376      0.99788576       0.0000000
       1648.7244       1.0006031      0.99686295       0.0000000
       1648.7452      0.99821538      0.99617225       128.00000
       1648.7660       1.0013858      0.99855185       0.0000000
       1648.7869       1.0028586      0.99990243       0.0000000
       1648.8077       1.0002288      0.99687541       0.0000000
       1648.8285       1.0023328      0.99985772       0.0000000
       1648.8494       1.0012702      0.99836272       0.0000000
       1648.8702       1.0012159      0.99893713       0.0000000
       1648.8910       1.0016025      0.99922448       0.0000000
       1648.9119       1.0019008      0.99805111       0.0000000
       1648.9327       1.0008554      0.99824357       0.0000000
       1648.9535       1.0001646      0.99771917       0.0000000
       1648.9744      0.99968284      0.99737483       0.0000000
       1648.9952      0.99996662      0.99674070       0.0000000
       1649.0160      0.99891818      0.99861920       128.00000
       1649.0369      0.99914145      0.99518102       0.0000000
       1649.0577      0.99708450      0.99602264       128.00000
       1649.0785      0.99834055      0.99572217       128.00000
       1649.0994      0.99705929      0.99412400       0.0000000
       1649.1202      0.99927330      0.99555629       0.0000000
       1649.1410      0.99990183      0.99595439       0.0000000
       1649.1619      0.99871492      0.99414039       0.0000000
       1649.1827      0.99714768      0.99481517       0.0000000
       1649.2035       1.0008016      0.99586940       0.0000000
       1649.2244      0.99922538      0.99567264       128.00000
       1649.2452       1.0006800      0.99693310       0.0000000
       1649.2660       1.0005443      0.99779576       0.0000000
       1649.2869       1.0001339      0.99594963       0.0000000
       1649.3077       1.0015841      0.99731922       0.0000000
       1649.3285      0.99762094      0.99631470       128.00000
       1649.3494       1.0018570      0.99735922       0.0000000
       1649.3702      0.99925297      0.99658591       0.0000000
       1649.3910      0.99793184      0.99363410       0.0000000
       1649.4119      0.99687052      0.99360019       0.0000000
       1649.4327      0.99441749      0.99011439       0.0000000
       1649.4535      0.84554672      0.83886170       128.00000
       1649.4744      0.99126852      0.98871189       0.0000000
       1649.4952      0.98758781      0.98441619       0.0000000
       1649.5160      0.98514771      0.98266608       0.0000000
       1649.5369      0.98648101      0.98405057       0.0000000
       1649.5577      0.98599416      0.98298419       0.0000000
       1649.5785      0.98442948      0.98179489       0.0000000
       1649.5994      0.98661643      0.98311800       0.0000000
       1649.6202      0.98847133      0.98607987       0.0000000
       1649.6410      0.99052393      0.98681748       0.0000000
       1649.6619      0.99062020      0.98777664       0.0000000
       1649.6827      0.99418867      0.99130231       0.0000000
       1649.7035      0.99713624      0.99395853       0.0000000
       1649.7244       1.0007035      0.99683869       0.0000000
       1649.7452       1.0009645      0.99797565       0.0000000
       1649.7660       1.0015670      0.99797225       0.0000000
       1649.7869       1.0007879      0.99757779       0.0000000
       1649.8077       1.0005450      0.99786305       0.0000000
       1649.8285       1.0003574      0.99713320       0.0000000
       1649.8494      0.99944770      0.99666607       0.0000000
       1649.8702       1.0010118      0.99811327       0.0000000
       1649.8910       1.0007296      0.99679708       0.0000000
       1649.9118      0.99904090      0.99521542       0.0000000
       1649.9327      0.99907696      0.99572337       0.0000000
       1649.9535      0.99914634      0.99497461       0.0000000
       1649.9743       1.0004241      0.99607813       0.0000000
       1649.9952      0.99784958      0.99397999       0.0000000
       1650.0160      0.98116601      0.97776717       0.0000000
       1650.0368      0.95677662      0.95316809       0.0000000
       1650.0577      0.92607671      0.92328548       0.0000000
       1650.0785      0.89261442      0.88875300       0.0000000
       1650.0993      0.85927761      0.85643971       0.0000000
       1650.1202      0.83422822      0.83074147       0.0000000
       1650.1410      0.81527764      0.81249458       0.0000000
       1650.1618      0.81281441      0.80926281       0.0000000
       1650.1827      0.82408100      0.82066923       0.0000000
       1650.2035      0.84838343      0.84433997       0.0000000
       1650.2243      0.88007069      0.87674725       0.0000000
       1650.2452      0.91571456      0.91204971       0.0000000
       1650.2660      0.94553536      0.94095939       0.0000000
       1650.2868      0.97387445      0.96910620       0.0000000
       1650.3077      0.99353039      0.98951739       0.0000000
       1650.3285      0.99955946      0.99496353       0.0000000
       1650.3493       1.0007547      0.99658507       0.0000000
       1650.3702      0.99932009      0.99481302       0.0000000
       1650.3910      0.99924499      0.99483418       0.0000000
       1650.4118      0.99961704      0.99482882       0.0000000
       1650.4327       1.0009171      0.99645495       0.0000000
       1650.4535       1.0007435      0.99605566       0.0000000
       1650.4743       1.0013518      0.99647039       0.0000000
       1650.4952       1.0005457      0.99614173       0.0000000
       1650.5160       1.0014840      0.99660617       0.0000000
       1650.5368       1.0018222      0.99661535       0.0000000
       1650.5577       1.0007746      0.99605477       0.0000000
       1650.5785       1.0023401      0.99732053       0.0000000
       1650.5993       1.0022072      0.99761945       0.0000000
       1650.6202       1.0038399      0.99881709       0.0000000
       1650.6410       1.0049208      0.99990350       0.0000000
       1650.6618       1.0023173      0.99777758       0.0000000
       1650.6827       1.0023520      0.99787408       0.0000000
       1650.7035       1.0031435      0.99788654       0.0000000
       1650.7243       1.0026245      0.99759889       0.0000000
       1650.7452       1.0034958      0.99859053       0.0000000
       1650.7660       1.0042026      0.99881113       0.0000000
       1650.7868       1.0022726      0.99703395       0.0000000
       1650.8077       1.0034239      0.99862617       0.0000000
       1650.8285       1.0027292      0.99911052       0.0000000
       1650.8493       1.0044353      0.99920511       0.0000000
       1650.8702       1.0031942      0.99798638       0.0000000
       1650.8910       1.0049920      0.99940038       0.0000000
       1650.9118       1.0044069      0.99898428       0.0000000
       1650.9327       1.0050613      0.99995732       0.0000000
       1650.9535       1.0025653      0.99769276       0.0000000
       1650.9743       1.0057245      0.99985832       0.0000000
       1650.9952       1.0050125       1.0001348       0.0000000
       1651.0160       1.0046830      0.99953425       0.0000000
       1651.0368       1.0055876      0.99956131       0.0000000
       1651.0577       1.0036062      0.99866569       0.0000000
       1651.0785       1.0064386       1.0009623       0.0000000
       1651.0993       1.0042325      0.99873644       0.0000000
       1651.1202       1.0053661      0.99949861       0.0000000
       1651.1410       1.0050775      0.99906433       0.0000000
       1651.1618       1.0052414      0.99942034       0.0000000
       1651.1826       1.0052835      0.99891102       0.0000000
       1651.2035       1.0061771       1.0004538       0.0000000
       1651.2243       1.0046370      0.99866140       0.0000000
       1651.2451       1.0064971       1.0007492       0.0000000
       1651.2660       1.0039755      0.99951202       0.0000000
       1651.2868       1.0061164      0.99985200       0.0000000
       1651.3076       1.0055726      0.99926788       0.0000000
       1651.3285       1.0049688      0.99894172       0.0000000
       1651.3493       1.0039036      0.99722373       0.0000000
       1651.3701       1.0042087      0.99711335       0.0000000
       1651.3910       1.0008364      0.99393314       0.0000000
       1651.4118       1.0034697      0.99730021       0.0000000
       1651.4326       1.0029682      0.99628508       0.0000000
       1651.4535       1.0015980      0.99453998       0.0000000
       1651.4743       1.0008439      0.99302161       0.0000000
       1651.4951       1.0011146      0.99291086       0.0000000
       1651.5160       1.0005765      0.99291271       0.0000000
       1651.5368       1.0013552      0.99275833       0.0000000
       1651.5576      0.99926412      0.99189717       0.0000000
       1651.5785      0.98466069      0.97706646       0.0000000
       1651.5993      0.95811456      0.95002472       0.0000000
       1651.6201      0.92701185      0.91956300       0.0000000
       1651.6410      0.90082186      0.89445466       0.0000000
       1651.6618      0.89443725      0.88707453       0.0000000
       1651.6826      0.91085088      0.90378767       0.0000000
       1651.7035      0.94288129      0.93541408       0.0000000
       1651.7243      0.97210789      0.96502298       0.0000000
       1651.7451      0.99406457      0.98561430       0.0000000
       1651.7660       1.0011479      0.99308723       0.0000000
       1651.7868       1.0015895      0.99363071       0.0000000
       1651.8076      0.99540675      0.98802161       0.0000000
       1651.8285      0.98096079      0.97306603       0.0000000
       1651.8493      0.95719284      0.95014220       0.0000000
       1651.8701      0.93113911      0.92407459       0.0000000
       1651.8910      0.90301090      0.89651966       0.0000000
       1651.9118      0.87107885      0.86441082       0.0000000
       1651.9326      0.84868759      0.84226888       0.0000000
       1651.9535      0.83387703      0.82697570       0.0000000
       1651.9743      0.83080226      0.82437217       0.0000000
       1651.9951      0.83518320      0.82852125       0.0000000
       1652.0160      0.85242116      0.84530252       0.0000000
       1652.0368      0.87833804      0.87117296       0.0000000
       1652.0576      0.90719676      0.89984149       0.0000000
       1652.0785      0.93539214      0.92762417       0.0000000
       1652.0993      0.96322870      0.95512724       0.0000000
       1652.1201      0.98332965      0.97510099       0.0000000
       1652.1410      0.99735749      0.98901385       0.0000000
       1652.1618       1.0013902      0.99354178       0.0000000
       1652.1826       1.0031431      0.99448454       0.0000000
       1652.2035       1.0012077      0.99175429       0.0000000
       1652.2243       1.0017288      0.99239093       0.0000000
       1652.2451       1.0012811      0.99241370       0.0000000
       1652.2660       1.0027527      0.99199331       0.0000000
       1652.2868       1.0024704      0.99352753       0.0000000
       1652.3076       1.0015203      0.99123913       0.0000000
       1652.3285       1.0019017      0.99192101       0.0000000
       1652.3493       1.0024327      0.99206644       0.0000000
       1652.3701       1.0024918      0.99111158       0.0000000
       1652.3910       1.0022151      0.99213880       0.0000000
       1652.4118       1.0021849      0.99258113       0.0000000
       1652.4326       1.0021584      0.99124986       0.0000000
       1652.4534       1.0022280      0.99183267       0.0000000
       1652.4743       1.0032943      0.99248981       0.0000000
       1652.4951       1.0038631      0.99143362       0.0000000
       1652.5159       1.0026501      0.99120647       0.0000000
       1652.5368       1.0047795      0.99347508       0.0000000
       1652.5576       1.0028853      0.99126470       0.0000000
       1652.5784       1.0001683      0.98998398       0.0000000
       1652.5993       1.0035163      0.99151784       0.0000000
       1652.6201       1.0030971      0.99122268       0.0000000
       1652.6409       1.0011768      0.98982197       0.0000000
       1652.6618       1.0022333      0.99009359       0.0000000
       1652.6826       1.0015380      0.98931837       0.0000000
       1652.7034       1.0014675      0.98823261       0.0000000
       1652.7243       1.0017067      0.98881513       0.0000000
       1652.7451      0.99693859      0.98747867       128.00000
       1652.7659      0.99804783      0.98180103       0.0000000
       1652.7868      0.99723285      0.98191601       0.0000000
       1652.8076      0.99995410      0.98539883       0.0000000
       1652.8284       1.0007269      0.98648065       128.00000
       1652.8493       1.0024757      0.98797119       0.0000000
       1652.8701       1.0007652      0.98590076       0.0000000
