    1154
       1816.1202      0.99637693       1.0024395       128.00000
       1816.1410      0.99588424       1.0017778       128.00000
       1816.1618      0.99669784       1.0025076       128.00000
       1816.1827      0.99760258       1.0032728       128.00000
       1816.2035      0.99814904       1.0033841       0.0000000
       1816.2243      0.99879634       1.0043590       128.00000
       1816.2452      0.99846870       1.0036935       0.0000000
       1816.2660      0.99880821       1.0039606       0.0000000
       1816.2868      0.99868405       1.0036650       0.0000000
       1816.3077      0.99924409       1.0043420       0.0000000
       1816.3285      0.99922103       1.0040560       128.00000
       1816.3493      0.99957711       1.0043389       128.00000
       1816.3702      0.99873805       1.0032432       0.0000000
       1816.3910      0.99820244       1.0017046       128.00000
       1816.4118      0.99844021       1.0024086       128.00000
       1816.4327      0.99972475       1.0042908       0.0000000
       1816.4535      0.99919194       1.0023322       128.00000
       1816.4743      0.99755603       1.0010906       128.00000
       1816.4952      0.99653804       1.0004007       128.00000
       1816.5160       1.0001378       1.0036616       128.00000
       1816.5368       1.0004482       1.0034616       128.00000
       1816.5577      0.99891281       1.0014775       128.00000
       1816.5785      0.99717814       1.0008067       128.00000
       1816.5993      0.99819344       1.0006614       128.00000
       1816.6202      0.99861979       1.0013900       128.00000
       1816.6410      0.99943328       1.0027192       128.00000
       1816.6618       1.0006325       1.0034608       0.0000000
       1816.6827      0.99992502       1.0027837       128.00000
       1816.7035       1.0009679       1.0035609       0.0000000
       1816.7243       1.0010713       1.0039524       0.0000000
       1816.7452       1.0004144       1.0027213       128.00000
       1816.7660       1.0003591       1.0042404       128.00000
       1816.7868      0.99945271       1.0029192       128.00000
       1816.8077       1.0006499       1.0037466       0.0000000
       1816.8285       1.0000778       1.0027143       0.0000000
       1816.8493      0.99967510       1.0015196       128.00000
       1816.8702      0.99973857       1.0024413       128.00000
       1816.8910      0.99948710       1.0014349       128.00000
       1816.9118      0.99994504       1.0023843       0.0000000
       1816.9327      0.99941397       1.0015707       0.0000000
       1816.9535       1.0008683       1.0030317       128.00000
       1816.9743      0.99951166       1.0020452       128.00000
       1816.9952      0.99939615       1.0016589       128.00000
       1817.0160      0.99975991       1.0021776       128.00000
       1817.0368       1.0000196       1.0025603       0.0000000
       1817.0577      0.99983364       1.0014050       0.0000000
       1817.0785       1.0002984       1.0023812       0.0000000
       1817.0993      0.99985510       1.0018930       128.00000
       1817.1202       1.0004743       1.0030226       0.0000000
       1817.1410       1.0003477       1.0023429       128.00000
       1817.1618      0.99971932       1.0016170       0.0000000
       1817.1827      0.99969453       1.0021712       128.00000
       1817.2035      0.99998748       1.0024610       128.00000
       1817.2243      0.99959832       1.0024791       128.00000
       1817.2452      0.99798995       1.0011033       128.00000
       1817.2660       1.0002899       1.0029824       0.0000000
       1817.2868      0.99885780       1.0013705       128.00000
       1817.3077      0.99884552       1.0015277       128.00000
       1817.3285      0.99996209       1.0029930       128.00000
       1817.3493      0.99999499       1.0027953       0.0000000
       1817.3702       1.0004287       1.0031053       0.0000000
       1817.3910      0.99978328       1.0026944       128.00000
       1817.4118       1.0006847       1.0033329       0.0000000
       1817.4327       1.0003768       1.0026480       128.00000
       1817.4535       1.0000185       1.0025705       0.0000000
       1817.4743      0.99987769       1.0027517       0.0000000
       1817.4952      0.99996346       1.0026265       0.0000000
       1817.5160       1.0010697       1.0037224       0.0000000
       1817.5368      0.99958497       1.0024283       128.00000
       1817.5577       1.0002756       1.0029879       0.0000000
       1817.5785      0.99976081       1.0020690       128.00000
       1817.5993      0.99961358       1.0023253       128.00000
       1817.6202      0.99925488       1.0020069       0.0000000
       1817.6410       1.0002288       1.0022794       128.00000
       1817.6619      0.99984461       1.0020316       128.00000
       1817.6827       1.0002558       1.0029287       0.0000000
       1817.7035      0.99969184       1.0023932       0.0000000
       1817.7244      0.99989402       1.0021926       128.00000
       1817.7452       1.0005518       1.0032935       0.0000000
       1817.7660      0.99964815       1.0017276       128.00000
       1817.7869       1.0008345       1.0034099       0.0000000
       1817.8077       1.0007616       1.0031826       0.0000000
       1817.8285       1.0001749       1.0027024       0.0000000
       1817.8494      0.99983758       1.0017836       128.00000
       1817.8702       1.0000683       1.0025088       0.0000000
       1817.8910      0.99994057       1.0023365       0.0000000
       1817.9119       1.0004543       1.0024697       0.0000000
       1817.9327      0.99959320       1.0020394       0.0000000
       1817.9535       1.0005116       1.0029615       0.0000000
       1817.9744      0.99948782       1.0021510       0.0000000
       1817.9952      0.99883652       1.0007856       0.0000000
       1818.0160       1.0004481       1.0023818       128.00000
       1818.0369       1.0008343       1.0019382       128.00000
       1818.0577      0.99962181       1.0017292       128.00000
       1818.0785      0.99908376       1.0015153       0.0000000
       1818.0994      0.99915797       1.0017353       0.0000000
       1818.1202      0.99921232       1.0015855       0.0000000
       1818.1410       1.0000708       1.0024399       0.0000000
       1818.1619      0.99948317       1.0018041       0.0000000
       1818.1827      0.99956685       1.0016608       0.0000000
       1818.2035      0.99932575       1.0013317       0.0000000
       1818.2244      0.99968880       1.0023122       0.0000000
       1818.2452       1.0002000       1.0022638       128.00000
       1818.2660       1.0006924       1.0030040       0.0000000
       1818.2869       1.0004259       1.0025728       0.0000000
       1818.3077       1.0003297       1.0022701       0.0000000
       1818.3285       1.0002217       1.0024536       0.0000000
       1818.3494       1.0007247       1.0024278       0.0000000
       1818.3702       1.0007918       1.0025152       0.0000000
       1818.3910      0.99978876       1.0018353       0.0000000
       1818.4119      0.99904966       1.0012645       128.00000
       1818.4327      0.99962187       1.0017223       0.0000000
       1818.4535      0.99973339       1.0018010       0.0000000
       1818.4744      0.99918425       1.0013530       0.0000000
       1818.4952      0.99994594       1.0022285       0.0000000
       1818.5160      0.99977064       1.0020087       0.0000000
       1818.5369      0.99931419       1.0014570       0.0000000
       1818.5577      0.99914885       1.0013374       0.0000000
       1818.5785      0.99938864       1.0015793       0.0000000
       1818.5994      0.99948460       1.0013138       0.0000000
       1818.6202      0.99940234       1.0012201       0.0000000
       1818.6410      0.99919641       1.0013109       0.0000000
       1818.6619      0.99962860       1.0017903       0.0000000
       1818.6827       1.0007491       1.0026243       0.0000000
       1818.7035       1.0002116       1.0016534       128.00000
       1818.7244       1.0006343       1.0026777       0.0000000
       1818.7452      0.99989700       1.0018957       0.0000000
       1818.7660       1.0009421       1.0030167       0.0000000
       1818.7869       1.0009645       1.0029525       0.0000000
       1818.8077       1.0017974       1.0036362       0.0000000
       1818.8285       1.0018576       1.0038785       0.0000000
       1818.8494       1.0027343       1.0050734       0.0000000
       1818.8702       1.0019811       1.0040861       0.0000000
       1818.8910       1.0031654       1.0045455       0.0000000
       1818.9119       1.0021518       1.0037260       0.0000000
       1818.9327       1.0012175       1.0026095       0.0000000
       1818.9535       1.0009553       1.0025141       0.0000000
       1818.9744      0.99944037       1.0010655       0.0000000
       1818.9952      0.99814057      0.99960876       128.00000
       1819.0160      0.99933428       1.0008764       0.0000000
       1819.0369      0.99715728      0.99858397       0.0000000
       1819.0577      0.99745882      0.99928027       0.0000000
       1819.0785      0.99721539      0.99861425       0.0000000
       1819.0994      0.99820632      0.99991006       0.0000000
       1819.1202      0.99867117       1.0001715       0.0000000
       1819.1410      0.99790442      0.99980766       0.0000000
       1819.1619      0.99904811       1.0006261       0.0000000
       1819.1827      0.99930131       1.0009888       0.0000000
       1819.2035      0.99882799       1.0006046       0.0000000
       1819.2244       1.0001928       1.0020169       0.0000000
       1819.2452      0.99978197       1.0014263       0.0000000
       1819.2660      0.99999505       1.0018612       0.0000000
       1819.2869       1.0000917       1.0017123       0.0000000
       1819.3077       1.0001692       1.0017068       0.0000000
       1819.3285       1.0009527       1.0024952       0.0000000
       1819.3494       1.0000035       1.0014050       0.0000000
       1819.3702       1.0001414       1.0021238       0.0000000
       1819.3910       1.0000750       1.0013840       0.0000000
       1819.4119       1.0005435       1.0020970       0.0000000
       1819.4327       1.0006484       1.0020603       0.0000000
       1819.4535       1.0000689       1.0017326       0.0000000
       1819.4744       1.0005786       1.0017129       128.00000
       1819.4952      0.99927998       1.0009631       0.0000000
       1819.5161       1.0005221       1.0020409       0.0000000
       1819.5369       1.0002618       1.0016866       0.0000000
       1819.5577       1.0000082       1.0012866       0.0000000
       1819.5786       1.0003974       1.0015916       0.0000000
       1819.5994       1.0019728       1.0032487       0.0000000
       1819.6202       1.0003552       1.0016538       0.0000000
       1819.6411       1.0000060       1.0014091       0.0000000
       1819.6619       1.0000116       1.0011398       0.0000000
       1819.6827       1.0006618       1.0017149       0.0000000
       1819.7036       1.0000000       1.0012560       0.0000000
       1819.7244       1.0000136       1.0016071       0.0000000
       1819.7452       1.0005664       1.0014333       0.0000000
       1819.7661      0.99975526       1.0006597       0.0000000
       1819.7869      0.99970645       1.0007319       0.0000000
       1819.8077       1.0002837       1.0015984       0.0000000
       1819.8286      0.99980086       1.0006477       0.0000000
       1819.8494       1.0003837       1.0016897       0.0000000
       1819.8702       1.0001431       1.0012740       0.0000000
       1819.8911       1.0001233       1.0011932       0.0000000
       1819.9119       1.0000824       1.0006810       0.0000000
       1819.9327       1.0008181       1.0016232       0.0000000
       1819.9536       1.0002021       1.0013379       0.0000000
       1819.9744       1.0003982       1.0011289       0.0000000
       1819.9952       1.0008473       1.0014434       0.0000000
       1820.0161      0.99965304       1.0002024       0.0000000
       1820.0369       1.0003742       1.0012873       0.0000000
       1820.0577       1.0000610       1.0003856       0.0000000
       1820.0786       1.0006338       1.0014188       0.0000000
       1820.0994       1.0001225       1.0008452       0.0000000
       1820.1202       1.0004984       1.0013136       0.0000000
       1820.1411       1.0006802       1.0014994       0.0000000
       1820.1619      0.99969321       1.0001992       0.0000000
       1820.1827       1.0004127       1.0011579       0.0000000
       1820.2036      0.99969602       1.0004021       0.0000000
       1820.2244      0.99864399      0.99911791       0.0000000
       1820.2452       1.0004444       1.0005074       0.0000000
       1820.2661      0.99908042      0.99962562       0.0000000
       1820.2869       1.0000694       1.0004669       0.0000000
       1820.3077       1.0000014       1.0006278       0.0000000
       1820.3286      0.99979395      0.99956614       0.0000000
       1820.3494      0.99952954      0.99978685       0.0000000
       1820.3702      0.99934888      0.99940091       0.0000000
       1820.3911       1.0002010       1.0001762       0.0000000
       1820.4119      0.99963975      0.99932969       0.0000000
       1820.4327       1.0004658       1.0001143       0.0000000
       1820.4536       1.0000232      0.99962991       0.0000000
       1820.4744      0.99986851      0.99946249       0.0000000
       1820.4952       1.0008458       1.0003316       0.0000000
       1820.5161       1.0000322      0.99916303       0.0000000
       1820.5369       1.0006157       1.0005529       0.0000000
       1820.5577       1.0009154      0.99999136       0.0000000
       1820.5786       1.0000812      0.99991357       128.00000
       1820.5994      0.99954808      0.99862480       0.0000000
       1820.6202      0.99999517      0.99909240       0.0000000
       1820.6411       1.0006560      0.99957097       0.0000000
       1820.6619      0.99984580      0.99910510       128.00000
       1820.6827       1.0003871      0.99933404       0.0000000
       1820.7036       1.0006382      0.99950230       0.0000000
       1820.7244      0.99974012      0.99862772       0.0000000
       1820.7452       1.0008650      0.99966401       0.0000000
       1820.7661       1.0005915      0.99951911       0.0000000
       1820.7869      0.99969512      0.99818695       0.0000000
       1820.8077       1.0000750      0.99898475       128.00000
       1820.8286       1.0007502      0.99971008       0.0000000
       1820.8494      0.99988621      0.99870998       0.0000000
       1820.8702       1.0004216      0.99902731       0.0000000
       1820.8911      0.99968010      0.99784219       0.0000000
       1820.9119       1.0002962      0.99854749       0.0000000
       1820.9327      0.99969137      0.99750328       0.0000000
       1820.9536      0.99954998      0.99769127       0.0000000
       1820.9744       1.0001076      0.99844652       128.00000
       1820.9952      0.99925750      0.99783695       0.0000000
       1821.0161      0.99927771      0.99740696       128.00000
       1821.0369      0.99994922      0.99796349       128.00000
       1821.0577      0.99980468      0.99770063       0.0000000
       1821.0786      0.99989086      0.99801260       0.0000000
       1821.0994       1.0002277      0.99750227       0.0000000
       1821.1202       1.0005226      0.99767196       128.00000
       1821.1411   3.0519895e-14      0.85776240       128.00000
       1821.1619      0.99977183      0.99967700       0.0000000
       1821.1827      0.99941176      0.99903625       0.0000000
       1821.2036      0.99971139      0.99917614       0.0000000
       1821.2244      0.99956244      0.99908990       128.00000
       1821.2452       1.0006368      0.99947584       0.0000000
       1821.2661      0.99938285      0.99873400       128.00000
       1821.2869      0.99929827      0.99899024       0.0000000
       1821.3077       1.0001479      0.99969172       0.0000000
       1821.3286      0.99989462      0.99959123       0.0000000
       1821.3494      0.99959469      0.99885464       0.0000000
       1821.3702      0.99981666      0.99947697       0.0000000
       1821.3911      0.99781621      0.99716586       128.00000
       1821.4119      0.99930120      0.99937320       0.0000000
       1821.4327      0.99918807      0.99864799       0.0000000
       1821.4536      0.99915260      0.99864805       0.0000000
       1821.4744      0.99847198      0.99795759       0.0000000
       1821.4952      0.99758697      0.99787825       128.00000
       1821.5161      0.99955189      0.99948853       0.0000000
       1821.5369      0.99916643      0.99906319       0.0000000
       1821.5577      0.99882835      0.99907780       128.00000
       1821.5786      0.99969089      0.99936783       128.00000
       1821.5994      0.99892735      0.99883175       0.0000000
       1821.6202      0.99973047      0.99971300       0.0000000
       1821.6411       1.0006944       1.0009390       0.0000000
       1821.6619       1.0004827       1.0004231       0.0000000
       1821.6827       1.0008585       1.0009532       128.00000
       1821.7036       1.0007595       1.0004565       128.00000
       1821.7244       1.0004143       1.0008975       0.0000000
       1821.7452       1.0020353       1.0017480       0.0000000
       1821.7661       1.0020174       1.0021974       128.00000
       1821.7869       1.0019960       1.0021623       0.0000000
       1821.8078       1.0027705       1.0030547       0.0000000
       1821.8286       1.0025558       1.0031540       0.0000000
       1821.8494       1.0021758       1.0026327       0.0000000
       1821.8703       1.0006543       1.0011801       0.0000000
       1821.8911      0.99867898      0.99915284       0.0000000
       1821.9119      0.99901837      0.99921197       0.0000000
       1821.9328      0.99699932      0.99781781       0.0000000
       1821.9536      0.99773699      0.99848521       0.0000000
       1821.9744      0.99739957      0.99812013       0.0000000
       1821.9953      0.99788135      0.99802202       0.0000000
       1822.0161      0.99780470      0.99844581       0.0000000
       1822.0369      0.99764776      0.99803072       0.0000000
       1822.0578      0.99822682      0.99880522       0.0000000
       1822.0786      0.99870515      0.99922830       0.0000000
       1822.0994      0.99940574      0.99985063       0.0000000
       1822.1203       1.0006663       1.0004053       128.00000
       1822.1411      0.99932075      0.99933869       0.0000000
       1822.1619       1.0009550       1.0016452       0.0000000
       1822.1828      0.99919230      0.99981791       0.0000000
       1822.2036       1.0007005       1.0009947       0.0000000
       1822.2244       1.0006518       1.0009633       0.0000000
       1822.2453       1.0001383       1.0003951       0.0000000
       1822.2661       1.0005873       1.0010995       0.0000000
       1822.2869      0.99971431       1.0001217       0.0000000
       1822.3078       1.0004859       1.0009105       0.0000000
       1822.3286       1.0005074       1.0009691       0.0000000
       1822.3494       1.0006331       1.0007823       0.0000000
       1822.3703       1.0005698       1.0008684       0.0000000
       1822.3911      0.99980640      0.99993587       0.0000000
       1822.4119       1.0010227       1.0011344       0.0000000
       1822.4328       1.0013086       1.0012064       0.0000000
       1822.4536       1.0013368       1.0018629       0.0000000
       1822.4744       1.0002733       1.0005189       0.0000000
       1822.4953       1.0004182       1.0007542       0.0000000
       1822.5161       1.0004526       1.0005645       0.0000000
       1822.5369       1.0009472       1.0013968       0.0000000
       1822.5578       1.0004805       1.0006119       0.0000000
       1822.5786       1.0007914       1.0008783       0.0000000
       1822.5994       1.0005486       1.0009173       0.0000000
       1822.6203       1.0000579       1.0001912       0.0000000
       1822.6411       1.0008492       1.0011207       0.0000000
       1822.6619       1.0001707       1.0003788       0.0000000
       1822.6828       1.0003766       1.0005704       0.0000000
       1822.7036       1.0008068       1.0009164       0.0000000
       1822.7244       1.0011829       1.0014073       0.0000000
       1822.7453       1.0006245       1.0004520       0.0000000
       1822.7661       1.0004292       1.0006434       0.0000000
       1822.7869       1.0000908       1.0002062       0.0000000
       1822.8078       1.0002679       1.0000890       0.0000000
       1822.8286       1.0010293       1.0010628       0.0000000
       1822.8494       1.0005727       1.0005975       0.0000000
       1822.8703       1.0003536       1.0003736       0.0000000
       1822.8911       1.0001464       1.0000144       0.0000000
       1822.9119      0.99950397      0.99964511       0.0000000
       1822.9328       1.0001875       1.0000316       0.0000000
       1822.9536      0.99960840      0.99981576       0.0000000
       1822.9744      0.99994689      0.99949956       0.0000000
       1822.9953      0.99988425      0.99989510       0.0000000
       1823.0161      0.99988413      0.99979734       0.0000000
       1823.0369       1.0002272       1.0001295       0.0000000
       1823.0578       1.0006940       1.0006242       0.0000000
       1823.0786       1.0001900      0.99993873       0.0000000
       1823.0994       1.0005637       1.0000815       0.0000000
       1823.1203       1.0001167      0.99970061       0.0000000
       1823.1411       1.0001829      0.99982709       0.0000000
       1823.1619      0.99973452      0.99984765       128.00000
       1823.1828      0.99931860      0.99889678       0.0000000
       1823.2036      0.99939936      0.99944347       0.0000000
       1823.2244      0.99965566      0.99941283       0.0000000
       1823.2453       1.0002260       1.0000633       0.0000000
       1823.2661      0.99957949      0.99909437       0.0000000
       1823.2869      0.99981236      0.99942881       0.0000000
       1823.3078      0.99975395      0.99963123       0.0000000
       1823.3286      0.99955767      0.99925375       0.0000000
       1823.3494      0.99957204      0.99898946       0.0000000
       1823.3703       1.0002314      0.99975020       0.0000000
       1823.3911       1.0009283       1.0008407       0.0000000
       1823.4119       1.0001689      0.99939215       0.0000000
       1823.4328       1.0001354      0.99955070       0.0000000
       1823.4536       1.0006098       1.0000473       128.00000
       1823.4744       1.0002533       1.0001869       0.0000000
       1823.4953       1.0001961      0.99969858       0.0000000
       1823.5161       1.0004846       1.0000778       0.0000000
       1823.5369       1.0006976       1.0003144       0.0000000
       1823.5578      0.99985754      0.99951875       0.0000000
       1823.5786       1.0010645       1.0004994       0.0000000
       1823.5994       1.0002973       1.0001309       0.0000000
       1823.6203      0.99934244      0.99885374       0.0000000
       1823.6411      0.99990565      0.99960512       0.0000000
       1823.6619       1.0004338       1.0000000       0.0000000
       1823.6828       1.0002552      0.99975961       0.0000000
       1823.7036       1.0012252       1.0009549       128.00000
       1823.7244       1.0003390       1.0000134       0.0000000
       1823.7453       1.0000148      0.99978465       0.0000000
       1823.7661       1.0000125      0.99978411       0.0000000
       1823.7869      0.99933344      0.99884373       0.0000000
       1823.8078      0.99948686      0.99923944       0.0000000
       1823.8286       1.0002823       1.0003579       0.0000000
       1823.8494      0.99929792      0.99916303       0.0000000
       1823.8703       1.0003346       1.0002450       0.0000000
       1823.8911      0.99949378      0.99905992       0.0000000
       1823.9119      0.99996084       1.0000297       0.0000000
       1823.9328       1.0002106      0.99997032       0.0000000
       1823.9536       1.0006170       1.0005178       0.0000000
       1823.9744       1.0000894      0.99994087       0.0000000
       1823.9953       1.0001097      0.99982083       0.0000000
       1824.0161       1.0004296      0.99992847       0.0000000
       1824.0369       1.0004187       1.0001096       0.0000000
       1824.0578       1.0000185      0.99965060       0.0000000
       1824.0786       1.0005605       1.0003394       0.0000000
       1824.0994      0.99980253      0.99961913       0.0000000
       1824.1203       1.0002407      0.99988806       0.0000000
       1824.1411       1.0003603       1.0001302       0.0000000
       1824.1619      0.99955815      0.99923456       0.0000000
       1824.1828      0.99956548      0.99936491       0.0000000
       1824.2036      0.99958169      0.99954271       0.0000000
       1824.2244       1.0003858      0.99996096       0.0000000
       1824.2453      0.99996793      0.99979192       0.0000000
       1824.2661      0.99992055      0.99961978       0.0000000
       1824.2869       1.0002131      0.99986076       0.0000000
       1824.3078      0.99918228      0.99894291       0.0000000
       1824.3286      0.99976301      0.99909788       0.0000000
       1824.3494      0.99899775      0.99859029       0.0000000
       1824.3703      0.99991041      0.99938488       0.0000000
       1824.3911      0.99904084      0.99848580       0.0000000
       1824.4119      0.99966812      0.99924314       0.0000000
       1824.4328      0.99949706      0.99911499       0.0000000
       1824.4536       1.0003970      0.99993491       0.0000000
       1824.4744       1.0003519      0.99944699       0.0000000
       1824.4953      0.99955708      0.99905068       0.0000000
       1824.5161      0.99956286      0.99890304       0.0000000
       1824.5369       1.0004946       1.0001452       0.0000000
       1824.5578       1.0001900      0.99954909       0.0000000
       1824.5786       1.0007058       1.0001421       0.0000000
       1824.5994       1.0011499       1.0005368       0.0000000
       1824.6203       1.0012678       1.0003767       0.0000000
       1824.6411       1.0027415       1.0022641       0.0000000
       1824.6619       1.0022146       1.0014168       0.0000000
       1824.6828       1.0020885       1.0015507       0.0000000
       1824.7036       1.0022877       1.0016277       0.0000000
       1824.7244       1.0030366       1.0025290       0.0000000
       1824.7453       1.0021501       1.0013932       0.0000000
       1824.7661       1.0019058       1.0012195       0.0000000
       1824.7869       1.0010631       1.0003084       128.00000
       1824.8078      0.99928117      0.99849778       0.0000000
       1824.8286      0.99779463      0.99712646       0.0000000
       1824.8494      0.99791116      0.99698168       0.0000000
       1824.8703      0.99715143      0.99621248       0.0000000
       1824.8911      0.99725384      0.99626219       0.0000000
       1824.9119      0.99724871      0.99622363       0.0000000
       1824.9328      0.99829054      0.99760002       0.0000000
       1824.9536      0.99859327      0.99775469       0.0000000
       1824.9744      0.99880648      0.99797618       0.0000000
       1824.9953      0.99896467      0.99803591       0.0000000
       1825.0161      0.99927610      0.99842823       0.0000000
       1825.0369      0.99994212      0.99911803       0.0000000
       1825.0578      0.99919510      0.99803716       0.0000000
       1825.0786      0.99968147      0.99884158       0.0000000
       1825.0995       1.0005614      0.99952823       0.0000000
       1825.1203      0.99985623      0.99888062       0.0000000
       1825.1411      0.99932045      0.99912065       128.00000
       1825.1620      0.99934787      0.99847209       0.0000000
       1825.1828       1.0000885      0.99894649       0.0000000
       1825.2036       1.0000597      0.99900138       0.0000000
       1825.2245       1.0004067      0.99937534       0.0000000
       1825.2453      0.99915463      0.99795955       0.0000000
       1825.2661       1.0007362      0.99953300       0.0000000
       1825.2870       1.0015513       1.0004120       0.0000000
       1825.3078       1.0005071      0.99904931       0.0000000
       1825.3286      0.99990004      0.99872047       0.0000000
       1825.3495       1.0003977      0.99900919       0.0000000
       1825.3703       1.0002730      0.99874800       0.0000000
       1825.3911       1.0000873      0.99862635       0.0000000
       1825.4120      0.99942416      0.99779499       0.0000000
       1825.4328       1.0011083      0.99967223       0.0000000
       1825.4536       1.0012784      0.99953783       0.0000000
       1825.4745       1.0008439      0.99896485       0.0000000
       1825.4953       1.0007559      0.99883932       0.0000000
       1825.5161      0.99996150      0.99781567       0.0000000
       1825.5370      0.99934191      0.99782288       0.0000000
       1825.5578      0.99985528      0.99780107       0.0000000
       1825.5786       1.0010774      0.99947292       0.0000000
       1825.5995       1.0002000      0.99819446       0.0000000
       1825.6203       1.0007476      0.99818790       0.0000000
       1825.6411       1.0011084      0.99867350       0.0000000
       1825.6620       1.0001072      0.99751210       0.0000000
       1825.6828       1.0008155      0.99898767       0.0000000
       1825.7036       1.0005000      0.99794006       0.0000000
       1825.7245       1.0005717      0.99838966       0.0000000
       1825.7453      0.99996334      0.99763972       0.0000000
       1825.7661      0.99997383      0.99758309       0.0000000
       1825.7870      0.99927384      0.99713230       0.0000000
       1825.8078      0.99967235      0.99689430       128.00000
       1825.8286      0.99970984      0.99772680       0.0000000
       1825.8495      0.99965048      0.99722642       0.0000000
       1825.8703      0.99930918      0.99696231       0.0000000
       1825.8911       1.0002518      0.99828428       0.0000000
       1825.9120       1.0009377      0.99812579       0.0000000
       1825.9328       1.0002656      0.99761188       0.0000000
       1825.9536      0.99991179      0.99722534       0.0000000
       1825.9745       1.0001605      0.99751717       0.0000000
       1825.9953       1.0001998      0.99735951       0.0000000
       1826.0161      0.99966955      0.99652767       0.0000000
       1826.0370       1.0003848      0.99699533       0.0000000
       1826.0578      0.99959028      0.99639928       0.0000000
       1826.0786      0.99981791      0.99655128       0.0000000
       1826.0995      0.99967146      0.99618727       0.0000000
       1826.1203      0.99984008      0.99566644       0.0000000
       1826.1411   3.0885467e-14      0.86803687       128.00000
       1826.1620       1.0006149      0.99884087       0.0000000
       1826.1828      0.99941164      0.99788553       0.0000000
       1826.2036      0.99987644      0.99820179       0.0000000
       1826.2245      0.99913019      0.99756366       0.0000000
       1826.2453      0.99982345      0.99826288       0.0000000
       1826.2661       1.0002640      0.99818313       0.0000000
       1826.2870       1.0006682      0.99868619       0.0000000
       1826.3078      0.99978387      0.99789870       0.0000000
       1826.3286      0.99879920      0.99674141       128.00000
       1826.3495      0.99953860      0.99770778       0.0000000
       1826.3703      0.99987429      0.99813145       0.0000000
       1826.3911       1.0001143      0.99809474       0.0000000
       1826.4120      0.99965715      0.99766344       0.0000000
       1826.4328      0.99975067      0.99784398       0.0000000
       1826.4536      0.99871653      0.99678206       0.0000000
       1826.4745      0.99990612      0.99786144       0.0000000
       1826.4953      0.99978924      0.99782151       0.0000000
       1826.5161      0.99962026      0.99810904       0.0000000
       1826.5370      0.99946964      0.99785113       0.0000000
       1826.5578      0.99947363      0.99746269       0.0000000
       1826.5786      0.99932677      0.99767387       0.0000000
       1826.5995       1.0001234      0.99818373       0.0000000
       1826.6203       1.0004644      0.99902594       0.0000000
       1826.6411      0.99990624      0.99829507       0.0000000
       1826.6620       1.0004129      0.99897021       0.0000000
       1826.6828      0.99939829      0.99757558       128.00000
       1826.7036      0.99951142      0.99778855       0.0000000
       1826.7245      0.99988925      0.99831975       0.0000000
       1826.7453      0.99985087      0.99826747       0.0000000
       1826.7661      0.99943703      0.99768370       0.0000000
       1826.7870      0.99855614      0.99681842       0.0000000
       1826.8078      0.99932867      0.99736637       0.0000000
       1826.8286      0.99849671      0.99678576       0.0000000
       1826.8495      0.99974078      0.99801737       0.0000000
       1826.8703      0.99959344      0.99811482       0.0000000
       1826.8911      0.99942589      0.99751687       0.0000000
       1826.9120       1.0001956      0.99844909       0.0000000
       1826.9328       1.0006527      0.99884498       0.0000000
       1826.9536      0.99859118      0.99684674       128.00000
       1826.9745      0.99870771      0.99687004       0.0000000
       1826.9953       1.0001831      0.99821526       0.0000000
       1827.0161      0.99955285      0.99774837       0.0000000
       1827.0370      0.99889261      0.99685758       0.0000000
       1827.0578      0.99964035      0.99749333       0.0000000
       1827.0786       1.0005699      0.99858844       0.0000000
       1827.0995       1.0002708      0.99841255       128.00000
       1827.1203      0.99950999      0.99782264       128.00000
       1827.1411      0.99938512      0.99732566       0.0000000
       1827.1620       1.0003320      0.99850172       0.0000000
       1827.1828       1.0001476      0.99813938       0.0000000
       1827.2036       1.0000441      0.99765533       0.0000000
       1827.2245       1.0005586      0.99874002       0.0000000
       1827.2453       1.0005099      0.99863690       0.0000000
       1827.2661       1.0004575      0.99811089       128.00000
       1827.2870       1.0008214      0.99859083       0.0000000
       1827.3078       1.0007372      0.99854445       128.00000
       1827.3286      0.99978274      0.99769324       0.0000000
       1827.3495       1.0000234      0.99801815       0.0000000
       1827.3703       1.0003077      0.99825794       0.0000000
       1827.3911       1.0002764      0.99826050       0.0000000
       1827.4120       1.0004669      0.99863565       0.0000000
       1827.4328       1.0006574      0.99831504       128.00000
       1827.4536       1.0008047      0.99855787       0.0000000
       1827.4745       1.0018433      0.99943715       0.0000000
       1827.4953       1.0009481      0.99868405       0.0000000
       1827.5161       1.0004517      0.99818462       0.0000000
       1827.5370       1.0009179      0.99879813       0.0000000
       1827.5578       1.0013531      0.99925226       0.0000000
       1827.5786       1.0025132       1.0003662       128.00000
       1827.5995       1.0029356       1.0007685       128.00000
       1827.6203       1.0021081       1.0001271       128.00000
       1827.6411       1.0027785       1.0005890       0.0000000
       1827.6620       1.0021698       1.0000842       0.0000000
       1827.6828       1.0021716      0.99979776       0.0000000
       1827.7036       1.0008529      0.99804157       0.0000000
       1827.7245       1.0017964      0.99754572       128.00000
       1827.7453      0.99970245      0.99516320       0.0000000
       1827.7661       1.0004860      0.99587381       0.0000000
       1827.7870       1.0005414      0.99579537       0.0000000
       1827.8078      0.99943167      0.99456739       0.0000000
       1827.8286      0.99973905      0.99477077       0.0000000
       1827.8495      0.99916124      0.99402308       128.00000
       1827.8703      0.99996400      0.99477077       0.0000000
       1827.8911      0.99983048      0.99434352       0.0000000
       1827.9120      0.99988329      0.99451256       0.0000000
       1827.9328      0.99942040      0.99401301       0.0000000
       1827.9536      0.99983567      0.99430841       0.0000000
       1827.9745      0.99902445      0.99335378       128.00000
       1828.9745   1.4310193e-13      0.99977368       128.00000
       1828.9953      0.99908906       1.0033931       0.0000000
       1829.0161       1.0001655       1.0045797       0.0000000
       1829.0370      0.99954331       1.0042226       0.0000000
       1829.0578       1.0001879       1.0044612       0.0000000
       1829.0786       1.0006937       1.0058712       0.0000000
       1829.0995      0.99861747       1.0034336       0.0000000
       1829.1203      0.99945015       1.0040542       0.0000000
       1829.1411      0.99905699       1.0039455       0.0000000
       1829.1620      0.99990940       1.0045184       0.0000000
       1829.1828      0.99989212       1.0038700       128.00000
       1829.2036      0.99935055       1.0040916       0.0000000
       1829.2245      0.99881136       1.0032145       0.0000000
       1829.2453      0.99965084       1.0038875       0.0000000
       1829.2661      0.99878627       1.0030233       128.00000
       1829.2870       1.0003892       1.0045370       0.0000000
       1829.3078      0.99976814       1.0033928       0.0000000
       1829.3286      0.99883509       1.0032947       0.0000000
       1829.3495      0.99911040       1.0027990       0.0000000
       1829.3703      0.99972773       1.0033641       0.0000000
       1829.3911      0.99988365       1.0029136       128.00000
       1829.4120      0.99997216       1.0036097       0.0000000
       1829.4328      0.99983835       1.0034862       128.00000
       1829.4536      0.99988884       1.0035154       0.0000000
       1829.4745      0.99962628       1.0023956       0.0000000
       1829.4953      0.99938595       1.0028974       0.0000000
       1829.5161       1.0008274       1.0040071       0.0000000
       1829.5370       1.0007347       1.0034862       0.0000000
       1829.5578      0.99952221       1.0031312       128.00000
       1829.5786       1.0009494       1.0036546       0.0000000
       1829.5995       1.0001124       1.0023116       128.00000
       1829.6203       1.0000771       1.0026308       128.00000
       1829.6411      0.99990845       1.0006360       0.0000000
       1829.6620       1.0000740       1.0008767       0.0000000
       1829.6828       1.0001829       1.0012753       0.0000000
       1829.7036      0.99912691      0.99951458       0.0000000
       1829.7245      0.99951762       1.0012805       0.0000000
       1829.7453       1.0002024       1.0012251       0.0000000
       1829.7661      0.99991304       1.0013597       0.0000000
       1829.7870       1.0000409       1.0011128       0.0000000
       1829.8078      0.99973410      0.99949551       0.0000000
       1829.8286       1.0000432       1.0000858       0.0000000
       1829.8495      0.99941891      0.99952018       0.0000000
       1829.8703      0.99907726      0.99883163       0.0000000
       1829.8911      0.99953151      0.99913013       0.0000000
       1829.9120       1.0006728       1.0018516       0.0000000
       1829.9328      0.99966520       1.0004156       0.0000000
       1829.9536       1.0003541       1.0006783       0.0000000
       1829.9745      0.99960369       1.0008789       0.0000000
       1829.9953       1.0001796       1.0008250       0.0000000
       1830.0161       1.0012566       1.0020381       0.0000000
       1830.0370       1.0003645       1.0015626       0.0000000
       1830.0578      0.99927074       1.0000068       0.0000000
       1830.0786       1.0007330       1.0016665       0.0000000
       1830.0995       1.0004846       1.0005969       0.0000000
       1830.1203      0.99987614       1.0013988       0.0000000
       1830.1411       1.0008824       1.0031512       0.0000000
       1830.1620      0.99943048       1.0007459       128.00000
       1830.1828       1.0006208       1.0017121       0.0000000
       1830.2036      0.99993342       1.0013521       128.00000
       1830.2245      0.99937952       1.0009890       0.0000000
       1830.2453      0.99940515       1.0026162       0.0000000
       1830.2661       1.0004748       1.0031863       0.0000000
       1830.2870      0.99986160       1.0013225       0.0000000
       1830.3078       1.0003572       1.0018889       0.0000000
       1830.3286      0.99915266       1.0013039       0.0000000
       1830.3495      0.99993354       1.0020591       0.0000000
       1830.3703      0.99947661       1.0027659       0.0000000
       1830.3911      0.99990427       1.0027364       0.0000000
       1830.4120       1.0006812       1.0033996       0.0000000
       1830.4328       1.0002878       1.0027438       128.00000
       1830.4536       1.0011365       1.0036372       0.0000000
       1830.4745       1.0009764       1.0035338       0.0000000
       1830.4953       1.0010904       1.0036209       0.0000000
       1830.5161       1.0012331       1.0041132       0.0000000
       1830.5370       1.0020196       1.0045737       0.0000000
       1830.5578       1.0024372       1.0055485       0.0000000
       1830.5786       1.0028327       1.0062011       0.0000000
       1830.5995       1.0013502       1.0039517       0.0000000
       1830.6203       1.0002784       1.0023522       0.0000000
       1830.6411      0.99995041       1.0031341       0.0000000
       1830.6620      0.99880356       1.0017930       0.0000000
       1830.6828      0.99779588      0.99926680       128.00000
       1830.7036      0.99723732      0.99983197       0.0000000
       1830.7245      0.99689198      0.99970841       0.0000000
       1830.7453      0.99689555      0.99921662       128.00000
       1830.7661      0.99721980       1.0000310       0.0000000
       1830.7870      0.99981433       1.0018909       0.0000000
       1830.8078      0.99950516       1.0020409       0.0000000
       1830.8286      0.99878734       1.0015066       0.0000000
       1830.8495      0.99908161       1.0016717       0.0000000
       1830.8703      0.99984086       1.0029343       0.0000000
       1830.8911      0.99924999       1.0022955       0.0000000
       1830.9120       1.0000796       1.0031261       0.0000000
       1830.9328      0.99926901       1.0021043       0.0000000
       1830.9536      0.99973178       1.0028588       0.0000000
       1830.9745      0.99987078       1.0025103       0.0000000
       1830.9953       1.0010978       1.0041178       0.0000000
       1831.0161       1.0004319       1.0034902       0.0000000
       1831.0370      0.99959087       1.0024996       0.0000000
       1831.0578       1.0013494       1.0041932       0.0000000
       1831.0786       1.0004886       1.0031940       0.0000000
       1831.0995      0.99980813       1.0029895       0.0000000
       1831.1203       1.0012791       1.0041646       0.0000000
       1831.1411      0.99941820       1.0017840       128.00000
       1831.1620      0.99898720       1.0019544       128.00000
       1831.1828       1.0003252       1.0027072       0.0000000
       1831.2036      0.99983287       1.0022743       0.0000000
       1831.2245       1.0001534       1.0023986       0.0000000
       1831.2453      0.99877214       1.0013208       128.00000
       1831.2661      0.99927974       1.0015844       128.00000
       1831.2870       1.0001292       1.0023868       0.0000000
       1831.3078       1.0004070       1.0030446       0.0000000
       1831.3286       1.0013644       1.0038042       0.0000000
       1831.3495       1.0004146       1.0035588       0.0000000
       1831.3703       1.0007392       1.0029359       0.0000000
       1831.3911       1.0004965       1.0034125       0.0000000
       1831.4120       1.0010450       1.0033872       128.00000
       1831.4328       1.0001278       1.0031661       128.00000
       1831.4536       1.0010989       1.0041509       0.0000000
       1831.4745       1.0003824       1.0026228       128.00000
       1831.4953       1.0000982       1.0027547       0.0000000
       1831.5161       1.0001370       1.0025599       0.0000000
       1831.5370      0.99980384       1.0025302       0.0000000
       1831.5578      0.99909711       1.0013380       0.0000000
       1831.5786      0.99935323       1.0018712       128.00000
       1831.5995      0.99957812       1.0016894       0.0000000
       1831.6203      0.99881047       1.0011380       0.0000000
       1831.6411      0.99817985       1.0003327       128.00000
       1831.6620       1.0001762       1.0017946       0.0000000
       1831.6828       1.0000497       1.0015105       128.00000
       1831.7036      0.99929959       1.0020748       0.0000000
       1831.7245      0.99988735       1.0019037       0.0000000
       1831.7453      0.99956125       1.0008916       0.0000000
       1831.7661       1.0004714       1.0023066       0.0000000
       1831.7870       1.0004158       1.0017378       0.0000000
       1831.8078      0.99969274       1.0008761       128.00000
       1831.8286       1.0001523       1.0019683       0.0000000
       1831.8495      0.99952775       1.0011164       0.0000000
       1831.8703      0.99990594       1.0021416       0.0000000
       1831.8911      0.99990845       1.0016742       0.0000000
       1831.9120      0.99944264       1.0012938       0.0000000
       1831.9328      0.99963295       1.0018736       0.0000000
       1831.9536      0.99959296       1.0010126       0.0000000
       1831.9745      0.99996227       1.0017834       0.0000000
       1831.9953      0.99940109       1.0007519       0.0000000
       1832.0161       1.0004742       1.0023700       0.0000000
       1832.0370       1.0003471       1.0023347       0.0000000
       1832.0578      0.99978155       1.0017999       0.0000000
       1832.0786      0.99909776       1.0009960       0.0000000
       1832.0995      0.99991620       1.0015404       0.0000000
       1832.1203      0.99916947       1.0013480       0.0000000
       1832.1411      0.99890929       1.0011488       0.0000000
       1832.1620      0.99942958       1.0017653       0.0000000
       1832.1828      0.99999005       1.0020564       0.0000000
       1832.2036       1.0004915       1.0027097       0.0000000
       1832.2245       1.0005809       1.0026236       0.0000000
       1832.2453      0.99952745       1.0014226       0.0000000
       1832.2661       1.0006765       1.0025339       0.0000000
       1832.2870      0.99968308       1.0010840       0.0000000
       1832.3078       1.0007919       1.0023476       0.0000000
       1832.3286       1.0001557       1.0021086       0.0000000
       1832.3495      0.99980837       1.0016927       0.0000000
       1832.3703       1.0004187       1.0021341       0.0000000
       1832.3911       1.0007160       1.0025011       0.0000000
       1832.4120       1.0005978       1.0022622       0.0000000
       1832.4328       1.0000900       1.0017335       0.0000000
       1832.4536      0.99940962       1.0010474       0.0000000
       1832.4745       1.0003058       1.0019460       0.0000000
       1832.4953       1.0000194       1.0017365       0.0000000
       1832.5161       1.0006937       1.0022272       0.0000000
       1832.5370       1.0002122       1.0017097       0.0000000
       1832.5578       1.0009184       1.0027624       0.0000000
       1832.5786      0.99934280       1.0010345       0.0000000
       1832.5995      0.99918485       1.0012256       0.0000000
       1832.6203      0.99926728       1.0012050       0.0000000
       1832.6411      0.99949706       1.0012048       0.0000000
       1832.6620      0.99982536       1.0016506       0.0000000
       1832.6828       1.0008658       1.0023261       0.0000000
       1832.7036      0.99994576       1.0016047       0.0000000
       1832.7245      0.99995327       1.0015557       0.0000000
       1832.7453       1.0003686       1.0018599       0.0000000
       1832.7661       1.0005248       1.0022122       0.0000000
       1832.7870      0.99942476       1.0010488       0.0000000
       1832.8078       1.0000287       1.0015355       0.0000000
       1832.8286       1.0001049       1.0015563       0.0000000
       1832.8495       1.0002025       1.0014273       0.0000000
       1832.8703      0.99996001       1.0019135       0.0000000
       1832.8911       1.0007509       1.0023332       0.0000000
       1832.9120      0.99971694       1.0005909       0.0000000
       1832.9328       1.0006988       1.0021567       0.0000000
       1832.9536       1.0003186       1.0015221       0.0000000
       1832.9745      0.99979621       1.0011153       0.0000000
       1832.9953       1.0006683       1.0022361       0.0000000
       1833.0161       1.0002933       1.0017830       0.0000000
       1833.0370       1.0009053       1.0025190       0.0000000
       1833.0578      0.99856257       1.0004361       0.0000000
       1833.0786      0.99990612       1.0015877       0.0000000
       1833.0995      0.99990928       1.0006436       0.0000000
       1833.1203       1.0000621       1.0014060       0.0000000
       1833.1411      0.99979585       1.0011113       0.0000000
       1833.1620       1.0000558       1.0012401       0.0000000
       1833.1828       1.0004283       1.0015281       0.0000000
       1833.2036       1.0005150       1.0018916       0.0000000
       1833.2245       1.0006295       1.0014378       0.0000000
       1833.2453       1.0003496       1.0019557       0.0000000
       1833.2661       1.0000705       1.0012350       0.0000000
       1833.2870       1.0001162       1.0012081       0.0000000
       1833.3078      0.99964464       1.0010364       0.0000000
       1833.3286       1.0006135       1.0018916       0.0000000
       1833.3495       1.0007060       1.0019354       0.0000000
       1833.3703       1.0011239       1.0020577       0.0000000
       1833.3911       1.0018650       1.0030386       0.0000000
       1833.4120       1.0019583       1.0030981       0.0000000
       1833.4328       1.0019777       1.0026404       0.0000000
       1833.4536       1.0016863       1.0021625       0.0000000
       1833.4745       1.0028560       1.0028553       128.00000
       1833.4953       1.0025774       1.0027944       0.0000000
       1833.5161       1.0018759       1.0027534       0.0000000
       1833.5370       1.0006204       1.0021673       0.0000000
       1833.5578       1.0008349       1.0024090       0.0000000
       1833.5786      0.99930829       1.0008647       0.0000000
       1833.5995      0.99813414      0.99940127       0.0000000
       1833.6203      0.99820250      0.99982685       0.0000000
       1833.6411      0.99763048      0.99861693       0.0000000
       1833.6620      0.99686933      0.99829942       0.0000000
       1833.6828      0.99758971      0.99866217       0.0000000
       1833.7036      0.99830014      0.99910140       0.0000000
       1833.7245      0.99708259      0.99753785       0.0000000
       1833.7453      0.99787360      0.99864620       0.0000000
       1833.7661      0.99822187      0.99777657       0.0000000
       1833.7870      0.99910969      0.99773902       0.0000000
       1833.8078      0.99963200      0.99845946       0.0000000
       1833.8286      0.99925131      0.99810576       0.0000000
       1833.8495      0.99939418      0.99779618       0.0000000
       1833.8703      0.99903154      0.99901801       0.0000000
       1833.8911       1.0003178      0.99869889       0.0000000
       1833.9120      0.99882078      0.99714673       0.0000000
       1833.9328      0.99935824      0.99937099       0.0000000
       1833.9536      0.99974346      0.99959421       0.0000000
       1833.9745      0.99948257      0.99899077       0.0000000
       1833.9953      0.99992603      0.99794072       128.00000
       1834.0161       1.0010839      0.99895078       0.0000000
       1834.0370       1.0001882       1.0006936       0.0000000
       1834.0578       1.0000359      0.99885315       0.0000000
       1834.0786      0.99992174      0.99841416       0.0000000
       1834.0995       1.0003014      0.99954760       0.0000000
       1834.1203      0.99974066      0.99773043       0.0000000
       1834.1411       1.0000575      0.99990225       0.0000000
       1834.1620      0.99977857      0.99781901       0.0000000
       1834.1828       1.0003805      0.99928921       0.0000000
       1834.2036       1.0003519      0.99912071       0.0000000
       1834.2245       1.0004450      0.99966854       0.0000000
       1834.2453       1.0003396      0.99971229       0.0000000
       1834.2661   1.2351272e-13      0.86291480       128.00000
       1834.2870       1.0003489       1.0013187       0.0000000
       1834.3078       1.0006323       1.0021487       0.0000000
       1834.3286       1.0005826       1.0015564       0.0000000
       1834.3494      0.99992979       1.0009297       0.0000000
       1834.3703       1.0000222       1.0012621       0.0000000
       1834.3911      0.99962771       1.0003949       0.0000000
       1834.4119      0.99962676       1.0002682       0.0000000
       1834.4328       1.0001127       1.0006403       0.0000000
       1834.4536       1.0004520       1.0007731       0.0000000
       1834.4744      0.99934268       1.0002639       0.0000000
       1834.4953       1.0003195       1.0010360       0.0000000
       1834.5161      0.99951816      0.99999541       0.0000000
       1834.5369      0.99962777      0.99977118       0.0000000
       1834.5578      0.99985677       1.0008416       0.0000000
       1834.5786      0.99996656       1.0009476       0.0000000
       1834.5994      0.99990922       1.0008150       0.0000000
       1834.6203      0.99965245       1.0008676       0.0000000
       1834.6411      0.99954545       1.0008745       128.00000
       1834.6619       1.0001988       1.0013665       0.0000000
       1834.6828       1.0003324       1.0014262       0.0000000
       1834.7036      0.99986231       1.0005770       0.0000000
       1834.7244       1.0000118       1.0006791       0.0000000
       1834.7453      0.99926150       1.0000271       0.0000000
       1834.7661       1.0004833       1.0015608       0.0000000
       1834.7869       1.0005146       1.0013770       0.0000000
       1834.8078       1.0000341       1.0006803       0.0000000
       1834.8286      0.99992114       1.0008096       0.0000000
       1834.8494       1.0002472       1.0010366       0.0000000
       1834.8703       1.0013175       1.0015879       128.00000
       1834.8911       1.0013727       1.0018976       128.00000
       1834.9119       1.0006030       1.0016576       0.0000000
       1834.9328      0.99976563       1.0005207       0.0000000
       1834.9536       1.0003569       1.0012155       0.0000000
       1834.9744       1.0005288       1.0011512       0.0000000
       1834.9953       1.0007498       1.0017422       0.0000000
       1835.0161      0.99985021       1.0004005       0.0000000
       1835.0369       1.0005175       1.0011141       0.0000000
       1835.0578      0.99896234      0.99907976       128.00000
       1835.0786       1.0000492       1.0004809       0.0000000
       1835.0994       1.0003304       1.0007163       0.0000000
       1835.1203       1.0006694       1.0009377       0.0000000
       1835.1411      0.99990499      0.99963135       0.0000000
       1835.1619       1.0003682      0.99996471       0.0000000
       1835.1828       1.0007130       1.0005920       0.0000000
       1835.2036       1.0005776       1.0001538       0.0000000
       1835.2244       1.0003670       1.0004805       0.0000000
       1835.2453       1.0002178       1.0007144       0.0000000
       1835.2661      0.99956763      0.99992299       0.0000000
       1835.2869       1.0002558       1.0000190       0.0000000
       1835.3078      0.99995500      0.99908221       0.0000000
       1835.3286       1.0003794      0.99895328       0.0000000
       1835.3494       1.0001352      0.99881297       0.0000000
       1835.3703       1.0006170       1.0007763       0.0000000
       1835.3911       1.0001395       1.0001212       0.0000000
       1835.4119       1.0007324       1.0000360       0.0000000
       1835.4328       1.0007685       1.0004373       0.0000000
       1835.4536       1.0000000      0.99909210       0.0000000
       1835.4744      0.99960971      0.99974436       0.0000000
       1835.4953       1.0003766       1.0003821       0.0000000
       1835.5161       1.0000211      0.99923557       0.0000000
       1835.5369      0.99994326      0.99965125       0.0000000
       1835.5578      0.99996775       1.0003656       0.0000000
       1835.5786      0.99865466      0.99844652       128.00000
       1835.5994      0.99694836      0.99832630       128.00000
       1835.6203      0.99820149      0.99773037       128.00000
       1835.6411      0.99931914      0.99840879       128.00000
       1835.6619      0.99915504      0.99850333       0.0000000
       1835.6828      0.99971992      0.99850839       0.0000000
       1835.7036      0.99930018      0.99899727       0.0000000
       1835.7244      0.99953389      0.99850875       128.00000
       1835.7453       1.0000838      0.99943638       0.0000000
       1835.7661       1.0004159      0.99974936       0.0000000
       1835.7869       1.0005219       1.0000870       0.0000000
       1835.8078       1.0005759       1.0003204       0.0000000
       1835.8286      0.99939770      0.99889779       128.00000
       1835.8494       1.0006866      0.99924123       0.0000000
       1835.8703       1.0004011      0.99979413       0.0000000
       1835.8911       1.0001330      0.99914348       0.0000000
       1835.9119       1.0002500      0.99962753       0.0000000
       1835.9328       1.0003570      0.99974972       128.00000
       1835.9536      0.99952668      0.99913406       128.00000
       1835.9744       1.0000196      0.99941427       0.0000000
       1835.9953      0.99846250      0.99803883       0.0000000
       1836.0161      0.99953485      0.99919683       0.0000000
       1836.0369      0.99931210      0.99899453       0.0000000
       1836.0578      0.99938095      0.99865782       0.0000000
       1836.0786      0.99880087      0.99771047       0.0000000
       1836.0994      0.99944150      0.99805140       0.0000000
       1836.1203      0.99916852      0.99862391       128.00000
       1836.1411       1.0000927      0.99914849       0.0000000
       1836.1619       1.0002201      0.99809009       128.00000
       1836.1828      0.99995941      0.99881095       0.0000000
       1836.2036      0.99937499      0.99725723       0.0000000
       1836.2244      0.99901330      0.99653262       0.0000000
       1836.2453       1.0000832      0.99776512       0.0000000
       1836.2661      0.99939615      0.99691248       128.00000
       1836.2869       1.0007448      0.99867511       128.00000
       1836.3078       1.0013269       1.0008832       0.0000000
       1836.3286       1.0015826       1.0008223       0.0000000
       1836.3494       1.0018803       1.0008532       0.0000000
       1836.3703       1.0015990       1.0007346       0.0000000
       1836.3911       1.0025177       1.0015554       0.0000000
       1836.4119       1.0022326       1.0016098       0.0000000
       1836.4328       1.0022545       1.0020787       0.0000000
       1836.4536       1.0010206       1.0003139       0.0000000
       1836.4744       1.0003682       1.0000087       0.0000000
       1836.4953      0.99908322      0.99887383       0.0000000
       1836.5161      0.99747580      0.99672759       128.00000
       1836.5369      0.99683750      0.99648935       0.0000000
       1836.5578      0.99797219      0.99765360       0.0000000
       1836.5786      0.99693632      0.99612546       0.0000000
       1836.5994      0.99748784      0.99721855       0.0000000
       1836.6203      0.99723560      0.99629766       0.0000000
       1836.6411      0.99842942      0.99790478       0.0000000
       1836.6619      0.99927247      0.99892753       0.0000000
       1836.6828      0.99748385      0.99745858       0.0000000
       1836.7036      0.99979699      0.99970895       0.0000000
       1836.7244      0.99928629      0.99883240       0.0000000
       1836.7453      0.99996597      0.99914014       0.0000000
       1836.7661      0.99967641      0.99937570       0.0000000
       1836.7869      0.99995738      0.99918634       0.0000000
       1836.8078      0.99924654      0.99903363       0.0000000
       1836.8286      0.99948180      0.99916548       0.0000000
       1836.8494      0.99952227      0.99926811       0.0000000
       1836.8703      0.99987835      0.99946070       0.0000000
       1836.8911      0.99985254      0.99968755       0.0000000
       1836.9119      0.99929190      0.99903899       0.0000000
       1836.9328       1.0005581       1.0002633       0.0000000
       1836.9536       1.0007166       1.0002116       0.0000000
       1836.9744      0.99943316      0.99911934       0.0000000
       1836.9953      0.99969983      0.99904555       0.0000000
       1837.0161      0.99947894      0.99900270       0.0000000
       1837.0369      0.99994045      0.99916404       0.0000000
       1837.0578       1.0006449      0.99993467       0.0000000
       1837.0786       1.0008985      0.99972361       0.0000000
       1837.0994       1.0006415       1.0000656       0.0000000
       1837.1203       1.0010570       1.0005639       0.0000000
       1837.1411       1.0003842       1.0003171       0.0000000
       1837.1619       1.0005978       1.0003153       0.0000000
       1837.1828       1.0005779       1.0001887       0.0000000
       1837.2036      0.99992555      0.99931484       0.0000000
       1837.2244       1.0000026      0.99950171       0.0000000
       1837.2453      0.99962008      0.99912584       0.0000000
       1837.2661       1.0002315      0.99925464       0.0000000
       1837.2869       1.0008494       1.0001428       0.0000000
       1837.3078       1.0001513      0.99931997       0.0000000
       1837.3286       1.0002857      0.99933320       0.0000000
       1837.3494       1.0001299      0.99937153       0.0000000
       1837.3703       1.0000353      0.99970889       0.0000000
       1837.3911       1.0004108      0.99947536       0.0000000
       1837.4119       1.0002354      0.99987745       0.0000000
       1837.4328       1.0003029      0.99987459       0.0000000
       1837.4536      0.99862438      0.99799848       0.0000000
       1837.4744      0.99954969      0.99900699       0.0000000
       1837.4953      0.99985003      0.99979049       0.0000000
       1837.5161       1.0003177      0.99985272       0.0000000
       1837.5369       1.0005913       1.0000936       0.0000000
       1837.5578       1.0009782       1.0006958       0.0000000
       1837.5786      0.99987066      0.99955440       0.0000000
       1837.5994      0.99977255      0.99967122       0.0000000
       1837.6202      0.99909008      0.99882764       0.0000000
       1837.6411       1.0005040       1.0002557       0.0000000
       1837.6619      0.99974519      0.99950683       0.0000000
       1837.6827      0.99959409      0.99926215       0.0000000
       1837.7036      0.99967676      0.99933445       0.0000000
       1837.7244       1.0002544      0.99992269       0.0000000
       1837.7452      0.99999559      0.99974895       0.0000000
       1837.7661      0.99992865      0.99941343       0.0000000
       1837.7869       1.0001193      0.99965829       0.0000000
       1837.8077       1.0001175      0.99968189       0.0000000
       1837.8286      0.99902785      0.99840248       0.0000000
       1837.8494       1.0002303      0.99959350       0.0000000
       1837.8702       1.0003012      0.99989432       0.0000000
       1837.8911       1.0003637      0.99982136       0.0000000
       1837.9119       1.0004314       1.0000000       0.0000000
       1837.9327       1.0002216      0.99972010       0.0000000
       1837.9536      0.99995399      0.99945807       0.0000000
       1837.9744      0.99956721      0.99922448       0.0000000
       1837.9952       1.0003942       1.0000777       0.0000000
       1838.0161       1.0007782       1.0003506       0.0000000
       1838.0369       1.0003663      0.99998367       0.0000000
       1838.0577       1.0000980      0.99958068       0.0000000
       1838.0786       1.0001763      0.99978280       0.0000000
       1838.0994      0.99985778      0.99948144       0.0000000
       1838.1202      0.99993402      0.99953902       0.0000000
       1838.1411      0.99988258      0.99930102       0.0000000
       1838.1619       1.0005219      0.99989331       0.0000000
       1838.1827       1.0004532      0.99990517       0.0000000
       1838.2036      0.99998420      0.99947274       0.0000000
       1838.2244       1.0003908      0.99995005       0.0000000
       1838.2452       1.0010669       1.0003259       0.0000000
       1838.2661       1.0013478       1.0006254       0.0000000
       1838.2869       1.0008337      0.99991751       0.0000000
       1838.3077       1.0004630      0.99952817       0.0000000
       1838.3286       1.0008872       1.0001255       0.0000000
       1838.3494       1.0003601      0.99977326       0.0000000
       1838.3702       1.0000823      0.99965215       0.0000000
       1838.3911       1.0010712       1.0002240       0.0000000
       1838.4119       1.0004001      0.99966723       0.0000000
       1838.4327      0.99957913      0.99898756       0.0000000
       1838.4536      0.99998516      0.99926847       0.0000000
       1838.4744       1.0005198       1.0000554       0.0000000
       1838.4952       1.0000590      0.99897379       0.0000000
       1838.5161      0.99997807      0.99869400       0.0000000
       1838.5369       1.0003623      0.99912691       0.0000000
       1838.5577       1.0001813      0.99892789       0.0000000
       1838.5786       1.0002418      0.99893570       0.0000000
       1838.5994       1.0001680      0.99891442       0.0000000
       1838.6202      0.99983025      0.99843872       0.0000000
       1838.6411       1.0002630      0.99737436       0.0000000
       1838.6619      0.99921691      0.99580944       0.0000000
       1838.6827      0.99983007      0.99745244       0.0000000
       1838.7036      0.99967331      0.99820584       0.0000000
       1838.7452      0.99964982      0.99784702       128.00000
       1838.7661      0.99977720      0.99786991       0.0000000
       1838.7869       1.0010006      0.99833244       0.0000000
       1838.8077       1.0007958      0.99797410       0.0000000
       1838.8286       1.0008073      0.99898332       0.0000000
       1838.8494       1.0009178      0.99947274       0.0000000
       1838.8702      0.99998057      0.99847108       0.0000000
       1838.8911      0.99993449      0.99794126       128.00000
       1838.9119       1.0006952      0.99785960       0.0000000
       1838.9327      0.99929750      0.99722183       0.0000000
       1838.9536       1.0004500      0.99805617       0.0000000
       1838.9744       1.0002060      0.99696082       0.0000000
       1838.9952      0.99901122      0.99459070       0.0000000
       1839.0161      0.99926442      0.99609011       0.0000000
       1839.0369      0.99887913      0.99560332       0.0000000
       1839.0577      0.99928784      0.99576074       0.0000000
       1839.0786       1.0000978      0.99674523       0.0000000
       1839.0994      0.99934590      0.99586374       0.0000000
       1839.1202      0.99972892      0.99621069       0.0000000
       1839.1411      0.99940586      0.99549955       0.0000000
       1839.1619       1.0009841      0.99729455       0.0000000
       1839.1827      0.99985766      0.99624574       0.0000000
       1839.2036       1.0006977      0.99668682       0.0000000
       1839.2244       1.0010287      0.99679750       0.0000000
       1839.2452       1.0021504      0.99849409       128.00000
       1839.2661       1.0015981      0.99829531       0.0000000
       1839.2869       1.0013999      0.99746603       0.0000000
       1839.3077       1.0023007      0.99877030       0.0000000
       1839.3286       1.0034486      0.99924695       0.0000000
       1839.3494       1.0024507      0.99911356       0.0000000
       1839.3702       1.0016423      0.99771762       0.0000000
       1839.3911       1.0015726      0.99734867       128.00000
       1839.4119       1.0001383      0.99621165       0.0000000
       1839.4327      0.99889654      0.99472898       0.0000000
       1839.4536      0.99778342      0.99397033       0.0000000
       1839.4744      0.99651122      0.99391949       0.0000000
       1839.4952      0.99752158      0.99411386       0.0000000
       1839.5161   1.2429969e-13      0.86841309       128.00000
       1839.5369      0.99717396      0.99438936       0.0000000
       1839.5577      0.99798411      0.99549824       0.0000000
       1839.5786      0.99799639      0.99537051       128.00000
       1839.5994      0.99752462      0.99450040       128.00000
       1839.6202      0.99924934      0.99708688       0.0000000
       1839.6411      0.99951708      0.99773753       0.0000000
       1839.6619      0.99879873      0.99699605       0.0000000
       1839.6827      0.99931347      0.99726254       0.0000000
       1839.7036      0.99919349      0.99713784       128.00000
       1839.7244      0.99993765      0.99830246       128.00000
       1839.7452      0.99967694      0.99782056       0.0000000
       1839.7661       1.0006322      0.99898219       128.00000
       1839.7869      0.99863678      0.99608892       128.00000
       1839.8077       1.0002679      0.99860096       128.00000
       1839.8285       1.0004184      0.99844515       128.00000
       1839.8494      0.99960685      0.99752969       0.0000000
       1839.8702       1.0008538      0.99856001       0.0000000
       1839.8910       1.0007237      0.99860007       128.00000
       1839.9119       1.0001252      0.99786305       128.00000
       1839.9327       1.0002198      0.99826300       0.0000000
       1839.9535       1.0006684      0.99877059       0.0000000
       1839.9744      0.99999422      0.99824899       0.0000000
       1839.9952      0.99966329      0.99811137       128.00000
       1840.0160       1.0002420      0.99841958       0.0000000
       1840.0369       1.0006109      0.99869817       0.0000000
       1840.0577      0.99957657      0.99807203       0.0000000
       1840.0785       1.0000707      0.99824899       128.00000
       1840.0994       1.0004407      0.99894732       0.0000000
       1840.1202       1.0000048      0.99788642       0.0000000
       1840.1410       1.0007842      0.99873471       0.0000000
       1840.1619       1.0011398      0.99924541       128.00000
       1840.1827       1.0000491      0.99813908       0.0000000
       1840.2035      0.99924260      0.99809027       128.00000
       1840.2244      0.99959850      0.99791503       0.0000000
       1840.2452       1.0005925      0.99913490       0.0000000
       1840.2660       1.0001276      0.99839044       0.0000000
       1840.2869      0.99902642      0.99727935       0.0000000
       1840.3077      0.99937922      0.99754733       0.0000000
       1840.3285      0.99968642      0.99801964       0.0000000
       1840.3494       1.0002518      0.99834400       0.0000000
       1840.3702      0.99963945      0.99738282       0.0000000
       1840.3910      0.99950564      0.99760181       0.0000000
       1840.4119      0.99931747      0.99775177       0.0000000
       1840.4327      0.99976254      0.99793941       0.0000000
       1840.4535      0.99944222      0.99763179       128.00000
       1840.4744       1.0006859      0.99896032       128.00000
       1840.4952      0.99993902      0.99831671       0.0000000
       1840.5160      0.99979806      0.99792856       0.0000000
       1840.5369       1.0002574      0.99825376       0.0000000
       1840.5577       1.0001823      0.99833053       0.0000000
       1840.5785       1.0004495      0.99838084       0.0000000
       1840.5994       1.0012162      0.99852651       128.00000
       1840.6202       1.0000274      0.99806911       0.0000000
       1840.6410      0.99942738      0.99745578       0.0000000
       1840.6619      0.99939322      0.99784333       0.0000000
       1840.6827      0.99984926      0.99792582       128.00000
       1840.7035       1.0000308      0.99824876       0.0000000
       1840.7244      0.99836385      0.99687934       0.0000000
       1840.7452       1.0007820      0.99901760       0.0000000
       1840.7660       1.0010079      0.99960268       0.0000000
       1840.7869       1.0004714      0.99880153       0.0000000
       1840.8077      0.99981999      0.99815011       0.0000000
       1840.8285      0.99990612      0.99823308       0.0000000
       1840.8494      0.99999446      0.99846596       0.0000000
       1840.8702      0.99980038      0.99833280       0.0000000
       1840.8910      0.99981523      0.99845409       0.0000000
       1840.9119       1.0006148      0.99916625       0.0000000
       1840.9327       1.0000076      0.99824893       0.0000000
       1840.9535      0.99932939      0.99786490       0.0000000
       1840.9744       1.0013533      0.99952090       0.0000000
       1840.9952      0.99989271      0.99811959       128.00000
       1841.0160       1.0004946      0.99890977       0.0000000
       1841.0369      0.99983567      0.99833882       0.0000000
       1841.0577       1.0003629      0.99859446       128.00000
       1841.0785       1.0006038      0.99929351       0.0000000
       1841.0994      0.99960512      0.99838150       0.0000000
       1841.1202      0.99952525      0.99825823       0.0000000
       1841.1410       1.0000086      0.99865031       0.0000000
