    1154
       1816.1201       8.2610836       1.0221705       128.00000
       1816.1409       4.2819386       1.0192194       128.00000
       1816.1618       2.8773241       1.0165331       128.00000
       1816.1826       2.1628873       1.0128064       128.00000
       1816.2034       1.7322896       1.0091268       128.00000
       1816.2243       1.4403081       1.0051776       128.00000
       1816.2451       1.2315302       1.0006132       128.00000
       1816.2659       1.0186567      0.99475479       0.0000000
       1816.2868      0.93617213      0.99006301       0.0000000
       1816.3076      0.92623872      0.98774344       0.0000000
       1816.3285      0.93439823      0.98586911       128.00000
       1816.3493      0.94217002      0.98324198       128.00000
       1816.3701      0.95240217      0.98286957       0.0000000
       1816.3910      0.96054852      0.97877949       128.00000
       1816.4118      0.97734576      0.97540897       128.00000
       1816.4326      0.97466636      0.96302056       0.0000000
       1816.4535      0.94013023      0.92074919       128.00000
       1816.4743      0.90703434      0.88494426       128.00000
       1816.4951      0.90237063      0.86909759       128.00000
       1816.5160      0.91461980      0.89146376       128.00000
       1816.5368      0.95510811      0.92841369       128.00000
       1816.5576      0.99835312      0.96318692       128.00000
       1816.5785       1.0101124      0.97595078       128.00000
       1816.5993       1.0172355      0.97631544       128.00000
       1816.6201       1.0206732      0.97999996       128.00000
       1816.6410       1.0266954      0.98200864       128.00000
       1816.6618       1.0316882      0.98401970       0.0000000
       1816.6826       1.0343937      0.98508155       128.00000
       1816.7035       1.0416714      0.98669094       0.0000000
       1816.7243       1.0289267      0.98804235       0.0000000
       1816.7451       1.0265021      0.98847944       128.00000
       1816.7660       1.0166491      0.99046290       128.00000
       1816.7868       1.0149162      0.99044138       128.00000
       1816.8076       1.0117129      0.99254531       0.0000000
       1816.8285       1.0013354      0.99155128       0.0000000
       1816.8493       1.0006318      0.98755282       128.00000
       1816.8701      0.99404120      0.99212933       128.00000
       1816.8910      0.99676698      0.98899287       128.00000
       1816.9118      0.99570781      0.99144953       0.0000000
       1816.9326      0.99945599      0.99162352       0.0000000
       1816.9535       1.0008628      0.99151838       128.00000
       1816.9743      0.99957848      0.99064440       128.00000
       1816.9951       1.0006939      0.99260765       128.00000
       1817.0160       1.0026186      0.99260670       128.00000
       1817.0368       1.0039450      0.99225652       0.0000000
       1817.0576       1.0115198      0.99078017       0.0000000
       1817.0785       1.0119227      0.99222690       0.0000000
       1817.0993       1.0110657      0.99131966       128.00000
       1817.1201       1.0090221      0.99328357       0.0000000
       1817.1410       1.0092019      0.99198318       128.00000
       1817.1618       1.0094665      0.99062234       0.0000000
       1817.1826       1.0097308      0.99285853       128.00000
       1817.2035       1.0056907      0.98981512       128.00000
       1817.2243       1.0053735      0.99177873       128.00000
       1817.2451       1.0038189      0.99002504       128.00000
       1817.2660       1.0040262      0.99152613       0.0000000
       1817.2868       1.0026412      0.99168926       128.00000
       1817.3076       1.0023707      0.98974240       128.00000
       1817.3285       1.0012926      0.99206156       128.00000
       1817.3493       1.0013274      0.99161816       0.0000000
       1817.3701       1.0013136      0.99131835       0.0000000
       1817.3910       1.0031728      0.99228668       128.00000
       1817.4118       1.0037004      0.99215949       0.0000000
       1817.4326       1.0021858      0.99158043       128.00000
       1817.4535       1.0033971      0.99174058       0.0000000
       1817.4743       1.0031968      0.99220049       0.0000000
       1817.4951       1.0028021      0.99294120       0.0000000
       1817.5160       1.0014945      0.99246484       0.0000000
       1817.5368       1.0023776      0.99291825       128.00000
       1817.5576       1.0015664      0.99258250       0.0000000
       1817.5785       1.0021588      0.99327201       128.00000
       1817.5993       1.0020559      0.99143887       128.00000
       1817.6201       1.0013696      0.99351686       0.0000000
       1817.6410       1.0024412      0.99360108       128.00000
       1817.6618       1.0019637      0.99263251       128.00000
       1817.6826       1.0017265      0.99361920       0.0000000
       1817.7035       1.0018088      0.99310833       0.0000000
       1817.7243       1.0015711      0.99372643       128.00000
       1817.7451       1.0018713      0.99343699       0.0000000
       1817.7660       1.0028890      0.99272978       128.00000
       1817.7868       1.0005836      0.99234599       0.0000000
       1817.8076       1.0011531      0.99271244       0.0000000
       1817.8285       1.0016439      0.99174511       0.0000000
       1817.8493      0.99960625      0.99258226       128.00000
       1817.8701       1.0013392      0.99206805       0.0000000
       1817.8910      0.99928677      0.99209869       0.0000000
       1817.9118       1.0003376      0.99170399       0.0000000
       1817.9327      0.99881077      0.99251664       0.0000000
       1817.9535      0.99891043      0.99271315       0.0000000
       1817.9743      0.99864525      0.99313569       0.0000000
       1817.9952      0.99956357      0.99230140       0.0000000
       1818.0160      0.99989486      0.99153894       128.00000
       1818.0368      0.99227178      0.99272913       128.00000
       1818.0577      0.99878210      0.99283832       128.00000
       1818.0785      0.99922830      0.99272352       0.0000000
       1818.0993      0.99870187      0.99379313       0.0000000
       1818.1202      0.99757743      0.99303722       0.0000000
       1818.1410      0.99962062      0.99326164       0.0000000
       1818.1618       1.0005488      0.99291939       0.0000000
       1818.1827      0.99912536      0.99290335       0.0000000
       1818.2035      0.99850154      0.99392837       0.0000000
       1818.2243      0.99819607      0.99385250       0.0000000
       1818.2452       1.0006123      0.99493539       128.00000
       1818.2660       1.0015261      0.99537748       0.0000000
       1818.2868       1.0001801      0.99639100       0.0000000
       1818.3077       1.0020225      0.99660045       0.0000000
       1818.3285       1.0009285      0.99775469       0.0000000
       1818.3493       1.0010176       1.0000525       0.0000000
       1818.3702       1.0021126      0.99998850       0.0000000
       1818.3910       1.0031848       1.0012679       0.0000000
       1818.4118       1.0043093       1.0024370       128.00000
       1818.4327       1.0041856       1.0028875       0.0000000
       1818.4535       1.0057557       1.0028765       0.0000000
       1818.4743       1.0049268       1.0043321       0.0000000
       1818.4952       1.0052202       1.0051241       0.0000000
       1818.5160       1.0041457       1.0050205       0.0000000
       1818.5368       1.0043590       1.0041456       0.0000000
       1818.5577       1.0031857       1.0040780       0.0000000
       1818.5785       1.0037929       1.0033545       0.0000000
       1818.5993       1.0039614       1.0025883       0.0000000
       1818.6202       1.0048966       1.0003297       0.0000000
       1818.6410       1.0029590      0.99869567       0.0000000
       1818.6618       1.0018253      0.99734873       0.0000000
       1818.6827      0.99966997      0.99477118       0.0000000
       1818.7035      0.99764055      0.99303263       128.00000
       1818.7243      0.99569160      0.99077904       0.0000000
       1818.7452      0.99443817      0.98892713       0.0000000
       1818.7660      0.99463367      0.98782533       0.0000000
       1818.7868      0.99588513      0.98385715       0.0000000
       1818.8077      0.97403735      0.95644796       0.0000000
       1818.8285      0.93752247      0.91595399       0.0000000
       1818.8493      0.91158694      0.88769275       0.0000000
       1818.8702      0.90967053      0.88585091       0.0000000
       1818.8910      0.93326497      0.91106826       0.0000000
       1818.9118      0.96965390      0.95235610       0.0000000
       1818.9327      0.99525124      0.98335224       0.0000000
       1818.9535      0.99497122      0.98816705       0.0000000
       1818.9743      0.99285358      0.99023479       0.0000000
       1818.9952      0.99413806      0.99102712       128.00000
       1819.0160      0.99480170      0.99256879       0.0000000
       1819.0368      0.99733961      0.99423933       0.0000000
       1819.0577      0.99790382      0.99566472       0.0000000
       1819.0785       1.0001985      0.99725580       0.0000000
       1819.0993       1.0009199      0.99702120       0.0000000
       1819.1202       1.0026259      0.99790692       0.0000000
       1819.1410       1.0005442      0.99942261       0.0000000
       1819.1618       1.0008973       1.0003569       0.0000000
       1819.1827      0.99949300       1.0005215       0.0000000
       1819.2035       1.0000525       1.0002340       0.0000000
       1819.2243       1.0005996      0.99986798       0.0000000
       1819.2452       1.0023643       1.0003591       0.0000000
       1819.2660       1.0021191       1.0000610       0.0000000
       1819.2868       1.0017607      0.99989957       0.0000000
       1819.3077       1.0022110      0.99996459       0.0000000
       1819.3285       1.0019612      0.99933434       0.0000000
       1819.3493       1.0004455      0.99824446       0.0000000
       1819.3702      0.99950647      0.99857748       0.0000000
       1819.3910       1.0003266      0.99903256       0.0000000
       1819.4118      0.99829692      0.99874264       0.0000000
       1819.4327      0.99895024      0.99838156       0.0000000
       1819.4535      0.99857128      0.99925381       0.0000000
       1819.4743      0.99750054      0.99907923       128.00000
       1819.4952      0.99899143      0.99860746       0.0000000
       1819.5160       1.0001369      0.99871433       0.0000000
       1819.5368       1.0000514      0.99859983       0.0000000
       1819.5577       1.0013177      0.99830735       0.0000000
       1819.5785       1.0008568      0.99821919       0.0000000
       1819.5993       1.0004538      0.99839705       0.0000000
       1819.6202      0.99984634      0.99865919       0.0000000
       1819.6410       1.0003393      0.99871999       0.0000000
       1819.6618       1.0009710      0.99709445       0.0000000
       1819.6827      0.99908614      0.99814153       0.0000000
       1819.7035      0.99931359      0.99865377       0.0000000
       1819.7243      0.99882883      0.99853885       0.0000000
       1819.7452       1.0004029      0.99748546       0.0000000
       1819.7660      0.99974316      0.99812329       0.0000000
       1819.7868      0.99845380      0.99711961       0.0000000
       1819.8077      0.99850422      0.99817699       0.0000000
       1819.8285       1.0015023      0.99793279       0.0000000
       1819.8494      0.99784315      0.99833757       0.0000000
       1819.8702       1.0004165      0.99795616       0.0000000
       1819.8910      0.99889868      0.99726105       0.0000000
       1819.9119       1.0001730      0.99736094       0.0000000
       1819.9327      0.99890947      0.99765849       0.0000000
       1819.9535      0.99892199      0.99617887       0.0000000
       1819.9744      0.99680084      0.99685937       0.0000000
       1819.9952      0.99689841      0.99559253       0.0000000
       1820.0160      0.99790794      0.99555546       0.0000000
       1820.0369      0.99713045      0.99582922       0.0000000
       1820.0577      0.99825680      0.99544817       0.0000000
       1820.0785      0.99758828      0.99594688       0.0000000
       1820.0994      0.99782640      0.99503529       0.0000000
       1820.1202      0.99680108      0.99513775       0.0000000
       1820.1410      0.99709535      0.99390626       0.0000000
       1820.1619      0.99578327      0.99414402       0.0000000
       1820.1827      0.99540567      0.99409401       0.0000000
       1820.2035      0.99553519      0.99386400       0.0000000
       1820.2244      0.99602222      0.99424994       0.0000000
       1820.2452      0.99780941      0.99338263       0.0000000
       1820.2660      0.99630910      0.99447489       0.0000000
       1820.2869      0.99636507      0.99443775       0.0000000
       1820.3077      0.99527174      0.99494559       0.0000000
       1820.3285      0.99887830      0.99384969       0.0000000
       1820.3494      0.99707729      0.99595487       0.0000000
       1820.3702      0.99638826      0.99488175       0.0000000
       1820.3910      0.99672854      0.99544162       0.0000000
       1820.4119      0.99877256      0.99559420       0.0000000
       1820.4327      0.99825782      0.99513054       0.0000000
       1820.4535      0.99917519      0.99525964       0.0000000
       1820.4744      0.99881393      0.99515897       0.0000000
       1820.4952      0.99839669      0.99514133       0.0000000
       1820.5160      0.99920738      0.99440330       0.0000000
       1820.5369      0.99615926      0.99595761       0.0000000
       1820.5577      0.99684638      0.99534661       0.0000000
       1820.5785      0.99545699      0.99475813       128.00000
       1820.5994      0.99760723      0.99467057       0.0000000
       1820.6202      0.99521941      0.99591231       0.0000000
       1820.6410      0.99700999      0.99531990       0.0000000
       1820.6619      0.98647964      0.99730426       128.00000
       1820.6827      0.99880618      0.99687296       0.0000000
       1820.7035       1.0004781      0.99840277       0.0000000
       1820.7244       1.0002593      0.99861640       0.0000000
       1820.7452       1.0006669      0.99982655       0.0000000
       1820.7660       1.0003939       1.0012618       0.0000000
       1820.7869       1.0065248      0.99941385       0.0000000
       1820.8077       1.0025263       1.0013541       128.00000
       1820.8285       1.0031155       1.0013793       0.0000000
       1820.8494       1.0028043       1.0025209       0.0000000
       1820.8702       1.0042543       1.0025314       0.0000000
       1820.8910       1.0063293       1.0018327       0.0000000
       1820.9119       1.0051033       1.0020509       0.0000000
       1820.9327       1.0030433       1.0021679       0.0000000
       1820.9535       1.0020618      0.99981171       0.0000000
       1820.9744      0.99818051       1.0002227       128.00000
       1820.9952      0.99937236      0.99905032       0.0000000
       1821.0160      0.99918163      0.99583077       128.00000
       1821.0369      0.99546236      0.99498445       128.00000
       1821.0577      0.99593973      0.99332064       0.0000000
       1821.0785      0.99882895      0.99046797       0.0000000
       1821.0994       1.0032575      0.98930758       0.0000000
       1821.1202       1.0071249      0.98645025       128.00000
       1821.1410   5.5807257e-14      0.85461044       128.00000
       1821.1619      0.99229479      0.98055637       0.0000000
       1821.1827      0.96330351      0.94409204       0.0000000
       1821.2035      0.92660570      0.90617824       0.0000000
       1821.2244      0.90631580      0.88544077       128.00000
       1821.2452      0.91420025      0.89353096       0.0000000
       1821.2660      0.94631130      0.92519552       128.00000
       1821.2869      0.98537731      0.96725667       0.0000000
       1821.3077       1.0037094      0.98868489       0.0000000
       1821.3285      0.99897033      0.99024808       0.0000000
       1821.3494      0.99697739      0.99073738       0.0000000
       1821.3702      0.99464834      0.99243802       0.0000000
       1821.3910      0.99710190      0.99109548       128.00000
       1821.4119      0.99661952      0.99569720       0.0000000
       1821.4327      0.99977481      0.99638796       0.0000000
       1821.4535       1.0019319      0.99680650       0.0000000
       1821.4744       1.0037496      0.99851298       0.0000000
       1821.4952       1.0029252      0.99634826       128.00000
       1821.5160       1.0037680       1.0001274       0.0000000
       1821.5369       1.0035201       1.0001158       0.0000000
       1821.5577       1.0031449       1.0004785       128.00000
       1821.5785       1.0029706      0.99945778       128.00000
       1821.5994       1.0028830       1.0012242       0.0000000
       1821.6202      0.99968219      0.99994510       0.0000000
       1821.6410       1.0011448       1.0008918       0.0000000
       1821.6619      0.99981064       1.0008364       0.0000000
       1821.6827       1.0012774       1.0005695       128.00000
       1821.7035       1.0023118      0.99896806       128.00000
       1821.7244       1.0012777       1.0008104       0.0000000
       1821.7452       1.0019928       1.0008562       0.0000000
       1821.7660       1.0014037      0.99996179       128.00000
       1821.7869       1.0015022       1.0024744       0.0000000
       1821.8077       1.0015996       1.0024918       0.0000000
       1821.8285       1.0028813       1.0025802       0.0000000
       1821.8494       1.0027331       1.0030439       0.0000000
       1821.8702       1.0020636       1.0035969       0.0000000
       1821.8910       1.0020450       1.0032074       0.0000000
       1821.9119       1.0017091       1.0023564       0.0000000
       1821.9327      0.99947304       1.0037405       0.0000000
       1821.9535       1.0000831       1.0037754       0.0000000
       1821.9744       1.0008038       1.0030996       0.0000000
       1821.9952       1.0020158       1.0026084       0.0000000
       1822.0160       1.0021064       1.0029565       0.0000000
       1822.0369       1.0018533       1.0021492       0.0000000
       1822.0577       1.0016918       1.0023162       0.0000000
       1822.0785       1.0007387       1.0010488       0.0000000
       1822.0994       1.0008984       1.0010231       0.0000000
       1822.1202      0.99942422       1.0015225       128.00000
       1822.1410       1.0018229       1.0004997       0.0000000
       1822.1619      0.99883020       1.0009223       0.0000000
       1822.1827      0.99864328       1.0001988       0.0000000
       1822.2036      0.99868441       1.0008388       0.0000000
       1822.2244      0.99821603      0.99932492       0.0000000
       1822.2452      0.99859923      0.99949181       0.0000000
       1822.2661      0.99844790      0.99960268       0.0000000
       1822.2869      0.99926007      0.99995083       0.0000000
       1822.3077      0.99818051      0.99956155       0.0000000
       1822.3286      0.99870706       1.0000000       0.0000000
       1822.3494      0.99935251       1.0005029       0.0000000
       1822.3702      0.99946052      0.99863249       0.0000000
       1822.3911      0.99930590      0.99916458       0.0000000
       1822.4119      0.99869639      0.99877185       0.0000000
       1822.4327      0.99874544      0.99940234       0.0000000
       1822.4536      0.99745095      0.99975151       0.0000000
       1822.4744      0.99839205       1.0000818       0.0000000
       1822.4952      0.99688977      0.99962050       0.0000000
       1822.5161      0.99806505      0.99923241       0.0000000
       1822.5369      0.99847007       1.0001986       0.0000000
       1822.5577      0.99931151      0.99973571       0.0000000
       1822.5786      0.99734890      0.99961227       0.0000000
       1822.5994      0.99845165       1.0005292       0.0000000
       1822.6202      0.99858743      0.99999404       0.0000000
       1822.6411      0.99853742       1.0002441       0.0000000
       1822.6619      0.99899703       1.0008514       0.0000000
       1822.6827      0.99907452       1.0009532       0.0000000
       1822.7036      0.99966365       1.0011529       0.0000000
       1822.7244      0.99993378       1.0012455       0.0000000
       1822.7452       1.0014330       1.0015761       0.0000000
       1822.7661       1.0016195       1.0009682       0.0000000
       1822.7869       1.0014759       1.0011295       0.0000000
       1822.8077       1.0022196       1.0001512       0.0000000
       1822.8286       1.0007522       1.0003636       0.0000000
       1822.8494       1.0015358      0.99995190       0.0000000
       1822.8702       1.0001196      0.99965441       0.0000000
       1822.8911      0.99914199      0.99988604       0.0000000
       1822.9119      0.99777681      0.99935693       0.0000000
       1822.9327      0.99839741      0.99919677       0.0000000
       1822.9536      0.99789518      0.99979973       0.0000000
       1822.9744      0.99933821      0.99932420       0.0000000
       1822.9952      0.99923235       1.0004557       0.0000000
       1823.0161       1.0001069       1.0011604       0.0000000
       1823.0369       1.0008361       1.0019898       0.0000000
       1823.0577       1.0015593       1.0030471       0.0000000
       1823.0786       1.0020453       1.0037354       0.0000000
       1823.0994       1.0037034       1.0045002       0.0000000
       1823.1202       1.0035154       1.0056818       0.0000000
       1823.1411       1.0036664       1.0065639       0.0000000
       1823.1619       1.0039613       1.0079081       128.00000
       1823.1827       1.0046396       1.0092343       0.0000000
       1823.2036       1.0051135       1.0104131       0.0000000
       1823.2244       1.0051332       1.0099436       0.0000000
       1823.2452       1.0044136       1.0110006       0.0000000
       1823.2661       1.0056430       1.0100992       0.0000000
       1823.2869       1.0046341       1.0103328       0.0000000
       1823.3077       1.0050796       1.0110323       0.0000000
       1823.3286       1.0056068       1.0091947       0.0000000
       1823.3494       1.0072635       1.0085008       0.0000000
       1823.3702       1.0070924       1.0071939       0.0000000
       1823.3911       1.0038651       1.0052634       0.0000000
       1823.4119       1.0017145       1.0029466       0.0000000
       1823.4327      0.99876326       1.0002537       0.0000000
       1823.4536      0.99590749      0.99884534       128.00000
       1823.4744      0.99433094      0.99680901       0.0000000
       1823.4952      0.99499661      0.99588358       0.0000000
       1823.5161      0.99829942      0.99311417       0.0000000
       1823.5369      0.98640519      0.97424895       0.0000000
       1823.5577      0.94902575      0.93457878       0.0000000
       1823.5786      0.92018938      0.89961022       0.0000000
       1823.5994      0.90932870      0.88832670       0.0000000
       1823.6202      0.92579716      0.90586013       0.0000000
       1823.6411      0.95942372      0.94378579       0.0000000
       1823.6619      0.99037308      0.98148394       0.0000000
       1823.6827      0.99656564      0.99327260       0.0000000
       1823.7036      0.99489576      0.99424326       128.00000
       1823.7244      0.99324250      0.99484158       0.0000000
       1823.7452      0.99185395      0.99732000       0.0000000
       1823.7661      0.99405903      0.99809206       0.0000000
       1823.7869      0.99774837      0.99948055       0.0000000
       1823.8077      0.99854636       1.0010624       0.0000000
       1823.8286      0.99964637       1.0027136       0.0000000
       1823.8494       1.0002441       1.0032535       0.0000000
       1823.8702       1.0008683       1.0035031       0.0000000
       1823.8911       1.0024970       1.0042208       0.0000000
       1823.9119       1.0003549       1.0053191       0.0000000
       1823.9327       1.0008970       1.0052369       0.0000000
       1823.9536       1.0006891       1.0057847       0.0000000
       1823.9744       1.0002128       1.0056084       0.0000000
       1823.9952       1.0000221       1.0055870       0.0000000
       1824.0161       1.0013329       1.0054501       0.0000000
       1824.0369       1.0005736       1.0062732       0.0000000
       1824.0577       1.0011773       1.0060298       0.0000000
       1824.0786       1.0001036       1.0060674       0.0000000
       1824.0994       1.0012928       1.0062816       0.0000000
       1824.1202       1.0018551       1.0060953       0.0000000
       1824.1411       1.0023251       1.0064507       0.0000000
       1824.1619       1.0026916       1.0062873       0.0000000
       1824.1827       1.0027676       1.0064855       0.0000000
       1824.2036       1.0023487       1.0063206       0.0000000
       1824.2244       1.0027450       1.0066078       0.0000000
       1824.2452       1.0020393       1.0061542       0.0000000
       1824.2661       1.0011837       1.0060632       0.0000000
       1824.2869       1.0008980       1.0052882       0.0000000
       1824.3077       1.0017947       1.0054675       0.0000000
       1824.3286       1.0014368       1.0044473       0.0000000
       1824.3494       1.0013189       1.0045146       0.0000000
       1824.3702       1.0011470       1.0037930       0.0000000
       1824.3911       1.0016087       1.0029517       0.0000000
       1824.4119       1.0006698       1.0040413       0.0000000
       1824.4327       1.0004653       1.0036147       0.0000000
       1824.4536       1.0000687       1.0032815       0.0000000
       1824.4744      0.99959308       1.0034199       0.0000000
       1824.4952      0.99932176       1.0026765       0.0000000
       1824.5161      0.99856019       1.0032203       0.0000000
       1824.5369      0.99858993       1.0027025       0.0000000
       1824.5577      0.99891621       1.0027325       0.0000000
       1824.5786      0.99830770       1.0033553       0.0000000
       1824.5994      0.99791878       1.0027857       0.0000000
       1824.6202      0.99818116       1.0022810       0.0000000
       1824.6411      0.99838430       1.0035198       0.0000000
       1824.6619      0.99921900       1.0037242       0.0000000
       1824.6827      0.99891567       1.0038543       0.0000000
       1824.7036      0.99955428       1.0037543       0.0000000
       1824.7244      0.99802279       1.0035890       0.0000000
       1824.7452      0.99897552       1.0040962       0.0000000
       1824.7661      0.99697727       1.0038340       0.0000000
       1824.7869      0.99858522       1.0042996       128.00000
       1824.8077      0.99666911       1.0037359       0.0000000
       1824.8286      0.99824715       1.0038297       0.0000000
       1824.8494      0.99814820       1.0038811       0.0000000
       1824.8702      0.99988252       1.0038371       0.0000000
       1824.8911      0.99937993       1.0035586       0.0000000
       1824.9119       1.0006682       1.0031061       0.0000000
       1824.9327      0.99942708       1.0026993       0.0000000
       1824.9536      0.99943084       1.0028096       0.0000000
       1824.9744      0.99706906       1.0020728       0.0000000
       1824.9952      0.99669313       1.0026947       0.0000000
       1825.0161      0.99690777       1.0025918       0.0000000
       1825.0369      0.99627936       1.0024815       0.0000000
       1825.0577      0.99782807       1.0028796       0.0000000
       1825.0786      0.99815434       1.0022943       0.0000000
       1825.0994      0.99842227       1.0028037       0.0000000
       1825.1202      0.99892378       1.0028656       0.0000000
       1825.1411       1.0007603       1.0030693       128.00000
       1825.1619      0.99907702       1.0024357       0.0000000
       1825.1827      0.99733961       1.0023658       0.0000000
       1825.2036      0.99627537       1.0023957       0.0000000
       1825.2244      0.99547893       1.0027013       0.0000000
       1825.2452      0.99713695       1.0023904       0.0000000
       1825.2661      0.99577171       1.0023756       0.0000000
       1825.2869      0.99619484       1.0024183       0.0000000
       1825.3077      0.99563044       1.0024126       0.0000000
       1825.3286      0.99615437       1.0030257       0.0000000
       1825.3494      0.99684989       1.0031589       0.0000000
       1825.3702      0.99664032       1.0045874       0.0000000
       1825.3911      0.99850845       1.0055573       0.0000000
       1825.4119       1.0005015       1.0058346       0.0000000
       1825.4327       1.0000727       1.0069715       0.0000000
       1825.4536       1.0015993       1.0077296       0.0000000
       1825.4744       1.0022156       1.0090302       0.0000000
       1825.4952       1.0031544       1.0095830       0.0000000
       1825.5161       1.0046874       1.0115939       0.0000000
       1825.5369       1.0033989       1.0120690       0.0000000
       1825.5577       1.0034518       1.0119783       0.0000000
       1825.5786       1.0036154       1.0130471       0.0000000
       1825.5994       1.0035001       1.0130471       0.0000000
       1825.6202       1.0052916       1.0124243       0.0000000
       1825.6411       1.0040057       1.0114701       0.0000000
       1825.6619       1.0050585       1.0111684       0.0000000
       1825.6827       1.0032719       1.0109752       0.0000000
       1825.7036       1.0032084       1.0087228       0.0000000
       1825.7244       1.0035365       1.0087495       0.0000000
       1825.7453       1.0017754       1.0069066       0.0000000
       1825.7661      0.99960363       1.0041918       0.0000000
       1825.7869      0.99569684       1.0029542       0.0000000
       1825.8078      0.99746835      0.99986494       128.00000
       1825.8286      0.99327332      0.99869251       0.0000000
       1825.8494      0.99269009      0.99572301       0.0000000
       1825.8703      0.99432462      0.99382299       0.0000000
       1825.8911      0.99540627      0.99084330       0.0000000
       1825.9119      0.97423047      0.96165538       0.0000000
       1825.9328      0.93861312      0.92083156       0.0000000
       1825.9536      0.91012192      0.89223623       0.0000000
       1825.9744      0.90974772      0.89117134       0.0000000
       1825.9953      0.93247187      0.91840696       0.0000000
       1826.0161      0.97103894      0.95822155       0.0000000
       1826.0369      0.99543327      0.98844284       0.0000000
       1826.0578      0.99214071      0.99420458       0.0000000
       1826.0786      0.99260277      0.99558395       0.0000000
       1826.0994      0.99369025      0.99585509       0.0000000
       1826.1203      0.99579030      0.99759793       0.0000000
       1826.1411   5.8277337e-14      0.89243609       128.00000
       1826.1619      0.99566251       1.0035414       0.0000000
       1826.1828      0.99784499       1.0053092       0.0000000
       1826.2036      0.99990582       1.0062423       0.0000000
       1826.2244       1.0012655       1.0079404       0.0000000
       1826.2453       1.0008163       1.0070289       0.0000000
       1826.2661       1.0012151       1.0072461       0.0000000
       1826.2869       1.0011468       1.0072516       0.0000000
       1826.3078       1.0004807       1.0083475       0.0000000
       1826.3286      0.99994940       1.0069312       128.00000
       1826.3494      0.99992830       1.0075561       0.0000000
       1826.3703       1.0013030       1.0079803       0.0000000
       1826.3911       1.0026906       1.0071257       0.0000000
       1826.4119       1.0015621       1.0076770       0.0000000
       1826.4328       1.0021302       1.0071216       0.0000000
       1826.4536       1.0016174       1.0075898       0.0000000
       1826.4744       1.0026618       1.0071983       0.0000000
       1826.4953       1.0001961       1.0072768       0.0000000
       1826.5161       1.0025121       1.0076952       0.0000000
       1826.5369       1.0002248       1.0074502       0.0000000
       1826.5578       1.0011200       1.0066097       0.0000000
       1826.5786       1.0020573       1.0079494       0.0000000
       1826.5994       1.0011978       1.0073251       0.0000000
       1826.6203       1.0000000       1.0076734       0.0000000
       1826.6411       1.0006344       1.0074726       0.0000000
       1826.6619       1.0006852       1.0078772       0.0000000
       1826.6828       1.0002024       1.0061773       128.00000
       1826.7036      0.99894124       1.0067695       0.0000000
       1826.7244      0.99988866       1.0074797       0.0000000
       1826.7453       1.0006723       1.0073974       0.0000000
       1826.7661       1.0022374       1.0074608       0.0000000
       1826.7869       1.0017169       1.0070866       0.0000000
       1826.8078       1.0021298       1.0068599       0.0000000
       1826.8286       1.0016887       1.0067128       0.0000000
       1826.8494       1.0015703       1.0069579       0.0000000
       1826.8703       1.0022100       1.0076228       0.0000000
       1826.8911       1.0022403       1.0073256       0.0000000
       1826.9119       1.0020323       1.0071535       0.0000000
       1826.9328       1.0016551       1.0067608       0.0000000
       1826.9536       1.0021474       1.0064679       128.00000
       1826.9744       1.0012798       1.0070561       0.0000000
       1826.9953       1.0023894       1.0066022       0.0000000
       1827.0161       1.0015770       1.0070050       0.0000000
       1827.0369       1.0021441       1.0065913       0.0000000
       1827.0578       1.0023781       1.0057259       0.0000000
       1827.0786       1.0020489       1.0057911       0.0000000
       1827.0994       1.0011557       1.0056167       128.00000
       1827.1203       1.0030528       1.0061339       128.00000
       1827.1411       1.0009428       1.0054219       0.0000000
       1827.1619      0.99986643       1.0051951       0.0000000
       1827.1828      0.99998057       1.0053270       0.0000000
       1827.2036      0.99978483       1.0042151       0.0000000
       1827.2244      0.99895316       1.0040734       0.0000000
       1827.2453      0.99940622       1.0037510       0.0000000
       1827.2661      0.99858367       1.0042969       128.00000
       1827.2869      0.99778146       1.0030916       0.0000000
       1827.3078      0.99909979       1.0032445       128.00000
       1827.3286      0.99788576       1.0032461       0.0000000
       1827.3494      0.99722368       1.0033205       0.0000000
       1827.3703      0.99742085       1.0039427       0.0000000
       1827.3911      0.99678522       1.0040064       0.0000000
       1827.4119      0.99809998       1.0052875       0.0000000
       1827.4328      0.99758017       1.0040293       128.00000
       1827.4536      0.99720091       1.0048733       0.0000000
       1827.4744      0.99719584       1.0056332       0.0000000
       1827.4953      0.99791175       1.0043592       0.0000000
       1827.5161      0.99900967       1.0056555       0.0000000
       1827.5369      0.99891734       1.0058057       0.0000000
       1827.5578      0.99961036       1.0055510       0.0000000
       1827.5786      0.99955779       1.0061227       128.00000
       1827.5994      0.99926317       1.0062213       128.00000
       1827.6203      0.99982178       1.0058471       128.00000
       1827.6411      0.99924660       1.0063109       0.0000000
       1827.6619      0.99992055       1.0062066       0.0000000
       1827.6828       1.0019804       1.0064439       0.0000000
       1827.7036      0.99973547       1.0062904       0.0000000
       1827.7244      0.99344110       1.0069491       128.00000
       1827.7453      0.99441987       1.0077038       0.0000000
       1827.7661      0.99446195       1.0083134       0.0000000
       1827.7869      0.99561471       1.0093039       0.0000000
       1827.8078      0.99731815       1.0096694       0.0000000
       1827.8286       1.0001297       1.0101780       0.0000000
       1827.8494       1.0027486       1.0117673       128.00000
       1827.8703       1.0035539       1.0117120       0.0000000
       1827.8911       1.0061815       1.0120764       0.0000000
       1827.9119       1.0060102       1.0125647       0.0000000
       1827.9328       1.0047718       1.0141460       0.0000000
       1827.9536       1.0003269       1.0141823       0.0000000
       1827.9744       1.0009300       1.0140955       128.00000
       1828.9744  -7.2661969e-14      0.98103744       128.00000
       1828.9953       1.0004647      0.98896164       0.0000000
       1829.0161       1.0009533      0.98985511       0.0000000
       1829.0369       1.0010478      0.99106008       0.0000000
       1829.0578       1.0001609      0.98959929       0.0000000
       1829.0786       1.0002950      0.99245584       0.0000000
       1829.0994       1.0000604      0.99195147       0.0000000
       1829.1203       1.0004764      0.99184114       0.0000000
       1829.1411      0.99977207      0.99264091       0.0000000
       1829.1619      0.99983877      0.99223495       0.0000000
       1829.1828      0.99986207      0.99235499       128.00000
       1829.2036      0.99916846      0.99243236       0.0000000
       1829.2244      0.99919254      0.99203587       0.0000000
       1829.2453      0.99896157      0.99167711       0.0000000
       1829.2661      0.99839908      0.99180543       128.00000
       1829.2869      0.99882287      0.99139994       0.0000000
       1829.3078      0.99902660      0.99160135       0.0000000
       1829.3286      0.99770510      0.99171281       0.0000000
       1829.3494      0.99839681      0.99088573       0.0000000
       1829.3703      0.99817747      0.99080497       0.0000000
       1829.3911      0.99833488      0.98944443       128.00000
       1829.4119      0.99763995      0.99067932       0.0000000
       1829.4328      0.99734277      0.99016446       128.00000
       1829.4536      0.99755454      0.99075824       0.0000000
       1829.4744      0.99739349      0.98860294       0.0000000
       1829.4953      0.99780619      0.99087203       0.0000000
       1829.5161      0.99815202      0.99048793       0.0000000
       1829.5369      0.99785870      0.98956716       0.0000000
       1829.5578      0.99684489      0.99053419       128.00000
       1829.5786      0.99816030      0.98988795       0.0000000
       1829.5994      0.99767548      0.98800093       128.00000
       1829.6203      0.99681890      0.98846555       128.00000
       1829.6411      0.99872428      0.98567742       0.0000000
       1829.6619      0.99894881      0.98637170       0.0000000
       1829.6828      0.99808353      0.98610663       0.0000000
       1829.7036      0.99894196      0.98555076       0.0000000
       1829.7244      0.99874657      0.98850322       0.0000000
       1829.7453      0.99958074      0.98758638       0.0000000
       1829.7661      0.99946868      0.98865336       0.0000000
       1829.7869       1.0004486      0.98911983       0.0000000
       1829.8078       1.0003678      0.98532844       0.0000000
       1829.8286       1.0010068      0.98752177       0.0000000
       1829.8494       1.0002961      0.98628545       0.0000000
       1829.8703       1.0007328      0.98614550       0.0000000
       1829.8911       1.0005696      0.98577553       0.0000000
       1829.9119      0.99991924      0.98902053       0.0000000
       1829.9328      0.99910116      0.98738796       0.0000000
       1829.9536      0.99949056      0.98710072       0.0000000
       1829.9744      0.99915421      0.98856628       0.0000000
       1829.9953      0.99904299      0.98755884       0.0000000
       1830.0161      0.99867010      0.98735374       0.0000000
       1830.0369      0.99835718      0.98801655       0.0000000
       1830.0578      0.99886793      0.98766041       0.0000000
       1830.0786      0.99874645      0.98814881       0.0000000
       1830.0994      0.99956077      0.98678499       0.0000000
       1830.1203      0.99974489      0.99023420       0.0000000
       1830.1411      0.99974567      0.99244237       0.0000000
       1830.1619       1.0013143      0.99178129       128.00000
       1830.1828       1.0028487      0.99289751       0.0000000
       1830.2036       1.0030420      0.99385810       128.00000
       1830.2244       1.0041163      0.99540758       0.0000000
       1830.2453       1.0051501       1.0003802       0.0000000
       1830.2661       1.0060674       1.0000752       0.0000000
       1830.2869       1.0079401      0.99902081       0.0000000
       1830.3078       1.0078667      0.99917698       0.0000000
       1830.3286       1.0084141       1.0012783       0.0000000
       1830.3494       1.0087451       1.0014650       0.0000000
       1830.3703       1.0087686       1.0044707       0.0000000
       1830.3911       1.0091258       1.0044801       0.0000000
       1830.4119       1.0074265       1.0020574       0.0000000
       1830.4328       1.0070099       1.0018505       128.00000
       1830.4536       1.0062811       1.0004683       0.0000000
       1830.4744       1.0052317      0.99980444       0.0000000
       1830.4953       1.0028579      0.99724096       0.0000000
       1830.5161       1.0008628      0.99654949       0.0000000
       1830.5369      0.99891186      0.99368757       0.0000000
       1830.5578      0.99590206      0.99208498       0.0000000
       1830.5786      0.99481791      0.99171478       0.0000000
       1830.5994      0.99284524      0.98779637       0.0000000
       1830.6203      0.99097282      0.98492336       0.0000000
       1830.6411      0.97143334      0.96840006       0.0000000
       1830.6619      0.93051559      0.92720819       0.0000000
       1830.6828      0.89773929      0.89144999       128.00000
       1830.7036      0.88565630      0.88188618       0.0000000
       1830.7244      0.90412289      0.90078110       0.0000000
       1830.7453      0.94221580      0.93813610       128.00000
       1830.7661      0.97989458      0.97632349       0.0000000
       1830.7869      0.99563712      0.98784089       0.0000000
       1830.8078      0.99146152      0.98708284       0.0000000
       1830.8286      0.99300528      0.98921853       0.0000000
       1830.8494      0.99386835      0.98972595       0.0000000
       1830.8703      0.99509382      0.99207509       0.0000000
       1830.8911      0.99655306      0.99367797       0.0000000
       1830.9119      0.99783456      0.99498481       0.0000000
       1830.9328      0.99885219      0.99547946       0.0000000
       1830.9536      0.99939311      0.99645448       0.0000000
       1830.9744       1.0000824      0.99649262       0.0000000
       1830.9953       1.0008532      0.99799222       0.0000000
       1831.0161       1.0016992      0.99894434       0.0000000
       1831.0369       1.0013865      0.99859768       0.0000000
       1831.0578       1.0022416      0.99908042       0.0000000
       1831.0786       1.0027226      0.99956405       0.0000000
       1831.0994       1.0022941       1.0001743       0.0000000
       1831.1203       1.0026320      0.99993807       0.0000000
       1831.1411       1.0020185      0.99888605       128.00000
       1831.1619       1.0007864      0.99733698       128.00000
       1831.1828       1.0029094      0.99885166       0.0000000
       1831.2036       1.0025303      0.99882990       0.0000000
       1831.2244       1.0025501      0.99830413       0.0000000
       1831.2453       1.0024198      0.99878085       128.00000
       1831.2661       1.0007563      0.99745214       128.00000
       1831.2869       1.0030798      0.99873936       0.0000000
       1831.3078       1.0036875       1.0005975       0.0000000
       1831.3286       1.0032538      0.99944717       0.0000000
       1831.3494       1.0027740       1.0010092       0.0000000
       1831.3703       1.0028683      0.99880278       0.0000000
       1831.3911       1.0019028      0.99944258       0.0000000
       1831.4119       1.0017258      0.99918646       128.00000
       1831.4328       1.0009117      0.99766320       128.00000
       1831.4536       1.0001420      0.99810183       0.0000000
       1831.4744      0.99987996      0.99725986       128.00000
       1831.4953       1.0002143      0.99750841       0.0000000
       1831.5161       1.0005196      0.99748755       0.0000000
       1831.5369      0.99879003      0.99654549       0.0000000
       1831.5578      0.99931067      0.99596113       0.0000000
       1831.5786      0.99929863      0.99575412       128.00000
       1831.5994      0.99922991      0.99571472       0.0000000
       1831.6203      0.99877775      0.99580681       0.0000000
       1831.6411      0.99859327      0.99428725       128.00000
       1831.6619      0.99899209      0.99423516       0.0000000
       1831.6828      0.99933749      0.99457937       128.00000
       1831.7036      0.99727273      0.99500483       0.0000000
       1831.7244      0.99855113      0.99533582       0.0000000
       1831.7453      0.99985856      0.99511957       0.0000000
       1831.7661      0.99962354      0.99547148       0.0000000
       1831.7869       1.0002096      0.99568677       0.0000000
       1831.8078       1.0001717      0.99552077       128.00000
       1831.8286      0.99951947      0.99602282       0.0000000
       1831.8494      0.99990129      0.99625838       0.0000000
       1831.8703      0.99986112      0.99783051       0.0000000
       1831.8911      0.99999028      0.99640077       0.0000000
       1831.9119       1.0003917      0.99705499       0.0000000
       1831.9328      0.99973363      0.99744588       0.0000000
       1831.9536      0.99986321      0.99552244       0.0000000
       1831.9744      0.99969280      0.99648499       0.0000000
       1831.9953      0.99982655      0.99541771       0.0000000
       1832.0161      0.99877858      0.99610639       0.0000000
       1832.0369      0.99825567      0.99534893       0.0000000
       1832.0578      0.99901676      0.99653971       0.0000000
       1832.0786      0.99871850      0.99600852       0.0000000
       1832.0994      0.99869996      0.99513519       0.0000000
       1832.1203      0.99857384      0.99638462       0.0000000
       1832.1411      0.99816108      0.99663138       0.0000000
       1832.1619      0.99776196      0.99626499       0.0000000
       1832.1828      0.99823725      0.99592787       0.0000000
       1832.2036      0.99811202      0.99654758       0.0000000
       1832.2244      0.99778289      0.99580449       0.0000000
       1832.2453      0.99845731      0.99653685       0.0000000
       1832.2661      0.99802977      0.99583244       0.0000000
       1832.2869      0.99898100      0.99583721       0.0000000
       1832.3078      0.99851781      0.99569619       0.0000000
       1832.3286      0.99770075      0.99557406       0.0000000
       1832.3494      0.99822438      0.99630368       0.0000000
       1832.3703      0.99807668      0.99541414       0.0000000
       1832.3911      0.99845970      0.99624950       0.0000000
       1832.4119      0.99885839      0.99633360       0.0000000
       1832.4328      0.99861193      0.99620318       0.0000000
       1832.4536      0.99929285      0.99719733       0.0000000
       1832.4744       1.0004041      0.99745846       0.0000000
       1832.4953       1.0013345      0.99916166       0.0000000
       1832.5161       1.0016615      0.99921334       0.0000000
       1832.5369       1.0035896       1.0009238       0.0000000
       1832.5578       1.0039929       1.0021416       0.0000000
       1832.5786       1.0053747       1.0031905       0.0000000
       1832.5994       1.0060136       1.0044456       0.0000000
       1832.6203       1.0075707       1.0062102       0.0000000
       1832.6411       1.0083301       1.0063641       0.0000000
       1832.6619       1.0084184       1.0068749       0.0000000
       1832.6828       1.0089458       1.0063097       0.0000000
       1832.7036       1.0088465       1.0071259       0.0000000
       1832.7244       1.0102504       1.0085934       0.0000000
       1832.7453       1.0096004       1.0078083       0.0000000
       1832.7661       1.0082958       1.0065747       0.0000000
       1832.7869       1.0077285       1.0056983       0.0000000
       1832.8078       1.0071247       1.0050056       0.0000000
       1832.8286       1.0050420       1.0030895       0.0000000
       1832.8494       1.0036920       1.0012950       0.0000000
       1832.8703       1.0015277       1.0010585       0.0000000
       1832.8911      0.99863315      0.99694949       0.0000000
       1832.9119      0.99714309      0.99389076       0.0000000
       1832.9328      0.99525666      0.99352586       0.0000000
       1832.9536      0.99297065      0.99050194       0.0000000
       1832.9744      0.99066085      0.98893958       0.0000000
       1832.9953      0.98579538      0.98514652       0.0000000
       1833.0161      0.95634061      0.95545322       0.0000000
       1833.0369      0.91684884      0.91589105       0.0000000
       1833.0578      0.88896930      0.88823456       0.0000000
       1833.0786      0.88874739      0.88800216       0.0000000
       1833.0994      0.91653562      0.91402525       0.0000000
       1833.1203      0.95738894      0.95583940       0.0000000
       1833.1411      0.98751050      0.98560584       0.0000000
       1833.1619      0.99230856      0.99062544       0.0000000
       1833.1828      0.99299663      0.99087858       0.0000000
       1833.2036      0.99429429      0.99255157       0.0000000
       1833.2244      0.99658287      0.99391377       0.0000000
       1833.2453      0.99740666      0.99642366       0.0000000
       1833.2661      0.99860746      0.99691105       0.0000000
       1833.2869       1.0005105      0.99881959       0.0000000
       1833.3078       1.0009985      0.99994254       0.0000000
       1833.3286       1.0023267       1.0009124       0.0000000
       1833.3494       1.0022405       1.0007182       0.0000000
       1833.3703       1.0038085       1.0015135       0.0000000
       1833.3911       1.0040346       1.0027144       0.0000000
       1833.4119       1.0036763       1.0020446       0.0000000
       1833.4328       1.0041393       1.0014668       0.0000000
       1833.4536       1.0038648       1.0005641       0.0000000
       1833.4744       1.0046769       1.0003035       128.00000
       1833.4953       1.0038595      0.99979156       0.0000000
       1833.5161       1.0034117       1.0013772       0.0000000
       1833.5369       1.0030330       1.0029118       0.0000000
       1833.5578       1.0022763       1.0017195       0.0000000
       1833.5786       1.0023053       1.0020462       0.0000000
       1833.5994       1.0022638       1.0015304       0.0000000
       1833.6203       1.0024030       1.0024968       0.0000000
       1833.6411       1.0024437       1.0010300       0.0000000
       1833.6619       1.0025468       1.0022875       0.0000000
       1833.6828       1.0014082       1.0004516       0.0000000
       1833.7036       1.0024534       1.0010459       0.0000000
       1833.7244       1.0023113      0.99989718       0.0000000
       1833.7453       1.0017437       1.0000222       0.0000000
       1833.7661       1.0021129      0.99746078       0.0000000
       1833.7869       1.0013164      0.99453294       0.0000000
       1833.8078       1.0025778      0.99651855       0.0000000
       1833.8286       1.0014808      0.99525827       0.0000000
       1833.8494       1.0013711      0.99447340       0.0000000
       1833.8702       1.0009702      0.99773467       0.0000000
       1833.8911       1.0011667      0.99331254       0.0000000
       1833.9119       1.0012709      0.99415493       0.0000000
       1833.9327       1.0011102      0.99811131       0.0000000
       1833.9536       1.0005741      0.99726421       0.0000000
       1833.9744       1.0010550      0.99708551       0.0000000
       1833.9952       1.0019835      0.99422753       128.00000
       1834.0161       1.0013316      0.99370736       0.0000000
       1834.0369       1.0005934      0.99901277       0.0000000
       1834.0577       1.0011318      0.99550396       0.0000000
       1834.0786       1.0003833      0.99400651       0.0000000
       1834.0994       1.0008105      0.99630791       0.0000000
       1834.1202       1.0017096      0.99413604       0.0000000
       1834.1411       1.0005908      0.99787337       0.0000000
       1834.1619       1.0013191      0.99429929       0.0000000
       1834.1827       1.0003288      0.99478912       0.0000000
       1834.2036       1.0008720      0.99547160       0.0000000
       1834.2244      0.99972647      0.99540800       0.0000000
       1834.2452       1.0005264      0.99708515       0.0000000
       1834.2661  -6.5487559e-14      0.88417292       128.00000
       1834.2869      0.99878931      0.99920934       0.0000000
       1834.3077      0.99696678      0.99906307       0.0000000
       1834.3286      0.99823207      0.99883312       0.0000000
       1834.3494      0.99768627      0.99779028       0.0000000
       1834.3702      0.99706364      0.99845123       0.0000000
       1834.3911      0.99710423      0.99750632       0.0000000
       1834.4119      0.99624622      0.99658316       0.0000000
       1834.4327      0.99649692      0.99612170       0.0000000
       1834.4536      0.99719566      0.99694204       0.0000000
       1834.4744      0.99639934      0.99721420       0.0000000
       1834.4952      0.99717176      0.99777275       0.0000000
       1834.5161      0.99796963      0.99728209       0.0000000
       1834.5369      0.99788254      0.99700230       0.0000000
       1834.5577      0.99785787      0.99934959       0.0000000
       1834.5786      0.99828184      0.99963874       0.0000000
       1834.5994      0.99804389      0.99895805       0.0000000
       1834.6202      0.99877036       1.0003918       0.0000000
       1834.6411      0.99850875       1.0007201       128.00000
       1834.6619      0.99872386       1.0004799       0.0000000
       1834.6827      0.99858284       1.0003794       0.0000000
       1834.7036      0.99878943       1.0000000       0.0000000
       1834.7244      0.99914539       1.0000756       0.0000000
       1834.7452      0.99905622       1.0003862       0.0000000
       1834.7661      0.99899530       1.0008969       0.0000000
       1834.7869      0.99973279       1.0013609       0.0000000
       1834.8077      0.99977744       1.0013163       0.0000000
       1834.8286       1.0000145       1.0021656       0.0000000
       1834.8494       1.0010544       1.0025378       0.0000000
       1834.8702       1.0031556       1.0025890       128.00000
       1834.8911       1.0030866       1.0036218       128.00000
       1834.9119       1.0033915       1.0052786       0.0000000
       1834.9327       1.0049529       1.0062351       0.0000000
       1834.9536       1.0052453       1.0068774       0.0000000
       1834.9744       1.0059650       1.0070609       0.0000000
       1834.9952       1.0062246       1.0079237       0.0000000
       1835.0161       1.0068309       1.0084189       0.0000000
       1835.0369       1.0074360       1.0084416       0.0000000
       1835.0577       1.0074545       1.0077724       128.00000
       1835.0786       1.0081124       1.0091646       0.0000000
       1835.0994       1.0074314       1.0085491       0.0000000
       1835.1202       1.0077821       1.0083945       0.0000000
       1835.1411       1.0079156       1.0073805       0.0000000
       1835.1619       1.0069331       1.0061266       0.0000000
       1835.1827       1.0059800       1.0059345       0.0000000
       1835.2036       1.0045624       1.0040505       0.0000000
       1835.2244       1.0024924       1.0027108       0.0000000
       1835.2452       1.0002861       1.0019215       0.0000000
       1835.2661      0.99904627       1.0003206       0.0000000
       1835.2869      0.99640560      0.99628788       0.0000000
       1835.3077      0.99471772      0.99302548       0.0000000
       1835.3286      0.99426377      0.99181879       0.0000000
       1835.3494      0.99164236      0.98917377       0.0000000
       1835.3702      0.98135453      0.98269522       0.0000000
       1835.3911      0.94484967      0.94591957       0.0000000
       1835.4119      0.90605384      0.90599656       0.0000000
       1835.4327      0.88726866      0.88759142       0.0000000
       1835.4536      0.89743459      0.89683235       0.0000000
       1835.4744      0.93152785      0.93287051       0.0000000
       1835.4952      0.97232485      0.97366548       0.0000000
       1835.5161      0.99162900      0.99056804       0.0000000
       1835.5369      0.99343306      0.99409032       0.0000000
       1835.5577      0.99412853      0.99597597       0.0000000
       1835.5786      0.99447805      0.99487811       128.00000
       1835.5994      0.99520063      0.99399507       128.00000
       1835.6202      0.99562281      0.99494284       128.00000
       1835.6411       1.0001358      0.99924588       128.00000
       1835.6619       1.0001621      0.99974030       0.0000000
       1835.6827       1.0010719      0.99977362       0.0000000
       1835.7036       1.0015630       1.0022699       0.0000000
       1835.7244       1.0016017       1.0005833       128.00000
       1835.7452       1.0017375       1.0014554       0.0000000
       1835.7661       1.0026330       1.0024590       0.0000000
       1835.7869       1.0013936       1.0020171       0.0000000
       1835.8077       1.0012975       1.0024183       0.0000000
       1835.8286       1.0018098       1.0022529       128.00000
       1835.8494       1.0025138       1.0006335       0.0000000
       1835.8702       1.0016751       1.0022198       0.0000000
       1835.8911       1.0012393       1.0008783       0.0000000
       1835.9119       1.0015059       1.0020394       0.0000000
       1835.9327       1.0014520       1.0024934       128.00000
       1835.9536       1.0019637       1.0029892       128.00000
       1835.9744       1.0012126       1.0016752       0.0000000
       1835.9952       1.0018303       1.0024977       0.0000000
       1836.0161       1.0022247       1.0035322       0.0000000
       1836.0369       1.0024128       1.0038406       0.0000000
       1836.0577       1.0029987       1.0025723       0.0000000
       1836.0786       1.0026135       1.0012925       0.0000000
       1836.0994       1.0031836       1.0016028       0.0000000
       1836.1202       1.0018042       1.0026488       128.00000
       1836.1411       1.0028548       1.0029963       0.0000000
       1836.1619       1.0038104       1.0010900       128.00000
       1836.1827       1.0021139       1.0012658       0.0000000
       1836.2036       1.0031917      0.99993438       0.0000000
       1836.2244       1.0021713      0.99825925       0.0000000
       1836.2452       1.0018893      0.99818474       0.0000000
       1836.2661       1.0013982      0.99733299       128.00000
       1836.2869       1.0010476      0.99839896       128.00000
       1836.3077       1.0001341       1.0020384       0.0000000
       1836.3286       1.0004077       1.0007837       0.0000000
       1836.3494      0.99985313       1.0005190       0.0000000
       1836.3702       1.0004185       1.0007397       0.0000000
       1836.3911      0.99989921       1.0000081       0.0000000
       1836.4119      0.99917239       1.0004693       0.0000000
       1836.4327      0.99908614       1.0017608       0.0000000
       1836.4536      0.99906111       1.0000670       0.0000000
       1836.4744      0.99920565       1.0009416       0.0000000
       1836.4952      0.99849105       1.0011412       0.0000000
       1836.5161      0.99819613      0.99993241       128.00000
       1836.5369      0.99834722       1.0009315       0.0000000
       1836.5577      0.99879992       1.0015724       0.0000000
       1836.5786      0.99832350      0.99918514       0.0000000
       1836.5994      0.99825698       1.0009500       0.0000000
       1836.6202      0.99825722      0.99911112       0.0000000
       1836.6411      0.99861038       1.0010542       0.0000000
       1836.6619      0.99822509       1.0011535       0.0000000
       1836.6827      0.99820530       1.0015824       0.0000000
       1836.7036      0.99799365       1.0015256       0.0000000
       1836.7244      0.99869591       1.0015243       0.0000000
       1836.7452      0.99838996      0.99937725       0.0000000
       1836.7661      0.99784142       1.0000172       0.0000000
       1836.7869      0.99856561      0.99979526       0.0000000
       1836.8077      0.99782419       1.0006045       0.0000000
       1836.8286      0.99870420       1.0014983       0.0000000
       1836.8494      0.99873537       1.0021499       0.0000000
       1836.8702      0.99902153       1.0020871       0.0000000
       1836.8911      0.99860489       1.0017229       0.0000000
       1836.9119      0.99939424       1.0033426       0.0000000
       1836.9327      0.99997443       1.0036348       0.0000000
       1836.9536      0.99986517       1.0034121       0.0000000
       1836.9744      0.99924499       1.0024351       0.0000000
       1836.9952      0.99971104       1.0021403       0.0000000
       1837.0161      0.99981117       1.0025259       0.0000000
       1837.0369      0.99993747       1.0020201       0.0000000
       1837.0577      0.99934506       1.0014192       0.0000000
       1837.0786      0.99903274       1.0007499       0.0000000
       1837.0994      0.99889547       1.0016793       0.0000000
       1837.1202      0.99854624       1.0020014       0.0000000
       1837.1411      0.99808985       1.0022395       0.0000000
       1837.1619      0.99798650       1.0020766       0.0000000
       1837.1827      0.99885416       1.0028389       0.0000000
       1837.2036      0.99904567       1.0023972       0.0000000
       1837.2244      0.99959177       1.0034029       0.0000000
       1837.2452       1.0007217       1.0039229       0.0000000
       1837.2661       1.0012589       1.0035815       0.0000000
       1837.2869       1.0025812       1.0053262       0.0000000
       1837.3077       1.0034535       1.0061747       0.0000000
       1837.3286       1.0043255       1.0065987       0.0000000
       1837.3494       1.0060357       1.0086638       0.0000000
       1837.3702       1.0057675       1.0097859       0.0000000
       1837.3910       1.0067209       1.0097620       0.0000000
       1837.4119       1.0075467       1.0115107       0.0000000
       1837.4327       1.0089240       1.0129334       0.0000000
       1837.4535       1.0088819       1.0127958       0.0000000
       1837.4744       1.0089731       1.0125601       0.0000000
       1837.4952       1.0086132       1.0128598       0.0000000
       1837.5160       1.0082932       1.0122411       0.0000000
       1837.5369       1.0075891       1.0114776       0.0000000
       1837.5577       1.0066236       1.0111061       0.0000000
       1837.5785       1.0050945       1.0096769       0.0000000
       1837.5994       1.0022061       1.0068791       0.0000000
       1837.6202       1.0013169       1.0054808       0.0000000
       1837.6410      0.99850380       1.0030788       0.0000000
       1837.6619      0.99645030       1.0012863       0.0000000
       1837.6827      0.99480832      0.99934304       0.0000000
       1837.7035      0.99297637      0.99750447       0.0000000
       1837.7244      0.99072796      0.99551684       0.0000000
       1837.7452      0.97099257      0.97601926       0.0000000
       1837.7660      0.93037784      0.93456006       0.0000000
       1837.7869      0.89635926      0.90092957       0.0000000
       1837.8077      0.88629270      0.89101028       0.0000000
       1837.8285      0.90545410      0.90965855       0.0000000
       1837.8494      0.94474912      0.94936258       0.0000000
       1837.8702      0.98151070      0.98678654       0.0000000
       1837.8910      0.99102169      0.99577713       0.0000000
       1837.9119      0.99182212      0.99665809       0.0000000
       1837.9327      0.99290293      0.99783939       0.0000000
       1837.9535      0.99418217      0.99921423       0.0000000
       1837.9744      0.99559230       1.0008955       0.0000000
       1837.9952      0.99645466       1.0019482       0.0000000
       1838.0160      0.99848586       1.0036718       0.0000000
       1838.0369      0.99905932       1.0045360       0.0000000
       1838.0577       1.0004069       1.0053979       0.0000000
       1838.0785       1.0013018       1.0068799       0.0000000
       1838.0994       1.0014720       1.0070484       0.0000000
       1838.1202       1.0014169       1.0068506       0.0000000
       1838.1410       1.0016687       1.0068144       0.0000000
       1838.1619       1.0024688       1.0076067       0.0000000
       1838.1827       1.0026925       1.0079495       0.0000000
       1838.2035       1.0026108       1.0076737       0.0000000
       1838.2244       1.0029866       1.0085731       0.0000000
       1838.2452       1.0029589       1.0081509       0.0000000
       1838.2660       1.0025554       1.0077716       0.0000000
       1838.2869       1.0025465       1.0074551       0.0000000
       1838.3077       1.0034782       1.0086360       0.0000000
       1838.3285       1.0036836       1.0089263       0.0000000
       1838.3494       1.0032992       1.0087494       0.0000000
       1838.3702       1.0039711       1.0098182       0.0000000
       1838.3910       1.0031910       1.0085329       0.0000000
       1838.4119       1.0040964       1.0093914       0.0000000
       1838.4327       1.0032777       1.0089099       0.0000000
       1838.4535       1.0032083       1.0086359       0.0000000
       1838.4744       1.0031261       1.0089525       0.0000000
       1838.4952       1.0034703       1.0080786       0.0000000
       1838.5160       1.0024145       1.0065341       0.0000000
       1838.5369       1.0027652       1.0071199       0.0000000
       1838.5577       1.0025640       1.0070509       0.0000000
       1838.5785       1.0013585       1.0056075       0.0000000
       1838.5994       1.0012031       1.0054975       0.0000000
       1838.6202       1.0001147       1.0044181       0.0000000
       1838.6410       1.0007228       1.0012900       0.0000000
       1838.6619       1.0008407       1.0005915       0.0000000
       1838.6827      0.99985385       1.0018549       0.0000000
       1838.7035      0.99910384       1.0035044       0.0000000
       1838.7452      0.99916941       1.0029311       128.00000
       1838.7660      0.99964470       1.0031282       0.0000000
       1838.7869      0.99997264       1.0019568       0.0000000
       1838.8077      0.99970978       1.0013694       0.0000000
       1838.8285      0.99967980       1.0035034       0.0000000
       1838.8494      0.99988961       1.0048153       0.0000000
       1838.8702      0.99956751       1.0044556       0.0000000
       1838.8910      0.99930030       1.0032685       128.00000
       1838.9119       1.0007553       1.0025262       0.0000000
       1838.9327       1.0009501       1.0044992       0.0000000
       1838.9535       1.0007248       1.0038322       0.0000000
       1838.9744       1.0012568       1.0019889       0.0000000
       1838.9952       1.0009660      0.99893129       0.0000000
       1839.0160       1.0013230       1.0021191       0.0000000
       1839.0369       1.0008914       1.0013347       0.0000000
       1839.0577       1.0007612       1.0010080       0.0000000
       1839.0785       1.0007734       1.0015267       0.0000000
       1839.0994       1.0010862       1.0012800       0.0000000
       1839.1202      0.99995166       1.0003093       0.0000000
       1839.1410       1.0001545      0.99941438       0.0000000
       1839.1619       1.0005922       1.0004814       0.0000000
       1839.1827      0.99981356       1.0003291       0.0000000
       1839.2035      0.99985689      0.99895161       0.0000000
       1839.2244       1.0003526      0.99922371       0.0000000
       1839.2452      0.99933255       1.0001482       128.00000
       1839.2660      0.99891514       1.0001574       0.0000000
       1839.2869      0.99977732      0.99939960       0.0000000
       1839.3077      0.99942213      0.99996102       0.0000000
       1839.3285       1.0000000      0.99910635       0.0000000
       1839.3494      0.99944085       1.0005392       0.0000000
       1839.3702      0.99972504      0.99948096       0.0000000
       1839.3910      0.99955231      0.99983126       128.00000
       1839.4119      0.99844229      0.99843103       0.0000000
       1839.4327      0.99915862      0.99870723       0.0000000
       1839.4535      0.99910200      0.99910462       0.0000000
       1839.4744      0.99904257       1.0020944       0.0000000
       1839.4952      0.99861008       1.0001614       0.0000000
       1839.5160  -6.5359766e-14      0.88244766       128.00000
       1839.5369      0.99942625       1.0030506       0.0000000
       1839.5577      0.99961007       1.0034148       0.0000000
       1839.5785      0.99962622       1.0029949       128.00000
       1839.5994       1.0021145       1.0046610       128.00000
       1839.6202       1.0020210       1.0071886       0.0000000
       1839.6410       1.0032039       1.0090270       0.0000000
       1839.6619       1.0042681       1.0101365       0.0000000
       1839.6827       1.0054728       1.0110221       0.0000000
       1839.7035       1.0065018       1.0117821       128.00000
       1839.7243       1.0064582       1.0135990       128.00000
       1839.7452       1.0082279       1.0143490       0.0000000
       1839.7660       1.0083364       1.0140439       128.00000
       1839.7868       1.0060594       1.0105015       128.00000
       1839.8077       1.0088584       1.0145258       128.00000
       1839.8285       1.0095218       1.0158491       128.00000
       1839.8493       1.0103402       1.0159427       0.0000000
       1839.8702       1.0096545       1.0155813       0.0000000
       1839.8910       1.0083214       1.0139285       128.00000
       1839.9118       1.0059991       1.0110711       128.00000
       1839.9327       1.0054550       1.0114410       0.0000000
       1839.9535       1.0037032       1.0096191       0.0000000
       1839.9743       1.0015842       1.0082128       0.0000000
       1839.9952      0.99832940       1.0050149       128.00000
       1840.0160      0.99653453       1.0029072       0.0000000
       1840.0368      0.99459982       1.0009984       0.0000000
       1840.0577      0.99265593      0.99974746       0.0000000
       1840.0785      0.99021709      0.99691981       128.00000
       1840.0993      0.98527485      0.99240786       0.0000000
       1840.1202      0.95600379      0.96195114       0.0000000
       1840.1410      0.91547525      0.92146069       0.0000000
       1840.1618      0.88791263      0.89380217       128.00000
       1840.1827      0.88943928      0.89516455       0.0000000
       1840.2035      0.91474748      0.92333359       128.00000
       1840.2243      0.95840108      0.96566534       0.0000000
       1840.2452      0.98732346      0.99462813       0.0000000
       1840.2660      0.99173701      0.99861455       0.0000000
       1840.2868      0.99229240      0.99929786       0.0000000
       1840.3077      0.99457878       1.0013348       0.0000000
       1840.3285      0.99569875       1.0029368       0.0000000
       1840.3493      0.99771208       1.0043372       0.0000000
       1840.3702      0.99837929       1.0046359       0.0000000
       1840.3910      0.99954027       1.0067171       0.0000000
       1840.4118       1.0008888       1.0084950       0.0000000
       1840.4327       1.0018884       1.0096662       0.0000000
       1840.4535       1.0021514       1.0090157       128.00000
       1840.4743       1.0031344       1.0101146       128.00000
       1840.4952       1.0028001       1.0103775       0.0000000
       1840.5160       1.0032650       1.0108025       0.0000000
       1840.5368       1.0028635       1.0095943       0.0000000
       1840.5577       1.0028888       1.0102812       0.0000000
       1840.5785       1.0032902       1.0103139       0.0000000
       1840.5993       1.0042429       1.0093983       128.00000
       1840.6202       1.0027934       1.0098741       0.0000000
       1840.6410       1.0023670       1.0095178       0.0000000
       1840.6618       1.0017599       1.0103344       0.0000000
       1840.6827       1.0018402       1.0096828       128.00000
       1840.7035       1.0016588       1.0090170       0.0000000
       1840.7243       1.0018378       1.0099071       0.0000000
       1840.7452       1.0021424       1.0102702       0.0000000
       1840.7660       1.0019619       1.0105342       0.0000000
       1840.7868       1.0017084       1.0097510       0.0000000
       1840.8077       1.0011827       1.0091282       0.0000000
       1840.8285       1.0008330       1.0089566       0.0000000
       1840.8493       1.0001156       1.0084959       0.0000000
       1840.8702       1.0003867       1.0088958       0.0000000
       1840.8910       1.0008256       1.0098203       0.0000000
       1840.9118       1.0000495       1.0092335       0.0000000
       1840.9327       1.0006617       1.0094341       0.0000000
       1840.9535      0.99933791       1.0087944       0.0000000
       1840.9743      0.99971056       1.0076941       0.0000000
       1840.9952      0.99834430       1.0070132       128.00000
       1841.0160      0.99865294       1.0066940       0.0000000
       1841.0368      0.99791908       1.0056589       0.0000000
       1841.0577      0.99798566       1.0060571       128.00000
       1841.0785      0.99852473       1.0067891       0.0000000
       1841.0993      0.99913853       1.0088854       0.0000000
       1841.1202       1.0011225       1.0137879       0.0000000
       1841.1410       1.0043718       1.0209558       0.0000000
