    1106
       1790.7025       1.0265361       1.0046390       0.0000000
       1790.7233       1.0219444       1.0015785       0.0000000
       1790.7441       1.0202780      0.99997127       0.0000000
       1790.7650       1.0195072      0.99980241       0.0000000
       1790.7858       1.0217702       1.0010254       0.0000000
       1790.8066       1.0234531       1.0023296       0.0000000
       1790.8275       1.0235789       1.0027792       0.0000000
       1790.8483       1.0251502       1.0025308       0.0000000
       1790.8691       1.0253392       1.0011141       0.0000000
       1790.8900       1.0268592       1.0002760       0.0000000
       1790.9108       1.0259185      0.99945027       0.0000000
       1790.9316       1.0245684       1.0007133       0.0000000
       1790.9525       1.0266604      0.99871433       0.0000000
       1790.9733       1.0265112      0.99810833       128.00000
       1790.9941       1.0251875      0.99751055       0.0000000
       1791.0150       1.0262977      0.99810034       0.0000000
       1791.0358       1.0243852      0.99808389       0.0000000
       1791.0566       1.0238210      0.99729908       128.00000
       1791.0775       1.0246009      0.99729288       0.0000000
       1791.0983       1.0239693      0.99702400       0.0000000
       1791.3900       1.0339307      0.99597657       0.0000000
       1791.4108       1.0273741      0.99847752       0.0000000
       1791.4317       1.0217950       1.0003434       0.0000000
       1791.4525       1.0180594       1.0024067       0.0000000
       1791.4733       1.0142238       1.0031720       0.0000000
       1791.4942       1.0112031       1.0045708       0.0000000
       1791.5150       1.0087535       1.0043913       0.0000000
       1791.5358       1.0077063       1.0042399       0.0000000
       1791.5567       1.0071075       1.0045873       0.0000000
       1791.5775       1.0064334       1.0043223       0.0000000
       1791.5983       1.0051117       1.0048559       0.0000000
       1791.6192       1.0051496       1.0032885       0.0000000
       1791.6400       1.0038841       1.0041252       0.0000000
       1791.6608       1.0043035       1.0033062       0.0000000
       1791.6817       1.0034782       1.0040361       0.0000000
       1791.7025       1.0031883       1.0042844       0.0000000
       1791.7233       1.0025250       1.0031002       0.0000000
       1791.7442       1.0015793       1.0034666       0.0000000
       1791.7650       1.0015746       1.0039582       0.0000000
       1791.7858       1.0014150       1.0033635       0.0000000
       1791.8067       1.0002866       1.0031941       0.0000000
       1791.8275      0.99934262       1.0031905       128.00000
       1791.8483       1.0001348       1.0034053       0.0000000
       1791.8692       1.0000000       1.0027163       0.0000000
       1791.8900      0.99972504       1.0029109       0.0000000
       1791.9108      0.99950844       1.0028365       0.0000000
       1791.9317      0.99879056       1.0025363       0.0000000
       1791.9525      0.99922907       1.0025610       0.0000000
       1791.9733      0.99894708       1.0026026       0.0000000
       1791.9942      0.99923009       1.0026842       0.0000000
       1792.0150      0.99856091       1.0026920       0.0000000
       1792.0358      0.99876928       1.0026318       0.0000000
       1792.0567      0.99949020       1.0030344       0.0000000
       1792.0775      0.99956596       1.0028677       0.0000000
       1792.0983      0.99263221       1.0019776       128.00000
       1792.1192       1.0005794       1.0019794       0.0000000
       1792.1400       1.0005881       1.0017335       0.0000000
       1792.1608       1.0001093       1.0031559       0.0000000
       1792.1817       1.0010848       1.0028177       0.0000000
       1792.2025      0.99953580       1.0030234       0.0000000
       1792.2233      0.99477458       1.0029314       128.00000
       1792.2442      0.99962294       1.0033759       0.0000000
       1792.2650      0.99973422       1.0034773       0.0000000
       1792.2858      0.99911958       1.0031563       0.0000000
       1792.3067      0.99952000       1.0035079       0.0000000
       1792.3275      0.99930614       1.0026476       0.0000000
       1792.3483      0.99929637       1.0029365       0.0000000
       1792.3692      0.99947608       1.0027080       0.0000000
       1792.3900      0.99953157       1.0029541       0.0000000
       1792.4108      0.99877799       1.0026988       0.0000000
       1792.4317      0.99886453       1.0025589       0.0000000
       1792.4525      0.99923950       1.0021509       0.0000000
       1792.4733      0.99936610       1.0025427       0.0000000
       1792.4942      0.99933881       1.0022677       0.0000000
       1792.5150      0.99884278       1.0018979       0.0000000
       1792.5358      0.99949211       1.0023938       0.0000000
       1792.5567      0.99941647       1.0023662       0.0000000
       1792.5775      0.99952585       1.0024029       0.0000000
       1792.5984      0.99919295       1.0025779       0.0000000
       1792.6192      0.99921030       1.0024251       0.0000000
       1792.6400      0.99931407       1.0021915       0.0000000
       1792.6609      0.99966079       1.0020114       0.0000000
       1792.6817      0.99946600       1.0024973       0.0000000
       1792.7025       1.0013646       1.0007106       0.0000000
       1792.7234       1.0013492       1.0031259       0.0000000
       1792.7442       1.0009315       1.0027289       0.0000000
       1792.7650       1.0011927       1.0030541       0.0000000
       1792.7859       1.0009266       1.0030292       0.0000000
       1792.8067       1.0007451       1.0028443       0.0000000
       1792.8275       1.0014807       1.0039058       0.0000000
       1792.8484       1.0013895       1.0038452       0.0000000
       1792.8692       1.0014883       1.0037459       0.0000000
       1792.8900       1.0011874       1.0035647       0.0000000
       1792.9109       1.0015174       1.0034076       0.0000000
       1792.9317       1.0013043       1.0044795       0.0000000
       1792.9525       1.0018592       1.0035114       0.0000000
       1792.9734       1.0013475       1.0034715       0.0000000
       1792.9942       1.0008584       1.0039361       0.0000000
       1793.0150       1.0014467       1.0035267       0.0000000
       1793.0359       1.0013262       1.0034319       0.0000000
       1793.0567       1.0020624       1.0032549       0.0000000
       1793.0775       1.0016302       1.0034626       0.0000000
       1793.0984       1.0014473       1.0032560       0.0000000
       1793.1192       1.0008769       1.0034859       0.0000000
       1793.1400       1.0010599       1.0034456       0.0000000
       1793.1609       1.0012562       1.0034673       0.0000000
       1793.1817       1.0008358       1.0035870       0.0000000
       1793.2025       1.0013691       1.0038279       0.0000000
       1793.2234       1.0015317       1.0035136       0.0000000
       1793.2442       1.0018485       1.0038539       128.00000
       1793.2650       1.0012712       1.0035242       0.0000000
       1793.2859       1.0023351       1.0040804       0.0000000
       1793.3067       1.0017722       1.0035141       0.0000000
       1793.3275       1.0021096       1.0029722       0.0000000
       1793.3484       1.0011328       1.0036495       0.0000000
       1793.3692       1.0013329       1.0030533       0.0000000
       1793.3900       1.0005039       1.0027593       0.0000000
       1793.4109       1.0004909       1.0027411       0.0000000
       1793.4317       1.0015064       1.0028465       0.0000000
       1793.4525       1.0011460       1.0026802       0.0000000
       1793.4734       1.0011395       1.0029467       0.0000000
       1793.4942       1.0009577       1.0024072       0.0000000
       1793.5150       1.0012622       1.0027463       0.0000000
       1793.5359       1.0014099       1.0029354       0.0000000
       1793.5567       1.0015038       1.0030365       0.0000000
       1793.5775       1.0014534       1.0029145       0.0000000
       1793.5984       1.0015693       1.0032738       0.0000000
       1793.6192       1.0016874       1.0031595       0.0000000
       1793.6400       1.0016956       1.0033426       0.0000000
       1793.6609       1.0019847       1.0030751       0.0000000
       1793.6817       1.0023746       1.0023431       0.0000000
       1793.7025       1.0019118       1.0031101       0.0000000
       1793.7234       1.0021381       1.0027372       0.0000000
       1793.7442       1.0018218       1.0029733       0.0000000
       1793.7650       1.0011990       1.0028447       0.0000000
       1793.7859       1.0011095       1.0023180       0.0000000
       1793.8067       1.0023990       1.0023441       0.0000000
       1793.8275       1.0016288       1.0022653       0.0000000
       1793.8484       1.0006369       1.0018517       0.0000000
       1793.8692       1.0001450       1.0014819       0.0000000
       1793.8900       1.0006449       1.0013484       0.0000000
       1793.9109       1.0005193       1.0007551       0.0000000
       1793.9317       1.0004941       1.0005972       128.00000
       1793.9525       1.0001906       1.0006621       0.0000000
       1793.9734       1.0001702       1.0001765       0.0000000
       1793.9942      0.99922162       1.0000730       0.0000000
       1794.0150      0.99965370       1.0001138       0.0000000
       1794.0359      0.99930215      0.99978995       0.0000000
       1794.0567      0.99954212       1.0000746       0.0000000
       1794.0775      0.99946165       1.0002670       0.0000000
       1794.0984      0.99971491       1.0004392       0.0000000
       1794.1192      0.99882156      0.99966758       0.0000000
       1794.1400      0.99944156       1.0004612       0.0000000
       1794.1609      0.99889886       1.0000000       0.0000000
       1794.1817      0.99964339      0.99979866       0.0000000
       1794.2025      0.99943733      0.99997991       0.0000000
       1794.2234      0.99934179       1.0001227       0.0000000
       1794.2442      0.99988049       1.0004656       0.0000000
       1794.2651      0.99967664      0.99962634       0.0000000
       1794.2859      0.99974334       1.0001541       0.0000000
       1794.3067      0.99922061      0.99984491       0.0000000
       1794.3276      0.99972928       1.0002632       0.0000000
       1794.3484      0.99958467      0.99997675       0.0000000
       1794.3692      0.99997830      0.99967891       0.0000000
       1794.3901      0.99969095      0.99946558       0.0000000
       1794.4109      0.99971700      0.99945587       0.0000000
       1794.4317      0.99914157      0.99929917       0.0000000
       1794.4526      0.99891639      0.99894524       0.0000000
       1794.4734      0.99917531      0.99928153       0.0000000
       1794.4942      0.99889642      0.99931461       0.0000000
       1794.5151      0.99894422      0.99909395       0.0000000
       1794.5359      0.99894542      0.99843556       0.0000000
       1794.5567      0.99966860      0.99859917       0.0000000
       1794.5776      0.99935740      0.99862063       0.0000000
       1794.5984      0.99880081      0.99856371       0.0000000
       1794.6192      0.99893504      0.99827296       0.0000000
       1794.6401      0.99923342      0.99884444       0.0000000
       1794.6609      0.99881536      0.99804103       0.0000000
       1794.6817       1.0001247      0.99798197       0.0000000
       1794.7026      0.99949658      0.99818313       0.0000000
       1794.7234      0.99986398      0.99798244       0.0000000
       1794.7442      0.99890947      0.99771762       0.0000000
       1794.7651      0.99954271      0.99839133       0.0000000
       1794.7859      0.99978292      0.99818516       0.0000000
       1794.8067      0.99970841      0.99875587       0.0000000
       1794.8276      0.99961239      0.99819791       0.0000000
       1794.8484       1.0009526      0.99770921       0.0000000
       1794.8692       1.0014255      0.99869508       0.0000000
       1794.8901       1.0003815      0.99880809       0.0000000
       1794.9109       1.0014274      0.99900115       0.0000000
       1794.9317       1.0022593      0.99895948       0.0000000
       1794.9526   1.2226077e-14      0.87704587       128.00000
       1794.9734       1.0009587       1.0011940       0.0000000
       1794.9942       1.0018364       1.0004249       0.0000000
       1795.0151       1.0022994       1.0016929       0.0000000
       1795.0359       1.0021604       1.0021276       0.0000000
       1795.0567       1.0022442       1.0026208       0.0000000
       1795.0776       1.0029979       1.0029116       0.0000000
       1795.0984       1.0036138       1.0037258       0.0000000
       1795.1192       1.0039090       1.0042222       0.0000000
       1795.1401       1.0048256       1.0045993       128.00000
       1795.1609       1.0047239       1.0045607       0.0000000
       1795.1817       1.0051693       1.0049846       0.0000000
       1795.2026       1.0052402       1.0046278       0.0000000
       1795.2234       1.0055346       1.0050352       0.0000000
       1795.2442       1.0056449       1.0048112       0.0000000
       1795.2651       1.0050811       1.0053002       0.0000000
       1795.2859       1.0065153       1.0051608       0.0000000
       1795.3067       1.0052985       1.0051495       0.0000000
       1795.3276       1.0052370       1.0053645       128.00000
       1795.3484       1.0048896       1.0046079       0.0000000
       1795.3692       1.0044360       1.0042064       0.0000000
       1795.3901       1.0040809       1.0040861       0.0000000
       1795.4109       1.0034783       1.0034356       0.0000000
       1795.4317       1.0034478       1.0032983       0.0000000
       1795.4526       1.0030727       1.0027027       0.0000000
       1795.4734       1.0021554       1.0024278       0.0000000
       1795.4942       1.0013542       1.0016798       0.0000000
       1795.5151       1.0009589       1.0012684       0.0000000
       1795.5359       1.0007272       1.0008117       0.0000000
       1795.5567       1.0004473       1.0004337       0.0000000
       1795.5776       1.0001274       1.0001962       0.0000000
       1795.5984       1.0000075       1.0000744       0.0000000
       1795.6192       1.0002240       1.0000484       0.0000000
       1795.6401       1.0001833      0.99951285       0.0000000
       1795.6609      0.99965233      0.99974024       0.0000000
       1795.6817      0.99956483      0.99972200       0.0000000
       1795.7026       1.0002127      0.99983901       0.0000000
       1795.7234      0.99981219      0.99978960       0.0000000
       1795.7442       1.0000237      0.99984199       0.0000000
       1795.7651       1.0000608      0.99996305       0.0000000
       1795.7859       1.0001234       1.0004382       0.0000000
       1795.8067       1.0004950       1.0004178       0.0000000
       1795.8276       1.0003972       1.0007048       0.0000000
       1795.8484      0.99986386      0.99992794       0.0000000
       1795.8692       1.0006676       1.0006284       0.0000000
       1795.8901       1.0003471       1.0007535       0.0000000
       1795.9109       1.0000819       1.0000782       0.0000000
       1795.9317       1.0002388       1.0001235       0.0000000
       1795.9526       1.0005399       1.0004156       0.0000000
       1795.9734      0.99999017       1.0004007       0.0000000
       1795.9942       1.0003575       1.0006281       0.0000000
       1796.0151       1.0003463       1.0004216       0.0000000
       1796.0359      0.99995595       1.0001849       0.0000000
       1796.0568       1.0002795       1.0001974       0.0000000
       1796.0776      0.99981999       1.0002238       0.0000000
       1796.0984       1.0000161       1.0002601       0.0000000
       1796.1193      0.99988753       1.0000188       0.0000000
       1796.1401      0.99982733       1.0001917       0.0000000
       1796.1609      0.99950647      0.99974138       0.0000000
       1796.1818      0.99898469      0.99988276       0.0000000
       1796.2026       1.0000247       1.0000277       0.0000000
       1796.2234       1.0001557       1.0000561       0.0000000
       1796.2443       1.0001727       1.0004666       0.0000000
       1796.2651       1.0002307       1.0001268       0.0000000
       1796.2859       1.0004363       1.0002170       0.0000000
       1796.3068       1.0005059       1.0006157       0.0000000
       1796.3276       1.0005769       1.0005623       0.0000000
       1796.3484       1.0006013       1.0004035       0.0000000
       1796.3693       1.0002930       1.0001715       0.0000000
       1796.3901       1.0005935       1.0005882       0.0000000
       1796.4109       1.0005882      0.99999613       0.0000000
       1796.4318       1.0007955       1.0007194       0.0000000
       1796.4526       1.0006999       1.0002167       0.0000000
       1796.4734       1.0002272       1.0000793       0.0000000
       1796.4943       1.0004611       1.0001810       0.0000000
       1796.5151      0.99990863      0.99990606       0.0000000
       1796.5359       1.0003072       1.0001209       0.0000000
       1796.5568       1.0001874       1.0000520       0.0000000
       1796.5776       1.0003772       1.0001613       0.0000000
       1796.5984       1.0002028       1.0002693       0.0000000
       1796.6193      0.99954921      0.99982494       0.0000000
       1796.6401       1.0004692      0.99979657       0.0000000
       1796.6609      0.99997491       1.0001523       0.0000000
       1796.6818      0.99963558      0.99939507       0.0000000
       1796.7026      0.99967331      0.99956387       0.0000000
       1796.7234       1.0002666      0.99956524       0.0000000
       1796.7443      0.99949682      0.99951321       0.0000000
       1796.7651      0.99990976      0.99913901       0.0000000
       1796.7859      0.99995708      0.99951142       0.0000000
       1796.8068      0.99979508      0.99956352       0.0000000
       1796.8276       1.0001010      0.99920160       0.0000000
       1796.8484      0.99976665      0.99939066       0.0000000
       1796.8693      0.99916774      0.99919021       0.0000000
       1796.8901      0.99969018      0.99936318       0.0000000
       1796.9109      0.99984968      0.99951023       0.0000000
       1796.9318      0.99935210      0.99929112       0.0000000
       1796.9526      0.99921489      0.99893862       0.0000000
       1796.9734      0.99903429      0.99864274       0.0000000
       1796.9943       1.0000618      0.99890536       0.0000000
       1797.0151      0.99893612      0.99843442       0.0000000
       1797.0359      0.99892843      0.99855721       0.0000000
       1797.0568      0.99944866      0.99813569       0.0000000
       1797.0776      0.99940568      0.99889928       0.0000000
       1797.0984      0.99909723      0.99852151       0.0000000
       1797.1193      0.99886847      0.99894345       0.0000000
       1797.1401      0.99924928      0.99860376       0.0000000
       1797.1609      0.99979633      0.99913567       0.0000000
       1797.1818       1.0016223      0.99907571       128.00000
       1797.2026       1.0000521      0.99934661       0.0000000
       1797.2234       1.0003780      0.99945927       0.0000000
       1797.2443       1.0002823      0.99945188       0.0000000
       1797.2651       1.0008739      0.99983704       0.0000000
       1797.2859       1.0003515       1.0002092       0.0000000
       1797.3068       1.0008749      0.99996454       0.0000000
       1797.3276       1.0008552       1.0000465       0.0000000
       1797.3484       1.0008472       1.0005839       0.0000000
       1797.3693       1.0011389       1.0004498       0.0000000
       1797.3901       1.0007263      0.99997878       0.0000000
       1797.4109       1.0014369       1.0008125       0.0000000
       1797.4318       1.0003808       1.0004265       0.0000000
       1797.4526       1.0012392       1.0003786       0.0000000
       1797.4734       1.0014560       1.0006055       0.0000000
       1797.4943       1.0016721       1.0010537       0.0000000
       1797.5151       1.0012192       1.0006354       0.0000000
       1797.5359       1.0007453       1.0000693       0.0000000
       1797.5568       1.0015600       1.0006217       0.0000000
       1797.5776       1.0009125       1.0002919       0.0000000
       1797.5984       1.0012665       1.0006598       0.0000000
       1797.6193       1.0017523       1.0006170       0.0000000
       1797.6401       1.0014722       1.0002521       0.0000000
       1797.6609       1.0016061       1.0003935       0.0000000
       1797.6818       1.0017823       1.0004917       0.0000000
       1797.7026       1.0016145      0.99984115       0.0000000
       1797.7234       1.0019028       1.0002475       0.0000000
       1797.7443       1.0019506       1.0004953       0.0000000
       1797.7651       1.0016036       1.0004568       0.0000000
       1797.7859       1.0017843       1.0004834       0.0000000
       1797.8068       1.0017257       1.0008638       0.0000000
       1797.8276       1.0019300       1.0007339       0.0000000
       1797.8484       1.0016532       1.0002950       0.0000000
       1797.8693       1.0020301       1.0005223       0.0000000
       1797.8901       1.0023967       1.0007323       0.0000000
       1797.9109       1.0015107       1.0008347       0.0000000
       1797.9318       1.0022761       1.0009823       0.0000000
       1797.9526       1.0020396       1.0005442       0.0000000
       1797.9734       1.0024493       1.0013381       0.0000000
       1797.9943       1.0017710       1.0009203       0.0000000
       1798.0151       1.0021390       1.0011201       0.0000000
       1798.0359       1.0021174       1.0008761       0.0000000
       1798.0568       1.0017155       1.0003815       0.0000000
       1798.0776       1.0026485       1.0005811       0.0000000
       1798.0984       1.0005895       1.0001836       128.00000
       1798.1193       1.0020425       1.0003303       0.0000000
       1798.1401       1.0019284       1.0000196       0.0000000
       1798.1609       1.0007677      0.99963498       0.0000000
       1798.1818       1.0009418      0.99967694       0.0000000
       1798.2026       1.0004503      0.99908394       0.0000000
       1798.2235       1.0003119      0.99926144       0.0000000
       1798.2443       1.0001462      0.99865824       0.0000000
       1798.2651      0.99968719      0.99874914       0.0000000
       1798.2860      0.99973351      0.99845755       0.0000000
       1798.3068      0.99942094      0.99867058       0.0000000
       1798.3276      0.99940783      0.99821925       0.0000000
       1798.3485      0.99908721      0.99761331       0.0000000
       1798.3693      0.99909401      0.99731147       0.0000000
       1798.3901      0.99953753      0.99789119       0.0000000
       1798.4110      0.99902838      0.99742597       0.0000000
       1798.4318      0.99846584      0.99717981       0.0000000
       1798.4526      0.99905998      0.99680293       0.0000000
       1798.4735      0.99880022      0.99674296       0.0000000
       1798.4943      0.99847525      0.99706930       0.0000000
       1798.5151      0.99812621      0.99679744       0.0000000
       1798.5360      0.99896431      0.99704510       0.0000000
       1798.5568      0.99842161      0.99597007       0.0000000
       1798.5776      0.99818355      0.99616450       0.0000000
       1798.5985      0.99817675      0.99587440       0.0000000
       1798.6193      0.99797153      0.99539471       0.0000000
       1798.6401      0.99856627      0.99596232       0.0000000
       1798.6610      0.99887657      0.99569833       0.0000000
       1798.6818      0.99878418      0.99612266       0.0000000
       1798.7026      0.99845034      0.99566382       0.0000000
       1798.7235      0.99793720      0.99586731       0.0000000
       1798.7443      0.99780166      0.99597466       128.00000
       1798.7651      0.99848318      0.99623805       0.0000000
       1798.7860      0.99890906      0.99614406       0.0000000
       1798.8068      0.99939120      0.99638379       0.0000000
       1798.8276      0.99861747      0.99560255       0.0000000
       1798.8485      0.99904782      0.99607956       0.0000000
       1798.8693      0.99910074      0.99545503       0.0000000
       1798.8901      0.99872291      0.99588925       0.0000000
       1798.9110      0.99933273      0.99557227       0.0000000
       1798.9318      0.99891913      0.99527329       0.0000000
       1798.9526      0.99933594      0.99572831       0.0000000
       1798.9735      0.99890721      0.99476516       0.0000000
       1798.9943      0.99974555      0.99513972       0.0000000
       1799.0151      0.99895710      0.99508274       0.0000000
       1799.0360      0.99948204      0.99430436       0.0000000
       1799.0568      0.99922562      0.99473459       0.0000000
       1799.0776      0.99856997      0.99512446       128.00000
       1799.0985      0.99887717      0.99432504       0.0000000
       1799.1193      0.99914801      0.99405932       0.0000000
       1799.1401      0.99989712      0.99400300       0.0000000
       1799.1610      0.99851149      0.99418569       0.0000000
       1799.1818       1.0003588      0.99452490       0.0000000
       1799.2026   1.1853751e-14      0.85033679       128.00000
       1799.2235      0.99758118      0.99685276       0.0000000
       1799.2443      0.99873430      0.99741477       0.0000000
       1799.2651      0.99907070      0.99769664       0.0000000
       1799.2860      0.99910098      0.99801946       0.0000000
       1799.3068      0.99997479      0.99849916       0.0000000
       1799.3276       1.0006604      0.99892634       0.0000000
       1799.3485       1.0006171      0.99930274       0.0000000
       1799.3693       1.0012194       1.0001060       0.0000000
       1799.3901       1.0019666       1.0004328       0.0000000
       1799.4110       1.0020703       1.0010128       0.0000000
       1799.4318       1.0028710       1.0014278       0.0000000
       1799.4526       1.0031276       1.0021809       0.0000000
       1799.4735       1.0035933       1.0027092       0.0000000
       1799.4943       1.0040821       1.0031708       0.0000000
       1799.5151       1.0041794       1.0030845       0.0000000
       1799.5360       1.0033523       1.0033114       128.00000
       1799.5568       1.0051737       1.0039037       0.0000000
       1799.5776       1.0046716       1.0039599       0.0000000
       1799.5985       1.0048068       1.0039568       0.0000000
       1799.6193       1.0050222       1.0038687       0.0000000
       1799.6401       1.0048616       1.0037633       0.0000000
       1799.6610       1.0048456       1.0036511       0.0000000
       1799.6818       1.0047073       1.0040272       0.0000000
       1799.7026       1.0043454       1.0034937       0.0000000
       1799.7235       1.0040894       1.0032369       0.0000000
       1799.7443       1.0035478       1.0026492       128.00000
       1799.7651       1.0034553       1.0022129       0.0000000
       1799.7860       1.0034539       1.0021936       0.0000000
       1799.8068       1.0027674       1.0017219       0.0000000
       1799.8276       1.0022455       1.0009805       0.0000000
       1799.8485       1.0022249       1.0007046       0.0000000
       1799.8693       1.0020897       1.0003707       0.0000000
       1799.8901       1.0012599      0.99988633       0.0000000
       1799.9110       1.0008918      0.99978459       0.0000000
       1799.9318       1.0002935      0.99921012       0.0000000
       1799.9526       1.0002363      0.99896306       0.0000000
       1799.9735       1.0000811      0.99885714       0.0000000
       1799.9943      0.99976754      0.99823260       0.0000000
       1800.0151      0.99996364      0.99835449       0.0000000
       1800.0360      0.99976021      0.99825138       0.0000000
       1800.0568      0.99974805      0.99847966       0.0000000
       1800.0776      0.99961722      0.99797362       0.0000000
       1800.0985      0.99985611      0.99821424       0.0000000
       1800.1193      0.99959993      0.99809122       0.0000000
       1800.1401      0.99920261      0.99783498       0.0000000
       1800.1610      0.99981731      0.99823409       0.0000000
       1800.1818      0.99905467      0.99774855       0.0000000
       1800.2026      0.99939239      0.99820924       0.0000000
       1800.2235      0.99979049      0.99804592       0.0000000
       1800.2443      0.99971515      0.99812382       0.0000000
       1800.2651       1.0004182      0.99911058       0.0000000
       1800.2860       1.0005466      0.99914676       0.0000000
       1800.3068       1.0008911      0.99941427       0.0000000
       1800.3276       1.0004090      0.99869829       0.0000000
       1800.3485      0.99831492      0.99763340       0.0000000
       1800.3693      0.99643934      0.99584568       0.0000000
       1800.3901      0.99594682      0.99582148       128.00000
       1800.4110      0.99711001      0.99509698       128.00000
       1800.4318      0.99559331      0.99504465       128.00000
       1800.4526      0.99441427      0.99429923       128.00000
       1800.4735      0.99387878      0.99375772       128.00000
       1800.4943      0.99356329      0.99301088       128.00000
       1800.5151      0.99283952      0.99274814       128.00000
       1800.5360      0.99195164      0.99186808       128.00000
       1800.5568      0.99198973      0.99191004       128.00000
       1800.5776      0.99169558      0.99139661       128.00000
       1800.5985      0.99135000      0.99106818       128.00000
       1800.6193      0.99091744      0.99123901       128.00000
       1800.6401      0.99030846      0.99066126       128.00000
       1800.6610      0.99015284      0.99003226       128.00000
       1800.6818      0.98922151      0.98923922       128.00000
       1800.7026      0.98776382      0.98843861       128.00000
       1800.7235      0.98622739      0.98661250       128.00000
       1800.7443      0.98396474      0.98445696       128.00000
       1800.7651      0.98305118      0.98332262       128.00000
       1800.7860      0.98137736      0.98195052       128.00000
       1800.8068      0.98040438      0.98109692       128.00000
       1800.8277      0.97934967      0.97947913       128.00000
       1800.8485      0.97835022      0.97930717       128.00000
       1800.8693      0.97766155      0.97859943       128.00000
       1800.8902      0.97798991      0.97868061       128.00000
       1800.9110      0.97736371      0.97819966       128.00000
       1800.9318      0.97676033      0.97755575       128.00000
       1800.9527      0.97683179      0.97725731       128.00000
       1800.9735      0.97605169      0.97691375       128.00000
       1800.9943      0.97400302      0.97513986       128.00000
       1801.0152      0.97198373      0.97324562       128.00000
       1801.0360      0.97006494      0.97124952       128.00000
       1801.0568      0.96781617      0.96891546       128.00000
       1801.0777      0.96638560      0.96739930       128.00000
       1801.0985      0.96449101      0.96543276       128.00000
       1801.1193      0.96368068      0.96451771       128.00000
       1801.1402      0.96282923      0.96362764       128.00000
       1801.1610      0.96251047      0.96317983       128.00000
       1801.1818      0.96243215      0.96304464       128.00000
       1801.2027      0.96291649      0.96345079       128.00000
       1801.2235      0.96284980      0.96330369       128.00000
       1801.2443      0.96258408      0.96297914       128.00000
       1801.2652      0.96260345      0.96290952       128.00000
       1801.2860      0.96159422      0.96184599       128.00000
       1801.3068      0.96089256      0.96105260       128.00000
       1801.3277      0.95973444      0.95982152       128.00000
       1801.3485      0.95799702      0.95803314       128.00000
       1801.3693      0.95640981      0.95634395       128.00000
       1801.3902      0.95374238      0.95362163       128.00000
       1801.4110      0.95241922      0.95221853       128.00000
       1801.4318      0.95012289      0.94986045       128.00000
       1801.4527      0.94775641      0.94742829       128.00000
       1801.4735      0.94582826      0.94543618       128.00000
       1801.4943      0.94314665      0.94337219       128.00000
       1801.5152      0.94074702      0.94022316       128.00000
       1801.5360      0.93914908      0.93857789       128.00000
       1801.5568      0.93615359      0.93550676       128.00000
       1801.5777      0.93380642      0.93311048       128.00000
       1801.5985      0.93247771      0.93203086       128.00000
       1801.6193      0.93089008      0.93008161       128.00000
       1801.6402      0.92948842      0.92862284       128.00000
       1801.6610      0.92756122      0.92660940       128.00000
       1801.6818      0.92589837      0.92490828       128.00000
       1801.7027      0.92319202      0.92215025       128.00000
       1801.7235      0.92109609      0.91998613       128.00000
       1801.7443      0.91710597      0.91596115       128.00000
       1801.7652      0.91271973      0.91153550       128.00000
       1801.7860      0.90795481      0.90668863       128.00000
       1801.8068      0.90089154      0.89967698       128.00000
       1801.8277      0.89551950      0.89420742       128.00000
       1801.8485      0.89042431      0.88905257       128.00000
       1801.8693      0.88570845      0.88431507       128.00000
       1801.8902      0.88081938      0.87938958       128.00000
       1801.9110      0.87605989      0.87459046       128.00000
       1801.9318      0.87121707      0.86968529       128.00000
       1801.9527      0.86641359      0.86483055       128.00000
       1801.9735      0.86240190      0.86078852       128.00000
       1801.9943      0.85858250      0.85693532       128.00000
       1802.0152      0.85772175      0.85601443       128.00000
       1802.0360      0.85569787      0.85395575       128.00000
       1802.0568      0.85380954      0.85200667       128.00000
       1802.0777      0.85229772      0.85046959       128.00000
       1802.0985      0.85164213      0.84974426       128.00000
       1802.1193      0.85271472      0.85078138       128.00000
       1802.1402      0.85552144      0.85353321       128.00000
       1802.1610      0.85837448      0.85629690       128.00000
       1802.1818      0.86262637      0.86050552       128.00000
       1802.2027      0.86636323      0.86417359       128.00000
       1802.2235      0.87417513      0.87189406       128.00000
       1802.2443      0.88038146      0.87804651       128.00000
       1802.2652      0.88889301      0.88643652       128.00000
       1802.2860      0.90088814      0.89836943       128.00000
       1802.3068      0.91400051      0.91136336       128.00000
       1802.3277      0.92758811      0.92485595       128.00000
       1802.3485      0.94285530      0.93999869       128.00000
       1802.3693      0.95930797      0.95634073       128.00000
       1802.3902      0.97504556      0.97198689       128.00000
       1802.4110      0.98705989      0.98390424       128.00000
       1802.4318      0.99299937      0.98974764       128.00000
       1803.4735      0.99819213       1.0013599       0.0000000
       1803.4943      0.99767101       1.0002567       0.0000000
       1803.5152      0.99664801      0.99919516       0.0000000
       1803.5360      0.99651587      0.99853110       0.0000000
       1803.5568      0.99649328      0.99843585       0.0000000
       1803.5777      0.99692458      0.99892592       0.0000000
       1803.5985      0.99768370      0.99943024       0.0000000
       1803.6193      0.99786186       1.0000738       0.0000000
       1803.6402      0.99831671       1.0008343       128.00000
       1803.6610      0.99953765       1.0015637       0.0000000
       1803.6818      0.99997866       1.0007997       0.0000000
       1803.7027       1.0004371       1.0013663       0.0000000
       1803.7235       1.0003121       1.0021325       0.0000000
       1803.7443       1.0007111       1.0023798       0.0000000
       1803.7652       1.0011432       1.0028037       128.00000
       1803.7860       1.0020388       1.0034280       0.0000000
       1803.8068       1.0023968       1.0040542       0.0000000
       1803.8277       1.0032159       1.0042795       0.0000000
       1803.8485       1.0036176       1.0047439       0.0000000
       1803.8693       1.0039251       1.0049403       0.0000000
       1803.8902       1.0039803       1.0054104       0.0000000
       1803.9110       1.0047153       1.0056685       0.0000000
       1803.9318       1.0043899       1.0056713       0.0000000
       1803.9527       1.0046296       1.0056781       0.0000000
       1803.9735       1.0045459       1.0060091       0.0000000
       1803.9943       1.0048467       1.0058961       0.0000000
       1804.0152       1.0044113       1.0059675       0.0000000
       1804.0360       1.0045671       1.0053722       0.0000000
       1804.0568       1.0038605       1.0050586       0.0000000
       1804.0777       1.0035832       1.0046977       0.0000000
       1804.0985       1.0030611       1.0044210       0.0000000
       1804.1193       1.0029625       1.0039182       0.0000000
       1804.1402       1.0024166       1.0033238       0.0000000
       1804.1610       1.0022049       1.0032527       0.0000000
       1804.1818       1.0013222       1.0026798       0.0000000
       1804.2027       1.0010363       1.0017354       0.0000000
       1804.2235      0.99996376       1.0015492       0.0000000
       1804.2443      0.99977893       1.0007484       0.0000000
       1804.2652      0.99938464       1.0006144       0.0000000
       1804.2860      0.99949676       1.0003167       0.0000000
       1804.3068      0.99899727      0.99968511       0.0000000
       1804.3277      0.99906766      0.99958682       0.0000000
       1804.3485      0.99835730      0.99940741       0.0000000
       1804.3693      0.99828076      0.99921858       0.0000000
       1804.3902      0.99812222      0.99901837       0.0000000
       1804.4110      0.99837023      0.99886566       0.0000000
       1804.4318      0.99864632      0.99876463       0.0000000
       1804.4527      0.99909192      0.99991369       0.0000000
       1804.4735       1.0024006      0.99848133       128.00000
       1804.4943      0.99917597      0.99849796       0.0000000
       1804.5152      0.99945527      0.99925160       0.0000000
       1804.5360      0.99982661      0.99922466       0.0000000
       1804.5568       1.0001515      0.99953347       0.0000000
       1804.5777      0.99948347      0.99893284       0.0000000
       1804.5985      0.99132657      0.99988151       128.00000
       1804.6193      0.99990612      0.99989474       0.0000000
       1804.6402      0.99990374      0.99963766       0.0000000
       1804.6610       1.0007801      0.99934095       0.0000000
       1804.6818       1.0005469       1.0000398       0.0000000
       1804.7027      0.99991119      0.99968570       0.0000000
       1804.7235       1.0006191      0.99953002       0.0000000
       1804.7443      0.99992174      0.99927306       0.0000000
       1804.7652      0.99958098      0.99920982       0.0000000
       1804.7860       1.0006671      0.99920732       0.0000000
       1804.8068       1.0005136      0.99936962       0.0000000
       1804.8277       1.0000612      0.99890387       0.0000000
       1804.8485      0.99979943       1.0000613       0.0000000
       1804.8693       1.0006262      0.99869841       128.00000
       1804.8902      0.99969387      0.99989957       0.0000000
       1804.9110      0.99988163      0.99909180       0.0000000
       1804.9319       1.0001642      0.99955159       0.0000000
       1804.9527       1.0005718      0.99883008       0.0000000
       1804.9735      0.99997878      0.99951178       0.0000000
       1804.9944       1.0002615      0.99938858       0.0000000
       1805.0152       1.0001216      0.99931210       0.0000000
       1805.0360       1.0006692      0.99974459       0.0000000
       1805.0569       1.0003761       1.0003021       0.0000000
       1805.0777       1.0011748       1.0005800       0.0000000
       1805.0985       1.0009440      0.99995422       0.0000000
       1805.1194       1.0016737      0.99943495       0.0000000
       1805.1402       1.0017209      0.99965447       0.0000000
       1805.1610       1.0011326       1.0000492       0.0000000
       1805.1819       1.0007241      0.99942070       0.0000000
       1805.2027       1.0007044      0.99930131       0.0000000
       1805.2235       1.0005304      0.99991596       0.0000000
       1805.2444       1.0004170      0.99945861       0.0000000
       1805.2652       1.0009398      0.99987382       0.0000000
       1805.2860       1.0003638      0.99880081       0.0000000
       1805.3069      0.99986857      0.99931705       0.0000000
       1805.3277      0.99984014      0.99909812       0.0000000
       1805.3485       1.0000056      0.99928218       0.0000000
       1805.3694      0.99912840      0.99888974       0.0000000
       1805.3902      0.99996459      0.99864227       0.0000000
       1805.4110      0.99976689      0.99859482       0.0000000
       1805.4319      0.99932873      0.99809867       0.0000000
       1805.4527      0.99918514      0.99876922       0.0000000
       1805.4735      0.99919772      0.99822074       0.0000000
       1805.4944      0.99936771      0.99805725       0.0000000
       1805.5152      0.99945688      0.99839509       0.0000000
       1805.5360      0.99892956      0.99931329       0.0000000
       1805.5569      0.99904704      0.99876994       0.0000000
       1805.5777      0.99950808      0.99869406       0.0000000
       1805.5985      0.99880528      0.99866635       0.0000000
       1805.6194      0.99894363      0.99840534       0.0000000
       1805.6402      0.99903989      0.99814874       0.0000000
       1805.6610      0.99893415      0.99784970       0.0000000
       1805.6819      0.99908817      0.99795324       0.0000000
       1805.7027      0.99899501      0.99712139       0.0000000
       1805.7235      0.99896085      0.99780124       0.0000000
       1805.7444      0.99845392      0.99745846       128.00000
       1805.7652      0.99902052      0.99727440       0.0000000
       1805.7860      0.99906170      0.99856824       0.0000000
       1805.8069      0.99894559      0.99822968       0.0000000
       1805.8277      0.99869823      0.99884313       0.0000000
       1805.8485      0.99938560      0.99910891       0.0000000
       1805.8694       1.0003060      0.99914819       0.0000000
       1805.8902       1.0002532      0.99892282       0.0000000
       1805.9110      0.99933088       1.0001518       0.0000000
       1805.9319      0.99996197      0.99958098       0.0000000
       1805.9527       1.0009319      0.99954587       0.0000000
       1805.9735       1.0008377       1.0012001       0.0000000
       1805.9944       1.0006582       1.0011635       0.0000000
       1806.0152       1.0006559       1.0013990       0.0000000
       1806.0360       1.0009193       1.0006384       0.0000000
       1806.0569       1.0015655       1.0015191       0.0000000
       1806.0777      0.99454272       1.0010823       128.00000
       1806.0985       1.0003939       1.0015057       0.0000000
       1806.1194       1.0006998       1.0019069       0.0000000
       1806.1402       1.0011188       1.0014352       0.0000000
       1806.1610       1.0018622       1.0017366       0.0000000
       1806.1819       1.0012389       1.0016193       0.0000000
       1806.2027       1.0008197       1.0016130       0.0000000
       1806.2235       1.0009969       1.0012561       0.0000000
       1806.2444       1.0008247       1.0016550       0.0000000
       1806.2652       1.0008677       1.0017537       0.0000000
       1806.2860       1.0006005       1.0011095       0.0000000
       1806.3069       1.0003185       1.0012836       0.0000000
       1806.3277       1.0002866       1.0013051       0.0000000
       1806.3485       1.0002841       1.0011083       0.0000000
       1806.3694       1.0010740       1.0013429       0.0000000
       1806.3902      0.98943800       1.0011085       128.00000
       1806.4110       1.0004883       1.0005552       0.0000000
       1806.4319       1.0011804       1.0012124       0.0000000
       1806.4527       1.0014033       1.0011134       0.0000000
       1806.4735       1.0004489       1.0008588       0.0000000
       1806.4944       1.0013452       1.0010858       0.0000000
       1806.5152       1.0013152       1.0011890       0.0000000
       1806.5360       1.0013620       1.0021216       0.0000000
       1806.5569       1.0008926       1.0011888       0.0000000
       1806.5777       1.0010426       1.0008800       0.0000000
       1806.5985       1.0013282       1.0013024       0.0000000
       1806.6194       1.0014809       1.0019881       0.0000000
       1806.6402       1.0012920       1.0020224       0.0000000
       1806.6610       1.0020612       1.0018137       0.0000000
       1806.6819       1.0023279       1.0020639       0.0000000
       1806.7027       1.0016793       1.0023457       0.0000000
       1806.7235       1.0019430       1.0018392       0.0000000
       1806.7444       1.0018348       1.0018696       0.0000000
       1806.7652       1.0015521       1.0019476       0.0000000
       1806.7860       1.0019994       1.0013956       0.0000000
       1806.8069       1.0005475       1.0015001       0.0000000
       1806.8277       1.0012301       1.0014837       0.0000000
       1806.8485       1.0007511       1.0007128       0.0000000
       1806.8694       1.0001880       1.0009916       0.0000000
       1806.8902       1.0012140       1.0005370       0.0000000
       1806.9110      0.99961948       1.0005724       0.0000000
       1806.9319       1.0001998      0.99970877       0.0000000
       1806.9527      0.99989617      0.99983847       0.0000000
       1806.9735      0.99222898       1.0004822       128.00000
       1806.9944       1.0001951       1.0000647       0.0000000
       1807.0152      0.99972302      0.99955851       0.0000000
       1807.0360      0.99979270      0.99918491       0.0000000
       1807.0569      0.99942636      0.99943590       0.0000000
       1807.0777      0.99909002       1.0000101       0.0000000
       1807.0985      0.99922603      0.99980611       0.0000000
       1807.1194      0.99916047      0.99966031       0.0000000
       1807.1402      0.99958521      0.99929458       0.0000000
       1807.1610      0.99906719      0.99962437       0.0000000
       1807.1819      0.99929845      0.99948972       0.0000000
       1807.2027      0.99929124      0.99913383       0.0000000
       1807.2235      0.99947840      0.99826491       0.0000000
       1807.2444      0.99921513      0.99861997       0.0000000
       1807.2652      0.99853611      0.99793005       0.0000000
       1807.2860      0.99917001      0.99859059       0.0000000
       1807.3069      0.99849278      0.99761111       0.0000000
       1807.3277      0.99832094      0.99786001       0.0000000
       1807.3485      0.99796796      0.99731928       0.0000000
       1807.3694      0.99826711      0.99807322       0.0000000
       1807.3902      0.99843591      0.99745411       0.0000000
       1807.4110      0.99274909      0.99758482       128.00000
       1807.4319      0.99767488      0.99665725       0.0000000
       1807.4527      0.99816519      0.99744570       0.0000000
       1807.4735      0.99751812      0.99657047       0.0000000
       1807.4944      0.99805588      0.99687046       0.0000000
       1807.5152      0.99780315      0.99751216       0.0000000
       1807.5360      0.99745303      0.99664670       0.0000000
       1807.5569      0.99729460      0.99635154       0.0000000
       1807.5777      0.99774426      0.99624223       0.0000000
       1807.5985      0.99662107      0.99720013       0.0000000
       1807.6194      0.99712878      0.99658513       0.0000000
       1807.6402      0.99697405      0.99692816       0.0000000
       1807.6610      0.99701923      0.99689108       0.0000000
       1807.6819      0.99651003      0.99740440       0.0000000
       1807.7027      0.99675828      0.99704415       0.0000000
       1807.7235      0.99680424      0.99613631       0.0000000
       1807.7444      0.99760157      0.99619496       0.0000000
       1807.7652      0.99728328      0.99713826       0.0000000
       1807.7860      0.99656260      0.99669743       0.0000000
       1807.8069      0.99680328      0.99670523       0.0000000
       1807.8277      0.99730164      0.99644899       0.0000000
       1807.8485      0.99662209      0.99663568       0.0000000
       1807.8694      0.99697948      0.99644017       0.0000000
       1807.8902      0.99770045      0.99658275       0.0000000
       1807.9110      0.99742848      0.99732000       0.0000000
       1807.9319      0.99735689      0.99789512       0.0000000
       1807.9527      0.99887496      0.99742043       0.0000000
       1807.9735      0.99913782      0.99785620       0.0000000
       1807.9944  -2.1086909e-14      0.86263293       128.00000
       1808.0152      0.99998301      0.99984503       0.0000000
       1808.0360      0.99992263       1.0003172       0.0000000
       1808.0569       1.0002456       1.0004003       0.0000000
       1808.0777       1.0009302       1.0012982       0.0000000
       1808.0985       1.0016155       1.0020036       0.0000000
       1808.1194       1.0018493       1.0028634       0.0000000
       1808.1402       1.0027250       1.0035815       0.0000000
       1808.1610       1.0031101       1.0038761       0.0000000
       1808.1819       1.0037839       1.0046844       0.0000000
       1808.2027       1.0038127       1.0043647       0.0000000
       1808.2235       1.0045894       1.0046631       0.0000000
       1808.2444       1.0052453       1.0043094       0.0000000
       1808.2652       1.0053128       1.0062587       0.0000000
       1808.2860       1.0049957       1.0055798       0.0000000
       1808.3069       1.0059326       1.0066634       0.0000000
       1808.3277       1.0061833       1.0057741       0.0000000
       1808.3485       1.0057667       1.0067811       0.0000000
       1808.3694       1.0051856       1.0064629       0.0000000
       1808.3902       1.0046563       1.0059699       0.0000000
       1808.4110       1.0045285       1.0055391       0.0000000
       1808.4319       1.0036912       1.0050544       0.0000000
       1808.4527       1.0037723       1.0049601       0.0000000
       1808.4735       1.0037856       1.0044448       0.0000000
       1808.4944       1.0032156       1.0046437       0.0000000
       1808.5152       1.0022967       1.0036510       0.0000000
       1808.5360       1.0032549       1.0021970       0.0000000
       1808.5569       1.0006380       1.0025702       0.0000000
       1808.5777       1.0012312       1.0021030       0.0000000
       1808.5985       1.0008471       1.0020573       0.0000000
       1808.6194       1.0003318       1.0017809       0.0000000
       1808.6402       1.0002714       1.0014260       0.0000000
       1808.6610      0.99933308       1.0009388       0.0000000
       1808.6819      0.99925768       1.0005851       0.0000000
       1808.7027      0.99882305       1.0005436       0.0000000
       1808.7235      0.99940574      0.99982506       0.0000000
       1808.7444      0.99920988       1.0002533       0.0000000
       1808.7652      0.99889880      0.99945080       0.0000000
       1808.7860      0.99864978       1.0001321       0.0000000
       1808.8069      0.99857026      0.99962622       0.0000000
       1808.8277      0.99902225      0.99925435       0.0000000
       1808.8485      0.99839604      0.99945414       0.0000000
       1808.8694      0.99881136      0.99981540       0.0000000
       1808.8902      0.99904311      0.99964952       0.0000000
       1808.9110      0.99856704      0.99979222       0.0000000
       1808.9319      0.99897999      0.99958330       0.0000000
       1808.9527      0.99911737      0.99957329       0.0000000
       1808.9735      0.99913585       1.0001055       0.0000000
       1808.9944      0.99936837       1.0000606       0.0000000
       1809.0152      0.99950957       1.0001475       0.0000000
       1809.0360      0.99942297       1.0001773       0.0000000
       1809.0569       1.0005454       1.0004903       0.0000000
       1809.0777      0.99973810      0.99936426       0.0000000
       1809.0985      0.99972904      0.99979436       0.0000000
       1809.1194      0.99968529      0.99980676       0.0000000
       1809.1402       1.0000352      0.99911153       0.0000000
       1809.1610      0.99960119       1.0006355       0.0000000
       1809.1819      0.99957055       1.0009187       0.0000000
       1809.2027       1.0000714      0.99988967       0.0000000
       1809.2235      0.99998510      0.99977100       0.0000000
       1809.2444      0.99986660       1.0007401       0.0000000
       1809.2652      0.99955201       1.0002722       0.0000000
       1809.2860      0.99999219       1.0002626       0.0000000
       1809.3069       1.0003151       1.0001526       0.0000000
       1809.3277      0.99996734       1.0000641       0.0000000
       1809.3485       1.0001252       1.0001904       0.0000000
       1809.3694       1.0005347       1.0000235       0.0000000
       1809.3902      0.99981362       1.0002621       0.0000000
       1809.4110      0.99984640      0.99981791       0.0000000
       1809.4319      0.99921674      0.99968946       0.0000000
       1809.4527       1.0000535      0.99990404       0.0000000
       1809.4735      0.99965340      0.99994135       0.0000000
       1809.4944      0.99904573      0.99963295       0.0000000
       1809.5152      0.99930590      0.99970657       0.0000000
       1809.5360       1.0001299      0.99926436       0.0000000
       1809.5569      0.99894893      0.99926138       0.0000000
       1809.5777      0.99980181       1.0001211       0.0000000
       1809.5985       1.0000582      0.99942005       0.0000000
       1809.6194      0.99968928      0.99898553       0.0000000
       1809.6402       1.0000709      0.99946100       0.0000000
       1809.6610       1.0000000      0.99954331       0.0000000
       1809.6819       1.0000329      0.99988222       0.0000000
       1809.7027       1.0000070      0.99992114       0.0000000
       1809.7235       1.0000296      0.99980980       0.0000000
       1809.7444       1.0006458      0.99886012       0.0000000
       1809.7652       1.0005983      0.99968386       0.0000000
       1809.7860       1.0011674      0.99886209       0.0000000
       1809.8069       1.0016066      0.99998832       0.0000000
       1809.8277      0.99986613      0.99912167       0.0000000
       1809.8485      0.99965113      0.99978638       0.0000000
       1809.8694      0.99913025      0.99948859       128.00000
       1809.8902      0.99940473      0.99917150       0.0000000
       1809.9110      0.99949616      0.99974650       0.0000000
       1809.9319       1.0026832      0.99810731       128.00000
       1809.9527      0.99928886      0.99830920       0.0000000
       1809.9735      0.99924004      0.99838662       0.0000000
       1809.9944      0.99928266      0.99874455       0.0000000
       1810.0152      0.99975348      0.99889743       0.0000000
       1810.0360      0.99921781      0.99881905       0.0000000
       1810.0569       1.0000600      0.99855489       0.0000000
       1810.0777       1.0002826      0.99936551       0.0000000
       1810.0985       1.0000262      0.99934965       0.0000000
       1810.1194       1.0003749      0.99954206       0.0000000
       1810.1402      0.99964297       1.0001475       0.0000000
       1810.1610       1.0006142       1.0004476       0.0000000
       1810.1819       1.0004755       1.0002002       0.0000000
       1810.2027       1.0010899       1.0001688       0.0000000
       1810.2235       1.0016035       1.0008800       0.0000000
       1810.2444       1.0017340       1.0016463       0.0000000
       1810.2652       1.0010786       1.0014901       0.0000000
       1810.2860       1.0015883       1.0017904       0.0000000
       1810.3069       1.0009184       1.0017769       0.0000000
       1810.3277       1.0015342       1.0013288       0.0000000
       1810.3485       1.0020857       1.0017902       0.0000000
       1810.3694       1.0021756       1.0019658       0.0000000
       1810.3902       1.0023361       1.0018998       0.0000000
       1810.4110       1.0011978       1.0018965       0.0000000
       1810.4319       1.0018178       1.0018969       0.0000000
       1810.4527       1.0016737       1.0016407       0.0000000
       1810.4735       1.0016934       1.0017639       0.0000000
       1810.4944       1.0023671       1.0016673       0.0000000
       1810.5152       1.0016682       1.0015537       0.0000000
       1810.5360       1.0008317       1.0018061       0.0000000
       1810.5569       1.0009942       1.0027303       0.0000000
       1810.5777       1.0007284       1.0020366       0.0000000
       1810.5985       1.0010228       1.0020187       0.0000000
       1810.6194       1.0014582       1.0019777       0.0000000
       1810.6402       1.0013535       1.0022622       0.0000000
       1810.6610       1.0008783       1.0017641       0.0000000
       1810.6819       1.0007603       1.0017165       0.0000000
       1810.7027       1.0010484       1.0019501       0.0000000
       1810.7235       1.0014956       1.0015556       0.0000000
       1810.7444       1.0012549       1.0012199       0.0000000
       1810.7652       1.0009252       1.0013602       0.0000000
       1810.7860       1.0008172       1.0022048       0.0000000
       1810.8069       1.0010868       1.0020670       0.0000000
       1810.8277       1.0007880       1.0015352       0.0000000
       1810.8485       1.0006585       1.0016838       0.0000000
       1810.8694       1.0001488       1.0011488       128.00000
       1810.8902       1.0003849       1.0011941       0.0000000
       1810.9110       1.0004042       1.0013908       0.0000000
       1810.9319       1.0002444       1.0005965       0.0000000
       1810.9527       1.0005275       1.0008811       0.0000000
       1810.9735       1.0004770       1.0014873       0.0000000
       1810.9944       1.0001055       1.0007560       0.0000000
       1811.0152       1.0004503       1.0007541       0.0000000
       1811.0360       1.0017071       1.0012927       0.0000000
       1811.0569       1.0010483       1.0014431       0.0000000
       1811.0777       1.0014613       1.0012243       0.0000000
       1811.0985       1.0012136       1.0010561       0.0000000
       1811.1194       1.0011965       1.0019542       0.0000000
       1811.1402       1.0018036       1.0014434       0.0000000
       1811.1610       1.0010781       1.0011401       0.0000000
       1811.1819       1.0015014       1.0011239       0.0000000
       1811.2027       1.0009918       1.0007366       0.0000000
       1811.2235       1.0013881       1.0014125       0.0000000
       1811.2444       1.0016205       1.0014231       0.0000000
       1811.2652       1.0006506       1.0008911       0.0000000
       1811.2860       1.0006864       1.0003072       0.0000000
       1811.3069       1.0006204       1.0007401       0.0000000
       1811.3277      0.99995440       1.0001199       0.0000000
       1811.3485      0.99970531      0.99991387       0.0000000
       1811.3694      0.99992698      0.99990910       0.0000000
       1811.3902      0.99947923      0.99934322       0.0000000
       1811.4110      0.99962902      0.99904603       0.0000000
       1811.4319      0.99901289      0.99915540       0.0000000
       1811.4527      0.99937755      0.99874222       0.0000000
       1811.4735      0.99833894      0.99880457       0.0000000
       1811.4944      0.99804085      0.99808431       0.0000000
       1811.5152      0.99847364      0.99837273       0.0000000
       1811.5360      0.99844152      0.99756026       0.0000000
       1811.5569      0.99821150      0.99822164       0.0000000
       1811.5777      0.99769312      0.99802178       0.0000000
       1811.5985      0.99827981      0.99832654       0.0000000
       1811.6194      0.99801922      0.99815011       0.0000000
       1811.6402      0.99830329      0.99815333       0.0000000
       1811.6610      0.99774987      0.99847043       0.0000000
       1811.6819      0.99804121      0.99802971       0.0000000
       1811.7027      0.99728638      0.99760813       0.0000000
       1811.7235      0.99793345      0.99786162       0.0000000
       1811.7444      0.99867833      0.99761569       0.0000000
       1811.7652      0.99804121      0.99746978       0.0000000
       1811.7860      0.99826938      0.99758554       0.0000000
       1811.8069      0.99888092      0.99799603       0.0000000
       1811.8277      0.99844247      0.99773234       0.0000000
       1811.8485      0.99816829      0.99822921       0.0000000
       1811.8694      0.99795800      0.99784529       0.0000000
       1811.8902      0.99791044      0.99794292       0.0000000
       1811.9110      0.99830973      0.99788457       0.0000000
       1811.9319      0.99781609      0.99768072       0.0000000
       1811.9527      0.99793702      0.99780238       0.0000000
       1811.9735      0.99785727      0.99777585       0.0000000
       1811.9944      0.99717659      0.99770653       0.0000000
       1812.0152      0.99719697      0.99788827       0.0000000
       1812.0360      0.99775857      0.99763387       0.0000000
       1812.0569      0.99750829      0.99793649       0.0000000
       1812.0777      0.99747241      0.99789125       0.0000000
       1812.0985      0.99747133      0.99795598       0.0000000
       1812.1194      0.99748582      0.99759370       0.0000000
       1812.1402      0.99735355      0.99789274       0.0000000
       1812.1610      0.99792039      0.99812669       0.0000000
       1812.1819      0.99742895      0.99791330       0.0000000
       1812.2027      0.99791193      0.99805367       0.0000000
       1812.2235      0.99814403      0.99873400       0.0000000
       1812.2444      0.99791992      0.99903464       0.0000000
       1812.2652      0.99874365      0.99899977       0.0000000
       1812.2860      0.99863982      0.99914908       0.0000000
       1812.3069      0.99923807      0.99971807       0.0000000
       1812.3277      0.99937665      0.99944997       0.0000000
       1812.3485      0.99960905      0.99999976       0.0000000
       1812.3694       1.0002087       1.0004891       0.0000000
       1812.3902       1.0009397       1.0010145       0.0000000
       1812.4110       1.0008787       1.0008056       0.0000000
       1812.4319       1.0006424       1.0014743       0.0000000
       1812.4527       1.0014080       1.0016710       0.0000000
       1812.4735       1.0019277       1.0018827       0.0000000
       1812.4944  -2.1035648e-14      0.86053592       128.00000
       1812.5152       1.0025351       1.0023881       0.0000000
       1812.5360       1.0033585       1.0029652       0.0000000
       1812.5569       1.0035375       1.0028777       0.0000000
       1812.5777       1.0039825       1.0029435       0.0000000
       1812.5985       1.0046233       1.0037171       0.0000000
       1812.6194       1.0047042       1.0035541       0.0000000
       1812.6402       1.0043910       1.0048101       0.0000000
       1812.6610       1.0052170       1.0055351       0.0000000
       1812.6819       1.0049317       1.0057324       0.0000000
       1812.7027       1.0052540       1.0055557       0.0000000
       1812.7235       1.0053765       1.0055122       0.0000000
       1812.7444       1.0049289       1.0054338       0.0000000
       1812.7652       1.0049001       1.0048835       0.0000000
       1812.7860       1.0041901       1.0046347       0.0000000
       1812.8069       1.0042281       1.0040544       0.0000000
       1812.8277       1.0035839       1.0032189       0.0000000
       1812.8485       1.0036955       1.0027604       0.0000000
       1812.8694       1.0036643       1.0021752       0.0000000
       1812.8902       1.0022165       1.0017595       0.0000000
       1812.9110       1.0012329       1.0016578       0.0000000
       1812.9319       1.0004656       1.0005636       0.0000000
       1812.9527       1.0003586       1.0000514       0.0000000
       1812.9735       1.0000010      0.99995685       0.0000000
       1812.9944      0.99862158      0.99973840       0.0000000
       1813.0152      0.99855524      0.99923301       0.0000000
       1813.0360      0.99810356      0.99893308       0.0000000
       1813.0569      0.99797976      0.99885362       0.0000000
       1813.0777      0.99792498      0.99883515       0.0000000
       1813.0985      0.99732131      0.99822724       0.0000000
       1813.1193      0.99769855      0.99833232       0.0000000
       1813.1402      0.99842948      0.99860346       0.0000000
       1813.1610      0.99820328      0.99861783       0.0000000
       1813.1818      0.99815297      0.99876702       0.0000000
       1813.2027      0.99792731      0.99947947       0.0000000
       1813.2235      0.99879050      0.99993432       0.0000000
       1813.2443      0.99887383       1.0000985       0.0000000
       1813.2652      0.99933159       1.0009843       0.0000000
       1813.2860      0.99957561       1.0008540       0.0000000
       1813.3068      0.99935085       1.0006063       0.0000000
       1813.3277       1.0008098      0.99961150       0.0000000
       1813.3485       1.0006603       1.0006505       0.0000000
       1813.3693       1.0008627       1.0006651       0.0000000
       1813.3902       1.0001688       1.0000572       0.0000000
       1813.4110       1.0003182       1.0001116       0.0000000
       1813.4318       1.0002722      0.99994928       0.0000000
       1813.4527       1.0001130       1.0009071       0.0000000
       1813.4735       1.0003556       1.0011233       0.0000000
       1813.4943       1.0005803       1.0010102       0.0000000
       1813.5152       1.0005883       1.0002406       0.0000000
       1813.5360      0.99907762      0.99990863       0.0000000
       1813.5568      0.99973607      0.99988568       0.0000000
       1813.5777       1.0000249      0.99955690       0.0000000
       1813.5985      0.99993527      0.99929971       0.0000000
       1813.6193      0.99934888      0.99955112       0.0000000
       1813.6402      0.99991155      0.99983674       0.0000000
       1813.6610      0.99974132      0.99893880       0.0000000
       1813.6818      0.99996561      0.99998540       0.0000000
       1813.7027      0.99952286      0.99952841       0.0000000
       1813.7235      0.99968630       1.0000354       0.0000000
       1813.7443      0.99954617       1.0002251       0.0000000
       1813.7652      0.99888808       1.0000603       0.0000000
       1813.7860      0.99847203       1.0000982       0.0000000
       1813.8068      0.99904573      0.99993891       0.0000000
       1813.8277      0.99921459       1.0000544       0.0000000
       1813.8485      0.99867374       1.0001297       0.0000000
       1813.8693      0.99882573       1.0003455       0.0000000
       1813.8902      0.99947393      0.99966294       0.0000000
       1813.9110      0.99968874       1.0000000       0.0000000
       1813.9318      0.99916196      0.99991447       128.00000
       1813.9527      0.99909163      0.99918401       0.0000000
       1813.9735      0.99843085      0.99935472       0.0000000
       1813.9943      0.99860793      0.99968648       0.0000000
       1814.0152      0.99710107      0.99957603       0.0000000
       1814.0360      0.99780661      0.99954689       0.0000000
       1814.0568      0.99767172      0.99932671       0.0000000
       1814.0777      0.99854296      0.99882752       0.0000000
       1814.0985      0.99839652      0.99825162       0.0000000
       1814.1193      0.99877584      0.99866658       0.0000000
       1814.1402      0.99873048      0.99865097       0.0000000
       1814.1610       1.0010667      0.99868166       128.00000
       1814.1818      0.99925482      0.99924964       0.0000000
       1814.2027       1.0007306       1.0007731       0.0000000
       1814.2235       1.0006080       1.0006713       0.0000000
       1814.2443       1.0012908       1.0013871       0.0000000
       1814.2652       1.0001979       1.0003419       0.0000000
       1814.2860       1.0007681       1.0009229       0.0000000
       1814.3068       1.0002642       1.0004765       0.0000000
       1814.3277       1.0006727       1.0009216       0.0000000
       1814.3485       1.0002514       1.0005498       0.0000000
       1814.3693       1.0007048       1.0010570       0.0000000
       1814.3902       1.0003788       1.0007892       0.0000000
       1814.4110       1.0001831       1.0005578       0.0000000
       1814.4318       1.0009855       1.0014112       0.0000000
       1814.4527       1.0005963       1.0010605       0.0000000
       1814.4735       1.0009601       1.0014569       0.0000000
       1814.4943       1.0007317       1.0012485       0.0000000
       1814.5152       1.0009636       1.0015378       0.0000000
       1814.5360       1.0006999       1.0013342       0.0000000
       1814.5568       1.0001311       1.0007848       0.0000000
       1814.5777       1.0004431       1.0011626       0.0000000
       1814.5985      0.99959713       1.0014075       0.0000000
       1814.6193       1.0006384       1.0014472       0.0000000
       1814.6402       1.0012089       1.0020763       0.0000000
       1814.6610       1.0019733       1.0028964       0.0000000
       1814.6818       1.0014900       1.0024751       0.0000000
       1814.7027       1.0018624       1.0029160       0.0000000
       1814.7235       1.0017741       1.0028768       0.0000000
       1814.7443      0.99867111      0.99983191       0.0000000
       1814.7652      0.99809402      0.99933863       0.0000000
       1814.7860      0.99779654      0.99914128       0.0000000
       1814.8068       1.0011184       1.0025746       0.0000000
       1814.8277       1.0061078       1.0076241       0.0000000
       1814.8485       1.0091443       1.0108166       0.0000000
       1814.8693       1.0091852       1.0108452       0.0000000
       1814.8902      0.99973810       1.0014274       0.0000000
       1814.9110      0.98191315      0.98346257       0.0000000
       1814.9318      0.95682251      0.95812696       0.0000000
       1814.9527      0.93158436      0.93278199       128.00000
       1814.9735      0.90810120      0.90907609       128.00000
       1814.9943      0.88309067      0.88392150       128.00000
       1815.0152      0.85938603      0.86002761       128.00000
