    1154
       1816.1203      0.98280954      0.93485236       0.0000000
       1816.1411      0.98266441      0.93480015       0.0000000
       1816.1620      0.98437697      0.93719608       0.0000000
       1816.1828      0.98504829      0.93842077       0.0000000
       1816.2037      0.98427707      0.93807054       0.0000000
       1816.2245      0.97912973      0.93244720       0.0000000
       1816.2453      0.96691459      0.92288554       0.0000000
       1816.2662      0.95879823      0.91450381       0.0000000
       1816.2870      0.95650178      0.91276801       0.0000000
       1816.3078      0.95949018      0.91581011       0.0000000
       1816.3287      0.96944946      0.92461991       0.0000000
       1816.3495      0.97750217      0.93184334       128.00000
       1816.3703      0.98718226      0.94287997       0.0000000
       1816.3912      0.97855926      0.93849623       128.00000
       1816.4120      0.98223197      0.93342763       128.00000
       1816.4328      0.97477990      0.94349426       0.0000000
       1816.4537      0.98691803      0.93985051       128.00000
       1816.4745      0.99773908      0.94198406       128.00000
       1816.4953       1.0051060      0.93410426       128.00000
       1816.5162      0.99109530      0.94515854       128.00000
       1816.5370      0.99030244      0.94764715       128.00000
       1816.5578      0.98939931      0.94266504       128.00000
       1816.5787      0.98372686      0.94220817       128.00000
       1816.5995      0.98690379      0.93965691       128.00000
       1816.6203      0.99006283      0.94500673       128.00000
       1816.6412      0.99156028      0.94510752       128.00000
       1816.6620      0.99226588      0.94706237       0.0000000
       1816.6828      0.99325275      0.94864887       128.00000
       1816.7037      0.99206662      0.94624668       0.0000000
       1816.7245      0.99369293      0.95137280       0.0000000
       1816.7453      0.99570698      0.95106268       128.00000
       1816.7662      0.98755920      0.94789237       128.00000
       1816.7870      0.99060285      0.95008093       128.00000
       1816.8078      0.99432260      0.95393884       0.0000000
       1816.8287      0.99549824      0.95507604       0.0000000
       1816.8495      0.99384362      0.94922394       128.00000
       1816.8703      0.98859924      0.95215046       128.00000
       1816.8912      0.99463069      0.95278454       128.00000
       1816.9120      0.99431032      0.95416886       0.0000000
       1816.9328      0.99782294      0.95780933       0.0000000
       1816.9537      0.99911785      0.95765352       128.00000
       1816.9745      0.99299085      0.95252132       128.00000
       1816.9953      0.98157811      0.95763576       128.00000
       1817.0162      0.99756694      0.95771009       128.00000
       1817.0370      0.99082518      0.95801318       128.00000
       1817.0578      0.99971455      0.95853275       0.0000000
       1817.0787      0.99998093      0.96061856       0.0000000
       1817.0995      0.99988699      0.95991522       0.0000000
       1817.1203      0.99934238      0.96169597       0.0000000
       1817.1412       1.0012496      0.96008050       128.00000
       1817.1620      0.77455342      0.96255088       128.00000
       1817.1828       1.0055994      0.96493530       128.00000
       1817.2037      0.99634653      0.96012408       128.00000
       1817.2245       1.0035027      0.96388513       128.00000
       1817.2453       1.0068545      0.96102089       128.00000
       1817.2662       1.0022151      0.96636492       0.0000000
       1817.2870       1.0029840      0.96689004       128.00000
       1817.3078       1.0037434      0.96065152       128.00000
       1817.3287       1.0027411      0.96803665       128.00000
       1817.3495       1.0014218      0.96773744       0.0000000
       1817.3703       1.0005223      0.96789962       0.0000000
       1817.3912       1.0062191      0.96912760       128.00000
       1817.4120       1.0035796      0.97065490       0.0000000
       1817.4328      0.99927884      0.97024679       128.00000
       1817.4537       1.0030702      0.97091055       0.0000000
       1817.4745       1.0024060      0.97124559       0.0000000
       1817.4953       1.0047592      0.97220647       0.0000000
       1817.5162       1.0031670      0.97140169       0.0000000
       1817.5370       1.0046096      0.97383654       128.00000
       1817.5578       1.0027366      0.96956676       0.0000000
       1817.5787       1.0041989      0.97507477       128.00000
       1817.5995       1.0011758      0.96771163       128.00000
       1817.6204       1.0003046      0.97285044       0.0000000
       1817.6412       1.0014418      0.97273898       128.00000
       1817.6620       1.0028377      0.97010022       128.00000
       1817.6829       1.0005099      0.97140479       0.0000000
       1817.7037       1.0031641      0.97298098       0.0000000
       1817.7245       1.0051838      0.97539788       128.00000
       1817.7454       1.0034845      0.97297519       0.0000000
       1817.7662       1.0036299      0.97300732       128.00000
       1817.7870      0.99356443      0.96272320       0.0000000
       1817.8079      0.98348594      0.95776385       128.00000
       1817.8287      0.97770673      0.94651186       0.0000000
       1817.8495      0.97638339      0.95122540       128.00000
       1817.8704      0.98309022      0.95501387       0.0000000
       1817.8912      0.99124336      0.96333319       0.0000000
       1817.9120      0.99905336      0.97040021       0.0000000
       1817.9329       1.0027727      0.97557294       0.0000000
       1817.9537       1.0035863      0.97781312       0.0000000
       1817.9745       1.0041536      0.97733349       0.0000000
       1817.9954      0.99327129      0.97715896       128.00000
       1818.0162       1.0030266      0.97518080       128.00000
       1818.0370       1.0036045      0.97903055       0.0000000
       1818.0579       1.0040989      0.97929913       0.0000000
       1818.0787       1.0048114      0.97875041       0.0000000
       1818.0995       1.0053977      0.98185879       0.0000000
       1818.1204       1.0069226      0.98153013       0.0000000
       1818.1412       1.0074179      0.98218614       0.0000000
       1818.1620       1.0088403      0.98408228       0.0000000
       1818.1829       1.0109071      0.98518771       0.0000000
       1818.2037       1.0133073      0.98884571       0.0000000
       1818.2245       1.0117149      0.98463309       0.0000000
       1818.2454       1.0160781      0.98980832       128.00000
       1818.2662       1.0150285      0.98876208       0.0000000
       1818.2870       1.0134200      0.98804575       0.0000000
       1818.3079       1.0009276      0.98950350       0.0000000
       1818.3287       1.0144984      0.98982275       0.0000000
       1818.3495       1.0129858      0.99006200       0.0000000
       1818.3704       1.0126370      0.98723757       0.0000000
       1818.3912       1.0126588      0.98711389       0.0000000
       1818.4120       1.0127662      0.98793215       128.00000
       1818.4329       1.0093949      0.98631185       0.0000000
       1818.4537       1.0082835      0.98358232       0.0000000
       1818.4745       1.0064085      0.98469788       0.0000000
       1818.4954       1.0058179      0.98476505       0.0000000
       1818.5162       1.0052704      0.98280680       0.0000000
       1818.5370       1.0004747      0.98061115       0.0000000
       1818.5579       1.0007619      0.98023516       0.0000000
       1818.5787      0.99865061      0.97710419       0.0000000
       1818.5995      0.99862522      0.97972029       0.0000000
       1818.6204      0.99986869      0.97774178       0.0000000
       1818.6412      0.99735695      0.97464639       0.0000000
       1818.6620      0.99591875      0.97607070       0.0000000
       1818.6829      0.99648696      0.97670740       0.0000000
       1818.7037      0.99498177      0.97710681       128.00000
       1818.7245      0.99391818      0.97446907       0.0000000
       1818.7454      0.99218893      0.97356826       0.0000000
       1818.7662      0.98903501      0.97085470       0.0000000
       1818.7870      0.97816837      0.96069652       0.0000000
       1818.8079      0.96747422      0.94937187       0.0000000
       1818.8287      0.96293944      0.94518816       0.0000000
       1818.8495      0.96563846      0.94869298       0.0000000
       1818.8704      0.97338867      0.95663291       0.0000000
       1818.8912      0.98619425      0.96708840       0.0000000
       1818.9120      0.99268693      0.97438639       0.0000000
       1818.9329      0.99268091      0.97471571       0.0000000
       1818.9537      0.99198550      0.97325474       0.0000000
       1818.9745      0.99323487      0.97706062       0.0000000
       1818.9954      0.99234712      0.97355294       128.00000
       1819.0162      0.99434578      0.97435755       0.0000000
       1819.0370      0.99310791      0.97517306       0.0000000
       1819.0579      0.99309731      0.97695589       0.0000000
       1819.0787      0.99404854      0.97720748       0.0000000
       1819.0995      0.99233061      0.97553873       0.0000000
       1819.1204      0.99319416      0.97680360       0.0000000
       1819.1412      0.99437070      0.97908920       0.0000000
       1819.1620      0.99434870      0.97797036       0.0000000
       1819.1829      0.99330717      0.97827721       0.0000000
       1819.2037      0.99383831      0.97849894       0.0000000
       1819.2246      0.99421465      0.97970009       0.0000000
       1819.2454      0.99234730      0.97820228       128.00000
       1819.2662      0.99429280      0.98018694       0.0000000
       1819.2871      0.99502236      0.98076069       0.0000000
       1819.3079      0.94949305      0.98148268       128.00000
       1819.3287      0.99443585      0.98139203       0.0000000
       1819.3496      0.99632365      0.98158824       0.0000000
       1819.3704      0.99723673      0.98188210       0.0000000
       1819.3912      0.99666524      0.98276514       0.0000000
       1819.4121      0.99665356      0.98125166       0.0000000
       1819.4329      0.99702817      0.98297101       0.0000000
       1819.4537      0.99892509      0.98458564       0.0000000
       1819.4746      0.99809623      0.98354721       0.0000000
       1819.4954      0.99884254      0.98457861       0.0000000
       1819.5162      0.99732721      0.98532122       0.0000000
       1819.5371      0.99825752      0.98611432       0.0000000
       1819.5579      0.99840587      0.98306406       0.0000000
       1819.5787      0.99845469      0.98546666       0.0000000
       1819.5996       1.0004083      0.98501652       0.0000000
       1819.6204      0.99936670      0.98648757       0.0000000
       1819.6412      0.99902481      0.98661309       0.0000000
       1819.6621      0.99964458      0.98621392       0.0000000
       1819.6829       1.0016320      0.98907799       0.0000000
       1819.7037       1.0008718      0.99012673       0.0000000
       1819.7246      0.99964583      0.99031210       0.0000000
       1819.7454       1.0003787      0.98739344       0.0000000
       1819.7662       1.0015107      0.98970854       0.0000000
       1819.7871       1.0004579      0.98710531       0.0000000
       1819.8079       1.0026156      0.99027330       0.0000000
       1819.8287       1.0017633      0.98872352       0.0000000
       1819.8496       1.0005527      0.99070728       0.0000000
       1819.8704      0.99901605      0.98900169       0.0000000
       1819.8912       1.0017924      0.98992389       0.0000000
       1819.9121      0.99965942      0.98678756       0.0000000
       1819.9329       1.0018288      0.98991936       0.0000000
       1819.9537       1.0010872      0.98957109       0.0000000
       1819.9746       1.0017616      0.98975539       0.0000000
       1819.9954       1.0001218      0.98773074       0.0000000
       1820.0162      0.99982238      0.98723602       0.0000000
       1820.0371       1.0010610      0.99030244       0.0000000
       1820.0579       1.0015700      0.98843789       0.0000000
       1820.0787       1.0000000      0.99142849       0.0000000
       1820.0996       1.0008788      0.98951668       0.0000000
       1820.1204       1.0019753      0.98996657       0.0000000
       1820.1412       1.0007493      0.99017173       0.0000000
       1820.1621       1.0025221      0.98992974       0.0000000
       1820.1829       1.0006686      0.99034178       0.0000000
       1820.2037       1.0001742      0.98948663       0.0000000
       1820.2246       1.0000505      0.98921651       0.0000000
       1820.2454       1.0004442      0.98907393       0.0000000
       1820.2662       1.0004873      0.99027753       0.0000000
       1820.2871      0.99939185      0.98948985       0.0000000
       1820.3079      0.99849194      0.98804003       0.0000000
       1820.3287      0.98865151      0.97712976       0.0000000
       1820.3496      0.98073334      0.97052068       0.0000000
       1820.3704      0.97417188      0.96371549       0.0000000
       1820.3912      0.97382587      0.96375293       0.0000000
       1820.4121      0.97737199      0.96575123       0.0000000
       1820.4329      0.98543906      0.97394949       0.0000000
       1820.4537      0.99465424      0.98378766       0.0000000
       1820.4746      0.99892920      0.98794901       0.0000000
       1820.4954      0.99798679      0.98639935       0.0000000
       1820.5162      0.99795216      0.98434210       0.0000000
       1820.5371       1.0029287      0.98955822       0.0000000
       1820.5579      0.99874353      0.98621100       0.0000000
       1820.5787      0.99920851      0.98985296       128.00000
       1820.5996      0.99915898      0.98523736       0.0000000
       1820.6204       1.0017011      0.98972714       0.0000000
       1820.6412       1.0008471      0.98877841       0.0000000
       1820.6621       1.0027658      0.99080366       0.0000000
       1820.6829       1.0018052      0.98912269       0.0000000
       1820.7037       1.0034370      0.99101663       0.0000000
       1820.7246       1.0047143      0.99125934       0.0000000
       1820.7454       1.0053681      0.99250233       0.0000000
       1820.7662       1.0087098      0.99707818       0.0000000
       1820.7871       1.0036232      0.98973346       0.0000000
       1820.8079       1.0075755      0.99491763       0.0000000
       1820.8287       1.0065430      0.99467444       0.0000000
       1820.8496       1.0063776      0.99527371       0.0000000
       1820.8704       1.0043710      0.99301648       0.0000000
       1820.8912       1.0046191      0.99183697       0.0000000
       1820.9121       1.0044084      0.99218708       0.0000000
       1820.9329       1.0023586      0.99018759       0.0000000
       1820.9537       1.0011107      0.98690921       0.0000000
       1820.9746       1.0003855      0.98857963       128.00000
       1820.9954      0.99933052      0.98863751       0.0000000
       1821.0162      0.99370420      0.98242140       128.00000
       1821.0371      0.99447095      0.98286259       128.00000
       1821.0579      0.99406880      0.98134857       0.0000000
       1821.0787      0.99092597      0.98025143       0.0000000
       1821.0996      0.98970127      0.97501701       0.0000000
       1821.1204      0.98754382      0.97157264       128.00000
       1821.1413   5.8021323e-16      0.85519934       128.00000
       1821.1621       1.0003290      0.99620229       0.0000000
       1821.1829      0.99982929      0.99479312       0.0000000
       1821.2038      0.99938393      0.99428636       0.0000000
       1821.2246      0.99722910      0.99227530       128.00000
       1821.2454      0.99995708      0.99544030       0.0000000
       1821.2663      0.99651027      0.99252564       128.00000
       1821.2871      0.99750137      0.99378306       0.0000000
       1821.3079      0.99473011      0.99168140       0.0000000
       1821.3288      0.98258162      0.97794950       0.0000000
       1821.3496      0.97306424      0.96908760       0.0000000
       1821.3704      0.96808022      0.96492523       0.0000000
       1821.3913      0.96677166      0.96207333       128.00000
       1821.4121      0.97838730      0.97692716       0.0000000
       1821.4329      0.98777771      0.98525810       0.0000000
       1821.4538      0.99627709      0.99373668       0.0000000
       1821.4746      0.99859762      0.99618834       0.0000000
       1821.4954      0.99157417      0.98820025       128.00000
       1821.5163      0.99643749      0.99472952       0.0000000
       1821.5371      0.99705988      0.99751949       0.0000000
       1821.5579      0.99558067      0.99633676       128.00000
       1821.5788      0.99558336      0.99545288       128.00000
       1821.5996      0.99815130      0.99853826       0.0000000
       1821.6204      0.99757153      0.99863720       0.0000000
       1821.6413      0.99751109      0.99982363       0.0000000
       1821.6621      0.99874258       1.0002999       0.0000000
       1821.6829      0.99518013      0.99826926       128.00000
       1821.7038      0.99897593      0.99824524       128.00000
       1821.7246      0.99753445       1.0000000       0.0000000
       1821.7454      0.99866867       1.0028430       0.0000000
       1821.7663      0.99597359      0.99695641       128.00000
       1821.7871      0.99881333       1.0032796       0.0000000
       1821.8079       1.0011989       1.0044097       0.0000000
       1821.8288      0.99886727       1.0031959       0.0000000
       1821.8496       1.0010334       1.0048673       0.0000000
       1821.8704       1.0013324       1.0062844       0.0000000
       1821.8913       1.0008879       1.0064319       0.0000000
       1821.9121       1.0031967       1.0050156       0.0000000
       1821.9329       1.0013683       1.0067924       0.0000000
       1821.9538       1.0014437       1.0073422       0.0000000
       1821.9746       1.0011407       1.0070916       0.0000000
       1821.9954       1.0027239       1.0075239       0.0000000
       1822.0163       1.0033906       1.0090187       0.0000000
       1822.0371       1.0019504       1.0081151       0.0000000
       1822.0579       1.0029578       1.0085366       0.0000000
       1822.0788       1.0033511       1.0076085       0.0000000
       1822.0996       1.0028528       1.0101647       0.0000000
       1822.1204       1.0027908       1.0078471       0.0000000
       1822.1413       1.0039070       1.0089514       0.0000000
       1822.1621       1.0026367       1.0095594       0.0000000
       1822.1829       1.0026453       1.0113094       0.0000000
       1822.2038       1.0026590       1.0113773       0.0000000
       1822.2246       1.0028703       1.0089535       0.0000000
       1822.2454       1.0027218       1.0107827       0.0000000
       1822.2663       1.0028883       1.0105401       0.0000000
       1822.2871       1.0021552       1.0097888       0.0000000
       1822.3079      0.99041474       1.0112185       128.00000
       1822.3288       1.0013212       1.0101619       0.0000000
       1822.3496       1.0032625       1.0122181       0.0000000
       1822.3704       1.0026431       1.0095031       0.0000000
       1822.3913       1.0022604       1.0098817       0.0000000
       1822.4121       1.0018454       1.0100580       0.0000000
       1822.4329       1.0035685       1.0123540       0.0000000
       1822.4538       1.0029116       1.0100509       0.0000000
       1822.4746       1.0034052       1.0129615       0.0000000
       1822.4954       1.0018250       1.0112625       0.0000000
       1822.5163       1.0037482       1.0126950       0.0000000
       1822.5371       1.0031079       1.0116683       0.0000000
       1822.5579       1.0029504       1.0116987       0.0000000
       1822.5788       1.0026925       1.0105777       0.0000000
       1822.5996       1.0025531       1.0148343       0.0000000
       1822.6204       1.0015197       1.0111033       0.0000000
       1822.6413       1.0034593       1.0138712       0.0000000
       1822.6621       1.0018580       1.0130407       0.0000000
       1822.6829       1.0040578       1.0129147       0.0000000
       1822.7038       1.0029099       1.0135989       0.0000000
       1822.7246      0.99977696       1.0129858       0.0000000
       1822.7454       1.0038655       1.0147187       0.0000000
       1822.7663       1.0028155       1.0135334       0.0000000
       1822.7871       1.0029694       1.0136777       0.0000000
       1822.8079       1.0030322       1.0140530       0.0000000
       1822.8288       1.0041499       1.0144082       0.0000000
       1822.8496       1.0034457       1.0136309       0.0000000
       1822.8704      0.99527156       1.0065813       0.0000000
       1822.8913      0.98767173      0.99930298       0.0000000
       1822.9121      0.98033392      0.99114692       0.0000000
       1822.9329      0.97878593      0.98869795       0.0000000
       1822.9538      0.98176241      0.99337959       0.0000000
       1822.9746      0.99185550       1.0021833       0.0000000
       1822.9954      0.99942136       1.0126169       0.0000000
       1823.0163       1.0037544       1.0163358       0.0000000
       1823.0371       1.0039299       1.0184088       0.0000000
       1823.0579       1.0046841       1.0187082       0.0000000
       1823.0788       1.0051303       1.0172669       0.0000000
       1823.0996       1.0062493       1.0176789       0.0000000
       1823.1204       1.0076083       1.0203030       0.0000000
       1823.1413       1.0082512       1.0197694       0.0000000
       1823.1621       1.0089902       1.0188793       128.00000
       1823.1829       1.0096254       1.0223404       0.0000000
       1823.2038       1.0098317       1.0222778       0.0000000
       1823.2246       1.0097022       1.0226176       0.0000000
       1823.2454       1.0123290       1.0274864       0.0000000
       1823.2663       1.0145302       1.0254986       0.0000000
       1823.2871       1.0134450       1.0261854       0.0000000
       1823.3079       1.0141035       1.0299610       0.0000000
       1823.3288       1.0130717       1.0278629       0.0000000
       1823.3496       1.0153483       1.0274045       0.0000000
       1823.3704       1.0168995       1.0307137       0.0000000
       1823.3913       1.0164485       1.0307813       0.0000000
       1823.4121       1.0166584       1.0293093       0.0000000
       1823.4330       1.0157733       1.0273713       0.0000000
       1823.4538       1.0129175       1.0273160       0.0000000
       1823.4746       1.0106019       1.0254223       0.0000000
       1823.4955       1.0098451       1.0239812       0.0000000
       1823.5163       1.0104866       1.0245292       0.0000000
       1823.5371       1.0075172       1.0220407       0.0000000
       1823.5580       1.0058763       1.0201576       0.0000000
       1823.5788       1.0046136       1.0194817       0.0000000
       1823.5996       1.0030364       1.0181940       0.0000000
       1823.6205       1.0007352       1.0161415       0.0000000
       1823.6413       1.0009109       1.0159935       0.0000000
       1823.6621      0.99863255       1.0137179       0.0000000
       1823.6830      0.99556476       1.0132675       0.0000000
       1823.7038      0.99629819       1.0124563       0.0000000
       1823.7246      0.99605232       1.0110441       0.0000000
       1823.7455      0.99652737       1.0126354       0.0000000
       1823.7663      0.99607366       1.0115629       0.0000000
       1823.7871      0.99342227       1.0097644       0.0000000
       1823.8080      0.99355841       1.0101416       0.0000000
       1823.8288      0.99374866       1.0110118       0.0000000
       1823.8496      0.99033296       1.0079993       0.0000000
       1823.8705      0.98119861      0.99788189       0.0000000
       1823.8913      0.96975946      0.98599744       0.0000000
       1823.9121      0.96428382      0.98148829       0.0000000
       1823.9330      0.96670109      0.98447102       0.0000000
       1823.9538      0.97376579      0.98958319       0.0000000
       1823.9746      0.98419726       1.0018119       0.0000000
       1823.9955      0.99424940       1.0115045       0.0000000
       1824.0163      0.99638259       1.0133104       0.0000000
       1824.0371      0.99589097       1.0135989       0.0000000
       1824.0580      0.99621624       1.0141325       0.0000000
       1824.0788      0.99753213       1.0163686       0.0000000
       1824.0996      0.99886149       1.0177165       0.0000000
       1824.1205      0.99782848       1.0164372       0.0000000
       1824.1413      0.99959481       1.0179367       0.0000000
       1824.1621      0.99921077       1.0182968       0.0000000
       1824.1830      0.99826789       1.0180116       0.0000000
       1824.2038      0.99932647       1.0200084       0.0000000
       1824.2246      0.99863577       1.0180403       0.0000000
       1824.2455      0.99864870       1.0191853       0.0000000
       1824.2663      0.99877596       1.0208601       0.0000000
       1824.2871      0.80282772       1.0214616       128.00000
       1824.3080       1.0007089       1.0203381       0.0000000
       1824.3288       1.0000224       1.0197852       0.0000000
       1824.3496      0.99986213       1.0197929       0.0000000
       1824.3705      0.99952900       1.0196650       0.0000000
       1824.3913       1.0004464       1.0213087       0.0000000
       1824.4121       1.0023892       1.0228390       0.0000000
       1824.4330       1.0015080       1.0225408       0.0000000
       1824.4538       1.0016482       1.0226506       0.0000000
       1824.4746       1.0020974       1.0233101       0.0000000
       1824.4955       1.0013305       1.0235873       0.0000000
       1824.5163       1.0013857       1.0219998       0.0000000
       1824.5371       1.0022711       1.0241694       0.0000000
       1824.5580       1.0016620       1.0227123       0.0000000
       1824.5788       1.0005527       1.0216833       0.0000000
       1824.5996       1.0010198       1.0213535       0.0000000
       1824.6205       1.0006427       1.0203528       0.0000000
       1824.6413      0.99898863       1.0208569       0.0000000
       1824.6621       1.0006784       1.0216045       0.0000000
       1824.6830       1.0003833       1.0216745       0.0000000
       1824.7038      0.99848819       1.0201702       0.0000000
       1824.7246      0.99870777       1.0211023       0.0000000
       1824.7455      0.99972290       1.0214964       0.0000000
       1824.7663      0.99853104       1.0202117       0.0000000
       1824.7871      0.99817652       1.0201005       0.0000000
       1824.8080      0.99855804       1.0212405       0.0000000
       1824.8288      0.99971467       1.0211792       0.0000000
       1824.8496      0.99881536       1.0200558       0.0000000
       1824.8705      0.99842823       1.0210971       0.0000000
       1824.8913      0.99825996       1.0199696       0.0000000
       1824.9121      0.99812973       1.0206484       0.0000000
       1824.9330      0.99977559       1.0215000       0.0000000
       1824.9538      0.99765497       1.0205319       0.0000000
       1824.9746      0.99811924       1.0211637       0.0000000
       1824.9955      0.99790335       1.0211880       0.0000000
       1825.0163      0.99878645       1.0221400       0.0000000
       1825.0371      0.99751318       1.0204183       0.0000000
       1825.0580      0.99865079       1.0223819       0.0000000
       1825.0788      0.99817348       1.0225935       0.0000000
       1825.0996       1.0002561       1.0228059       0.0000000
       1825.1205      0.99970978       1.0236175       0.0000000
       1825.1413      0.99818099       1.0207527       0.0000000
       1825.1621      0.99941969       1.0227058       0.0000000
       1825.1830       1.0014193       1.0247233       0.0000000
       1825.2038       1.0008367       1.0239699       0.0000000
       1825.2246       1.0023044       1.0261334       0.0000000
       1825.2455       1.0014694       1.0229892       0.0000000
       1825.2663       1.0031071       1.0264487       0.0000000
       1825.2871       1.0016168       1.0253525       0.0000000
       1825.3080       1.0023345       1.0257355       0.0000000
       1825.3288       1.0034882       1.0266131       0.0000000
       1825.3496       1.0027136       1.0262845       0.0000000
       1825.3705       1.0022502       1.0247362       0.0000000
       1825.3913       1.0012528       1.0247656       0.0000000
       1825.4121      0.99671948       1.0181767       0.0000000
       1825.4330      0.98701620       1.0088656       0.0000000
       1825.4538      0.97919965       1.0010241       0.0000000
       1825.4746      0.97722608      0.99927682       0.0000000
       1825.4955      0.98102671       1.0021567       0.0000000
       1825.5163      0.98623520       1.0079126       0.0000000
       1825.5371      0.99829108       1.0211842       0.0000000
       1825.5580       1.0032640       1.0251786       0.0000000
       1825.5788       1.0035553       1.0268221       0.0000000
       1825.5996       1.0029831       1.0248394       0.0000000
       1825.6205       1.0001439       1.0218122       0.0000000
       1825.6413       1.0029988       1.0250634       0.0000000
       1825.6621       1.0014621       1.0233190       0.0000000
       1825.6830       1.0044284       1.0269161       0.0000000
       1825.7038       1.0035796       1.0241144       0.0000000
       1825.7246       1.0052741       1.0281111       0.0000000
       1825.7455       1.0075632       1.0304028       0.0000000
       1825.7663       1.0062824       1.0277524       0.0000000
       1825.7871       1.0075392       1.0300357       0.0000000
       1825.8080       1.0065750       1.0275167       0.0000000
       1825.8288       1.0095825       1.0329589       0.0000000
       1825.8496       1.0095596       1.0321505       0.0000000
       1825.8705       1.0097677       1.0316617       0.0000000
       1825.8913       1.0114239       1.0344436       0.0000000
       1825.9121       1.0094104       1.0295101       0.0000000
       1825.9330       1.0076652       1.0295793       0.0000000
       1825.9538       1.0076188       1.0290591       0.0000000
       1825.9746       1.0083941       1.0289252       0.0000000
       1825.9955       1.0077258       1.0278884       0.0000000
       1826.0163       1.0015919       1.0206904       0.0000000
       1826.0371       1.0002463       1.0194107       0.0000000
       1826.0580       1.0023919       1.0209670       0.0000000
       1826.0788      0.99940604       1.0179275       0.0000000
       1826.0996      0.99856389       1.0164598       0.0000000
       1826.1205      0.99370080       1.0100100       0.0000000
       1826.1413   6.0577366e-16      0.89288366       128.00000
       1826.1621       1.0011746       1.0259581       0.0000000
       1826.1830      0.99992973       1.0258412       0.0000000
       1826.2038      0.99745381       1.0236888       0.0000000
       1826.2246      0.99857521       1.0247002       0.0000000
       1826.2455      0.99747378       1.0234339       0.0000000
       1826.2663      0.99647456       1.0219653       0.0000000
       1826.2871      0.99594837       1.0206096       0.0000000
       1826.3080      0.99542314       1.0217173       0.0000000
       1826.3288      0.99375087       1.0190339       128.00000
       1826.3496      0.99486369       1.0205240       0.0000000
       1826.3705      0.99593610       1.0226440       0.0000000
       1826.3913      0.99384815       1.0180296       0.0000000
       1826.4121      0.98504347       1.0114278       0.0000000
       1826.4330      0.97379047      0.99893761       0.0000000
       1826.4538      0.96604043      0.99253261       0.0000000
       1826.4746      0.96405733      0.98951882       0.0000000
       1826.4955      0.97144604      0.99830550       0.0000000
       1826.5163      0.98184890       1.0096375       0.0000000
       1826.5371      0.99239504       1.0199376       0.0000000
       1826.5580      0.99395883       1.0220613       0.0000000
       1826.5788      0.99596870       1.0233880       0.0000000
       1826.5996      0.99504453       1.0214788       0.0000000
       1826.6205      0.99491423       1.0229205       0.0000000
       1826.6413      0.99722230       1.0249892       0.0000000
       1826.6621      0.99675226       1.0244803       0.0000000
       1826.6830      0.99779433       1.0234457       128.00000
       1826.7038      0.99726200       1.0237720       0.0000000
       1826.7246      0.99857754       1.0268412       0.0000000
       1826.7455      0.99922049       1.0260209       0.0000000
       1826.7663      0.99895954       1.0269668       0.0000000
       1826.7871       1.0004513       1.0280309       0.0000000
       1826.8080      0.99886209       1.0261047       0.0000000
       1826.8288      0.99823260       1.0252459       0.0000000
       1826.8496      0.99980533       1.0272330       0.0000000
       1826.8705      0.99887490       1.0273471       0.0000000
       1826.8913       1.0024482       1.0292498       0.0000000
       1826.9121       1.0025839       1.0306436       0.0000000
       1826.9330       1.0018011       1.0281554       0.0000000
       1826.9538       1.0012597       1.0277696       128.00000
       1826.9747       1.0011395       1.0286188       0.0000000
       1826.9955       1.0018604       1.0281022       0.0000000
       1827.0163       1.0023690       1.0299578       0.0000000
       1827.0372       1.0031420       1.0288051       0.0000000
       1827.0580       1.0008271       1.0257853       0.0000000
       1827.0788       1.0007547       1.0281832       0.0000000
       1827.0997       1.0020828       1.0281036       128.00000
       1827.1205       1.0010921       1.0263517       128.00000
       1827.1413       1.0000730       1.0266279       0.0000000
       1827.1622       1.0015206       1.0289525       0.0000000
       1827.1830       1.0015486       1.0286046       0.0000000
       1827.2038      0.99618757       1.0272338       128.00000
       1827.2247       1.0000192       1.0259135       0.0000000
       1827.2455       1.0017807       1.0278300       0.0000000
       1827.2663       1.0001581       1.0272338       0.0000000
       1827.2872       1.0022802       1.0285907       0.0000000
       1827.3080       1.0016146       1.0259233       0.0000000
       1827.3288       1.0007137       1.0254499       0.0000000
       1827.3497       1.0006136       1.0260636       0.0000000
       1827.3705       1.0006112       1.0260193       0.0000000
       1827.3913       1.0017015       1.0273496       0.0000000
       1827.4122       1.0022912       1.0288715       0.0000000
       1827.4330       1.0018324       1.0264632       0.0000000
       1827.4538       1.0019218       1.0264440       0.0000000
       1827.4747       1.0020905       1.0274715       0.0000000
       1827.4955      0.99960220       1.0241520       0.0000000
       1827.5163       1.0029510       1.0290749       0.0000000
       1827.5372       1.0011083       1.0258725       0.0000000
       1827.5580       1.0025102       1.0274279       0.0000000
       1827.5788       1.0025086       1.0279118       0.0000000
       1827.5997       1.0021412       1.0271060       0.0000000
       1827.6205       1.0014586       1.0247720       0.0000000
       1827.6413       1.0003612       1.0267155       0.0000000
       1827.6622       1.0011019       1.0271553       0.0000000
       1827.6830       1.0008314       1.0266200       0.0000000
       1827.7038       1.0007176       1.0261614       0.0000000
       1827.7247       1.0015229       1.0266681       0.0000000
       1827.7455       1.0011448       1.0262309       0.0000000
       1827.7663       1.0021071       1.0267735       0.0000000
       1827.7872       1.0013729       1.0258405       0.0000000
       1827.8080       1.0006789       1.0247993       0.0000000
       1827.8288       1.0006878       1.0244007       0.0000000
       1827.8497       1.0046904       1.0280704       128.00000
       1827.8705       1.0032333       1.0262198       0.0000000
       1827.8913      0.99875045       1.0211893       0.0000000
       1827.9122      0.99976438       1.0218296       0.0000000
       1827.9330       1.0038539       1.0257336       0.0000000
       1827.9538      0.99654019       1.0177979       0.0000000
       1827.9747      0.98756379       1.0082450       0.0000000
       1828.9747   3.1430662e-14      0.90481633       128.00000
       1828.9955      0.95929348      0.90782785       0.0000000
       1829.0163      0.95784038      0.90939754       0.0000000
       1829.0372      0.96282518      0.91465914       0.0000000
       1829.0580      0.97344440      0.92297679       0.0000000
       1829.0788      0.98566818      0.93862247       0.0000000
       1829.0997      0.98812497      0.94267732       0.0000000
       1829.1205      0.99007070      0.94454527       0.0000000
       1829.1413      0.99012750      0.94702780       0.0000000
       1829.1622      0.99120462      0.94733077       0.0000000
       1829.1830      0.99442023      0.95068896       128.00000
       1829.2038      0.99018711      0.95033729       0.0000000
       1829.2247      0.99249774      0.95285243       0.0000000
       1829.2455      0.99346882      0.95332426       0.0000000
       1829.2663      0.99259990      0.95521486       128.00000
       1829.2872      0.99098146      0.95283043       0.0000000
       1829.3080      0.99581748      0.95691335       0.0000000
       1829.3288      0.99130392      0.95705366       0.0000000
       1829.3497      0.99379104      0.95582211       0.0000000
       1829.3705      0.99461746      0.95843518       0.0000000
       1829.3913      0.99469990      0.95618618       128.00000
       1829.4122      0.99651963      0.96158546       0.0000000
       1829.4330      0.99500775      0.95917368       128.00000
       1829.4538      0.99459195      0.96204001       0.0000000
       1829.4747      0.99598461      0.96020454       0.0000000
       1829.4955      0.99479967      0.96249849       0.0000000
       1829.5163      0.99556273      0.96266466       0.0000000
       1829.5372      0.99600017      0.96180350       0.0000000
       1829.5580      0.99440277      0.96382070       128.00000
       1829.5788      0.99689722      0.96348405       0.0000000
       1829.5997      0.99448001      0.95961988       128.00000
       1829.6205      0.99425101      0.96212906       128.00000
       1829.6413      0.99801415      0.95875072       0.0000000
       1829.6622       1.0003439      0.96068746       128.00000
       1829.6830      0.99775219      0.96123838       0.0000000
       1829.7038       1.0017451      0.96212155       0.0000000
       1829.7247      0.99654502      0.96307284       0.0000000
       1829.7455      0.99923956      0.96523106       0.0000000
       1829.7663      0.99789727      0.96361834       0.0000000
       1829.7872      0.99914140      0.96388286       0.0000000
       1829.8080      0.99996948      0.96247417       0.0000000
       1829.8288       1.0034114      0.96597284       0.0000000
       1829.8497       1.0001979      0.96348131       0.0000000
       1829.8705       1.0012578      0.96580547       0.0000000
       1829.8913       1.0028661      0.96553689       0.0000000
       1829.9122       1.0022233      0.96977305       0.0000000
       1829.9330       1.0006136      0.96745956       0.0000000
       1829.9538       1.0033805      0.97081435       0.0000000
       1829.9747       1.0003502      0.96890026       0.0000000
       1829.9955       1.0016681      0.97092807       0.0000000
       1830.0163       1.0018611      0.97152799       0.0000000
       1830.0372      0.99933779      0.96960086       0.0000000
       1830.0580       1.0017838      0.97217882       0.0000000
       1830.0788       1.0019511      0.97168523       0.0000000
       1830.0997       1.0019685      0.96964717       0.0000000
       1830.1205      0.99978733      0.97182095       0.0000000
       1830.1413      0.99975306      0.97614348       0.0000000
       1830.1622       1.0008759      0.97320670       128.00000
       1830.1830       1.0016898      0.97410667       0.0000000
       1830.2038       1.0025947      0.97396022       0.0000000
       1830.2247       1.0015820      0.97514296       0.0000000
       1830.2455       1.0012335      0.97908419       0.0000000
       1830.2663       1.0012047      0.97863561       0.0000000
       1830.2872       1.0030798      0.97636718       0.0000000
       1830.3080       1.0021470      0.97648013       0.0000000
       1830.3288       1.0022932      0.97740942       0.0000000
       1830.3497       1.0012906      0.97914040       0.0000000
       1830.3705       1.0000000      0.98275340       0.0000000
       1830.3913       1.0010349      0.98246646       0.0000000
       1830.4122      0.99917305      0.98003268       0.0000000
       1830.4330       1.0020849      0.97971433       0.0000000
       1830.4538       1.0002928      0.97829425       0.0000000
       1830.4747      0.99953306      0.97938681       0.0000000
       1830.4955      0.99545628      0.97605073       0.0000000
       1830.5163      0.98676604      0.96866846       0.0000000
       1830.5372      0.97981042      0.95991784       0.0000000
       1830.5580      0.97466624      0.95696867       0.0000000
       1830.5788      0.97511303      0.95841014       0.0000000
       1830.5997      0.98199946      0.96326834       0.0000000
       1830.6205      0.99080265      0.97071838       0.0000000
       1830.6413      0.99849164      0.98161405       0.0000000
       1830.6622      0.99925518      0.98282117       0.0000000
       1830.6830       1.0019907      0.98097128       0.0000000
       1830.7038       1.0003102      0.98340207       0.0000000
       1830.7247       1.0013772      0.98557103       0.0000000
       1830.7455       1.0016643      0.98475569       0.0000000
       1830.7663       1.0021776      0.98510450       0.0000000
       1830.7872       1.0020901      0.98696643       0.0000000
       1830.8080       1.0052903      0.99024105       0.0000000
       1830.8288       1.0059520      0.99031937       0.0000000
       1830.8497       1.0081607      0.99081713       0.0000000
       1830.8705       1.0065575      0.99323297       0.0000000
       1830.8913       1.0095633      0.99330258       0.0000000
       1830.9122       1.0105762      0.99737537       0.0000000
       1830.9330       1.0102117      0.99604076       0.0000000
       1830.9538       1.0109515      0.99649870       0.0000000
       1830.9747       1.0140688      0.99837321       0.0000000
       1830.9955       1.0123662      0.99929959       0.0000000
       1831.0163       1.0136125       1.0003467       0.0000000
       1831.0372       1.0137913      0.99890524       0.0000000
       1831.0580       1.0118506      0.99910301       0.0000000
       1831.0788       1.0127134      0.99881142       0.0000000
       1831.0997       1.0116203      0.99951506       0.0000000
       1831.1205       1.0113424      0.99768782       0.0000000
       1831.1413       1.0093184      0.99590224       128.00000
       1831.1622       1.0051682      0.98944372       128.00000
       1831.1830       1.0085205      0.99457973       0.0000000
       1831.2038       1.0058210      0.99230838       0.0000000
       1831.2247       1.0057197      0.99106812       0.0000000
       1831.2455       1.0046297      0.99082351       128.00000
       1831.2663      0.99572295      0.98368758       128.00000
       1831.2872      0.99918312      0.98622930       0.0000000
       1831.3080      0.99978292      0.98749220       0.0000000
       1831.3288      0.99859256      0.98566759       0.0000000
       1831.3497      0.99853659      0.98788565       0.0000000
       1831.3705      0.99724591      0.98296624       0.0000000
       1831.3913      0.99579012      0.98515487       0.0000000
       1831.4122      0.99569017      0.98298419       128.00000
       1831.4330      0.99177814      0.98029101       128.00000
       1831.4538      0.99342769      0.98407930       0.0000000
       1831.4747      0.99488604      0.98226076       128.00000
       1831.4955      0.98752230      0.97666538       0.0000000
       1831.5163      0.97546107      0.96500170       0.0000000
       1831.5372      0.96577424      0.95661402       0.0000000
       1831.5580      0.96469975      0.95292926       0.0000000
       1831.5788      0.96778101      0.95711404       128.00000
       1831.5997      0.97818571      0.96568036       0.0000000
       1831.6205      0.98844767      0.97731471       0.0000000
       1831.6413      0.99482316      0.98107666       128.00000
       1831.6622      0.99352360      0.98105890       0.0000000
       1831.6830      0.99422824      0.98098481       128.00000
       1831.7038      0.99210876      0.98026949       0.0000000
       1831.7247      0.99440515      0.98350441       0.0000000
       1831.7455      0.99655265      0.98286265       0.0000000
       1831.7663      0.99376041      0.98304570       0.0000000
       1831.7872      0.99695742      0.98360413       0.0000000
       1831.8080      0.99571931      0.98260641       128.00000
       1831.8288      0.99553889      0.98532546       0.0000000
       1831.8497      0.99677664      0.98497295       0.0000000
       1831.8705      0.99534923      0.98741567       0.0000000
       1831.8913      0.99584472      0.98526883       0.0000000
       1831.9122      0.99571580      0.98540354       0.0000000
       1831.9330      0.99592555      0.98706508       0.0000000
       1831.9538      0.99677366      0.98593932       0.0000000
       1831.9747      0.99763227      0.98838550       0.0000000
       1831.9955      0.99729264      0.98526937       0.0000000
       1832.0163      0.99790430      0.98926604       0.0000000
       1832.0372      0.99701160      0.98857927       0.0000000
       1832.0580      0.99743551      0.98972207       0.0000000
       1832.0788      0.99772471      0.98923910       0.0000000
       1832.0997      0.99778217      0.98887509       0.0000000
       1832.1205      0.99716651      0.99060547       0.0000000
       1832.1413      0.99820626      0.99132854       0.0000000
       1832.1622      0.99838853      0.99122030       0.0000000
       1832.1830      0.99825162      0.98974496       0.0000000
       1832.2038      0.99902564      0.99102730       0.0000000
       1832.2247      0.99831963      0.99121737       0.0000000
       1832.2455       1.0007960      0.99264282       0.0000000
       1832.2663      0.99959791      0.99130821       0.0000000
       1832.2872      0.99991012      0.99144268       0.0000000
       1832.3080      0.99971926      0.99185872       128.00000
       1832.3288      0.99684465      0.99061567       0.0000000
       1832.3497      0.99783927      0.99201626       0.0000000
       1832.3705      0.99940836      0.99231589       0.0000000
       1832.3913       1.0000637      0.99380183       0.0000000
       1832.4122       1.0007284      0.99337608       0.0000000
       1832.4330       1.0001070      0.99250293       0.0000000
       1832.4538       1.0018239      0.99420702       0.0000000
       1832.4747       1.0003750      0.99272746       0.0000000
       1832.4955       1.0016595      0.99484044       0.0000000
       1832.5163       1.0031061      0.99602550       0.0000000
       1832.5372       1.0024565      0.99439538       128.00000
       1832.5580       1.0012167      0.99548763       0.0000000
       1832.5788       1.0027511      0.99648863       0.0000000
       1832.5997       1.0023034      0.99656600       0.0000000
       1832.6205       1.0027096      0.99708158       0.0000000
       1832.6413       1.0013089      0.99667442       0.0000000
       1832.6622       1.0019603      0.99651957       0.0000000
       1832.6830       1.0011538      0.99629122       0.0000000
       1832.7038       1.0005715      0.99598932       0.0000000
       1832.7247       1.0008360      0.99545449       0.0000000
       1832.7455       1.0013936      0.99663723       0.0000000
       1832.7663       1.0009577      0.99528170       128.00000
       1832.7872      0.99894607      0.99490952       0.0000000
       1832.8080       1.0003458      0.99647927       0.0000000
       1832.8288       1.0014960      0.99580967       0.0000000
       1832.8497       1.0027506      0.99608868       0.0000000
       1832.8705       1.0023453      0.99842072       0.0000000
       1832.8913       1.0007197      0.99689895       0.0000000
       1832.9122       1.0002053      0.99478078       0.0000000
       1832.9330       1.0015802      0.99706054       0.0000000
       1832.9538       1.0021304      0.99655938       0.0000000
       1832.9747       1.0009358      0.99614406       0.0000000
       1832.9955      0.99872994      0.99627423       0.0000000
       1833.0163       1.0007292      0.99735272       0.0000000
       1833.0372      0.99801457      0.99456340       0.0000000
       1833.0580      0.98694974      0.98458129       0.0000000
       1833.0788      0.97918785      0.97748148       0.0000000
       1833.0997      0.97716469      0.97062862       0.0000000
       1833.1205      0.97772682      0.97335654       0.0000000
       1833.1413      0.98107636      0.97761428       0.0000000
       1833.1622      0.99222898      0.98716164       0.0000000
       1833.1830      0.99940592      0.99551982       0.0000000
       1833.2038       1.0014879      0.99837643       0.0000000
       1833.2247       1.0026088      0.99861735       0.0000000
       1833.2455       1.0018067      0.99892884       0.0000000
       1833.2663       1.0046417       1.0006460       0.0000000
       1833.2872       1.0032431      0.99983269       0.0000000
       1833.3080       1.0064548       1.0032989       0.0000000
       1833.3288       1.0065666       1.0033135       0.0000000
       1833.3497       1.0086695       1.0049253       0.0000000
       1833.3705       1.0099515       1.0046099       0.0000000
       1833.3913       1.0096850       1.0081961       0.0000000
       1833.4122       1.0094699       1.0071136       0.0000000
       1833.4330       1.0121651       1.0066476       0.0000000
       1833.4538       1.0125886       1.0085627       0.0000000
       1833.4747       1.0123442       1.0081940       0.0000000
       1833.4955       1.0145911       1.0076302       0.0000000
       1833.5163       1.0146620       1.0121710       0.0000000
       1833.5372       1.0170600       1.0140069       0.0000000
       1833.5580       1.0137166       1.0131073       0.0000000
       1833.5788       1.0137988       1.0132614       0.0000000
       1833.5997       1.0147955       1.0119959       0.0000000
       1833.6205       1.0140958       1.0139275       0.0000000
       1833.6413       1.0142990       1.0121392       0.0000000
       1833.6622       1.0108992       1.0109872       0.0000000
       1833.6830       1.0115167       1.0103742       128.00000
       1833.7038       1.0090981       1.0075973       0.0000000
       1833.7247       1.0085440       1.0038645       0.0000000
       1833.7455       1.0078804       1.0062624       0.0000000
       1833.7663       1.0055159      0.99835873       0.0000000
       1833.7872       1.0070447      0.99761933       0.0000000
       1833.8080       1.0053724      0.99745178       0.0000000
       1833.8288       1.0031039      0.99430257       0.0000000
       1833.8497       1.0019168      0.99495727       0.0000000
       1833.8705      0.99892247      0.99636495       0.0000000
       1833.8913      0.99951184      0.98883170       0.0000000
       1833.9122       1.0000074      0.98920411       0.0000000
       1833.9330      0.99718273      0.99470454       0.0000000
       1833.9538      0.99582952      0.99075836       0.0000000
       1833.9747      0.99737072      0.99069244       0.0000000
       1833.9955      0.99504018      0.98833352       0.0000000
       1834.0163      0.99413079      0.98568761       0.0000000
       1834.0372      0.98475295      0.98413491       0.0000000
       1834.0580      0.97692221      0.97003818       0.0000000
       1834.0788      0.96851665      0.95934165       0.0000000
       1834.0997      0.96310765      0.95895976       0.0000000
       1834.1205      0.96864170      0.96277571       0.0000000
       1834.1413      0.97555739      0.97326219       0.0000000
       1834.1622      0.98871428      0.98238784       0.0000000
       1834.1830      0.99334806      0.98647547       0.0000000
       1834.2038      0.99454409      0.98924953       0.0000000
       1834.2247      0.99497306      0.99055159       0.0000000
       1834.2455      0.99601907      0.99198502       0.0000000
       1834.2663   2.9873544e-14      0.85999036       128.00000
       1834.2872      0.99513656      0.99616045       0.0000000
       1834.3080      0.99607247      0.99669522       0.0000000
       1834.3288      0.99493802      0.99670082       0.0000000
       1834.3497      0.99441653      0.99555683       0.0000000
       1834.3705      0.99564362      0.99801713       0.0000000
       1834.3913      0.99521166      0.99688697       0.0000000
       1834.4122      0.99759614      0.99835664       0.0000000
       1834.4330      0.99457771      0.99534327       0.0000000
       1834.4538      0.99949390      0.99774170       0.0000000
       1834.4747      0.99717909      0.99830067       0.0000000
       1834.4955      0.99921501       1.0001402       0.0000000
       1834.5163      0.99876010      0.99759299       0.0000000
       1834.5372       1.0003616      0.99912161       0.0000000
       1834.5580       1.0007617       1.0024076       0.0000000
       1834.5788      0.99978453       1.0012298       0.0000000
       1834.5997      0.99872482       1.0007114       0.0000000
       1834.6205      0.99841416       1.0015700       0.0000000
       1834.6413      0.99964017       1.0021540       0.0000000
       1834.6621      0.99902582       1.0014758       0.0000000
       1834.6830      0.99787045       1.0020435       0.0000000
       1834.7038      0.99969655       1.0011983       0.0000000
       1834.7246      0.99834037       1.0001922       0.0000000
       1834.7455      0.99912292       1.0026581       0.0000000
       1834.7663      0.99684328       1.0014362       0.0000000
       1834.7871      0.99876708       1.0021223       0.0000000
       1834.8080      0.99680209       1.0003027       0.0000000
       1834.8288      0.99971956       1.0038115       0.0000000
       1834.8496      0.99865496       1.0013295       0.0000000
       1834.8705      0.99861985       1.0016967       0.0000000
       1834.8913      0.99832815       1.0021942       0.0000000
       1834.9121      0.99800014       1.0023248       0.0000000
       1834.9330      0.99943715       1.0019968       0.0000000
       1834.9538       1.0000141       1.0040584       128.00000
       1834.9746      0.99997658       1.0021691       128.00000
       1834.9955      0.99824184       1.0020256       128.00000
       1835.0163       1.0008501       1.0046189       128.00000
       1835.0371      0.99926728       1.0027285       0.0000000
       1835.0580       1.0004494       1.0016702       128.00000
       1835.0788       1.0008572       1.0039569       0.0000000
       1835.0996       1.0024836       1.0039791       0.0000000
       1835.1205       1.0015669       1.0033400       0.0000000
       1835.1413       1.0014155       1.0018067       0.0000000
       1835.1621       1.0023090       1.0028248       0.0000000
       1835.1830       1.0011960       1.0036998       0.0000000
       1835.2038       1.0025975       1.0045708       0.0000000
       1835.2246       1.0006444       1.0031844       0.0000000
       1835.2455       1.0026345       1.0064577       0.0000000
       1835.2663      0.99998212       1.0048449       0.0000000
       1835.2871       1.0015943       1.0053751       0.0000000
       1835.3080       1.0015659       1.0038619       0.0000000
       1835.3288       1.0036967       1.0019296       0.0000000
       1835.3496       1.0030144       1.0019375       0.0000000
       1835.3705       1.0008960       1.0053198       0.0000000
       1835.3913       1.0001727       1.0039107       0.0000000
       1835.4121       1.0034935       1.0064744       0.0000000
       1835.4330       1.0001771       1.0028237       0.0000000
       1835.4538       1.0045861       1.0051901       0.0000000
       1835.4746       1.0012783       1.0060763       0.0000000
       1835.4955       1.0021994       1.0070132       0.0000000
       1835.5163       1.0010726       1.0032315       0.0000000
       1835.5371       1.0018342       1.0055137       0.0000000
       1835.5580       1.0009818       1.0067353       0.0000000
       1835.5788      0.99606270       1.0011594       128.00000
       1835.5996      0.97776431      0.98553681       128.00000
       1835.6205      0.97873569      0.98111111       128.00000
       1835.6413      0.97786790      0.97882038       128.00000
       1835.6621      0.97951376      0.98212010       0.0000000
       1835.6830      0.98503637      0.98515505       0.0000000
       1835.7038      0.99233693      0.99620539       0.0000000
       1835.7246      0.99921393      0.99958885       128.00000
       1835.7455       1.0055234       1.0085353       0.0000000
       1835.7663       1.0055014       1.0078889       0.0000000
       1835.7871       1.0040494       1.0077584       0.0000000
       1835.8080       1.0036460       1.0082134       0.0000000
       1835.8288       1.0067611       1.0087092       128.00000
       1835.8496       1.0060215       1.0086348       0.0000000
       1835.8705       1.0072262       1.0116113       0.0000000
       1835.8913       1.0096059       1.0119705       0.0000000
       1835.9121       1.0088589       1.0133296       0.0000000
       1835.9330       1.0090554       1.0135375       0.0000000
       1835.9538       1.0099113       1.0141956       128.00000
       1835.9746       1.0114446       1.0163937       0.0000000
       1835.9955       1.0116767       1.0156900       0.0000000
       1836.0163       1.0129277       1.0181968       0.0000000
       1836.0371       1.0136540       1.0193766       0.0000000
       1836.0580       1.0131770       1.0172818       0.0000000
       1836.0788       1.0129360       1.0161445       0.0000000
       1836.0996       1.0153271       1.0158973       0.0000000
       1836.1205       1.0136917       1.0192412       128.00000
       1836.1413       1.0152954       1.0173565       0.0000000
       1836.1621       1.0158490       1.0175965       0.0000000
       1836.1830       1.0135597       1.0162405       0.0000000
       1836.2038       1.0143850       1.0158349       0.0000000
       1836.2246       1.0134858       1.0119498       0.0000000
       1836.2455       1.0110245       1.0114871       0.0000000
       1836.2663       1.0089583       1.0085183       128.00000
       1836.2871       1.0064983       1.0076325       128.00000
       1836.3080       1.0047946       1.0114535       0.0000000
       1836.3288       1.0023838       1.0070616       0.0000000
       1836.3496       1.0028942       1.0061638       0.0000000
       1836.3705      0.99998915       1.0036077       0.0000000
       1836.3913      0.99851090       1.0041766       0.0000000
       1836.4121      0.99854046       1.0037272       0.0000000
       1836.4330      0.99647933       1.0042992       0.0000000
       1836.4538      0.99655819       1.0018775       0.0000000
       1836.4746      0.99591541       1.0015103       0.0000000
       1836.4955      0.99520522       1.0024562       0.0000000
       1836.5163      0.99392104      0.99897629       128.00000
       1836.5371      0.99460167       1.0013896       0.0000000
       1836.5580      0.99541271       1.0017524       0.0000000
       1836.5788      0.98952383      0.99535739       0.0000000
       1836.5996      0.97782445      0.98566848       0.0000000
       1836.6205      0.97066092      0.97527581       0.0000000
       1836.6413      0.96502846      0.97182500       0.0000000
       1836.6621      0.96805477      0.97448057       0.0000000
       1836.6830      0.97745073      0.98502243       0.0000000
       1836.7038      0.98599011      0.99484271       0.0000000
       1836.7246      0.99536002       1.0014616       0.0000000
       1836.7455      0.99616462       1.0019562       0.0000000
       1836.7663      0.99663031       1.0021423       0.0000000
       1836.7871      0.99608231       1.0016090       0.0000000
       1836.8080      0.99602783       1.0031019       0.0000000
       1836.8288      0.99804962       1.0041083       0.0000000
       1836.8496      0.99711311       1.0038828       0.0000000
       1836.8705      0.99668235       1.0062047       0.0000000
       1836.8913      0.99935496       1.0063666       0.0000000
       1836.9121      0.99916357       1.0070093       0.0000000
       1836.9330      0.99826014       1.0071545       0.0000000
       1836.9538      0.99907809       1.0092052       0.0000000
       1836.9746      0.99925566       1.0082563       0.0000000
       1836.9955       1.0004362       1.0074673       0.0000000
       1837.0163       1.0018256       1.0077343       0.0000000
       1837.0371       1.0015115       1.0080848       0.0000000
       1837.0580       1.0002457       1.0073177       0.0000000
       1837.0788       1.0010562       1.0086932       0.0000000
       1837.0996       1.0009166       1.0081877       0.0000000
       1837.1205       1.0020347       1.0096824       0.0000000
       1837.1413       1.0006745       1.0105690       0.0000000
       1837.1621       1.0000738       1.0101602       0.0000000
       1837.1830       1.0010912       1.0107301       0.0000000
       1837.2038       1.0017536       1.0114214       0.0000000
       1837.2246       1.0012929       1.0089725       0.0000000
       1837.2455       1.0003250       1.0091754       0.0000000
       1837.2663       1.0015236       1.0081105       0.0000000
       1837.2871      0.99938154       1.0086542       0.0000000
       1837.3080       1.0006456       1.0086495       0.0000000
       1837.3288      0.99922675       1.0079632       0.0000000
       1837.3496      0.99891752       1.0078996       0.0000000
       1837.3705      0.99844003       1.0076531       0.0000000
       1837.3913       1.0006353       1.0075592       0.0000000
       1837.4121      0.99960816       1.0083088       0.0000000
       1837.4330       1.0012680       1.0097197       0.0000000
       1837.4538      0.99999410       1.0081948       0.0000000
       1837.4746      0.99830788       1.0071672       0.0000000
       1837.4955       1.0006598       1.0100728       0.0000000
       1837.5163       1.0001397       1.0091747       0.0000000
       1837.5371      0.99898070       1.0074261       0.0000000
       1837.5580      0.99979520       1.0092335       0.0000000
       1837.5788      0.99958324       1.0091980       0.0000000
       1837.5996      0.99963462       1.0092145       0.0000000
       1837.6205      0.99861109       1.0087639       0.0000000
       1837.6413      0.99963385       1.0099126       0.0000000
       1837.6621      0.99927127       1.0096649       0.0000000
       1837.6830      0.99901032       1.0083479       0.0000000
       1837.7038      0.99860471       1.0089154       0.0000000
       1837.7246      0.99997026       1.0089458       0.0000000
       1837.7455       1.0005437       1.0104105       0.0000000
       1837.7663      0.99781239       1.0072389       0.0000000
       1837.7871      0.99964607       1.0093246       0.0000000
       1837.8080      0.99906003       1.0094159       0.0000000
       1837.8288      0.99929208       1.0091325       0.0000000
       1837.8496       1.0012777       1.0105183       0.0000000
       1837.8705       1.0002228       1.0110282       0.0000000
       1837.8913      0.99892157       1.0092759       0.0000000
       1837.9121      0.99968654       1.0109526       0.0000000
       1837.9330       1.0012249       1.0107610       0.0000000
       1837.9538       1.0002111       1.0107489       0.0000000
       1837.9746      0.99960607       1.0117661       0.0000000
       1837.9955      0.99909741       1.0093722       0.0000000
       1838.0163       1.0004277       1.0112491       0.0000000
       1838.0371       1.0004599       1.0113127       0.0000000
       1838.0580       1.0009549       1.0114768       0.0000000
       1838.0788       1.0012367       1.0124751       0.0000000
       1838.0996       1.0012449       1.0115843       0.0000000
       1838.1204       1.0003637       1.0113105       0.0000000
       1838.1413      0.99223500       1.0027527       0.0000000
       1838.1621      0.98246074      0.99296528       0.0000000
       1838.1829      0.97793645      0.98836261       0.0000000
       1838.2038      0.97699445      0.98700523       0.0000000
       1838.2246      0.98252028      0.99209064       0.0000000
       1838.2454      0.99058372       1.0002323       0.0000000
       1838.2663      0.99886489       1.0091360       0.0000000
       1838.2871       1.0031775       1.0122421       0.0000000
       1838.3079       1.0037413       1.0132991       0.0000000
       1838.3288       1.0048532       1.0151905       0.0000000
       1838.3496       1.0030130       1.0144900       0.0000000
       1838.3704       1.0042115       1.0153233       0.0000000
       1838.3913       1.0053672       1.0162482       0.0000000
       1838.4121       1.0062227       1.0167171       0.0000000
       1838.4329       1.0062598       1.0167692       0.0000000
       1838.4538       1.0080979       1.0178051       0.0000000
       1838.4746       1.0083985       1.0195878       0.0000000
       1838.4954       1.0107869       1.0186014       0.0000000
       1838.5163       1.0106744       1.0210013       0.0000000
       1838.5371       1.0124062       1.0201432       0.0000000
       1838.5579       1.0125443       1.0209419       0.0000000
       1838.5788       1.0141776       1.0221497       0.0000000
       1838.5996       1.0140392       1.0218576       0.0000000
       1838.6204       1.0143800       1.0230007       0.0000000
       1838.6413       1.0160608       1.0193582       0.0000000
       1838.6621       1.0165764       1.0184435       0.0000000
       1838.6829       1.0140089       1.0196111       0.0000000
       1838.7038       1.0121073       1.0204608       0.0000000
       1838.7454       1.0104767       1.0189118       128.00000
       1838.7663       1.0098760       1.0183557       0.0000000
       1838.7871       1.0110543       1.0167549       0.0000000
       1838.8079       1.0105699       1.0157841       128.00000
       1838.8288       1.0063261       1.0146904       0.0000000
       1838.8496       1.0053391       1.0134965       0.0000000
       1838.8704       1.0053664       1.0130317       0.0000000
       1838.8913       1.0026888       1.0090948       128.00000
       1838.9121       1.0017658       1.0056852       0.0000000
       1838.9329       1.0009973       1.0065062       0.0000000
       1838.9538      0.99825186       1.0042332       0.0000000
       1838.9746      0.99892581       1.0019556       0.0000000
       1838.9954      0.99920493      0.99879920       0.0000000
       1839.0163      0.99778664       1.0004531       0.0000000
       1839.0371      0.99820328       1.0000213       0.0000000
       1839.0579      0.99665946      0.99870032       0.0000000
       1839.0788      0.99634647       1.0000000       0.0000000
       1839.0996      0.99509084      0.99747318       0.0000000
       1839.1204      0.99277705      0.99326867       0.0000000
       1839.1413      0.98221600      0.98325658       0.0000000
       1839.1621      0.97153550      0.97372121       0.0000000
       1839.1829      0.96566284      0.96661836       0.0000000
       1839.2038      0.96818739      0.96894062       0.0000000
       1839.2246      0.97640747      0.97572643       0.0000000
       1839.2454      0.98663104      0.99061847       0.0000000
       1839.2663      0.99568844      0.99988842       0.0000000
       1839.2871      0.99742228      0.99790066       0.0000000
       1839.3079      0.99668020      0.99848771       0.0000000
       1839.3288      0.99655044      0.99708617       0.0000000
       1839.3496      0.99737656       1.0005426       0.0000000
       1839.3704      0.99793029      0.99693459       0.0000000
       1839.3913      0.99771506      0.99960124       128.00000
       1839.4121      0.99902672       1.0001243       0.0000000
       1839.4329       1.0007650      0.99963486       0.0000000
       1839.4538      0.99702227      0.99792886       0.0000000
       1839.4746      0.99792564       1.0028074       0.0000000
       1839.4954      0.99907476      0.99991155       0.0000000
       1839.5163   2.9936177e-14      0.86179370       128.00000
       1839.5371       1.0014452       1.0050268       0.0000000
       1839.5579      0.99965686       1.0040128       0.0000000
       1839.5788      0.99987829      0.99940157       128.00000
       1839.5996       1.0009456       1.0026493       0.0000000
       1839.6204       1.0010114       1.0044571       0.0000000
       1839.6413      0.99973166       1.0057933       0.0000000
       1839.6621       1.0028664       1.0076844       0.0000000
       1839.6829       1.0009898       1.0051709       0.0000000
       1839.7038      0.99838769       1.0041343       128.00000
       1839.7246       1.0014288       1.0070959       0.0000000
       1839.7454       1.0009732       1.0067307       0.0000000
       1839.7663      0.99748135       1.0032313       128.00000
       1839.7871      0.98958379      0.99191540       128.00000
       1839.8079      0.99639195       1.0017899       128.00000
       1839.8288      0.99954224       1.0057497       128.00000
       1839.8496      0.99957019       1.0046628       0.0000000
       1839.8704       1.0007308       1.0053763       0.0000000
       1839.8913      0.99831283       1.0024874       128.00000
       1839.9121      0.99634135      0.99879116       128.00000
       1839.9329      0.99979091       1.0038154       0.0000000
       1839.9538       1.0000544       1.0042560       0.0000000
       1839.9746      0.99953508       1.0053300       0.0000000
       1839.9954      0.99553281       1.0014900       128.00000
       1840.0163      0.99945629       1.0041841       0.0000000
       1840.0371       1.0013924       1.0058069       0.0000000
       1840.0579      0.99905294       1.0045412       0.0000000
       1840.0788      0.99942565       1.0039400       128.00000
       1840.0996       1.0004181       1.0054584       0.0000000
       1840.1204       1.0009094       1.0033307       0.0000000
       1840.1413       1.0013673       1.0043100       0.0000000
       1840.1621       1.0004799       1.0039713       128.00000
       1840.1829       1.0010672       1.0043771       0.0000000
       1840.2038       1.0013207       1.0056064       0.0000000
       1840.2246       1.0010842       1.0072924       0.0000000
       1840.2454       1.0005808       1.0058118       0.0000000
       1840.2663       1.0020604       1.0057944       0.0000000
       1840.2871       1.0020366       1.0061618       0.0000000
       1840.3079       1.0016627       1.0048646       0.0000000
       1840.3288       1.0020815       1.0066472       0.0000000
       1840.3496       1.0027587       1.0053554       0.0000000
       1840.3704       1.0009753       1.0025795       0.0000000
       1840.3913       1.0026311       1.0052979       0.0000000
       1840.4121       1.0017042       1.0056326       0.0000000
       1840.4329       1.0026670       1.0075305       0.0000000
       1840.4537       1.0003979       1.0021181       128.00000
       1840.4746      0.99968743       1.0029550       128.00000
       1840.4954       1.0010438       1.0046563       0.0000000
       1840.5162       1.0021521       1.0045685       0.0000000
       1840.5371       1.0006411       1.0019727       0.0000000
       1840.5579       1.0014371       1.0039723       0.0000000
       1840.5787       1.0034225       1.0041060       0.0000000
       1840.5996       1.0004338       1.0036588       0.0000000
       1840.6204       1.0004467       1.0018929       0.0000000
       1840.6412       1.0011871       1.0017408       0.0000000
       1840.6621       1.0014316       1.0051864       0.0000000
       1840.6829      0.99358398      0.99627525       128.00000
       1840.7037      0.98526454      0.98669899       0.0000000
       1840.7246      0.97829020      0.98087454       0.0000000
       1840.7454      0.97720063      0.97914886       0.0000000
       1840.7662      0.97898000      0.98309773       0.0000000
       1840.7871      0.98887712      0.99044997       0.0000000
       1840.8079      0.99704134      0.99799514       0.0000000
       1840.8287       1.0015869       1.0031912       0.0000000
       1840.8496       1.0028170       1.0045329       0.0000000
       1840.8704       1.0025448       1.0045356       0.0000000
       1840.8912       1.0020893       1.0043777       0.0000000
       1840.9121       1.0017626       1.0044155       0.0000000
       1840.9329       1.0028149       1.0034294       0.0000000
       1840.9537       1.0033643       1.0039937       0.0000000
       1840.9746       1.0037408       1.0037024       0.0000000
       1840.9954       1.0038924       1.0045449       128.00000
       1841.0162       1.0039897       1.0077749       0.0000000
       1841.0371       1.0034642       1.0065000       0.0000000
       1841.0579       1.0028096       1.0072793       0.0000000
       1841.0787       1.0030011       1.0091305       0.0000000
       1841.0996       1.0013742       1.0090312       0.0000000
       1841.1204       1.0002273       1.0093026       0.0000000
       1841.1412      0.99921030       1.0096555       0.0000000
