    1106
       1790.7023       1.0763764       1.0258785       128.00000
       1790.7231       1.0791767       1.0268657       0.0000000
       1790.7440       1.0814233       1.0267773       0.0000000
       1790.7648       1.0858538       1.0293467       0.0000000
       1790.7856       1.0825273       1.0285950       0.0000000
       1790.8065       1.0841140       1.0286599       0.0000000
       1790.8273       1.0856820       1.0298195       0.0000000
       1790.8481       1.0844693       1.0286890       0.0000000
       1790.8690       1.0848281       1.0285579       0.0000000
       1790.8898       1.0840559       1.0278866       0.0000000
       1790.9106       1.0871888       1.0278850       0.0000000
       1790.9315       1.0843228       1.0297832       0.0000000
       1790.9523       1.0893928       1.0287087       0.0000000
       1790.9731       1.0857937       1.0278773       0.0000000
       1790.9940       1.0881213       1.0283538       0.0000000
       1791.0148       1.0878643       1.0284936       0.0000000
       1791.0356       1.0867635       1.0286492       0.0000000
       1791.0565       1.0860540       1.0286187       0.0000000
       1791.0773       1.0878910       1.0300374       0.0000000
       1791.0981       1.0877799       1.0290630       0.0000000
       1791.3898       1.2885816      0.90165216       128.00000
       1791.4107       1.2644904      0.88175035       128.00000
       1791.4315       1.2374488      0.86846054       128.00000
       1791.4523       1.2069732      0.86216563       128.00000
       1791.4732       1.1855494      0.85959309       128.00000
       1791.4940       1.1680670      0.85976893       128.00000
       1791.5148       1.1520358      0.86109483       128.00000
       1791.5357       1.1330343      0.86476725       128.00000
       1791.5565       1.1190709      0.86883968       128.00000
       1791.5773       1.1075453      0.87223554       0.0000000
       1791.5982       1.0943445      0.87745106       0.0000000
       1791.6190       1.0813887      0.88091993       128.00000
       1791.6398       1.0755469      0.88571715       0.0000000
       1791.6607       1.0659494      0.88982695       0.0000000
       1791.6815       1.0584910      0.89370829       0.0000000
       1791.7023       1.0591197      0.90039641       0.0000000
       1791.7232       1.0457933      0.90105963       0.0000000
       1791.7440       1.0442173      0.90643364       0.0000000
       1791.7648       1.0335366      0.90725726       0.0000000
       1791.7857       1.0369488      0.91204756       0.0000000
       1791.8065       1.0296634      0.91545534       0.0000000
       1791.8273       1.0197617      0.91659671       128.00000
       1791.8482       1.0233963      0.91921329       0.0000000
       1791.8690       1.0203158      0.92157060       0.0000000
       1791.8898       1.0162438      0.92273194       0.0000000
       1791.9107       1.0131975      0.92238349       0.0000000
       1791.9315       1.0077033      0.92223257       0.0000000
       1791.9523       1.0034471      0.92187321       0.0000000
       1791.9732      0.99807811      0.92101502       0.0000000
       1791.9940      0.99591029      0.91997647       0.0000000
       1792.0148      0.98723084      0.91814393       0.0000000
       1792.0357      0.98870575      0.92005736       0.0000000
       1792.0565      0.98659635      0.92164159       0.0000000
       1792.0773      0.99001008      0.92472756       0.0000000
       1792.0982      0.98661578      0.92657399       128.00000
       1792.1190      0.98757172      0.92969811       128.00000
       1792.1398      0.99209553      0.93435550       128.00000
       1792.1607      0.99076176      0.93750417       128.00000
       1792.1815      0.99807358      0.94420385       128.00000
       1792.2023      0.99555725      0.94745702       128.00000
       1792.2232       1.0030113      0.95198452       128.00000
       1792.2440      0.99930155      0.95286489       128.00000
       1792.2648       1.0012606      0.95387948       128.00000
       1792.2857      0.99996853      0.95512921       128.00000
       1792.3065      0.99776399      0.95574111       128.00000
       1792.3273      0.99999607      0.95784038       128.00000
       1792.3482      0.99907231      0.95897055       128.00000
       1792.3690       1.0003951      0.96053231       128.00000
       1792.3898       1.0004482      0.96131146       128.00000
       1792.4107      0.99698281      0.96061230       128.00000
       1792.4315      0.99784315      0.96296203       128.00000
       1792.4523      0.99939460      0.96320111       128.00000
       1792.4732      0.99339980      0.96324664       128.00000
       1792.4940      0.99701476      0.96394813       0.0000000
       1792.5148      0.99729311      0.96515733       128.00000
       1792.5357      0.99670887      0.96712947       0.0000000
       1792.5565      0.99784386      0.96844012       0.0000000
       1792.5773      0.99863929      0.96823448       0.0000000
       1792.5982      0.99636889      0.96947229       0.0000000
       1792.6190      0.99960613      0.97000968       0.0000000
       1792.6398      0.99760288      0.97085285       0.0000000
       1792.6607      0.99861079      0.97175145       0.0000000
       1792.6815      0.99636477      0.97227800       0.0000000
       1792.7023      0.99631232      0.97081697       0.0000000
       1792.7232       1.0006340      0.97439855       0.0000000
       1792.7440      0.99339473      0.97281855       0.0000000
       1792.7648      0.99550110      0.97395581       0.0000000
       1792.7857      0.99456197      0.97507966       0.0000000
       1792.8065       1.0010313      0.97690195       0.0000000
       1792.8273      0.99559933      0.97687405       0.0000000
       1792.8482      0.99995083      0.97919339       0.0000000
       1792.8690      0.99397308      0.97733021       0.0000000
       1792.8898      0.99936438      0.97913057       0.0000000
       1792.9107      0.99822789      0.98081642       0.0000000
       1792.9315      0.99916947      0.98135769       0.0000000
       1792.9523       1.0000912      0.98128080       0.0000000
       1792.9732      0.99937612      0.98097432       0.0000000
       1792.9940      0.99710435      0.98249310       0.0000000
       1793.0148      0.99983358      0.98352969       0.0000000
       1793.0357      0.99554127      0.98120016       0.0000000
       1793.0565       1.0002387      0.98286396       128.00000
       1793.0773      0.99781573      0.98453593       0.0000000
       1793.0982      0.99856746      0.98537707       128.00000
       1793.1190       1.0006263      0.98549861       0.0000000
       1793.1398       1.0011458      0.98570669       0.0000000
       1793.1607      0.99931419      0.98650676       0.0000000
       1793.1815       1.0002854      0.98657382       0.0000000
       1793.2023      0.99781734      0.98548877       0.0000000
       1793.2232      0.99932468      0.98633856       0.0000000
       1793.2440       1.0005745      0.98874551       0.0000000
       1793.2648      0.99948579      0.98604274       0.0000000
       1793.2857       1.0040207      0.98927432       0.0000000
       1793.3065      0.99968565      0.98866004       0.0000000
       1793.3273       1.0034697      0.98935461       0.0000000
       1793.3482       1.0019208      0.99084902       0.0000000
       1793.3690       1.0019039      0.98959166       0.0000000
       1793.3898       1.0020322      0.99160159       0.0000000
       1793.4107       1.0004508      0.98932123       0.0000000
       1793.4315       1.0015193      0.99111831       0.0000000
       1793.4524       1.0013531      0.99108243       0.0000000
       1793.4732       1.0000000      0.99096334       0.0000000
       1793.4940       1.0005968      0.99094725       0.0000000
       1793.5149      0.99964303      0.99156791       0.0000000
       1793.5357       1.0023664      0.99227417       0.0000000
       1793.5565      0.99981040      0.99115163       0.0000000
       1793.5774      0.99863958      0.99116594       0.0000000
       1793.5982      0.99912602      0.99250430       0.0000000
       1793.6190      0.99987233      0.99245465       0.0000000
       1793.6399       1.0000033      0.99242049       0.0000000
       1793.6607       1.0008893      0.99211723       0.0000000
       1793.6815       1.0010599      0.99222380       0.0000000
       1793.7024      0.99846894      0.99217260       0.0000000
       1793.7232       1.0009514      0.99307185       0.0000000
       1793.7440      0.99726504      0.99261129       0.0000000
       1793.7649       1.0028073      0.99455661       0.0000000
       1793.7857       1.0004042      0.99422079       0.0000000
       1793.8065       1.0018241      0.99394500       0.0000000
       1793.8274      0.99802285      0.99269956       0.0000000
       1793.8482       1.0032319      0.99492568       0.0000000
       1793.8690       1.0015160      0.99421239       0.0000000
       1793.8899      0.99950254      0.99379444       0.0000000
       1793.9107      0.99905205      0.99314773       0.0000000
       1793.9315       1.0004141      0.99472409       0.0000000
       1793.9524      0.99749660      0.99275422       0.0000000
       1793.9732       1.0015990      0.99463296       0.0000000
       1793.9940       1.0022421      0.99567318       0.0000000
       1794.0149      0.99989486      0.99375159       0.0000000
       1794.0357      0.99842501      0.99418461       0.0000000
       1794.0565      0.99941343      0.99529189       0.0000000
       1794.0774      0.99982345      0.99514031       0.0000000
       1794.0982      0.99990332      0.99425399       0.0000000
       1794.1190       1.0022058      0.99566859       0.0000000
       1794.1399       1.0005994      0.99465829       0.0000000
       1794.1607       1.0009720      0.99388224       0.0000000
       1794.1815       1.0007315      0.99482000       0.0000000
       1794.2024      0.99735218      0.99432045       0.0000000
       1794.2232      0.99670309      0.99338537       0.0000000
       1794.2440      0.99890494      0.99455369       0.0000000
       1794.2649      0.99696642      0.99375266       0.0000000
       1794.2857      0.99776745      0.99444592       0.0000000
       1794.3065      0.99730033      0.99472648       0.0000000
       1794.3274      0.99678332      0.99318492       0.0000000
       1794.3482      0.99628121      0.99441147       0.0000000
       1794.3690      0.99732441      0.99383330       0.0000000
       1794.3899      0.99842501      0.99411774       0.0000000
       1794.4107      0.99880385      0.99481565       0.0000000
       1794.4315      0.99812716      0.99478793       0.0000000
       1794.4524      0.99840760      0.99546349       0.0000000
       1794.4732      0.99622834      0.99383152       0.0000000
       1794.4940      0.99740875      0.99560672       0.0000000
       1794.5149      0.99817181      0.99492580       0.0000000
       1794.5357      0.99563563      0.99434513       0.0000000
       1794.5565      0.99475735      0.99246114       0.0000000
       1794.5774      0.99818182      0.99538720       0.0000000
       1794.5982      0.99602705      0.99364865       0.0000000
       1794.6190      0.99693298      0.99386340       0.0000000
       1794.6399      0.99577165      0.99402517       0.0000000
       1794.6607      0.99703383      0.99397314       0.0000000
       1794.6815      0.99550325      0.99315310       0.0000000
       1794.7024       1.0024792      0.99559850       0.0000000
       1794.7232      0.99616611      0.99390423       0.0000000
       1794.7440      0.99938548      0.99433416       0.0000000
       1794.7649      0.99541241      0.99404961       0.0000000
       1794.7857      0.99872732      0.99438524       0.0000000
       1794.8065      0.99583334      0.99343705       0.0000000
       1794.8274      0.99636722      0.99288225       0.0000000
       1794.8482      0.99609506      0.99291867       0.0000000
       1794.8690      0.99762702      0.99354178       0.0000000
       1794.8899      0.99746978      0.99327666       0.0000000
       1794.9107      0.99789727      0.99547833       0.0000000
       1794.9315       1.0001843      0.99349540       0.0000000
       1794.9524   7.2629857e-14      0.88622302       128.00000
       1794.9732      0.99576277      0.99401283       0.0000000
       1794.9940      0.99368024      0.99253011       0.0000000
       1795.0149      0.99522644      0.99278367       0.0000000
       1795.0357      0.99257654      0.98903972       0.0000000
       1795.0565      0.99096900      0.98779726       0.0000000
       1795.0774      0.98881662      0.98722786       0.0000000
       1795.0982      0.98515773      0.98560929       0.0000000
       1795.1190      0.98450768      0.98421127       0.0000000
       1795.1399      0.98569250      0.98540038       0.0000000
       1795.1607      0.98747504      0.98596352       0.0000000
       1795.1815      0.98769873      0.98782682       0.0000000
       1795.2024      0.98781830      0.98674500       0.0000000
       1795.2232      0.98927128      0.98932868       0.0000000
       1795.2440      0.99272460      0.99049520       0.0000000
       1795.2649      0.99530029      0.99303687       0.0000000
       1795.2857      0.99463153      0.99475586       0.0000000
       1795.3065      0.99351180      0.99548608       0.0000000
       1795.3274      0.99664611      0.99604803       0.0000000
       1795.3482      0.99406916      0.99493599       0.0000000
       1795.3690      0.99534720      0.99642175       0.0000000
       1795.3899      0.99506038      0.99648571       0.0000000
       1795.4107      0.99309707      0.99512589       0.0000000
       1795.4315      0.99494088      0.99653858       0.0000000
       1795.4524      0.99434781      0.99653065       0.0000000
       1795.4732      0.99722248      0.99708831       0.0000000
       1795.4940      0.99820566      0.99907798       0.0000000
       1795.5149      0.99812514      0.99847496       0.0000000
       1795.5357      0.99641585      0.99867308       0.0000000
       1795.5565      0.99797225      0.99841750       0.0000000
       1795.5774      0.99736178      0.99984485       0.0000000
       1795.5982      0.99957740       1.0000823       0.0000000
       1795.6190      0.99667376      0.99915719       0.0000000
       1795.6399       1.0005811       1.0005608       0.0000000
       1795.6607      0.99892288      0.99999821       0.0000000
       1795.6815       1.0007597       1.0015277       0.0000000
       1795.7024      0.99916649       1.0014914       0.0000000
       1795.7232       1.0001152       1.0019526       0.0000000
       1795.7440       1.0021472       1.0017302       0.0000000
       1795.7649       1.0015535       1.0031644       0.0000000
       1795.7857       1.0042624       1.0047129       0.0000000
       1795.8065       1.0014151       1.0042174       0.0000000
       1795.8274       1.0037581       1.0048157       0.0000000
       1795.8482       1.0040973       1.0051582       0.0000000
       1795.8690       1.0039054       1.0064912       0.0000000
       1795.8899       1.0031900       1.0058296       0.0000000
       1795.9107       1.0041984       1.0066568       0.0000000
       1795.9315       1.0051647       1.0064726       0.0000000
       1795.9524       1.0052400       1.0081418       0.0000000
       1795.9732       1.0065563       1.0085878       0.0000000
       1795.9940       1.0055548       1.0101458       0.0000000
       1796.0149       1.0056092       1.0088371       0.0000000
       1796.0357       1.0042026       1.0092436       0.0000000
       1796.0565       1.0062560       1.0090550       0.0000000
       1796.0774       1.0079920       1.0105796       0.0000000
       1796.0982       1.0067364       1.0103685       0.0000000
       1796.1190       1.0072212       1.0119178       0.0000000
       1796.1399       1.0087794       1.0125507       0.0000000
       1796.1607       1.0063066       1.0119258       0.0000000
       1796.1815       1.0068804       1.0125313       0.0000000
       1796.2024       1.0074975       1.0123777       0.0000000
       1796.2232       1.0077531       1.0124903       0.0000000
       1796.2440       1.0048982       1.0118543       0.0000000
       1796.2649       1.0068399       1.0124424       0.0000000
       1796.2857       1.0070924       1.0119944       0.0000000
       1796.3065       1.0059341       1.0118643       0.0000000
       1796.3274       1.0090926       1.0131401       0.0000000
       1796.3482       1.0068555       1.0114660       0.0000000
       1796.3690       1.0052987       1.0108837       0.0000000
       1796.3899       1.0064284       1.0119139       0.0000000
       1796.4107       1.0060560       1.0104613       0.0000000
       1796.4316       1.0041761       1.0101016       0.0000000
       1796.4524       1.0037768       1.0101814       0.0000000
       1796.4732       1.0053700       1.0086997       0.0000000
       1796.4941       1.0032578       1.0085323       0.0000000
       1796.5149       1.0047280       1.0092217       0.0000000
       1796.5357       1.0008929       1.0074275       0.0000000
       1796.5566       1.0052809       1.0083245       0.0000000
       1796.5774       1.0006076       1.0058948       0.0000000
       1796.5982       1.0000219       1.0064235       0.0000000
       1796.6191      0.99987370       1.0049255       0.0000000
       1796.6399       1.0004747       1.0054814       0.0000000
       1796.6607       1.0005316       1.0043412       0.0000000
       1796.6816      0.99817616       1.0034055       0.0000000
       1796.7024      0.99776971       1.0030329       0.0000000
       1796.7232      0.99708062       1.0029941       0.0000000
       1796.7441      0.99791694       1.0036205       0.0000000
       1796.7649      0.99503541       1.0009507       0.0000000
       1796.7857      0.99433386       1.0012599       0.0000000
       1796.8066      0.99513179       1.0009868       0.0000000
       1796.8274      0.99520111       1.0010594       0.0000000
       1796.8482      0.99360520       1.0000000       0.0000000
       1796.8691      0.99165487      0.99909502       0.0000000
       1796.8899      0.99153173      0.99827909       0.0000000
       1796.9107      0.99045050      0.99823785       0.0000000
       1796.9316      0.99228245      0.99905193       0.0000000
       1796.9524      0.99056375      0.99869919       0.0000000
       1796.9732      0.99154794      0.99754161       0.0000000
       1796.9941      0.99082655      0.99724150       0.0000000
       1797.0149      0.99180174      0.99748278       0.0000000
       1797.0357      0.99083120      0.99715394       0.0000000
       1797.0566      0.99010074      0.99673891       0.0000000
       1797.0774      0.99056077      0.99795675       0.0000000
       1797.0982      0.99029595      0.99653924       0.0000000
       1797.1191      0.98733163      0.99474669       0.0000000
       1797.1399      0.98522037      0.99151558       0.0000000
       1797.1607      0.98274451      0.98924518       0.0000000
       1797.1816      0.97676349      0.98466957       128.00000
       1797.2024      0.97657132      0.98256844       0.0000000
       1797.2232      0.97341698      0.98029608       0.0000000
       1797.2441      0.97136778      0.97827429       0.0000000
       1797.2649      0.97634357      0.98083252       0.0000000
       1797.2857      0.97347903      0.98121822       0.0000000
       1797.3066      0.97320580      0.98110086       0.0000000
       1797.3274      0.97629029      0.98446739       0.0000000
       1797.3482      0.97988886      0.98688751       0.0000000
       1797.3691      0.98125142      0.99086356       0.0000000
       1797.3899      0.98633802      0.99493247       0.0000000
       1797.4107      0.98841536      0.99861497       0.0000000
       1797.4316      0.99333960       1.0003510       0.0000000
       1797.4524      0.98947829       1.0000981       0.0000000
       1797.4732      0.99308223       1.0023228       0.0000000
       1797.4941      0.99104774       1.0004947       0.0000000
       1797.5149      0.99427766       1.0023493       0.0000000
       1797.5357      0.99363846       1.0016832       0.0000000
       1797.5566      0.99143440       1.0016832       0.0000000
       1797.5774      0.99464214       1.0028678       0.0000000
       1797.5982      0.99386322       1.0032418       0.0000000
       1797.6191      0.99571556       1.0029150       0.0000000
       1797.6399      0.99664980       1.0041256       0.0000000
       1797.6607      0.99453360       1.0040529       0.0000000
       1797.6816      0.99631417       1.0030049       0.0000000
       1797.7024      0.99648941       1.0043085       0.0000000
       1797.7232      0.99393463       1.0035403       0.0000000
       1797.7441      0.99698937       1.0064216       0.0000000
       1797.7649      0.99530113       1.0044487       0.0000000
       1797.7857      0.99567306       1.0047712       0.0000000
       1797.8066      0.99568099       1.0053630       0.0000000
       1797.8274      0.99798083       1.0070682       0.0000000
       1797.8482      0.99739015       1.0068204       0.0000000
       1797.8691      0.99516356       1.0060130       0.0000000
       1797.8899      0.99752873       1.0069637       0.0000000
       1797.9107      0.99417204       1.0070159       0.0000000
       1797.9316      0.99414384       1.0063400       0.0000000
       1797.9524      0.99976903       1.0090977       0.0000000
       1797.9732      0.99847293       1.0085375       0.0000000
       1797.9941      0.99896288       1.0086215       0.0000000
       1798.0149      0.99754310       1.0083643       0.0000000
       1798.0357       1.0008521       1.0090994       0.0000000
       1798.0566      0.99944687       1.0095371       0.0000000
       1798.0774      0.99868053       1.0087401       128.00000
       1798.0982      0.99857754       1.0094008       0.0000000
       1798.1191      0.99733800       1.0097078       0.0000000
       1798.1399      0.99872690       1.0099891       0.0000000
       1798.1607       1.0004704       1.0110604       0.0000000
       1798.1816      0.99596614       1.0094938       0.0000000
       1798.2024      0.99961382       1.0102116       0.0000000
       1798.2232      0.99591768       1.0096141       0.0000000
       1798.2441      0.99877733       1.0106341       0.0000000
       1798.2649      0.99875736       1.0105832       0.0000000
       1798.2857      0.99860787       1.0109845       0.0000000
       1798.3066       1.0014554       1.0120815       0.0000000
       1798.3274      0.99916595       1.0115491       0.0000000
       1798.3482       1.0010958       1.0123926       0.0000000
       1798.3691       1.0021232       1.0120056       0.0000000
       1798.3899       1.0012807       1.0126517       0.0000000
       1798.4107       1.0014894       1.0126747       0.0000000
       1798.4316       1.0007343       1.0125462       0.0000000
       1798.4524       1.0019170       1.0127386       0.0000000
       1798.4732       1.0020939       1.0132389       0.0000000
       1798.4941       1.0012485       1.0129600       0.0000000
       1798.5149      0.99920690       1.0121803       0.0000000
       1798.5357       1.0035548       1.0132653       0.0000000
       1798.5566       1.0027150       1.0138679       0.0000000
       1798.5774       1.0027863       1.0139511       0.0000000
       1798.5982      0.99904734       1.0125216       0.0000000
       1798.6191      0.99901742       1.0117338       0.0000000
       1798.6399      0.99967337       1.0120133       0.0000000
       1798.6607       1.0021626       1.0143688       0.0000000
       1798.6816       1.0029887       1.0128921       0.0000000
       1798.7024      0.99734128       1.0130711       0.0000000
       1798.7232      0.99937952       1.0138102       0.0000000
       1798.7441       1.0002323       1.0136148       0.0000000
       1798.7649      0.99994063       1.0129178       0.0000000
       1798.7857       1.0040001       1.0133817       0.0000000
       1798.8066       1.0011173       1.0135083       0.0000000
       1798.8274       1.0022674       1.0127680       0.0000000
       1798.8482       1.0013930       1.0136161       128.00000
       1798.8691       1.0024824       1.0131578       0.0000000
       1798.8899       1.0016502       1.0131661       0.0000000
       1798.9107       1.0027244       1.0126051       0.0000000
       1798.9316      0.99891114       1.0113646       0.0000000
       1798.9524       1.0002695       1.0139457       0.0000000
       1798.9732       1.0005186       1.0114213       0.0000000
       1798.9941       1.0000460       1.0119919       0.0000000
       1799.0149       1.0004896       1.0123020       0.0000000
       1799.0357       1.0014595       1.0119227       0.0000000
       1799.0566       1.0018586       1.0128621       0.0000000
       1799.0774       1.0020332       1.0137181       0.0000000
       1799.0982       1.0015436       1.0129464       0.0000000
       1799.1191       1.0000035       1.0111936       0.0000000
       1799.1399       1.0012367       1.0120119       0.0000000
       1799.1607       1.0029309       1.0114107       0.0000000
       1799.1816       1.0026388       1.0115999       0.0000000
       1799.2024   7.3990639e-14      0.90282762       128.00000
       1799.2232       1.0020610       1.0151259       0.0000000
       1799.2441       1.0014625       1.0148288       0.0000000
       1799.2649      0.99988490       1.0142388       0.0000000
       1799.2857       1.0006226       1.0149975       0.0000000
       1799.3066       1.0022850       1.0145730       0.0000000
       1799.3274       1.0018467       1.0137843       0.0000000
       1799.3482      0.99815941       1.0121702       0.0000000
       1799.3691       1.0006313       1.0124302       0.0000000
       1799.3899       1.0001822       1.0134733       0.0000000
       1799.4107       1.0004888       1.0126355       0.0000000
       1799.4316       1.0004877       1.0123801       0.0000000
       1799.4524      0.99998015       1.0125927       0.0000000
       1799.4732       1.0013556       1.0126799       0.0000000
       1799.4941      0.99741316       1.0128671       0.0000000
       1799.5149       1.0001404       1.0116216       0.0000000
       1799.5357      0.99844176       1.0115035       0.0000000
       1799.5566      0.99898583       1.0114247       0.0000000
       1799.5774      0.99874663       1.0122689       0.0000000
       1799.5982       1.0009820       1.0128618       0.0000000
       1799.6191       1.0002726       1.0105277       0.0000000
       1799.6399      0.99813652       1.0114090       0.0000000
       1799.6607       1.0006626       1.0110128       0.0000000
       1799.6816      0.99841535       1.0107985       0.0000000
       1799.7024       1.0009526       1.0109334       0.0000000
       1799.7232       1.0012132       1.0109397       0.0000000
       1799.7441      0.99930608       1.0097283       0.0000000
       1799.7649       1.0000627       1.0090024       0.0000000
       1799.7857       1.0016181       1.0108608       0.0000000
       1799.8066      0.99940759       1.0088695       0.0000000
       1799.8274       1.0004153       1.0093334       0.0000000
       1799.8482       1.0010895       1.0103058       0.0000000
       1799.8691      0.99886209       1.0091708       0.0000000
       1799.8899      0.99972010       1.0091660       0.0000000
       1799.9107      0.99931830       1.0089536       0.0000000
       1799.9316      0.99806815       1.0080495       0.0000000
       1799.9524       1.0001054       1.0078729       0.0000000
       1799.9732      0.99681777       1.0071039       0.0000000
       1799.9941       1.0011680       1.0094692       0.0000000
       1800.0149      0.99839514       1.0074788       0.0000000
       1800.0357      0.99946260       1.0077376       0.0000000
       1800.0566      0.99950850       1.0063245       0.0000000
       1800.0774      0.99884230       1.0066829       0.0000000
       1800.0982       1.0007966       1.0065818       0.0000000
       1800.1191      0.99759251       1.0057170       0.0000000
       1800.1399      0.99962616       1.0055268       0.0000000
       1800.1607      0.99786127       1.0067108       128.00000
       1800.1816      0.99950337       1.0059109       0.0000000
       1800.2024      0.99867982       1.0041910       0.0000000
       1800.2232      0.99627620       1.0017648       0.0000000
       1800.2441      0.99319500      0.99955589       0.0000000
       1800.2649      0.99184793      0.99876648       0.0000000
       1800.2857      0.99299514      0.99862868       0.0000000
       1800.3066      0.98848468      0.99697530       0.0000000
       1800.3274      0.99081892      0.99603540       0.0000000
       1800.3482      0.98997575      0.99497437       0.0000000
       1800.3691      0.99009663      0.99702197       0.0000000
       1800.3899      0.99241227      0.99581689       128.00000
       1800.4107      0.99018633      0.99650598       128.00000
       1800.4316      0.99534667      0.99757987       128.00000
       1800.4524      0.99638450      0.99963146       128.00000
       1800.4732      0.99886751       1.0018581       128.00000
       1800.4941       1.0020918       1.0030135       128.00000
       1800.5149       1.0054995       1.0034536       128.00000
       1800.5357       1.0076200       1.0037886       128.00000
       1800.5566       1.0070025       1.0043956       128.00000
       1800.5774       1.0083447       1.0050732       128.00000
       1800.5982       1.0065402       1.0035263       128.00000
       1800.6191       1.0095991       1.0051042       128.00000
       1800.6399       1.0098592       1.0042692       128.00000
       1800.6607       1.0074692       1.0049580       128.00000
       1800.6816       1.0122763       1.0040872       128.00000
       1800.7024       1.0134749       1.0047483       128.00000
       1800.7232       1.0177344       1.0053369       128.00000
       1800.7441       1.0232042       1.0061491       128.00000
       1800.7649       1.0223249       1.0057921       128.00000
       1800.7857       1.0259593       1.0062085       128.00000
       1800.8066       1.0265656       1.0059096       128.00000
       1800.8274       1.0319086       1.0055516       128.00000
       1800.8482       1.0334845       1.0068399       128.00000
       1800.8691       1.0339150       1.0069518       128.00000
       1800.8899       1.0366483       1.0075370       128.00000
       1800.9107       1.0349059       1.0069897       128.00000
       1800.9316       1.0380059       1.0074391       128.00000
       1800.9524       1.0369341       1.0071225       128.00000
       1800.9732       1.0421786       1.0079249       128.00000
       1800.9941       1.0452656       1.0076920       128.00000
       1801.0149       1.0491328       1.0092365       128.00000
       1801.0357       1.0576683       1.0099833       128.00000
       1801.0566       1.0705667       1.0102245       128.00000
       1801.0774       1.0852387       1.0103439       128.00000
       1801.0982       1.0902206       1.0112512       128.00000
       1801.1191       1.0937039       1.0120429       128.00000
       1801.1399       1.0961255       1.0128571       128.00000
       1801.1607       1.0959451       1.0115103       128.00000
       1801.1816       1.0975673       1.0125822       128.00000
       1801.2024       1.0976323       1.0122901       128.00000
       1801.2232       1.0996799       1.0130364       128.00000
       1801.2441       1.1011504       1.0138910       128.00000
       1801.2649       1.1021295       1.0129601       128.00000
       1801.2857       1.1045113       1.0133194       128.00000
       1801.3066       1.1067792       1.0131247       128.00000
       1801.3274       1.1129158       1.0151285       128.00000
       1801.3482       1.1153626       1.0137599       128.00000
       1801.3691       1.1200845       1.0135381       128.00000
       1801.3899       1.1251283       1.0129168       128.00000
       1801.4107       1.1295378       1.0125009       128.00000
       1801.4316       1.1358873       1.0117022       128.00000
       1801.4524       1.1406230       1.0103272       128.00000
       1801.4732       1.1489092       1.0108788       128.00000
       1801.4941       1.1573386       1.0118088       128.00000
       1801.5149       1.1617149       1.0093288       128.00000
       1801.5357       1.1758742       1.0107183       128.00000
       1801.5566       1.1829914       1.0080702       128.00000
       1801.5774       1.1933638       1.0079651       128.00000
       1801.5982       1.2018837       1.0061314       128.00000
       1801.6191       1.2137380       1.0062240       128.00000
       1801.6399       1.2262125       1.0056404       128.00000
       1801.6607       1.2421714       1.0041375       128.00000
       1801.6816       1.2619249       1.0035192       128.00000
       1801.7024       1.2852973       1.0011644       128.00000
       1801.7232       1.3189905       1.0007223       128.00000
       1801.7441       1.3593997       1.0018029       128.00000
       1801.7649       1.4006916      0.99710202       128.00000
       1801.7857       1.4527910      0.99337822       128.00000
       1801.8066       1.5190035      0.99351817       128.00000
       1801.8274       1.5852695      0.99298078       128.00000
       1801.8482       1.6733406      0.98673695       128.00000
       1801.8691       1.7670757      0.98191363       128.00000
       1801.8899       1.8854867      0.98010421       128.00000
       1801.9107       2.0255597      0.97698241       128.00000
       1801.9316       2.1987202      0.97182524       128.00000
       1801.9524       2.4467204      0.96653819       128.00000
       1801.9732       2.8155823      0.96454751       128.00000
       1801.9941       3.3951192      0.96218824       128.00000
       1802.0149       4.3375487      0.95834613       128.00000
       1802.0357       6.1729636      0.95499539       128.00000
       1802.0566       11.412262      0.95093083       128.00000
       1802.0774       158.05940      0.94262582       128.00000
       1802.0982      -12.337793      0.93741179       128.00000
       1802.1191      -5.9047151      0.93023425       128.00000
       1802.1399      -3.9521451      0.92055142       128.00000
       1802.1607      -3.0633867      0.91053367       128.00000
       1802.1816      -2.5620990      0.89734554       128.00000
       1802.2024      -2.2946205      0.88679355       128.00000
       1802.2232      -2.1742532      0.87490749       128.00000
       1802.2441      -2.1631320      0.86009115       128.00000
       1802.2649      -2.3001177      0.85313004       128.00000
       1802.2857      -2.6003375      0.84872442       128.00000
       1802.3066      -3.1775489      0.84692913       128.00000
       1802.3274      -4.3327284      0.84500962       128.00000
       1802.3482      -7.6013665      0.84773755       128.00000
       1802.3691      -82.256165      0.85084927       128.00000
       1802.3899       8.7578611      0.85806787       128.00000
       1802.4108       4.2485023      0.86802930       128.00000
       1802.4316       2.8637636      0.87785876       128.00000
       1803.4733      0.99632895       1.0104967       0.0000000
       1803.4941      0.99565613       1.0100447       0.0000000
       1803.5149      0.99303979       1.0089127       0.0000000
       1803.5358      0.99432474       1.0089903       0.0000000
       1803.5566      0.99571013       1.0092652       0.0000000
       1803.5774      0.99690050       1.0094570       0.0000000
       1803.5983      0.99758065       1.0080202       0.0000000
       1803.6191      0.99544990       1.0081087       0.0000000
       1803.6399      0.99612558       1.0098498       0.0000000
       1803.6608       1.0000505       1.0081123       0.0000000
       1803.6816      0.99694449       1.0091015       0.0000000
       1803.7024       1.0000337       1.0070745       0.0000000
       1803.7233      0.99940026       1.0091566       0.0000000
       1803.7441      0.99850982       1.0099491       0.0000000
       1803.7649      0.99755961       1.0087844       0.0000000
       1803.7858       1.0016865       1.0089718       0.0000000
       1803.8066       1.0000324       1.0099374       0.0000000
       1803.8274       1.0011361       1.0089968       0.0000000
       1803.8483       1.0013732       1.0088149       0.0000000
       1803.8691      0.99862325       1.0084085       0.0000000
       1803.8899       1.0004348       1.0088699       0.0000000
       1803.9108       1.0002109       1.0079539       0.0000000
       1803.9316      0.99955457       1.0087889       0.0000000
       1803.9524       1.0009409       1.0092411       0.0000000
       1803.9733       1.0014058       1.0100217       0.0000000
       1803.9941       1.0006694       1.0080607       0.0000000
       1804.0149       1.0016011       1.0087438       0.0000000
       1804.0358       1.0024184       1.0090667       0.0000000
       1804.0566       1.0010172       1.0081812       0.0000000
       1804.0774      0.99844420       1.0088694       0.0000000
       1804.0983       1.0004284       1.0092902       0.0000000
       1804.1191       1.0029273       1.0100030       0.0000000
       1804.1399       1.0008762       1.0086980       0.0000000
       1804.1608       1.0038724       1.0102612       0.0000000
       1804.1816      0.99985951       1.0092270       0.0000000
       1804.2024       1.0027202       1.0093511       0.0000000
       1804.2233       1.0011718       1.0086914       0.0000000
       1804.2441      0.99976039       1.0093356       0.0000000
       1804.2649       1.0022103       1.0086087       0.0000000
       1804.2858       1.0023270       1.0084846       0.0000000
       1804.3066       1.0001271       1.0069544       0.0000000
       1804.3274       1.0014720       1.0075660       0.0000000
       1804.3483       1.0011382       1.0076010       0.0000000
       1804.3691       1.0008472       1.0091884       0.0000000
       1804.3899       1.0028988       1.0081311       0.0000000
       1804.4108       1.0021471       1.0088726       0.0000000
       1804.4316      0.99968517       1.0070581       0.0000000
       1804.4524       1.0004591       1.0068341       0.0000000
       1804.4733       1.0014733       1.0059870       0.0000000
       1804.4941       1.0029238       1.0054655       0.0000000
       1804.5149      0.99943382       1.0058203       0.0000000
       1804.5358       1.0019121       1.0060787       0.0000000
       1804.5566       1.0044568       1.0057198       0.0000000
       1804.5774       1.0027413       1.0059954       0.0000000
       1804.5983      0.99873722       1.0053666       0.0000000
       1804.6191       1.0013559       1.0052086       0.0000000
       1804.6399       1.0014316       1.0061281       0.0000000
       1804.6608       1.0041616       1.0046403       0.0000000
       1804.6816       1.0019072       1.0051080       0.0000000
       1804.7024       1.0010899       1.0057589       0.0000000
       1804.7233       1.0009348       1.0040200       0.0000000
       1804.7441       1.0018790       1.0054365       0.0000000
       1804.7649      0.99903017       1.0034244       0.0000000
       1804.7858       1.0046463       1.0024265       0.0000000
       1804.8066       1.0007993       1.0030392       0.0000000
       1804.8274      0.99795610       1.0032746       0.0000000
       1804.8483      0.99974912       1.0031651       0.0000000
       1804.8691       1.0007377       1.0020633       0.0000000
       1804.8899      0.99943537       1.0037121       0.0000000
       1804.9108       1.0005118       1.0021142       0.0000000
       1804.9316       1.0001826       1.0021076       0.0000000
       1804.9524       1.0000592       1.0012295       0.0000000
       1804.9733      0.99940890       1.0017145       0.0000000
       1804.9941       1.0002916       1.0038849       0.0000000
       1805.0149      0.99836564       1.0000727       0.0000000
       1805.0358      0.99808770       1.0012652       0.0000000
       1805.0566      0.99658245       1.0010788       0.0000000
       1805.0774      0.99740034      0.99964696       0.0000000
       1805.0983      0.99971855       1.0005635       0.0000000
       1805.1191      0.99799722      0.99992514       0.0000000
       1805.1399      0.99831021       1.0000000       0.0000000
       1805.1608      0.99726427      0.99987733       0.0000000
       1805.1816      0.99841857       1.0002111       0.0000000
       1805.2024      0.99809569       1.0001130       0.0000000
       1805.2233      0.99628961      0.99880010       0.0000000
       1805.2441      0.99689430       1.0000293       0.0000000
       1805.2649      0.99661988      0.99925500       0.0000000
       1805.2858      0.99722075      0.99804246       0.0000000
       1805.3066      0.99772227      0.99990010       0.0000000
       1805.3274      0.99694848      0.99950194       0.0000000
       1805.3483      0.99791676      0.99905145       0.0000000
       1805.3691      0.99759126       1.0009017       0.0000000
       1805.3899      0.99511570      0.99752641       0.0000000
       1805.4108      0.99557370      0.99734873       0.0000000
       1805.4316      0.99473041      0.99527001       0.0000000
       1805.4524      0.99020904      0.99449086       0.0000000
       1805.4732      0.98975956      0.99120629       0.0000000
       1805.4941      0.98978120      0.98996878       0.0000000
       1805.5149      0.98582131      0.98834109       0.0000000
       1805.5357      0.98538315      0.98930508       0.0000000
       1805.5566      0.98639184      0.98926592       0.0000000
       1805.5774      0.98939151      0.98871189       0.0000000
       1805.5982      0.98388743      0.98991418       0.0000000
       1805.6191      0.99034750      0.99027157       0.0000000
       1805.6399      0.99082333      0.99268794       0.0000000
       1805.6607      0.99180996      0.99352247       0.0000000
       1805.6816      0.99384004      0.99548501       0.0000000
       1805.7024      0.99659914      0.99628669       0.0000000
       1805.7232      0.99521339      0.99781436       0.0000000
       1805.7441      0.99258155      0.99863708       0.0000000
       1805.7649      0.99975830      0.99867874       128.00000
       1805.7857      0.99533361      0.99941772       0.0000000
       1805.8066      0.99570578      0.99913871       0.0000000
       1805.8274      0.99680871       1.0000353       0.0000000
       1805.8482      0.99612045      0.99894428       0.0000000
       1805.8691      0.99657619       1.0003221       0.0000000
       1805.8899      0.99833542       1.0005276       0.0000000
       1805.9107      0.99582714      0.99945223       0.0000000
       1805.9316      0.99604666       1.0000147       0.0000000
       1805.9524      0.99781728       1.0005432       0.0000000
       1805.9732      0.99927527       1.0013657       0.0000000
       1805.9941      0.99877727       1.0026956       0.0000000
       1806.0149      0.99767613       1.0023135       0.0000000
       1806.0357      0.99994522       1.0023991       0.0000000
       1806.0566       1.0005674       1.0027868       0.0000000
       1806.0774      0.99830556       1.0025455       0.0000000
       1806.0982       1.0011750       1.0048792       0.0000000
       1806.1191      0.99730390       1.0029620       0.0000000
       1806.1399       1.0010054       1.0044398       0.0000000
       1806.1607       1.0016576       1.0049884       0.0000000
       1806.1816       1.0000209       1.0044972       0.0000000
       1806.2024       1.0014751       1.0064766       0.0000000
       1806.2232       1.0040467       1.0073984       0.0000000
       1806.2441       1.0022629       1.0064794       0.0000000
       1806.2649       1.0023369       1.0073564       0.0000000
       1806.2857       1.0033702       1.0083370       0.0000000
       1806.3066       1.0035974       1.0072581       0.0000000
       1806.3274       1.0031265       1.0072452       0.0000000
       1806.3482       1.0031276       1.0086982       0.0000000
       1806.3691       1.0058761       1.0094950       0.0000000
       1806.3899       1.0042535       1.0089152       0.0000000
       1806.4107       1.0054488       1.0104761       0.0000000
       1806.4316       1.0048850       1.0102026       0.0000000
       1806.4524       1.0079262       1.0099022       0.0000000
       1806.4732       1.0063385       1.0107876       0.0000000
       1806.4941       1.0064996       1.0094340       0.0000000
       1806.5149       1.0087366       1.0114030       0.0000000
       1806.5357       1.0077504       1.0115548       0.0000000
       1806.5566       1.0063097       1.0108637       0.0000000
       1806.5774       1.0089129       1.0117059       0.0000000
       1806.5982       1.0100969       1.0123422       0.0000000
       1806.6191       1.0082102       1.0129988       0.0000000
       1806.6399       1.0076005       1.0114014       0.0000000
       1806.6607       1.0115265       1.0123242       0.0000000
       1806.6816       1.0082654       1.0099784       0.0000000
       1806.7024       1.0069398       1.0120319       0.0000000
       1806.7232       1.0095462       1.0117388       0.0000000
       1806.7441       1.0058699       1.0098277       0.0000000
       1806.7649       1.0062522       1.0106885       0.0000000
       1806.7857       1.0077915       1.0092076       0.0000000
       1806.8066       1.0084374       1.0102340       0.0000000
       1806.8274       1.0021498       1.0100026       0.0000000
       1806.8482       1.0054069       1.0085883       0.0000000
       1806.8691       1.0061669       1.0087930       0.0000000
       1806.8899       1.0068121       1.0079358       0.0000000
       1806.9107       1.0031585       1.0086983       0.0000000
       1806.9316       1.0055521       1.0065379       0.0000000
       1806.9524       1.0027086       1.0046725       0.0000000
       1806.9732       1.0035671       1.0054806       0.0000000
       1806.9941       1.0021560       1.0057375       0.0000000
       1807.0149       1.0045377       1.0047370       0.0000000
       1807.0357       1.0029074       1.0027133       0.0000000
       1807.0566       1.0009438       1.0034130       0.0000000
       1807.0774      0.99941921       1.0027413       0.0000000
       1807.0982      0.99889326       1.0019728       0.0000000
       1807.1191      0.99958456       1.0005225       0.0000000
       1807.1399      0.99923849      0.99972725       0.0000000
       1807.1607      0.99666923      0.99954164       0.0000000
       1807.1816      0.99932092      0.99924803       0.0000000
       1807.2024      0.99847430      0.99813944       0.0000000
       1807.2232      0.99621534      0.99648815       0.0000000
       1807.2441      0.99627870      0.99827957       0.0000000
       1807.2649      0.99609137      0.99573880       0.0000000
       1807.2857      0.99676019      0.99654305       0.0000000
       1807.3066      0.99514556      0.99545115       0.0000000
       1807.3274      0.99321783      0.99494904       0.0000000
       1807.3482      0.99526149      0.99375272       0.0000000
       1807.3691      0.99202365      0.99425298       0.0000000
       1807.3899      0.99299383      0.99377984       0.0000000
       1807.4107      0.99342793      0.99406701       0.0000000
       1807.4316      0.99452394      0.99380577       0.0000000
       1807.4524      0.99503607      0.99424523       0.0000000
       1807.4732      0.99132431      0.99335772       0.0000000
       1807.4941      0.99500167      0.99353194       0.0000000
       1807.5149      0.99160802      0.99149859       0.0000000
       1807.5357      0.98868215      0.98951209       0.0000000
       1807.5566      0.98809469      0.98675811       0.0000000
       1807.5774      0.98509461      0.98321778       0.0000000
       1807.5982      0.98021495      0.98054975       0.0000000
       1807.6191      0.97698534      0.97808677       0.0000000
       1807.6399      0.97699243      0.97626919       0.0000000
       1807.6607      0.97398514      0.97630453       0.0000000
       1807.6816      0.97500825      0.97547877       0.0000000
       1807.7024      0.97414184      0.97648782       0.0000000
       1807.7232      0.97950792      0.97853392       0.0000000
       1807.7441      0.98158789      0.97990936       0.0000000
       1807.7649      0.98327947      0.98422587       0.0000000
       1807.7857      0.98644888      0.98702455       0.0000000
       1807.8066      0.99080902      0.99081188       0.0000000
       1807.8274      0.99440438      0.99380630       0.0000000
       1807.8482      0.99391913      0.99432915       0.0000000
       1807.8691      0.99378741      0.99558401       0.0000000
       1807.8899      0.99833643      0.99561936       0.0000000
       1807.9107      0.99634802      0.99699628       0.0000000
       1807.9316      0.99592060      0.99734318       0.0000000
       1807.9524      0.99747628      0.99644727       0.0000000
       1807.9732      0.99722749      0.99761742       0.0000000
       1807.9941   2.3880101e-15      0.89275557       128.00000
       1808.0149      0.99721110      0.99851054       0.0000000
       1808.0357      0.99615073      0.99626195       0.0000000
       1808.0566      0.99737316      0.99799746       0.0000000
       1808.0774      0.99931461      0.99828786       0.0000000
       1808.0982      0.99725789      0.99828482       0.0000000
       1808.1191      0.99494720       1.0002985       0.0000000
       1808.1399      0.99823105      0.99936759       0.0000000
       1808.1607      0.99748522      0.99901372       0.0000000
       1808.1816       1.0001788       1.0003422       0.0000000
       1808.2024      0.99714828       1.0000900       0.0000000
       1808.2232      0.99987316      0.99815387       0.0000000
       1808.2441       1.0018799      0.99773109       0.0000000
       1808.2649       1.0013504       1.0012842       0.0000000
       1808.2857      0.99689555       1.0021017       0.0000000
       1808.3066       1.0007298       1.0008218       0.0000000
       1808.3274      0.99963266      0.99998802       0.0000000
       1808.3482      0.99941498       1.0003855       0.0000000
       1808.3691      0.99861377       1.0010884       0.0000000
       1808.3899       1.0014173       1.0033278       0.0000000
       1808.4107       1.0017350       1.0023957       0.0000000
       1808.4316       1.0001096       1.0039124       0.0000000
       1808.4524       1.0012290       1.0030448       0.0000000
       1808.4732       1.0041714       1.0039508       0.0000000
       1808.4941       1.0026311       1.0037661       0.0000000
       1808.5149       1.0014944       1.0047849       0.0000000
       1808.5357       1.0042621       1.0020306       0.0000000
       1808.5566       1.0027795       1.0028201       0.0000000
       1808.5774       1.0045813       1.0057306       0.0000000
       1808.5982       1.0020700       1.0052277       0.0000000
       1808.6191       1.0033506       1.0051244       0.0000000
       1808.6399       1.0030949       1.0054266       0.0000000
       1808.6607       1.0035799       1.0060288       0.0000000
       1808.6816       1.0025415       1.0057863       0.0000000
       1808.7024       1.0025755       1.0063622       0.0000000
       1808.7232       1.0056293       1.0050355       0.0000000
       1808.7441       1.0048089       1.0064683       0.0000000
       1808.7649       1.0050051       1.0056452       0.0000000
       1808.7857       1.0020821       1.0044371       0.0000000
       1808.8066       1.0030544       1.0049881       0.0000000
       1808.8274       1.0076866       1.0047624       0.0000000
       1808.8482       1.0029039       1.0053698       0.0000000
       1808.8691       1.0022924       1.0053303       0.0000000
       1808.8899       1.0044534       1.0054109       0.0000000
       1808.9107       1.0079434       1.0051149       0.0000000
       1808.9316       1.0054789       1.0059556       0.0000000
       1808.9524       1.0036489       1.0059336       0.0000000
       1808.9732       1.0039790       1.0057462       0.0000000
       1808.9941       1.0045263       1.0059172       0.0000000
       1809.0149       1.0049556       1.0049728       0.0000000
       1809.0357       1.0026004       1.0054357       0.0000000
       1809.0566       1.0039997       1.0029470       0.0000000
       1809.0774       1.0055963       1.0041641       0.0000000
       1809.0982       1.0058539       1.0048898       0.0000000
       1809.1191       1.0041739       1.0051684       0.0000000
       1809.1399       1.0062313       1.0036713       0.0000000
       1809.1607       1.0074301       1.0050055       0.0000000
       1809.1816       1.0027400       1.0042129       0.0000000
       1809.2024       1.0067838       1.0045667       0.0000000
       1809.2232       1.0034442       1.0025984       0.0000000
       1809.2441       1.0044904       1.0045938       0.0000000
       1809.2649       1.0038791       1.0045967       0.0000000
       1809.2857       1.0051632       1.0037553       0.0000000
       1809.3066       1.0048093       1.0052168       0.0000000
       1809.3274       1.0032954       1.0056602       0.0000000
       1809.3482       1.0072081       1.0048441       0.0000000
       1809.3691       1.0065207       1.0043000       0.0000000
       1809.3899       1.0043824       1.0048205       0.0000000
       1809.4107       1.0050950       1.0053936       0.0000000
       1809.4316       1.0036602       1.0039786       0.0000000
       1809.4524       1.0052339       1.0041299       0.0000000
       1809.4732       1.0049400       1.0029707       0.0000000
       1809.4941       1.0021195       1.0040981       0.0000000
       1809.5149       1.0032411       1.0039155       0.0000000
       1809.5357       1.0050359       1.0039828       0.0000000
       1809.5566       1.0044307       1.0039290       0.0000000
       1809.5774       1.0041372       1.0048600       0.0000000
       1809.5982       1.0042067       1.0026767       0.0000000
       1809.6191       1.0044328       1.0033444       0.0000000
       1809.6399       1.0037222       1.0037171       0.0000000
       1809.6607       1.0046725       1.0034791       0.0000000
       1809.6816       1.0059942       1.0043852       0.0000000
       1809.7024       1.0037079       1.0036745       0.0000000
       1809.7232       1.0014483       1.0030367       0.0000000
       1809.7441       1.0067000       1.0019410       0.0000000
       1809.7649       1.0043626       1.0030992       0.0000000
       1809.7857       1.0039494       1.0016718       0.0000000
       1809.8066       1.0033057       1.0022912       0.0000000
       1809.8274       1.0021213       1.0021548       0.0000000
       1809.8482       1.0022204       1.0020300       0.0000000
       1809.8691       1.0021887       1.0019695       0.0000000
       1809.8899       1.0037063       1.0018886       0.0000000
       1809.9107       1.0015538       1.0019685       0.0000000
       1809.9316       1.0009409       1.0004147       0.0000000
       1809.9524       1.0041449       1.0018895       0.0000000
       1809.9732       1.0025545       1.0005915       0.0000000
       1809.9941       1.0034819       1.0002985       0.0000000
       1810.0149       1.0034848       1.0016135       0.0000000
       1810.0357       1.0019590       1.0003538       0.0000000
       1810.0566       1.0025524      0.99963909       0.0000000
       1810.0774       1.0036448       1.0015298       0.0000000
       1810.0982       1.0037777       1.0010736       0.0000000
       1810.1191       1.0006847       1.0001417       0.0000000
       1810.1399       1.0038449       1.0002407       0.0000000
       1810.1607       1.0008036       1.0000260       0.0000000
       1810.1816       1.0012176       1.0000147       0.0000000
       1810.2024       1.0014091      0.99964118       0.0000000
       1810.2232       1.0019972      0.99995732       0.0000000
       1810.2441       1.0010071      0.99832219       0.0000000
       1810.2649       1.0008295      0.99939442       0.0000000
       1810.2857       1.0009246      0.99924672       0.0000000
       1810.3066      0.99726373      0.99899596       0.0000000
       1810.3274       1.0006012      0.99870962       0.0000000
       1810.3482       1.0015147      0.99900997       0.0000000
       1810.3691       1.0001901      0.99772769       0.0000000
       1810.3899       1.0013831      0.99854827       0.0000000
       1810.4107      0.99835664      0.99791837       0.0000000
       1810.4316      0.99684113      0.99942356       0.0000000
       1810.4524      0.99825603      0.99754262       0.0000000
       1810.4732       1.0001689      0.99891073       0.0000000
       1810.4941       1.0000170      0.99752629       0.0000000
       1810.5149      0.99772441      0.99640369       0.0000000
       1810.5357      0.99736303      0.99685180       0.0000000
       1810.5566      0.99643618      0.99798840       0.0000000
       1810.5774      0.99429464      0.99765050       0.0000000
       1810.5982      0.99692696      0.99767494       0.0000000
       1810.6191      0.99565953      0.99453753       0.0000000
       1810.6399      0.99376506      0.99359846       0.0000000
       1810.6607      0.99108595      0.99271441       0.0000000
       1810.6816      0.99149370      0.98980510       0.0000000
       1810.7024      0.98870015      0.98848093       0.0000000
       1810.7232      0.98959941      0.98694283       0.0000000
       1810.7441      0.99138850      0.98698896       0.0000000
       1810.7649      0.98660219      0.98504829       0.0000000
       1810.7857      0.98675650      0.98814857       0.0000000
       1810.8066      0.98755562      0.98809326       0.0000000
       1810.8274      0.98763639      0.98865265       0.0000000
       1810.8482      0.98872280      0.98978454       0.0000000
       1810.8691      0.99129301      0.99122965       0.0000000
       1810.8899      0.99369282      0.99285758       0.0000000
       1810.9107      0.99397922      0.99314171       0.0000000
       1810.9316      0.99582118      0.99441129       0.0000000
       1810.9524      0.99415106      0.99270135       0.0000000
       1810.9732      0.99454468      0.99617851       0.0000000
       1810.9941      0.99530053      0.99480790       0.0000000
       1811.0149      0.99497241      0.99407065       0.0000000
       1811.0357      0.99624705      0.99384695       0.0000000
       1811.0566      0.99560493      0.99486363       0.0000000
       1811.0774      0.99567252      0.99357969       0.0000000
       1811.0982      0.99635798      0.99454516       0.0000000
       1811.1191      0.99495250      0.99489045       0.0000000
       1811.1399      0.99739170      0.99557108       0.0000000
       1811.1607      0.99580818      0.99599224       0.0000000
       1811.1816      0.99613374      0.99526799       0.0000000
       1811.2024      0.99749821      0.99570447       0.0000000
       1811.2232      0.99910635      0.99720937       0.0000000
       1811.2441      0.99798763      0.99580127       0.0000000
       1811.2649      0.99876100      0.99636245       0.0000000
       1811.2857       1.0008143      0.99768025       0.0000000
       1811.3066      0.99932432      0.99765372       0.0000000
       1811.3274       1.0002090      0.99846190       0.0000000
       1811.3482       1.0013149      0.99965727       0.0000000
       1811.3691      0.99959207      0.99925721       0.0000000
       1811.3899       1.0011526       1.0000362       0.0000000
       1811.4107       1.0028067      0.99967641       0.0000000
       1811.4315       1.0024906       1.0004325       0.0000000
       1811.4524       1.0026945       1.0006489       0.0000000
       1811.4732       1.0047035       1.0025200       0.0000000
       1811.4940       1.0038399       1.0015208       0.0000000
       1811.5149       1.0060804       1.0040929       0.0000000
       1811.5357       1.0070833       1.0026914       0.0000000
       1811.5565       1.0045377       1.0029509       0.0000000
       1811.5774       1.0059359       1.0039027       0.0000000
       1811.5982       1.0064943       1.0055935       0.0000000
       1811.6190       1.0064019       1.0039057       0.0000000
       1811.6399       1.0066522       1.0050422       0.0000000
       1811.6607       1.0053920       1.0051754       0.0000000
       1811.6815       1.0064332       1.0058146       0.0000000
       1811.7024       1.0085090       1.0060054       0.0000000
       1811.7232       1.0084658       1.0057293       0.0000000
       1811.7440       1.0112654       1.0065680       0.0000000
       1811.7649       1.0092607       1.0067589       0.0000000
       1811.7857       1.0110408       1.0065197       0.0000000
       1811.8065       1.0085107       1.0056026       0.0000000
       1811.8274       1.0061513       1.0057954       0.0000000
       1811.8482       1.0106632       1.0079820       0.0000000
       1811.8690       1.0100803       1.0075567       0.0000000
       1811.8899       1.0103756       1.0067542       0.0000000
       1811.9107       1.0094531       1.0069307       0.0000000
       1811.9315       1.0108966       1.0073421       0.0000000
       1811.9524       1.0086759       1.0057383       0.0000000
       1811.9732       1.0089877       1.0058762       0.0000000
       1811.9940       1.0081097       1.0057324       0.0000000
       1812.0149       1.0066662       1.0058955       0.0000000
       1812.0357       1.0072812       1.0052271       0.0000000
       1812.0565       1.0056982       1.0039998       0.0000000
       1812.0774       1.0064901       1.0039064       0.0000000
       1812.0982       1.0038568       1.0031500       0.0000000
       1812.1190       1.0058248       1.0030115       0.0000000
       1812.1399       1.0043819       1.0024978       0.0000000
       1812.1607       1.0021273       1.0002193       0.0000000
       1812.1815       1.0027989       1.0003475       0.0000000
       1812.2024       1.0023518       1.0002769       0.0000000
       1812.2232       1.0023619       1.0000561       0.0000000
       1812.2440      0.99862283      0.99919385       0.0000000
       1812.2649       1.0030202      0.99843758       0.0000000
       1812.2857      0.99909550      0.99698961       0.0000000
       1812.3065      0.99941695      0.99728191       0.0000000
       1812.3274       1.0003748      0.99753869       0.0000000
       1812.3482      0.99624836      0.99615914       0.0000000
       1812.3690      0.99841684      0.99519163       0.0000000
       1812.3899      0.99787533      0.99440169       0.0000000
       1812.4107      0.99890614      0.99468642       0.0000000
       1812.4315      0.99483043      0.99298561       0.0000000
       1812.4524      0.99593210      0.99320143       0.0000000
       1812.4732      0.99532372      0.99226254       0.0000000
       1812.4940   2.3177113e-15      0.86648434       128.00000
       1812.5149      0.99794263      0.99113363       0.0000000
       1812.5357      0.99573535      0.99041945       0.0000000
       1812.5565      0.99631703      0.98912656       0.0000000
       1812.5774      0.99833667      0.98868150       0.0000000
       1812.5982      0.99460268      0.98806411       0.0000000
       1812.6190      0.99542314      0.98839808       0.0000000
       1812.6399      0.99027872      0.98889893       0.0000000
       1812.6607      0.99492759      0.98842096       0.0000000
       1812.6815      0.99349582      0.98956871       0.0000000
       1812.7024      0.99284685      0.98928863       0.0000000
       1812.7232      0.99099332      0.98779500       0.0000000
       1812.7440      0.98994046      0.98660231       0.0000000
       1812.7649      0.98464155      0.98138124       0.0000000
       1812.7857      0.98140866      0.97728878       0.0000000
       1812.8065      0.97755134      0.97382140       0.0000000
       1812.8274      0.97689420      0.97274506       0.0000000
       1812.8482      0.97623372      0.96989053       0.0000000
       1812.8690      0.97604138      0.96841019       0.0000000
       1812.8899      0.97317296      0.96944982       0.0000000
       1812.9107      0.97463500      0.96960068       0.0000000
       1812.9315      0.97607726      0.97055262       0.0000000
       1812.9524      0.98041439      0.97316247       0.0000000
       1812.9732      0.98195362      0.97611272       0.0000000
       1812.9940      0.98533064      0.97980928       0.0000000
       1813.0149      0.98805493      0.98239207       0.0000000
       1813.0357      0.99070138      0.98585629       0.0000000
       1813.0565      0.99365741      0.98746157       0.0000000
       1813.0774      0.99420464      0.98892021       0.0000000
       1813.0982      0.99284387      0.98776770       0.0000000
       1813.1190      0.99550313      0.98965394       0.0000000
       1813.1399      0.99503052      0.98894840       0.0000000
       1813.1607      0.99641865      0.99045318       0.0000000
       1813.1815      0.99556404      0.98998702       0.0000000
       1813.2024      0.99330205      0.98900992       0.0000000
       1813.2232      0.99342662      0.98923069       0.0000000
       1813.2440      0.99516249      0.98968393       0.0000000
       1813.2649      0.99441200      0.98918509       0.0000000
       1813.2857      0.99478185      0.99059391       0.0000000
       1813.3065      0.99507266      0.98992425       0.0000000
       1813.3274      0.99420583      0.98719466       0.0000000
       1813.3482      0.99166471      0.98963660       128.00000
       1813.3690      0.99736923      0.98936486       0.0000000
       1813.3899      0.99742287      0.98910195       0.0000000
       1813.4107      0.99821150      0.99103969       0.0000000
       1813.4315      0.99914896      0.99009126       0.0000000
       1813.4524      0.99571401      0.98967797       0.0000000
       1813.4732      0.99666744      0.99069434       0.0000000
       1813.4940      0.99692273      0.99015945       0.0000000
       1813.5149       1.0000087      0.99071199       0.0000000
       1813.5357      0.99697363      0.99184906       0.0000000
       1813.5565      0.99890399      0.99092990       0.0000000
       1813.5774       1.0004065      0.99104393       0.0000000
       1813.5982      0.99999064      0.99049634       0.0000000
       1813.6190      0.99856895      0.99105817       0.0000000
       1813.6399      0.99849761      0.99154621       0.0000000
       1813.6607       1.0002980      0.99133867       0.0000000
       1813.6815      0.99936610      0.99185646       0.0000000
       1813.7024      0.99938202      0.99128819       0.0000000
       1813.7232       1.0005430      0.99402535       0.0000000
       1813.7440      0.99945712      0.99306351       0.0000000
       1813.7649       1.0038298      0.99405867       0.0000000
       1813.7857      0.99636644      0.99312556       0.0000000
       1813.8065      0.99889511      0.99341136       0.0000000
       1813.8274       1.0012721      0.99255556       0.0000000
       1813.8482      0.99983859      0.99233574       0.0000000
       1813.8690       1.0014790      0.99436438       0.0000000
       1813.8899       1.0028017      0.99422240       0.0000000
       1813.9107       1.0045732      0.99351490       0.0000000
       1813.9315       1.0041578      0.99463910       0.0000000
       1813.9524       1.0029106      0.99237055       0.0000000
       1813.9732       1.0016050      0.99348009       0.0000000
       1813.9940       1.0030078      0.99438018       0.0000000
       1814.0149       1.0019486      0.99603856       0.0000000
       1814.0357       1.0018883      0.99436849       0.0000000
       1814.0565       1.0034235      0.99457330       0.0000000
       1814.0774       1.0023615      0.99248576       0.0000000
       1814.0982       1.0040567      0.99405766       0.0000000
       1814.1190       1.0047392      0.99448532       0.0000000
       1814.1399       1.0041864      0.99280113       0.0000000
       1814.1607       1.0042348      0.99431592       0.0000000
       1814.1815       1.0000000      0.99431080       0.0000000
       1814.2024       1.0003618      0.99772072       0.0000000
       1814.2232      0.99899775      0.99625647       0.0000000
       1814.2440      0.99976039      0.99698436       0.0000000
       1814.2649       1.0002117      0.99726647       0.0000000
       1814.2857      0.99849874      0.99553114       0.0000000
       1814.3065      0.99875855      0.99558485       0.0000000
       1814.3274      0.99908304      0.99602121       0.0000000
       1814.3482      0.99827796      0.99468309       0.0000000
       1814.3690      0.99975502      0.99596542       0.0000000
       1814.3898      0.99945575      0.99536568       0.0000000
       1814.4107      0.99757928      0.99322087       0.0000000
       1814.4315      0.99513549      0.99285120       0.0000000
       1814.4523      0.99547285      0.99342418       0.0000000
       1814.4732      0.99817711      0.99325764       0.0000000
       1814.4940      0.99544209      0.99104673       0.0000000
       1814.5148      0.99805975      0.99258506       0.0000000
       1814.5357      0.99952418      0.99375898       0.0000000
       1814.5565      0.99680489      0.99057770       0.0000000
       1814.5773      0.99902594      0.99270231       0.0000000
       1814.5982       1.0000520      0.99268925       0.0000000
       1814.6190       1.0012436      0.99325883       0.0000000
       1814.6398       1.0002339      0.99011850       0.0000000
       1814.6607      0.99941653      0.99006492       0.0000000
       1814.6815      0.99998146      0.98901266       0.0000000
       1814.7023       1.0020875      0.98958433       0.0000000
       1814.7232       1.0010530      0.98718619       0.0000000
       1814.7440      0.99992728      0.98572654       0.0000000
       1814.7648       1.0030389      0.98461747       0.0000000
       1814.7857      0.99977183      0.97924811       0.0000000
       1814.8065       1.0009302      0.97827435       0.0000000
       1814.8273      0.99772072      0.97248071       0.0000000
       1814.8482      0.99845660      0.97141993       0.0000000
       1814.8690      0.99793458      0.96892941       0.0000000
       1814.8898      0.99689329      0.96668702       0.0000000
       1814.9107      0.99853849      0.96456832       0.0000000
       1814.9315      0.99015343      0.96312255       0.0000000
       1814.9523       1.0002248      0.96052837       128.00000
       1814.9732       1.0037986      0.95878756       128.00000
       1814.9940       1.0033795      0.95374471       128.00000
       1815.0148       1.0016181      0.94706589       128.00000
