    1154
       1816.1196       1.0013894       1.0036521       128.00000
       1816.1404       1.0006372       1.0028262       128.00000
       1816.1612       1.0003948       1.0027505       128.00000
       1816.1821       1.0007236       1.0028480       128.00000
       1816.2029       1.0009375       1.0029752       128.00000
       1816.2237      0.99979872       1.0017651       128.00000
       1816.2446      0.99988520       1.0019021       128.00000
       1816.2654      0.99961001       1.0013719       128.00000
       1816.2862       1.0000665       1.0019243       128.00000
       1816.3071       1.0001388       1.0020459       128.00000
       1816.3279      0.99939758       1.0013953       128.00000
       1816.3487      0.99874008       1.0010321       128.00000
       1816.3696      0.99942124       1.0009699       128.00000
       1816.3904      0.99684608      0.99885541       128.00000
       1816.4112      0.99489802      0.99590230       128.00000
       1816.4321      0.99987710       1.0015988       128.00000
       1816.4529      0.99715358      0.99675483       128.00000
       1816.4737      0.99563205      0.99728316       128.00000
       1816.4946      0.99201053      0.99195242       128.00000
       1816.5154      0.99885315      0.99985880       128.00000
       1816.5362      0.99849278      0.99875027       128.00000
       1816.5571      0.99690914      0.99655700       128.00000
       1816.5779      0.99589396      0.99603397       128.00000
       1816.5987      0.99462110      0.99460447       128.00000
       1816.6196      0.99514878      0.99609131       128.00000
       1816.6404      0.99784982      0.99783123       128.00000
       1816.6612      0.99882394      0.99870944       0.0000000
       1816.6821      0.99798125      0.99757606       128.00000
       1816.7029      0.99824494      0.99761409       0.0000000
       1816.7237      0.99900949      0.99819529       0.0000000
       1816.7446      0.99931246      0.99893415       128.00000
       1816.7654      0.99733770      0.99754590       128.00000
       1816.7862      0.99835330      0.99858826       128.00000
       1816.8071      0.99996400      0.99941009       0.0000000
       1816.8279      0.99927258      0.99853420       0.0000000
       1816.8487      0.99759406      0.99480611       128.00000
       1816.8696      0.99902409      0.99864584       128.00000
       1816.8904      0.99842018      0.99625814       128.00000
       1816.9112      0.99935013      0.99885172       0.0000000
       1816.9321      0.99882591      0.99718106       0.0000000
       1816.9529      0.99955034      0.99896103       128.00000
       1816.9737      0.99857646      0.99714178       128.00000
       1816.9946      0.99903435      0.99795312       0.0000000
       1817.0154      0.99993801      0.99973792       128.00000
       1817.0363      0.99988866      0.99928093       0.0000000
       1817.0571       1.0003067      0.99819702       0.0000000
       1817.0779       1.0011876      0.99928474       0.0000000
       1817.0988      0.99981284      0.99830467       0.0000000
       1817.1196       1.0003152      0.99924880       0.0000000
       1817.1404      0.99937385      0.99875957       128.00000
       1817.1613       1.0011469      0.99893141       0.0000000
       1817.1821       1.0008479       1.0001652       128.00000
       1817.2029      0.99882025      0.99693018       128.00000
       1817.2238      0.99999034      0.99991286       128.00000
       1817.2446      0.99726337      0.99810320       128.00000
       1817.2654      0.99986708      0.99958158       0.0000000
       1817.2863      0.99909216      0.99838340       128.00000
       1817.3071      0.99872941      0.99902785       128.00000
       1817.3279       1.0012333       1.0011529       128.00000
       1817.3488       1.0003132       1.0006355       0.0000000
       1817.3696       1.0008979       1.0003636       0.0000000
       1817.3904       1.0012150       1.0014930       128.00000
       1817.4113       1.0009568       1.0003061       0.0000000
       1817.4321       1.0004652      0.99984574       128.00000
       1817.4529       1.0002306      0.99981660       0.0000000
       1817.4738       1.0007293       1.0004504       0.0000000
       1817.4946       1.0009384       1.0009444       0.0000000
       1817.5154      0.99979353      0.99964464       0.0000000
       1817.5363       1.0000397      0.99970710       128.00000
       1817.5571       1.0000000      0.99917871       0.0000000
       1817.5779       1.0006070       1.0001789       128.00000
       1817.5988      0.99930191      0.99806732       128.00000
       1817.6196       1.0012106       1.0012283       0.0000000
       1817.6404      0.99990559      0.99899441       128.00000
       1817.6613      0.99986380      0.99952710       128.00000
       1817.6821       1.0007370       1.0000527       0.0000000
       1817.7029       1.0010209       1.0009401       0.0000000
       1817.7238       1.0001725      0.99980968       128.00000
       1817.7446       1.0002434      0.99981540       0.0000000
       1817.7654       1.0004406      0.99964780       128.00000
       1817.7863      0.99985784      0.99967718       0.0000000
       1817.8071      0.99995857      0.99932426       0.0000000
       1817.8279      0.99968803      0.99884045       0.0000000
       1817.8488       1.0007267       1.0006160       128.00000
       1817.8696      0.99974930      0.99883062       0.0000000
       1817.8904      0.99995810      0.99978608       0.0000000
       1817.9113       1.0004753      0.99965489       0.0000000
       1817.9321       1.0001711       1.0002292       0.0000000
       1817.9529       1.0004592      0.99997920       0.0000000
       1817.9738       1.0002840       1.0005633       0.0000000
       1817.9946      0.99985069      0.99902344       0.0000000
       1818.0154      0.99854457      0.99835235       128.00000
       1818.0363       1.0003134      0.99972481       0.0000000
       1818.0571       1.0004542       1.0007046       0.0000000
       1818.0779      0.99969220      0.99944609       0.0000000
       1818.0988      0.99987066       1.0002661       0.0000000
       1818.1196      0.99903768      0.99892902       0.0000000
       1818.1404       1.0003786       1.0007086       0.0000000
       1818.1613       1.0002446      0.99952072       0.0000000
       1818.1821      0.99986190       1.0001996       0.0000000
       1818.2029       1.0008633       1.0006175       0.0000000
       1818.2238      0.99950117      0.99986678       0.0000000
       1818.2446       1.0006374       1.0005865       128.00000
       1818.2655       1.0002141      0.99973541       0.0000000
       1818.2863       1.0007434       1.0013480       0.0000000
       1818.3071      0.99945754      0.99855137       0.0000000
       1818.3280       1.0003611       1.0004379       0.0000000
       1818.3488       1.0005200       1.0001266       0.0000000
       1818.3696       1.0003933       1.0003341       0.0000000
       1818.3905       1.0006117       1.0002866       0.0000000
       1818.4113       1.0021596       1.0017439       128.00000
       1818.4321       1.0006567       1.0001296       0.0000000
       1818.4530      0.99995375      0.99941808       0.0000000
       1818.4738       1.0006584       1.0004127       0.0000000
       1818.4946       1.0008247       1.0006001       0.0000000
       1818.5155       1.0011190       1.0006977       0.0000000
       1818.5363       1.0010504       1.0004259       0.0000000
       1818.5571       1.0003877       1.0005480       0.0000000
       1818.5780       1.0005852       1.0001574       0.0000000
       1818.5988       1.0015332       1.0012776       0.0000000
       1818.6196       1.0006093      0.99997777       0.0000000
       1818.6405      0.99987793       1.0001377       0.0000000
       1818.6613       1.0007271       1.0002887       0.0000000
       1818.6821       1.0009794       1.0008267       0.0000000
       1818.7030       1.0005285       1.0000488       128.00000
       1818.7238       1.0000437       1.0001055       0.0000000
       1818.7446       1.0005338      0.99998999       0.0000000
       1818.7655       1.0008570       1.0009984       0.0000000
       1818.7863      0.99995887      0.99937117       0.0000000
       1818.8071      0.99931055      0.99925131       0.0000000
       1818.8280      0.99932110      0.99935985       0.0000000
       1818.8488      0.99979496      0.99977475       0.0000000
       1818.8696       1.0003960       1.0001285       0.0000000
       1818.8905      0.99985158      0.99918973       0.0000000
       1818.9113       1.0004709       1.0000000       0.0000000
       1818.9321      0.99987590      0.99944180       0.0000000
       1818.9530      0.99949747      0.99927777       0.0000000
       1818.9738      0.99979103      0.99944389       0.0000000
       1818.9946      0.99879485      0.99920571       128.00000
       1819.0155      0.99857312      0.99812496       0.0000000
       1819.0363      0.99920881      0.99913901       0.0000000
       1819.0571      0.99921459      0.99857122       0.0000000
       1819.0780      0.99898815      0.99900138       0.0000000
       1819.0988      0.99910748      0.99838227       0.0000000
       1819.1196      0.99978828      0.99939847       0.0000000
       1819.1405      0.99876553      0.99843824       0.0000000
       1819.1613      0.99741173      0.99750733       0.0000000
       1819.1821      0.99851805      0.99847108       0.0000000
       1819.2030      0.99816191      0.99803054       0.0000000
       1819.2238      0.99840969      0.99859780       0.0000000
       1819.2446      0.99779344      0.99760985       0.0000000
       1819.2655      0.99851817      0.99894452       0.0000000
       1819.2863      0.99799562      0.99795103       0.0000000
       1819.3071      0.99822080      0.99894708       0.0000000
       1819.3280      0.99755615      0.99726129       0.0000000
       1819.3488      0.99636918      0.99682587       0.0000000
       1819.3696      0.98635453      0.98651123       0.0000000
       1819.3905      0.97731739      0.97703570       0.0000000
       1819.4113      0.97013462      0.97001767       0.0000000
       1819.4321      0.97148317      0.97173858       0.0000000
       1819.4530      0.97993463      0.97990865       0.0000000
       1819.4738      0.98990917      0.98972166       0.0000000
       1819.4947      0.99764740      0.99786329       0.0000000
       1819.5155      0.99887532      0.99837613       0.0000000
       1819.5363      0.99846125      0.99841398       0.0000000
       1819.5572      0.99767667      0.99725479       0.0000000
       1819.5780      0.99913788      0.99903774       0.0000000
       1819.5988      0.99822676      0.99769199       0.0000000
       1819.6197      0.99984252      0.99990070       0.0000000
       1819.6405      0.99868089      0.99768281       0.0000000
       1819.6613      0.99889612      0.99824852       0.0000000
       1819.6822      0.99965459      0.99908233       0.0000000
       1819.7030       1.0002024       1.0005105       0.0000000
       1819.7238       1.0002594      0.99975812       0.0000000
       1819.7447       1.0003686      0.99935263       0.0000000
       1819.7655       1.0006323      0.99971896       0.0000000
       1819.7863       1.0012442       1.0007561       0.0000000
       1819.8072       1.0000932       1.0000117       0.0000000
       1819.8280       1.0010285      0.99987972       0.0000000
       1819.8488       1.0013154       1.0012355       0.0000000
       1819.8697       1.0016307       1.0008514       0.0000000
       1819.8905       1.0021771       1.0020142       0.0000000
       1819.9113       1.0017960       1.0005990       0.0000000
       1819.9322       1.0018669       1.0020858       0.0000000
       1819.9530       1.0025914       1.0013720       0.0000000
       1819.9738       1.0019263       1.0021179       0.0000000
       1819.9947       1.0029424       1.0019926       0.0000000
       1820.0155       1.0025723       1.0018904       0.0000000
       1820.0363       1.0022275       1.0012432       0.0000000
       1820.0572       1.0020418       1.0013701       0.0000000
       1820.0780       1.0021453       1.0021617       0.0000000
       1820.0988       1.0014949       1.0007160       0.0000000
       1820.1197       1.0025560       1.0022137       0.0000000
       1820.1405       1.0022514       1.0011932       0.0000000
       1820.1613       1.0025179       1.0020870       0.0000000
       1820.1822       1.0018353       1.0008601       0.0000000
       1820.2030       1.0016900       1.0014156       0.0000000
       1820.2238       1.0025654       1.0015669       0.0000000
       1820.2447       1.0021993       1.0009838       0.0000000
       1820.2655       1.0019143       1.0010159       0.0000000
       1820.2863       1.0010902       1.0004603       0.0000000
       1820.3072       1.0004361      0.99965733       0.0000000
       1820.3280       1.0014635      0.99914795       0.0000000
       1820.3488       1.0015228       1.0002534       0.0000000
       1820.3697       1.0010065      0.99890912       0.0000000
       1820.3905       1.0021462       1.0007459       0.0000000
       1820.4113       1.0012282      0.99879009       0.0000000
       1820.4322       1.0013183      0.99957937       0.0000000
       1820.4530       1.0008787      0.99846637       0.0000000
       1820.4738       1.0018507      0.99998283       0.0000000
       1820.4947       1.0022969      0.99952865       0.0000000
       1820.5155       1.0005338      0.99815184       0.0000000
       1820.5363       1.0016860      0.99917722       0.0000000
       1820.5572       1.0009239      0.99860823       0.0000000
       1820.5780       1.0003448      0.99762803       128.00000
       1820.5988       1.0015839      0.99838334       0.0000000
       1820.6197       1.0008537      0.99860376       0.0000000
       1820.6405       1.0011083      0.99728447       0.0000000
       1820.6613       1.0007329      0.99811649       0.0000000
       1820.6822       1.0003561      0.99696082       0.0000000
       1820.7030       1.0007489      0.99842101       0.0000000
       1820.7238       1.0012312      0.99764949       0.0000000
       1820.7447      0.99983633      0.99748117       0.0000000
       1820.7655       1.0008919      0.99820596       0.0000000
       1820.7863       1.0002732      0.99634975       0.0000000
       1820.8072       1.0008316      0.99716866       0.0000000
       1820.8280       1.0004618      0.99778116       0.0000000
       1820.8488       1.0007501      0.99775249       0.0000000
       1820.8697       1.0006100      0.99743307       0.0000000
       1820.8905       1.0006107      0.99673039       0.0000000
       1820.9114       1.0008655      0.99728787       0.0000000
       1820.9322       1.0008041      0.99733371       0.0000000
       1820.9530      0.99891496      0.99496615       0.0000000
       1820.9739      0.99939209      0.99758053       128.00000
       1820.9947      0.99884415      0.99525779       0.0000000
       1821.0155      0.99937332      0.99588913       128.00000
       1821.0364      0.99924928      0.99608207       128.00000
       1821.0572      0.99997216      0.99727476       0.0000000
       1821.0780      0.99840987      0.99436498       0.0000000
       1821.0989      0.99875033      0.99568939       0.0000000
       1821.1197      0.99939573      0.99447984       128.00000
       1821.1405  -5.3082125e-17      0.85583651       128.00000
       1821.1614      0.99968725      0.99787951       0.0000000
       1821.1822      0.99904078      0.99702609       0.0000000
       1821.2030      0.99866259      0.99768722       0.0000000
       1821.2239      0.99870265      0.99708748       128.00000
       1821.2447      0.99837494      0.99705333       0.0000000
       1821.2655      0.99792176      0.99591029       128.00000
       1821.2864      0.99999285      0.99864936       0.0000000
       1821.3072      0.99943852      0.99685967       128.00000
       1821.3280      0.99832618      0.99697262       0.0000000
       1821.3489      0.99807274      0.99597502       0.0000000
       1821.3697      0.99877948      0.99696130       0.0000000
       1821.3905      0.99683112      0.99492931       128.00000
       1821.4114      0.99822944      0.99680889       0.0000000
       1821.4322      0.99809569      0.99688596       0.0000000
       1821.4530      0.99832678      0.99633938       0.0000000
       1821.4739      0.99828392      0.99769729       0.0000000
       1821.4947      0.99766302      0.99530298       128.00000
       1821.5155      0.99950659      0.99882221       0.0000000
       1821.5364      0.99865443      0.99670345       0.0000000
       1821.5572      0.99971318      0.99824852       128.00000
       1821.5780      0.99874979      0.99701124       128.00000
       1821.5989      0.99846345      0.99770659       0.0000000
       1821.6197      0.99921572      0.99837697       0.0000000
       1821.6405      0.99925679      0.99831760       0.0000000
       1821.6614      0.99893343      0.99845910       0.0000000
       1821.6822      0.99833351      0.99767661       128.00000
       1821.7030      0.99793130      0.99683279       128.00000
       1821.7239      0.99925637      0.99823618       0.0000000
       1821.7447      0.99955952      0.99910593       0.0000000
       1821.7655      0.99837297      0.99712694       128.00000
       1821.7864      0.99937123      0.99978328       0.0000000
       1821.8072       1.0001559      0.99922258       0.0000000
       1821.8280       1.0002944       1.0000262       0.0000000
       1821.8489       1.0001594      0.99969321       0.0000000
       1821.8697       1.0000644       1.0003930       0.0000000
       1821.8905       1.0007768       1.0002725       0.0000000
       1821.9114       1.0001309      0.99972004       0.0000000
       1821.9322       1.0013399       1.0016698       0.0000000
       1821.9530       1.0007391       1.0001442       0.0000000
       1821.9739       1.0009996       1.0012317       0.0000000
       1821.9947       1.0005200      0.99983931       0.0000000
       1822.0155       1.0000782       1.0007852       0.0000000
       1822.0364       1.0005516      0.99994695       0.0000000
       1822.0572       1.0015920       1.0020709       0.0000000
       1822.0780      0.99977487      0.99971408       0.0000000
       1822.0989       1.0010364       1.0011259       0.0000000
       1822.1197       1.0004328       1.0002649       0.0000000
       1822.1405      0.99993932      0.99957865       0.0000000
       1822.1614       1.0007962       1.0013382       0.0000000
       1822.1822       1.0002826      0.99951154       0.0000000
       1822.2030      0.99991822       1.0003842       0.0000000
       1822.2239       1.0004970      0.99977571       0.0000000
       1822.2447       1.0001664       1.0004669       0.0000000
       1822.2655       1.0015182       1.0004464       0.0000000
       1822.2864       1.0000998       1.0005705       0.0000000
       1822.3072       1.0005524      0.99972039       0.0000000
       1822.3280       1.0003227      0.99994516       0.0000000
       1822.3489       1.0008743       1.0007521       0.0000000
       1822.3697       1.0001262      0.99924403       0.0000000
       1822.3906      0.99891317      0.99884230       0.0000000
       1822.4114       1.0001653      0.99891675       0.0000000
       1822.4322       1.0002767       1.0000358       0.0000000
       1822.4531      0.99983025      0.99886101       0.0000000
       1822.4739       1.0001997      0.99991286       0.0000000
       1822.4947       1.0007974       1.0002124       0.0000000
       1822.5156      0.99976772      0.99943757       0.0000000
       1822.5364       1.0000602       1.0000134       0.0000000
       1822.5572      0.99891508      0.99788350       0.0000000
       1822.5781      0.99986309      0.99990600       0.0000000
       1822.5989      0.99980563      0.99879181       0.0000000
       1822.6197      0.99994421      0.99976110       0.0000000
       1822.6406       1.0000861      0.99916279       0.0000000
       1822.6614      0.99909097      0.99872291       0.0000000
       1822.6822      0.99911523      0.99873507       0.0000000
       1822.7031       1.0005708       1.0004573       0.0000000
       1822.7239       1.0001450      0.99954873       0.0000000
       1822.7447      0.99932230      0.99928623       0.0000000
       1822.7656      0.99930668      0.99875158       0.0000000
       1822.7864       1.0001765      0.99987453       0.0000000
       1822.8072      0.99876529      0.99831831       0.0000000
       1822.8281      0.99976623      0.99932516       0.0000000
       1822.8489      0.99976820      0.99986750       0.0000000
       1822.8697       1.0005032      0.99969685       0.0000000
       1822.8906       1.0001279       1.0005926       0.0000000
       1822.9114      0.99991906      0.99972403       0.0000000
       1822.9322      0.99946064      0.99937809       0.0000000
       1822.9531      0.99980390      0.99961996       0.0000000
       1822.9739      0.99970675      0.99911988       0.0000000
       1822.9947       1.0000733       1.0001056       0.0000000
       1823.0156      0.99969250      0.99940521       0.0000000
       1823.0364      0.99930644      0.99974799       0.0000000
       1823.0572       1.0005134       1.0005908       0.0000000
       1823.0781       1.0001829       1.0007892       0.0000000
       1823.0989       1.0007474       1.0001006       0.0000000
       1823.1197       1.0007198       1.0010943       0.0000000
       1823.1406       1.0007128       1.0002686       0.0000000
       1823.1614      0.99955976      0.99991119       128.00000
       1823.1822       1.0000409       1.0001340       0.0000000
       1823.2031      0.99941230      0.99948692       0.0000000
       1823.2239      0.99969465       1.0001308       0.0000000
       1823.2447       1.0006262       1.0006796       0.0000000
       1823.2656       1.0003204       1.0002731       0.0000000
       1823.2864      0.99955690      0.99982876       0.0000000
       1823.3072       1.0010568       1.0004783       0.0000000
       1823.3281       1.0001405       1.0001619       0.0000000
       1823.3489      0.99986362      0.99976933       0.0000000
       1823.3697       1.0006716       1.0004539       0.0000000
       1823.3906       1.0000452      0.99974066       0.0000000
       1823.4114       1.0012299       1.0008000       0.0000000
       1823.4322       1.0004976       1.0000591       0.0000000
       1823.4531      0.99942797      0.99956357       0.0000000
       1823.4739      0.99933517      0.99877614       0.0000000
       1823.4947       1.0002680      0.99973482       0.0000000
       1823.5156      0.99982762      0.99986315       0.0000000
       1823.5364       1.0000600      0.99894160       0.0000000
       1823.5572      0.99987972       1.0002749       0.0000000
       1823.5781      0.99946731      0.99904943       0.0000000
       1823.5989      0.99931335      0.99979478       0.0000000
       1823.6197      0.99978667      0.99972206       0.0000000
       1823.6406      0.99977106      0.99948233       0.0000000
       1823.6614       1.0005095       1.0006485       0.0000000
       1823.6822       1.0000277      0.99951267       0.0000000
       1823.7031      0.99951464       1.0003046       0.0000000
       1823.7239      0.99896771      0.99895936       0.0000000
       1823.7447       1.0003092       1.0012470       0.0000000
       1823.7656      0.99873698      0.99863744       0.0000000
       1823.7864      0.99914759      0.99915081       0.0000000
       1823.8072      0.99978346       1.0002562       0.0000000
       1823.8281      0.99960774       1.0000584       0.0000000
       1823.8489      0.99930853       1.0000980       0.0000000
       1823.8697      0.99931860      0.99940693       0.0000000
       1823.8906      0.99928987      0.99972647       0.0000000
       1823.9114       1.0004393       1.0009943       0.0000000
       1823.9322      0.99947846       1.0004088       0.0000000
       1823.9531      0.99855101      0.99923313       0.0000000
       1823.9739       1.0000390       1.0005597       0.0000000
       1823.9947      0.99942195       1.0001413       0.0000000
       1824.0156      0.99794620      0.99822664       0.0000000
       1824.0364      0.99978411       1.0008305       0.0000000
       1824.0572      0.99923348      0.99937809       0.0000000
       1824.0781       1.0015553       1.0022720       0.0000000
       1824.0989       1.0004909       1.0005482       0.0000000
       1824.1198       1.0009056       1.0017751       0.0000000
       1824.1406       1.0013531       1.0019855       0.0000000
       1824.1614       1.0002452       1.0007399       0.0000000
       1824.1823      0.99968457       1.0005355       0.0000000
       1824.2031       1.0001736       1.0004886       0.0000000
       1824.2239       1.0009723       1.0020835       0.0000000
       1824.2448       1.0013720       1.0013078       0.0000000
       1824.2656       1.0007945       1.0016109       0.0000000
       1824.2864       1.0015278       1.0021858       0.0000000
       1824.3073       1.0008085       1.0014873       0.0000000
       1824.3281       1.0014913       1.0022500       0.0000000
       1824.3489       1.0010269       1.0011756       0.0000000
       1824.3698       1.0005903       1.0014547       0.0000000
       1824.3906       1.0011151       1.0009588       0.0000000
       1824.4114       1.0011679       1.0020069       0.0000000
       1824.4323       1.0014719       1.0012232       0.0000000
       1824.4531       1.0002115       1.0010777       0.0000000
       1824.4739       1.0014569       1.0023081       0.0000000
       1824.4948       1.0014596       1.0011925       0.0000000
       1824.5156       1.0001452       1.0014447       0.0000000
       1824.5364       1.0004913       1.0007550       0.0000000
       1824.5573       1.0008496       1.0015131       0.0000000
       1824.5781      0.99997389       1.0006258       0.0000000
       1824.5989       1.0011954       1.0015385       0.0000000
       1824.6198      0.99998373       1.0008594       0.0000000
       1824.6406       1.0010320       1.0008250       0.0000000
       1824.6614      0.99950725       1.0006100       0.0000000
       1824.6823       1.0004396       1.0006574       0.0000000
       1824.7031       1.0005983       1.0011913       0.0000000
       1824.7239       1.0011120       1.0013874       0.0000000
       1824.7448       1.0014356       1.0011375       0.0000000
       1824.7656      0.99998051       1.0011588       0.0000000
       1824.7864       1.0005903       1.0002811       0.0000000
       1824.8073       1.0008936       1.0020500       0.0000000
       1824.8281       1.0007672       1.0006453       0.0000000
       1824.8489      0.99967903       1.0012292       0.0000000
       1824.8698       1.0000101       1.0009863       0.0000000
       1824.8906      0.99965173      0.99986005       0.0000000
       1824.9114      0.99982435       1.0009947       0.0000000
       1824.9323      0.99979585       1.0002451       0.0000000
       1824.9531      0.99923557       1.0007662       0.0000000
       1824.9739      0.99996573       1.0007846       0.0000000
       1824.9948      0.99918836       1.0002285       0.0000000
       1825.0156      0.99993736       1.0010310       0.0000000
       1825.0364      0.99939430      0.99986655       0.0000000
       1825.0573      0.99950403       1.0011392       0.0000000
       1825.0781      0.99951702      0.99956077       0.0000000
       1825.0989      0.99920326       1.0005491       0.0000000
       1825.1198      0.99917459      0.99980307       0.0000000
       1825.1406       1.0004985       1.0008144       0.0000000
       1825.1614      0.99942869       1.0006447       0.0000000
       1825.1823      0.99958116      0.99952281       0.0000000
       1825.2031       1.0006961       1.0017695       0.0000000
       1825.2239       1.0003830       1.0012528       0.0000000
       1825.2448      0.99926215      0.99911016       0.0000000
       1825.2656      0.99956083       1.0009273       0.0000000
       1825.2864       1.0005149       1.0005122       0.0000000
       1825.3073      0.99965686       1.0007359       0.0000000
       1825.3281      0.99991524       1.0008259       0.0000000
       1825.3489       1.0005913       1.0006330       0.0000000
       1825.3698      0.99997872       1.0015085       0.0000000
       1825.3906       1.0012711       1.0014019       0.0000000
       1825.4114       1.0010067       1.0011133       0.0000000
       1825.4323       1.0000482       1.0002912       0.0000000
       1825.4531       1.0007598       1.0007131       0.0000000
       1825.4739       1.0009445       1.0017557       0.0000000
       1825.4948       1.0011028       1.0007626       0.0000000
       1825.5156       1.0003374       1.0013796       0.0000000
       1825.5364       1.0002052       1.0004754       0.0000000
       1825.5573       1.0016922       1.0022950       0.0000000
       1825.5781       1.0007167       1.0011398       0.0000000
       1825.5989       1.0002422       1.0003780       0.0000000
       1825.6198      0.99992615       1.0004694       0.0000000
       1825.6406       1.0008720       1.0005960       0.0000000
       1825.6614       1.0006496       1.0007428       0.0000000
       1825.6823       1.0004357       1.0003160       0.0000000
       1825.7031       1.0012547       1.0006493       0.0000000
       1825.7239       1.0007837       1.0007677       0.0000000
       1825.7448      0.99969232      0.99992526       0.0000000
       1825.7656       1.0000762       1.0001078       0.0000000
       1825.7864      0.99997526       1.0002540       0.0000000
       1825.8073      0.99933159      0.99931800       0.0000000
       1825.8281      0.99814177      0.99923623       0.0000000
       1825.8489       1.0000473      0.99952245       0.0000000
       1825.8698      0.99813944      0.99922448       0.0000000
       1825.8906      0.99832594      0.99852568       0.0000000
       1825.9114      0.99660963      0.99741203       0.0000000
       1825.9323      0.99827170      0.99803680       0.0000000
       1825.9531      0.99883854      0.99835968       0.0000000
       1825.9739      0.99687874      0.99735475       0.0000000
       1825.9948      0.98874521      0.98879844       0.0000000
       1826.0156      0.97786218      0.97687429       0.0000000
       1826.0365      0.97110909      0.96977788       0.0000000
       1826.0573      0.97005469      0.96940589       0.0000000
       1826.0781      0.97634566      0.97576541       0.0000000
       1826.0990      0.98600757      0.98462749       0.0000000
       1826.1198      0.99609619      0.99557543       0.0000000
       1826.1406  -5.4376058e-17      0.87693632       128.00000
       1826.1615      0.99607092      0.99802238       0.0000000
       1826.1823      0.99674314      0.99916816       0.0000000
       1826.2031      0.99620461      0.99768221       0.0000000
       1826.2240      0.99718457      0.99928677       0.0000000
       1826.2448      0.99775767      0.99890274       0.0000000
       1826.2656      0.99807179      0.99927545       0.0000000
       1826.2865      0.99755472      0.99889958       0.0000000
       1826.3073      0.99859899      0.99963415       0.0000000
       1826.3281      0.99748588      0.99915969       128.00000
       1826.3490      0.99827677      0.99928886       0.0000000
       1826.3698      0.99879903       1.0003926       0.0000000
       1826.3906      0.99833858      0.99951923       0.0000000
       1826.4115      0.99988580       1.0010151       0.0000000
       1826.4323      0.99983621       1.0015522       0.0000000
       1826.4531      0.99992800       1.0017339       0.0000000
       1826.4740       1.0003293       1.0020933       0.0000000
       1826.4948       1.0014019       1.0030082       0.0000000
       1826.5156       1.0012975       1.0033752       0.0000000
       1826.5365       1.0014871       1.0044795       0.0000000
       1826.5573       1.0011346       1.0030601       0.0000000
       1826.5781       1.0019774       1.0053204       0.0000000
       1826.5990       1.0021816       1.0042758       0.0000000
       1826.6198       1.0018427       1.0048727       0.0000000
       1826.6406       1.0021576       1.0048612       0.0000000
       1826.6615       1.0027928       1.0052260       0.0000000
       1826.6823       1.0015310       1.0050151       128.00000
       1826.7031       1.0026395       1.0053991       0.0000000
       1826.7240       1.0036064       1.0071015       0.0000000
       1826.7448       1.0024192       1.0058203       0.0000000
       1826.7656       1.0030572       1.0056975       0.0000000
       1826.7865       1.0038284       1.0075678       0.0000000
       1826.8073       1.0032966       1.0062230       0.0000000
       1826.8281       1.0028744       1.0062993       0.0000000
       1826.8490       1.0023248       1.0056992       0.0000000
       1826.8698       1.0034759       1.0064774       0.0000000
       1826.8906       1.0014344       1.0056559       0.0000000
       1826.9115       1.0020471       1.0053241       0.0000000
       1826.9323       1.0016658       1.0061145       0.0000000
       1826.9531       1.0009542       1.0045666       128.00000
       1826.9740       1.0020533       1.0055684       0.0000000
       1826.9948       1.0008203       1.0049325       0.0000000
       1827.0156       1.0012319       1.0049018       0.0000000
       1827.0365       1.0005937       1.0042585       0.0000000
       1827.0573       1.0007060       1.0038898       0.0000000
       1827.0781       1.0001506       1.0032842       0.0000000
       1827.0990      0.99952114       1.0035442       128.00000
       1827.1198      0.99966747       1.0029362       128.00000
       1827.1406       1.0009735       1.0047010       0.0000000
       1827.1615       1.0001858       1.0039635       0.0000000
       1827.1823      0.99985766       1.0030684       0.0000000
       1827.2031      0.99944651       1.0038129       0.0000000
       1827.2240      0.99918145       1.0027565       0.0000000
       1827.2448      0.99994630       1.0033547       0.0000000
       1827.2656      0.99930376       1.0034755       0.0000000
       1827.2865       1.0001352       1.0032892       0.0000000
       1827.3073      0.99915272       1.0033962       0.0000000
       1827.3281      0.99828064       1.0019940       0.0000000
       1827.3490      0.99773926       1.0014857       0.0000000
       1827.3698      0.99883109       1.0030710       0.0000000
       1827.3906      0.99856412       1.0026022       0.0000000
       1827.4115      0.99999428       1.0042145       0.0000000
       1827.4323      0.99850708       1.0022874       0.0000000
       1827.4531      0.99859196       1.0023392       0.0000000
       1827.4740      0.99956554       1.0033350       0.0000000
       1827.4948      0.99850208       1.0023038       0.0000000
       1827.5156      0.99937046       1.0034034       0.0000000
       1827.5365      0.99882078       1.0034404       0.0000000
       1827.5573      0.99932861       1.0035281       0.0000000
       1827.5781       1.0003397       1.0053767       0.0000000
       1827.5990      0.99979979       1.0044255       0.0000000
       1827.6198       1.0000449       1.0044825       0.0000000
       1827.6406       1.0014714       1.0051837       0.0000000
       1827.6615       1.0001572       1.0040315       0.0000000
       1827.6823       1.0002966       1.0043921       0.0000000
       1827.7031       1.0002692       1.0045556       0.0000000
       1827.7240      0.99904799       1.0035111       0.0000000
       1827.7448       1.0007854       1.0045713       0.0000000
       1827.7656       1.0006654       1.0054519       0.0000000
       1827.7865       1.0000802       1.0050313       0.0000000
       1827.8073       1.0010536       1.0060710       0.0000000
       1827.8281      0.99976903       1.0049254       0.0000000
       1827.8490       1.0010198       1.0066885       128.00000
       1827.8698       1.0017786       1.0066515       0.0000000
       1827.8906       1.0002999       1.0062667       0.0000000
       1827.9115      0.99917954       1.0053689       0.0000000
       1827.9323       1.0005100       1.0068806       0.0000000
       1827.9531      0.99973714       1.0063474       0.0000000
       1827.9740      0.99997354       1.0070096       0.0000000
       1828.9740  -1.1161663e-15      0.99252820       128.00000
       1828.9948       1.0040663      0.99958813       128.00000
       1829.0157       1.0035813      0.99822909       128.00000
       1829.0365       1.0025616      0.99697453       128.00000
       1829.0573       1.0029861      0.99679250       128.00000
       1829.0782       1.0027937      0.99773169       128.00000
       1829.0990       1.0016363      0.99607182       128.00000
       1829.1198       1.0018754      0.99584144       128.00000
       1829.1407       1.0018144      0.99609458       128.00000
       1829.1615       1.0012269      0.99550062       128.00000
       1829.1823       1.0016278      0.99647617       128.00000
       1829.2032       1.0009832      0.99542338       128.00000
       1829.2240       1.0020241      0.99579328       128.00000
       1829.2448       1.0012453      0.99531114       128.00000
       1829.2657       1.0020396      0.99647826       128.00000
       1829.2865       1.0015836      0.99499148       128.00000
       1829.3073       1.0019912      0.99668688       128.00000
       1829.3282       1.0016479      0.99621767       128.00000
       1829.3490       1.0010211      0.99452436       128.00000
       1829.3698       1.0014952      0.99552596       128.00000
       1829.3907       1.0017349      0.99434400       128.00000
       1829.4115       1.0024769      0.99642414       128.00000
       1829.4323       1.0022146      0.99598819       128.00000
       1829.4532       1.0017713      0.99527538       128.00000
       1829.4740       1.0022755      0.99507213       128.00000
       1829.4948       1.0025915      0.99657482       128.00000
       1829.5157       1.0015994      0.99513876       128.00000
       1829.5365       1.0014710      0.99602389       128.00000
       1829.5573       1.0007365      0.99638176       128.00000
       1829.5782       1.0005162      0.99485499       128.00000
       1829.5990      0.99968600      0.99368083       128.00000
       1829.6198      0.99938750      0.99405664       128.00000
       1829.6407       1.0007852      0.99179804       128.00000
       1829.6615       1.0014096      0.99337542       128.00000
       1829.6823       1.0001760      0.99252898       128.00000
       1829.7032       1.0001984      0.99179786       128.00000
       1829.7240       1.0014217      0.99452448       128.00000
       1829.7448       1.0006381      0.99272251       128.00000
       1829.7657       1.0007571      0.99408990       128.00000
       1829.7865       1.0011545      0.99383688       128.00000
       1829.8073       1.0010049      0.99109757       128.00000
       1829.8282       1.0002091      0.99144846       128.00000
       1829.8490      0.99992663      0.99134129       128.00000
       1829.8698       1.0009433      0.99116981       128.00000
       1829.8907       1.0004028      0.99130154       128.00000
       1829.9115       1.0006758      0.99374682       128.00000
       1829.9323       1.0000294      0.99246538       128.00000
       1829.9532       1.0010278      0.99394470       0.0000000
       1829.9740       1.0013847      0.99423176       128.00000
       1829.9948       1.0001651      0.99341089       0.0000000
       1830.0157       1.0014307      0.99492991       0.0000000
       1830.0365       1.0004469      0.99369860       128.00000
       1830.0573      0.99971461      0.99312055       0.0000000
       1830.0782       1.0007142      0.99488628       0.0000000
       1830.0990       1.0008281      0.99334377       0.0000000
       1830.1198       1.0015041      0.99635810       0.0000000
       1830.1407       1.0008696      0.99719691       0.0000000
       1830.1615       1.0002711      0.99460310       128.00000
       1830.1823       1.0003030      0.99471784       0.0000000
       1830.2032       1.0010263      0.99613321       0.0000000
       1830.2240       1.0020483      0.99684530       0.0000000
       1830.2448       1.0019923      0.99940807       0.0000000
       1830.2657       1.0014119      0.99865091       0.0000000
       1830.2865       1.0016941      0.99633688       0.0000000
       1830.3073       1.0010052      0.99635905       0.0000000
       1830.3282       1.0010502      0.99745315       0.0000000
       1830.3490       1.0010847      0.99690711       0.0000000
       1830.3698       1.0017184      0.99965400       0.0000000
       1830.3907       1.0000622       1.0003047       0.0000000
       1830.4115      0.99988079      0.99863958       0.0000000
       1830.4323       1.0016438      0.99807423       0.0000000
       1830.4532       1.0006652      0.99929553       0.0000000
       1830.4740       1.0005114      0.99937165       0.0000000
       1830.4948       1.0012907      0.99800944       0.0000000
       1830.5157       1.0007451       1.0003545       0.0000000
       1830.5365      0.99959368      0.99832177       0.0000000
       1830.5573      0.99949950      0.99874663       0.0000000
       1830.5782       1.0003959       1.0007303       0.0000000
       1830.5990      0.99947017      0.99844933       0.0000000
       1830.6198       1.0011955      0.99703777       0.0000000
       1830.6407      0.99960357       1.0002422       0.0000000
       1830.6615       1.0001253      0.99948913       0.0000000
       1830.6823       1.0026243      0.99776793       0.0000000
       1830.7032      0.99934447      0.99857152       0.0000000
       1830.7240       1.0006564      0.99986333       0.0000000
       1830.7448      0.99976623      0.99834943       0.0000000
       1830.7657       1.0000837      0.99895686       0.0000000
       1830.7865       1.0001366       1.0002898       0.0000000
       1830.8073      0.99992096      0.99843782       0.0000000
       1830.8282      0.99985898      0.99944943       0.0000000
       1830.8490      0.99856204      0.99836487       0.0000000
       1830.8698      0.99938780      0.99880326       0.0000000
       1830.8907      0.99990875      0.99998343       0.0000000
       1830.9115       1.0001396       1.0007124       0.0000000
       1830.9323      0.99991864      0.99955279       0.0000000
       1830.9532      0.99930596      0.99877220       0.0000000
       1830.9740      0.99958163      0.99983859       0.0000000
       1830.9948      0.99917030      0.99903977       0.0000000
       1831.0157      0.99924749      0.99929053       0.0000000
       1831.0365      0.99843603      0.99913323       0.0000000
       1831.0573      0.99979806      0.99965376       0.0000000
       1831.0782      0.99891078      0.99839997       0.0000000
       1831.0990      0.99899644      0.99991882       0.0000000
       1831.1198       1.0001171       1.0003928       0.0000000
       1831.1407      0.99868309      0.99871308       128.00000
       1831.1615      0.99940532      0.99664575       128.00000
       1831.1823      0.99918830      0.99884301       0.0000000
       1831.2032      0.99894124      0.99828744       0.0000000
       1831.2240      0.99888569      0.99818206       0.0000000
       1831.2448      0.99974525      0.99899060       128.00000
       1831.2657      0.99729151      0.99777335       128.00000
       1831.2865      0.99949580      0.99778563       0.0000000
       1831.3073       1.0004191      0.99987185       0.0000000
       1831.3282      0.99973303      0.99874836       0.0000000
       1831.3490       1.0004421       1.0016357       0.0000000
       1831.3698      0.99874711      0.99803877       0.0000000
       1831.3907       1.0000000       1.0001949       0.0000000
       1831.4115      0.99917912       1.0006729       128.00000
       1831.4323       1.0000037      0.99939626       128.00000
       1831.4532      0.99970007       1.0000633       0.0000000
       1831.4740       1.0002137       1.0009296       128.00000
       1831.4948       1.0006971       1.0011418       0.0000000
       1831.5157       1.0008436       1.0006109       0.0000000
       1831.5365       1.0008665       1.0009364       0.0000000
       1831.5573       1.0000215       1.0000776       0.0000000
       1831.5782       1.0014436       1.0002705       128.00000
       1831.5990      0.99947995      0.99864924       0.0000000
       1831.6198       1.0012082       1.0008848       0.0000000
       1831.6407       1.0009367      0.99924517       128.00000
       1831.6615       1.0008965      0.99941826       0.0000000
       1831.6823       1.0000139      0.99840981       128.00000
       1831.7032       1.0000718      0.99979901       0.0000000
       1831.7240       1.0000961      0.99968165       0.0000000
       1831.7448       1.0006621      0.99900323       0.0000000
       1831.7657       1.0006987      0.99956971       0.0000000
       1831.7865       1.0002424      0.99939448       0.0000000
       1831.8073      0.99918580      0.99776560       128.00000
       1831.8282       1.0001168      0.99902713       0.0000000
       1831.8490      0.99962831      0.99902415       0.0000000
       1831.8698       1.0003892       1.0003047       0.0000000
       1831.8907       1.0001217      0.99893731       0.0000000
       1831.9115       1.0005525      0.99971759       0.0000000
       1831.9324      0.99981505       1.0003833       0.0000000
       1831.9532      0.99976307      0.99849159       0.0000000
       1831.9740      0.99925584      0.99858934       0.0000000
       1831.9949       1.0002760      0.99939805       0.0000000
       1832.0157      0.99996656      0.99978310       0.0000000
       1832.0365      0.99956959      0.99905503       0.0000000
       1832.0574      0.99978793      0.99938834       0.0000000
       1832.0782       1.0005745       1.0004989       0.0000000
       1832.0990       1.0001242      0.99912971       0.0000000
       1832.1199       1.0000553      0.99987334       0.0000000
       1832.1407      0.99925929      0.99995124       0.0000000
       1832.1615      0.99952406      0.99957287       0.0000000
       1832.1824      0.99951428      0.99925542       0.0000000
       1832.2032      0.99997216       1.0001690       0.0000000
       1832.2240      0.99954659      0.99956816       0.0000000
       1832.2449      0.99901801      0.99877143       0.0000000
       1832.2657      0.99894339      0.99870497       0.0000000
       1832.2865      0.99972898      0.99901658       0.0000000
       1832.3074      0.99850023      0.99842197       0.0000000
       1832.3282      0.99975181      0.99932826       0.0000000
       1832.3490      0.99876630      0.99818707       0.0000000
       1832.3699      0.99917513      0.99899751       0.0000000
       1832.3907      0.99854869      0.99814641       0.0000000
       1832.4115      0.99902725      0.99853927       0.0000000
       1832.4324      0.99826306      0.99759185       0.0000000
       1832.4532      0.99948257      0.99981582       0.0000000
       1832.4740      0.99846667      0.99760079       0.0000000
       1832.4949      0.99906206      0.99858350       0.0000000
       1832.5157      0.99904674      0.99832547       0.0000000
       1832.5365      0.99836713      0.99823874       0.0000000
       1832.5574      0.99883091      0.99874806       0.0000000
       1832.5782      0.99889743      0.99845582       0.0000000
       1832.5990      0.99936819      0.99948424       0.0000000
       1832.6199      0.99292713      0.99379385       0.0000000
       1832.6407      0.98160249      0.98166847       0.0000000
       1832.6615      0.97347212      0.97372770       0.0000000
       1832.6824      0.97114784      0.97053754       0.0000000
       1832.7032      0.97490525      0.97471011       0.0000000
       1832.7240      0.98416996      0.98442262       0.0000000
       1832.7449      0.99589008      0.99558240       0.0000000
       1832.7657      0.99881828      0.99909407       0.0000000
       1832.7865      0.99898386      0.99845296       0.0000000
       1832.8074      0.99864030      0.99825245       0.0000000
       1832.8282      0.99870276      0.99859113       0.0000000
       1832.8490      0.99839514      0.99846900       0.0000000
       1832.8699      0.99931079      0.99986231       0.0000000
       1832.8907      0.99907750      0.99885941       0.0000000
       1832.9115      0.99897361      0.99810761       0.0000000
       1832.9324      0.99983358       1.0002159       0.0000000
       1832.9532      0.99993533      0.99936664       0.0000000
       1832.9740      0.99975008      0.99964488       0.0000000
       1832.9949      0.99988806       1.0000616       0.0000000
       1833.0157      0.99998415       1.0002658       0.0000000
       1833.0365       1.0004040       1.0006589       0.0000000
       1833.0574       1.0003985       1.0004774       0.0000000
       1833.0782       1.0015454       1.0019225       0.0000000
       1833.0990       1.0020001       1.0012350       0.0000000
       1833.1199       1.0008757       1.0007491       0.0000000
       1833.1407       1.0010364       1.0004103       0.0000000
       1833.1615       1.0033212       1.0032384       0.0000000
       1833.1824       1.0018411       1.0016193       0.0000000
       1833.2032       1.0021987       1.0018470       0.0000000
       1833.2240       1.0035939       1.0021976       0.0000000
       1833.2449       1.0024369       1.0028524       0.0000000
       1833.2657       1.0027887       1.0030439       0.0000000
       1833.2865       1.0027171       1.0025504       0.0000000
       1833.3074       1.0031537       1.0031937       0.0000000
       1833.3282       1.0025942       1.0027400       0.0000000
       1833.3490       1.0017433       1.0018110       0.0000000
       1833.3699       1.0025625       1.0022370       0.0000000
       1833.3907       1.0028895       1.0022408       0.0000000
       1833.4115       1.0026674       1.0030614       0.0000000
       1833.4324       1.0024490       1.0022184       0.0000000
       1833.4532       1.0027571       1.0014664       0.0000000
       1833.4740       1.0021650       1.0005531       0.0000000
       1833.4949       1.0019397       1.0005133       0.0000000
       1833.5157       1.0022827       1.0024639       0.0000000
       1833.5365       1.0021957       1.0039114       0.0000000
       1833.5574       1.0016963       1.0018612       0.0000000
       1833.5782       1.0016842       1.0025934       0.0000000
       1833.5990       1.0020934       1.0026168       0.0000000
       1833.6199       1.0015779       1.0033095       0.0000000
       1833.6407       1.0016079       1.0014724       0.0000000
       1833.6615       1.0027614       1.0031606       0.0000000
       1833.6824       1.0024544       1.0018946       0.0000000
       1833.7032       1.0017837       1.0017089       0.0000000
       1833.7240       1.0018828       1.0012294       0.0000000
       1833.7449       1.0007858       1.0010120       0.0000000
       1833.7657       1.0022579      0.99979806       0.0000000
       1833.7865       1.0013479      0.99745029       0.0000000
       1833.8074       1.0026743       1.0005316       0.0000000
       1833.8282       1.0016309      0.99842882       0.0000000
       1833.8490       1.0021001      0.99783152       0.0000000
       1833.8699       1.0020385       1.0002213       0.0000000
       1833.8907       1.0008839      0.99698263       0.0000000
       1833.9115       1.0008910      0.99702311       0.0000000
       1833.9324       1.0016899      0.99971789       0.0000000
       1833.9532       1.0012641      0.99918717       0.0000000
       1833.9740       1.0013931      0.99987549       0.0000000
       1833.9949       1.0020701      0.99770564       0.0000000
       1834.0157       1.0006709      0.99671608       0.0000000
       1834.0365       1.0018637       1.0003759       0.0000000
       1834.0574       1.0014931      0.99785489       0.0000000
       1834.0782       1.0011427      0.99808478       0.0000000
       1834.0990       1.0007923      0.99839318       0.0000000
       1834.1199      0.99999982      0.99537158       0.0000000
       1834.1407       1.0006423      0.99894190       0.0000000
       1834.1615       1.0004643      0.99644387       0.0000000
       1834.1824       1.0007589      0.99795192       0.0000000
       1834.2032       1.0005724      0.99741733       0.0000000
       1834.2240       1.0003181      0.99771595       0.0000000
       1834.2449       1.0014068      0.99992657       0.0000000
       1834.2657  -9.9836714e-16      0.88775671       128.00000
       1834.2865      0.99973601       1.0009967       0.0000000
       1834.3074      0.99834108      0.99939102       0.0000000
       1834.3282      0.99963266       1.0001597       0.0000000
       1834.3490      0.99959344       1.0004282       0.0000000
       1834.3699      0.99932498       1.0009999       0.0000000
       1834.3907       1.0001373       1.0010420       0.0000000
       1834.4115      0.99961907       1.0005252       0.0000000
       1834.4324      0.99870783      0.99900460       0.0000000
       1834.4532       1.0001508       1.0009958       0.0000000
       1834.4740      0.99926996       1.0001820       0.0000000
       1834.4949      0.99951190       1.0002149       0.0000000
       1834.5157      0.99821103      0.99825025       0.0000000
       1834.5365      0.99896985      0.99948555       0.0000000
       1834.5574      0.99890321       1.0006659       0.0000000
       1834.5782      0.99826944      0.99982768       0.0000000
       1834.5990       1.0001378       1.0006835       0.0000000
       1834.6199      0.99909455       1.0010389       0.0000000
       1834.6407      0.99924654       1.0010935       0.0000000
       1834.6615      0.99923807       1.0007524       0.0000000
       1834.6824      0.99944073       1.0004718       0.0000000
       1834.7032      0.99862999       1.0002036       0.0000000
       1834.7240      0.99857956       1.0002089       0.0000000
       1834.7449      0.99797785      0.99928105       0.0000000
       1834.7657      0.99865496       1.0003849       0.0000000
       1834.7865      0.99873286      0.99954885       0.0000000
       1834.8074      0.99843001      0.99991345       0.0000000
       1834.8282      0.99853271       1.0010245       0.0000000
       1834.8490      0.99868470       1.0003476       0.0000000
       1834.8699      0.99852592       1.0001580       0.0000000
       1834.8907      0.99928004       1.0006136       0.0000000
       1834.9115      0.99919355       1.0013455       0.0000000
       1834.9324      0.99894601       1.0006776       0.0000000
       1834.9532      0.99981129       1.0007145       0.0000000
       1834.9740      0.99967617       1.0004282       0.0000000
       1834.9949      0.99958688       1.0007581       0.0000000
       1835.0157      0.99975294       1.0014999       0.0000000
       1835.0365      0.99929160       1.0006108       0.0000000
       1835.0574      0.99868536      0.99938393       128.00000
       1835.0782      0.99954003       1.0003585       0.0000000
       1835.0990      0.99964082       1.0002532       0.0000000
       1835.1199      0.99970877       1.0009633       0.0000000
       1835.1407       1.0003583      0.99987030       0.0000000
       1835.1615      0.99999052      0.99969149       0.0000000
       1835.1824      0.99990290       1.0000478       0.0000000
       1835.2032       1.0004041      0.99961895       0.0000000
       1835.2240      0.99918818      0.99975413       0.0000000
       1835.2449      0.99990439       1.0018204       0.0000000
       1835.2657       1.0008483       1.0017252       0.0000000
       1835.2865       1.0004067      0.99958289       0.0000000
       1835.3074       1.0000546      0.99864990       0.0000000
       1835.3282      0.99948949      0.99826735       0.0000000
       1835.3490      0.99928695      0.99836314       0.0000000
       1835.3699      0.99976677       1.0005571       0.0000000
       1835.3907      0.99943727      0.99950814       0.0000000
       1835.4115      0.99942523      0.99891663       0.0000000
       1835.4324      0.99956846      0.99930578       0.0000000
       1835.4532      0.99918628      0.99904364       0.0000000
       1835.4740      0.99933404       1.0003518       0.0000000
       1835.4949       1.0007799       1.0013895       0.0000000
       1835.5157      0.99887562      0.99792081       0.0000000
       1835.5365       1.0000027       1.0000000       0.0000000
       1835.5574      0.99974805       1.0011909       0.0000000
       1835.5782      0.99872482      0.99908239       128.00000
       1835.5990      0.99984175      0.99714446       128.00000
       1835.6199      0.99756718      0.99721187       128.00000
       1835.6407      0.99948996      0.99842793       128.00000
       1835.6615      0.99989837      0.99913198       0.0000000
       1835.6824       1.0004672      0.99912900       0.0000000
       1835.7032      0.99947405       1.0002053       0.0000000
       1835.7240      0.99890286      0.99827176       128.00000
       1835.7449       1.0003170      0.99957347       0.0000000
       1835.7657      0.99930686      0.99865139       0.0000000
       1835.7865      0.99934238      0.99930573       0.0000000
       1835.8074      0.99868530      0.99883795       0.0000000
       1835.8282      0.99906772      0.99964470       128.00000
       1835.8490      0.99931937      0.99807477       0.0000000
       1835.8699      0.99886858      0.99864739       0.0000000
       1835.8907      0.99897867      0.99866754       0.0000000
       1835.9115      0.99915677      0.99890077       0.0000000
       1835.9324      0.99956256      0.99946272       0.0000000
       1835.9532      0.99994856       1.0009352       128.00000
       1835.9740      0.99944472      0.99981868       0.0000000
       1835.9949      0.99934644      0.99963105       0.0000000
       1836.0157      0.99957019      0.99971730       0.0000000
       1836.0365       1.0002340       1.0003083       0.0000000
       1836.0574      0.99880868      0.99842983       0.0000000
       1836.0782      0.99946100      0.99808830       0.0000000
       1836.0990       1.0000724      0.99893188       0.0000000
       1836.1199       1.0000993      0.99975508       128.00000
       1836.1407      0.99940652      0.99929506       0.0000000
       1836.1615       1.0001523      0.99796116       0.0000000
       1836.1824      0.99952632      0.99897444       0.0000000
       1836.2032      0.99978733      0.99733245       0.0000000
       1836.2240       1.0004547      0.99757957       0.0000000
       1836.2449      0.99970132      0.99696791       0.0000000
       1836.2657      0.99961668      0.99643272       128.00000
       1836.2865       1.0000710      0.99793029       128.00000
       1836.3074       1.0005789       1.0010186       0.0000000
       1836.3282       1.0009894       1.0003561       0.0000000
       1836.3490       1.0001825       1.0010257       0.0000000
       1836.3699      0.99969286      0.99911183       0.0000000
       1836.3907       1.0004592      0.99943590       0.0000000
       1836.4115       1.0001991       1.0005392       0.0000000
       1836.4324      0.99999905       1.0013570       0.0000000
       1836.4532       1.0006919       1.0006540       0.0000000
       1836.4740      0.99987471       1.0002211       0.0000000
       1836.4949       1.0005723       1.0021718       0.0000000
       1836.5157      0.99951625       1.0001544       128.00000
       1836.5365      0.99915648       1.0015099       0.0000000
       1836.5574      0.99929446       1.0007337       0.0000000
       1836.5782      0.99932176      0.99928004       0.0000000
       1836.5990       1.0006890       1.0019273       0.0000000
       1836.6199      0.99953038      0.99982458       0.0000000
       1836.6407      0.99915731       1.0002581       0.0000000
       1836.6615      0.99975818       1.0010104       0.0000000
       1836.6824       1.0006682       1.0023898       0.0000000
       1836.7032       1.0005833       1.0023490       0.0000000
       1836.7240      0.99982989       1.0022068       0.0000000
       1836.7449      0.99902636      0.99899971       0.0000000
       1836.7657       1.0002646       1.0009134       0.0000000
       1836.7865      0.99932426      0.99939775       0.0000000
       1836.8074      0.99883413      0.99976182       0.0000000
       1836.8282      0.99928701       1.0005270       0.0000000
       1836.8490      0.99882525       1.0005621       0.0000000
       1836.8699      0.99952716       1.0006018       0.0000000
       1836.8907      0.99976575       1.0006942       0.0000000
       1836.9115       1.0001216       1.0025290       0.0000000
       1836.9324      0.99916178       1.0008768       0.0000000
       1836.9532      0.99940270       1.0014139       0.0000000
       1836.9740      0.99958378       1.0009114       0.0000000
       1836.9949      0.99956012       1.0006344       0.0000000
       1837.0157      0.99979240       1.0010225       0.0000000
       1837.0365      0.99905425      0.99979234       0.0000000
       1837.0574      0.99915850      0.99985462       0.0000000
       1837.0782      0.99967796      0.99971962       0.0000000
       1837.0990      0.99992162       1.0008904       0.0000000
       1837.1199      0.99887705       1.0006115       0.0000000
       1837.1407      0.99919105       1.0006633       0.0000000
       1837.1615      0.99936211       1.0013087       0.0000000
       1837.1824      0.99956417       1.0017010       0.0000000
       1837.2032      0.99916244       1.0010452       0.0000000
       1837.2240      0.99976587       1.0014758       0.0000000
       1837.2449       1.0004154       1.0017319       0.0000000
       1837.2657      0.99884892      0.99976641       0.0000000
       1837.2865      0.99992627       1.0009140       0.0000000
       1837.3074       1.0002142       1.0010984       0.0000000
       1837.3282       1.0002831       1.0007677       0.0000000
       1837.3490       1.0000306       1.0007288       0.0000000
       1837.3699       1.0003484       1.0020447       0.0000000
       1837.3907       1.0015516       1.0030650       0.0000000
       1837.4115      0.99995917       1.0020111       0.0000000
       1837.4324      0.99985129       1.0017508       0.0000000
       1837.4532      0.99894869       1.0010058       0.0000000
       1837.4740       1.0004817       1.0020192       0.0000000
       1837.4949       1.0001783       1.0026413       0.0000000
       1837.5157       1.0008094       1.0027552       0.0000000
       1837.5365      0.99994749       1.0018177       0.0000000
       1837.5574       1.0011336       1.0031730       0.0000000
       1837.5782       1.0005150       1.0026889       0.0000000
       1837.5990       1.0007758       1.0029883       0.0000000
       1837.6199       1.0002416       1.0023175       0.0000000
       1837.6407      0.99982709       1.0020434       0.0000000
       1837.6615       1.0001488       1.0028225       0.0000000
       1837.6824       1.0006304       1.0027359       0.0000000
       1837.7032       1.0008167       1.0027227       0.0000000
       1837.7240       1.0003004       1.0025406       0.0000000
       1837.7449       1.0005434       1.0028212       0.0000000
       1837.7657       1.0005089       1.0021691       0.0000000
       1837.7865       1.0001552       1.0024097       0.0000000
       1837.8074       1.0006431       1.0031629       0.0000000
       1837.8282       1.0009601       1.0028157       0.0000000
       1837.8490       1.0004207       1.0025489       0.0000000
       1837.8699       1.0005960       1.0035177       0.0000000
       1837.8907       1.0001841       1.0025011       0.0000000
       1837.9115       1.0005677       1.0026126       0.0000000
       1837.9324       1.0007977       1.0029885       0.0000000
       1837.9532       1.0007341       1.0030406       0.0000000
       1837.9740       1.0005300       1.0032297       0.0000000
       1837.9949       1.0000448       1.0022403       0.0000000
       1838.0157       1.0003691       1.0027555       0.0000000
       1838.0365       1.0005441       1.0031861       0.0000000
       1838.0574      0.99978548       1.0023532       0.0000000
       1838.0782      0.99972314       1.0022800       0.0000000
       1838.0990      0.99974030       1.0023415       0.0000000
       1838.1199       1.0000168       1.0024804       0.0000000
       1838.1407      0.99953884       1.0016811       0.0000000
       1838.1615      0.99953490       1.0015709       0.0000000
       1838.1824      0.99991620       1.0025723       0.0000000
       1838.2032       1.0006704       1.0028621       0.0000000
       1838.2240       1.0004003       1.0034329       0.0000000
       1838.2449       1.0003362       1.0029652       0.0000000
       1838.2657       1.0003968       1.0026401       0.0000000
       1838.2865      0.99882776       1.0011051       0.0000000
       1838.3074       1.0001090       1.0030495       0.0000000
       1838.3282      0.99926662       1.0019226       0.0000000
       1838.3490      0.99984169       1.0025259       0.0000000
       1838.3699      0.99987066       1.0029156       0.0000000
       1838.3907      0.99971765       1.0020663       0.0000000
       1838.4115      0.99955785       1.0019273       0.0000000
       1838.4324      0.99914736       1.0017366       0.0000000
       1838.4532       1.0003035       1.0030644       0.0000000
       1838.4740       1.0004213       1.0031825       0.0000000
       1838.4949      0.99971634       1.0017643       0.0000000
       1838.5157      0.99915677       1.0013089       0.0000000
       1838.5365       1.0013289       1.0033675       0.0000000
       1838.5574       1.0005032       1.0025065       0.0000000
       1838.5782      0.99925947       1.0007060       0.0000000
       1838.5990      0.99999994       1.0018134       0.0000000
       1838.6199      0.99978513       1.0015376       0.0000000
       1838.6407       1.0008203       1.0002383       0.0000000
       1838.6615       1.0002924      0.99949491       0.0000000
       1838.6824       1.0007055       1.0006807       0.0000000
       1838.7032      0.99979997       1.0018331       0.0000000
       1838.7449       1.0008416       1.0020860       128.00000
       1838.7657       1.0006087       1.0016304       0.0000000
       1838.7865       1.0010974       1.0005677       0.0000000
       1838.8074       1.0002271      0.99988443       0.0000000
       1838.8282       1.0001580       1.0012478       0.0000000
       1838.8490       1.0002059       1.0017786       0.0000000
       1838.8699       1.0000230       1.0018371       0.0000000
       1838.8907      0.99857020       1.0001205       128.00000
       1838.9115      0.99904841      0.99960339       0.0000000
       1838.9324       1.0003992       1.0015460       0.0000000
       1838.9532       1.0006075       1.0009246       0.0000000
       1838.9740      0.99848455      0.99837422       0.0000000
       1838.9949      0.99939227      0.99669939       0.0000000
       1839.0157      0.99954081      0.99871022       0.0000000
       1839.0365      0.99949771      0.99885905       0.0000000
       1839.0574      0.99809211      0.99724627       0.0000000
       1839.0782      0.99887735      0.99810791       0.0000000
       1839.0990      0.99910474      0.99735373       0.0000000
       1839.1199      0.99898881      0.99748296       0.0000000
       1839.1407      0.99791592      0.99629682       0.0000000
       1839.1615      0.99835432      0.99659240       0.0000000
       1839.1824      0.99734217      0.99656808       0.0000000
       1839.2032      0.99840754      0.99695134       0.0000000
       1839.2240      0.99837601      0.99624592       0.0000000
       1839.2449      0.99435872      0.99366808       0.0000000
       1839.2657      0.98256028      0.98225880       0.0000000
       1839.2865      0.97381985      0.97243905       0.0000000
       1839.3074      0.96994293      0.96877313       0.0000000
       1839.3282      0.97175312      0.97073591       0.0000000
       1839.3490      0.98081315      0.98029470       0.0000000
       1839.3699      0.99178857      0.99034238       0.0000000
       1839.3907      0.99758077      0.99678653       128.00000
       1839.4115      0.99782610      0.99688661       0.0000000
       1839.4324      0.99859685      0.99630797       0.0000000
       1839.4532      0.99863863      0.99663651       0.0000000
       1839.4740      0.99833775      0.99904430       0.0000000
       1839.4949      0.99879432      0.99794805       0.0000000
       1839.5157  -9.6380364e-16      0.85703009       128.00000
       1839.5365      0.99652439      0.99865448       0.0000000
       1839.5574      0.99753559      0.99939400       0.0000000
       1839.5782      0.99729162      0.99861872       128.00000
       1839.5990      0.99720895      0.99829841       0.0000000
       1839.6199      0.99920654       1.0019060       0.0000000
       1839.6407      0.99915391       1.0025965       0.0000000
       1839.6615      0.99937743       1.0028462       0.0000000
       1839.6824      0.99985456       1.0029737       0.0000000
       1839.7032      0.99913055       1.0026560       128.00000
       1839.7240      0.99914664       1.0029527       0.0000000
       1839.7449      0.99971765       1.0034778       0.0000000
       1839.7657      0.99970758       1.0032458       128.00000
       1839.7865      0.99683911      0.99961096       128.00000
       1839.8074       1.0002528       1.0039346       128.00000
       1839.8282       1.0009732       1.0049157       128.00000
       1839.8490       1.0017170       1.0049673       0.0000000
       1839.8699       1.0015998       1.0053439       0.0000000
       1839.8907       1.0012683       1.0051937       128.00000
       1839.9115       1.0004592       1.0031999       128.00000
       1839.9324       1.0023477       1.0062488       0.0000000
       1839.9532       1.0020131       1.0057310       0.0000000
       1839.9740       1.0035934       1.0072836       0.0000000
       1839.9949       1.0013344       1.0052942       128.00000
       1840.0157       1.0027509       1.0068629       0.0000000
       1840.0365       1.0024692       1.0061744       0.0000000
       1840.0574       1.0030222       1.0068523       0.0000000
       1840.0782       1.0019472       1.0062829       128.00000
       1840.0990       1.0020516       1.0068620       0.0000000
       1840.1199       1.0008059       1.0052868       0.0000000
       1840.1407       1.0018448       1.0062830       0.0000000
       1840.1615       1.0025177       1.0060537       128.00000
       1840.1824       1.0018733       1.0061207       0.0000000
       1840.2032       1.0021907       1.0066670       0.0000000
       1840.2240       1.0031282       1.0078235       0.0000000
       1840.2449       1.0009998       1.0058883       0.0000000
       1840.2657       1.0012637       1.0052387       0.0000000
       1840.2865       1.0016400       1.0058521       0.0000000
       1840.3074       1.0008107       1.0057299       0.0000000
       1840.3282       1.0022886       1.0067472       0.0000000
       1840.3490       1.0004262       1.0050139       0.0000000
       1840.3699       1.0003647       1.0043724       0.0000000
       1840.3907      0.99968606       1.0047061       0.0000000
       1840.4115       1.0017844       1.0061153       0.0000000
       1840.4324       1.0010586       1.0058362       0.0000000
       1840.4532       1.0001917       1.0040487       128.00000
       1840.4740       1.0010328       1.0052675       128.00000
       1840.4949       1.0000795       1.0053085       0.0000000
       1840.5157       1.0002544       1.0050877       0.0000000
       1840.5365       1.0004032       1.0041208       0.0000000
       1840.5574      0.99891686       1.0041922       0.0000000
       1840.5782       1.0005879       1.0050932       0.0000000
       1840.5990      0.99986959       1.0038240       0.0000000
       1840.6199      0.99896348       1.0042620       0.0000000
       1840.6407      0.99885952       1.0029978       0.0000000
       1840.6615      0.99892610       1.0042996       0.0000000
       1840.6824      0.99913907       1.0044906       128.00000
       1840.7032      0.99853450       1.0036252       0.0000000
       1840.7240      0.99908072       1.0032257       0.0000000
       1840.7449      0.99755079       1.0035074       0.0000000
       1840.7657      0.99993861       1.0045596       0.0000000
       1840.7865       1.0001167       1.0042275       0.0000000
       1840.8074      0.99891126       1.0041116       0.0000000
       1840.8282      0.99931479       1.0041103       0.0000000
       1840.8490       1.0007776       1.0055277       0.0000000
       1840.8699       1.0008711       1.0057662       0.0000000
       1840.8907       1.0004064       1.0055659       0.0000000
       1840.9115       1.0006144       1.0060019       0.0000000
       1840.9324       1.0007601       1.0053968       0.0000000
       1840.9532       1.0009438       1.0062720       0.0000000
       1840.9740       1.0011160       1.0061923       0.0000000
       1840.9949      0.99959499       1.0062104       128.00000
       1841.0157       1.0003049       1.0059378       0.0000000
       1841.0365      0.99999481       1.0060271       0.0000000
       1841.0574      0.99967051       1.0058779       0.0000000
       1841.0782      0.99949688       1.0057606       0.0000000
       1841.0990      0.99910998       1.0055603       0.0000000
       1841.1198      0.99944353       1.0060108       0.0000000
       1841.1407      0.99993885       1.0066137       0.0000000
