    1106
       1790.7026       1.0319023       1.0010587       0.0000000
       1790.7235       1.0316198       1.0005776       0.0000000
       1790.7443       1.0310453      0.99935687       0.0000000
       1790.7651       1.0312016      0.99979353       0.0000000
       1790.7860       1.0318983      0.99939847       0.0000000
       1790.8068       1.0312587      0.99885255       0.0000000
       1790.8276       1.0311977      0.99927825       0.0000000
       1790.8485       1.0320246      0.99827623       0.0000000
       1790.8693       1.0320504      0.99597341       0.0000000
       1790.8901       1.0326726      0.99407750       0.0000000
       1790.9110       1.0328749      0.99389368       0.0000000
       1790.9318       1.0313890      0.99582130       0.0000000
       1790.9526       1.0328459      0.99193317       0.0000000
       1790.9735       1.0314146      0.99119633       128.00000
       1790.9943       1.0324049      0.99189442       0.0000000
       1791.0151       1.0315849      0.99084783       0.0000000
       1791.0360       1.0308142      0.99203300       0.0000000
       1791.0568       1.0319644      0.99166125       128.00000
       1791.0776       1.0311307      0.99131954       0.0000000
       1791.0985       1.0314788      0.99214596       0.0000000
       1791.3901       1.0309787      0.98265612       0.0000000
       1791.4110       1.0176344      0.98418552       0.0000000
       1791.4318       1.0054356      0.98347980       0.0000000
       1791.4526      0.99924731      0.98527551       0.0000000
       1791.4735      0.99595642      0.98752791       0.0000000
       1791.4943      0.99299693      0.99019551       0.0000000
       1791.5151      0.99129242      0.99075091       0.0000000
       1791.5360      0.99145246      0.99121535       0.0000000
       1791.5568      0.99000919      0.99078155       0.0000000
       1791.5776      0.99064696      0.99189579       0.0000000
       1791.5985      0.99144912      0.99417883       0.0000000
       1791.6193      0.99198240      0.99292612       0.0000000
       1791.6401      0.99176055      0.99488848       0.0000000
       1791.6610      0.99265647      0.99409896       0.0000000
       1791.6818      0.99248052      0.99594796       0.0000000
       1791.7026      0.99435514      0.99773145       0.0000000
       1791.7235      0.99467039      0.99785012       0.0000000
       1791.7443      0.99526173      0.99935538       0.0000000
       1791.7651      0.99559158       1.0006542       0.0000000
       1791.7860      0.99673826       1.0009092       0.0000000
       1791.8068      0.99673688       1.0018696       0.0000000
       1791.8276      0.99579138       1.0025507       128.00000
       1791.8485      0.99739259       1.0029558       0.0000000
       1791.8693      0.99890924       1.0035638       0.0000000
       1791.8901      0.99815422       1.0038350       0.0000000
       1791.9110      0.99895817       1.0043842       0.0000000
       1791.9318       1.0001651       1.0061489       0.0000000
       1791.9526       1.0009161       1.0062095       0.0000000
       1791.9735       1.0002915       1.0061554       0.0000000
       1791.9943       1.0023397       1.0077105       0.0000000
       1792.0151       1.0020827       1.0085843       0.0000000
       1792.0360       1.0027441       1.0087472       0.0000000
       1792.0568       1.0043764       1.0100683       0.0000000
       1792.0776       1.0062490       1.0114232       0.0000000
       1792.0985       1.0604718       1.0116981       128.00000
       1792.1193       1.0092177       1.0120033       0.0000000
       1792.1401       1.0098428       1.0124146       0.0000000
       1792.1610       1.0093874       1.0144427       0.0000000
       1792.1818       1.0112193       1.0143560       0.0000000
       1792.2026       1.0097011       1.0157571       0.0000000
       1792.2235       1.0597838       1.0165073       128.00000
       1792.2443       1.0107924       1.0173171       0.0000000
       1792.2651       1.0105110       1.0165963       0.0000000
       1792.2860       1.0106086       1.0175626       0.0000000
       1792.3068       1.0093154       1.0159249       0.0000000
       1792.3276       1.0085927       1.0142787       0.0000000
       1792.3485       1.0075321       1.0138422       0.0000000
       1792.3693       1.0062429       1.0118971       0.0000000
       1792.3901       1.0046557       1.0106941       0.0000000
       1792.4110       1.0030133       1.0097888       0.0000000
       1792.4318       1.0022026       1.0086844       0.0000000
       1792.4526       1.0014250       1.0064720       0.0000000
       1792.4735       1.0000560       1.0057836       0.0000000
       1792.4943      0.99831241       1.0037431       0.0000000
       1792.5151      0.99676585       1.0024730       0.0000000
       1792.5360      0.99636972       1.0015688       0.0000000
       1792.5568      0.99561757       1.0011101       0.0000000
       1792.5776      0.99549872       1.0006794       0.0000000
       1792.5985      0.99431676       1.0004460       0.0000000
       1792.6193      0.99471295       1.0002775       0.0000000
       1792.6401      0.99449778       1.0000576       0.0000000
       1792.6610      0.99488431      0.99944609       0.0000000
       1792.6818      0.99387795      0.99968100       0.0000000
       1792.7026      0.99556017      0.99679923       0.0000000
       1792.7235      0.99586493      0.99979198       0.0000000
       1792.7443      0.99544835      0.99978125       0.0000000
       1792.7651      0.99570495       1.0000941       0.0000000
       1792.7860      0.99331260      0.99797046       0.0000000
       1792.8068      0.99093091      0.99531043       0.0000000
       1792.8277      0.98814219      0.99332041       0.0000000
       1792.8485      0.98771095      0.99259853       0.0000000
       1792.8693      0.98814017      0.99321097       0.0000000
       1792.8902      0.98977762      0.99475998       0.0000000
       1792.9110      0.99351406      0.99800539       0.0000000
       1792.9318      0.99564940       1.0014100       0.0000000
       1792.9527      0.99996775       1.0025423       0.0000000
       1792.9735      0.99799359       1.0025245       0.0000000
       1792.9943      0.99797654       1.0024945       0.0000000
       1793.0152      0.99762654       1.0020933       0.0000000
       1793.0360      0.99720210       1.0020016       0.0000000
       1793.0568      0.99762523       1.0010031       0.0000000
       1793.0777      0.99639612       1.0010402       0.0000000
       1793.0985      0.99761963       1.0018616       0.0000000
       1793.1193      0.99728096       1.0026772       0.0000000
       1793.1402      0.99808693       1.0032130       0.0000000
       1793.1610      0.99787223       1.0028613       0.0000000
       1793.1818      0.99799132       1.0023781       0.0000000
       1793.2027      0.99813795       1.0033038       0.0000000
       1793.2235      0.99868405       1.0033395       0.0000000
       1793.2443      0.99886024       1.0031528       128.00000
       1793.2652      0.99763405       1.0027928       0.0000000
       1793.2860      0.99870360       1.0029424       0.0000000
       1793.3068      0.99828476       1.0026969       0.0000000
       1793.3277      0.99938464       1.0026037       0.0000000
       1793.3485      0.99839354       1.0037081       0.0000000
       1793.3693      0.99915147       1.0035713       0.0000000
       1793.3902      0.99894518       1.0042974       0.0000000
       1793.4110      0.99944615       1.0043775       0.0000000
       1793.4318       1.0005032       1.0046421       0.0000000
       1793.4527      0.99968678       1.0037035       0.0000000
       1793.4735       1.0009949       1.0056361       0.0000000
       1793.4943      0.99975598       1.0032436       0.0000000
       1793.5152      0.99983776       1.0042166       0.0000000
       1793.5360       1.0007796       1.0047327       0.0000000
       1793.5568       1.0005299       1.0047652       0.0000000
       1793.5777       1.0003511       1.0044690       0.0000000
       1793.5985       1.0004674       1.0048995       0.0000000
       1793.6193       1.0012652       1.0052230       0.0000000
       1793.6402       1.0003017       1.0047376       0.0000000
       1793.6610       1.0005661       1.0048026       0.0000000
       1793.6818       1.0026152       1.0046388       0.0000000
       1793.7027       1.0009429       1.0048376       0.0000000
       1793.7235       1.0001285       1.0042635       0.0000000
       1793.7443       1.0004333       1.0044134       0.0000000
       1793.7652      0.99895900       1.0046686       0.0000000
       1793.7860      0.99951810       1.0034806       0.0000000
       1793.8068       1.0005130       1.0033935       0.0000000
       1793.8277       1.0000145       1.0031235       0.0000000
       1793.8485      0.99861389       1.0026288       0.0000000
       1793.8693      0.99952394       1.0034196       0.0000000
       1793.8902      0.99985433       1.0032828       0.0000000
       1793.9110      0.99942511       1.0021224       0.0000000
       1793.9318       1.0068052       1.0028708       128.00000
       1793.9527      0.99825644       1.0014951       0.0000000
       1793.9735      0.99937171       1.0018057       0.0000000
       1793.9943      0.99900526       1.0022813       0.0000000
       1794.0152      0.99879521       1.0019304       0.0000000
       1794.0360      0.99966401       1.0026414       0.0000000
       1794.0568      0.99875003       1.0020922       0.0000000
       1794.0777      0.99928713       1.0027735       0.0000000
       1794.0985      0.99887639       1.0025914       0.0000000
       1794.1193      0.99697167       1.0021324       0.0000000
       1794.1402      0.99908286       1.0031449       0.0000000
       1794.1610      0.99993783       1.0030184       0.0000000
       1794.1818      0.99971235       1.0025055       0.0000000
       1794.2027       1.0000794       1.0032195       0.0000000
       1794.2235      0.99864489       1.0023383       0.0000000
       1794.2443      0.99842656       1.0016479       0.0000000
       1794.2652       1.0001571       1.0026252       0.0000000
       1794.2860      0.99908173       1.0023496       0.0000000
       1794.3068      0.99822241       1.0014260       0.0000000
       1794.3277      0.99897456       1.0024017       0.0000000
       1794.3485      0.99856585       1.0018008       0.0000000
       1794.3693      0.99864894       1.0010109       0.0000000
       1794.3902       1.0012908       1.0015236       0.0000000
       1794.4110      0.99958712       1.0019546       0.0000000
       1794.4318      0.99882102       1.0014623       0.0000000
       1794.4527      0.99865299       1.0013529       0.0000000
       1794.4735      0.99934977       1.0019799       0.0000000
       1794.4943      0.99874568       1.0019375       0.0000000
       1794.5152       1.0001835       1.0027252       0.0000000
       1794.5360      0.99992436       1.0020876       0.0000000
       1794.5568       1.0008786       1.0024961       0.0000000
       1794.5777       1.0014657       1.0032401       0.0000000
       1794.5985       1.0013752       1.0038077       0.0000000
       1794.6193       1.0018923       1.0036886       0.0000000
       1794.6402       1.0010686       1.0033516       0.0000000
       1794.6610       1.0014793       1.0032778       0.0000000
       1794.6818       1.0014713       1.0018225       0.0000000
       1794.7027       1.0025867       1.0033642       0.0000000
       1794.7235       1.0022222       1.0029086       0.0000000
       1794.7443       1.0020837       1.0032569       0.0000000
       1794.7652       1.0011853       1.0027980       0.0000000
       1794.7860       1.0029783       1.0029684       0.0000000
       1794.8068       1.0008802       1.0024947       0.0000000
       1794.8277      0.99977285       1.0009365       0.0000000
       1794.8485       1.0005900      0.99940121       0.0000000
       1794.8693       1.0005958       1.0001093       0.0000000
       1794.8902      0.99889463      0.99988455       0.0000000
       1794.9110      0.99954349      0.99965119       0.0000000
       1794.9318      0.99911875      0.99788952       0.0000000
       1794.9527  -4.4985763e-15      0.87024921       128.00000
       1794.9735      0.99648190      0.99918342       0.0000000
       1794.9943      0.99695939      0.99774915       0.0000000
       1795.0152      0.99837029      0.99912256       0.0000000
       1795.0360      0.99640119      0.99902415       0.0000000
       1795.0568      0.99719256       1.0000639       0.0000000
       1795.0777      0.99588984      0.99839967       0.0000000
       1795.0985      0.99446964      0.99744153       0.0000000
       1795.1193      0.99440455      0.99725240       0.0000000
       1795.1402      0.99762684      0.99804121       128.00000
       1795.1610      0.99474901      0.99696690       0.0000000
       1795.1818      0.99555904      0.99809283       0.0000000
       1795.2027      0.99539578      0.99699730       0.0000000
       1795.2235      0.99563211      0.99764293       0.0000000
       1795.2443      0.99486709      0.99628586       0.0000000
       1795.2652      0.99351430      0.99669343       0.0000000
       1795.2860      0.99591219      0.99568868       0.0000000
       1795.3068      0.99096870      0.99702924       0.0000000
       1795.3277      0.99231213      0.99857181       128.00000
       1795.3485      0.99531710      0.99763161       0.0000000
       1795.3693      0.99603480      0.99844813       0.0000000
       1795.3902      0.99581760      0.99838865       0.0000000
       1795.4110      0.99673069      0.99929512       0.0000000
       1795.4319      0.99656343      0.99892914       0.0000000
       1795.4527      0.99598682      0.99830645       0.0000000
       1795.4735      0.99551666      0.99848050       0.0000000
       1795.4944      0.99536449      0.99872446       0.0000000
       1795.5152      0.99522328      0.99827492       0.0000000
       1795.5360      0.99449295      0.99746150       0.0000000
       1795.5569      0.99488372      0.99734324       0.0000000
       1795.5777      0.99529648      0.99796343       0.0000000
       1795.5985      0.99410576      0.99688822       0.0000000
       1795.6194      0.99199325      0.99462587       0.0000000
       1795.6402      0.99325728      0.99494308       0.0000000
       1795.6610      0.99212223      0.99496752       0.0000000
       1795.6819      0.99050725      0.99438262       0.0000000
       1795.7027      0.99480909      0.99492323       0.0000000
       1795.7235      0.99103516      0.99383229       0.0000000
       1795.7444      0.99176389      0.99418420       0.0000000
       1795.7652      0.99079895      0.99352890       0.0000000
       1795.7860      0.99040878      0.99347752       0.0000000
       1795.8069      0.99146742      0.99427587       0.0000000
       1795.8277      0.99063236      0.99386179       0.0000000
       1795.8485      0.99102610      0.99381536       0.0000000
       1795.8694      0.99194407      0.99446613       0.0000000
       1795.8902      0.99210703      0.99534851       0.0000000
       1795.9110      0.99232733      0.99509555       0.0000000
       1795.9319      0.99232441      0.99504524       0.0000000
       1795.9527      0.99307716      0.99574691       0.0000000
       1795.9735      0.99303186      0.99651438       0.0000000
       1795.9944      0.99329942      0.99662638       0.0000000
       1796.0152      0.99443275      0.99741477       0.0000000
       1796.0360      0.99516195      0.99867201       0.0000000
       1796.0569      0.99568641      0.99848199       0.0000000
       1796.0777      0.99647194       1.0000000       0.0000000
       1796.0985      0.99888575       1.0003387       0.0000000
       1796.1194      0.99931669       1.0025008       0.0000000
       1796.1402      0.99949718       1.0028745       0.0000000
       1796.1610       1.0000397       1.0036139       0.0000000
       1796.1819       1.0031337       1.0052718       0.0000000
       1796.2027       1.0030003       1.0062765       0.0000000
       1796.2235       1.0056067       1.0085971       0.0000000
       1796.2444       1.0066350       1.0102448       0.0000000
       1796.2652       1.0078671       1.0110104       0.0000000
       1796.2860       1.0101367       1.0127438       0.0000000
       1796.3069       1.0112942       1.0148293       0.0000000
       1796.3277       1.0131510       1.0159029       0.0000000
       1796.3485       1.0134156       1.0163949       0.0000000
       1796.3694       1.0143399       1.0174211       0.0000000
       1796.3902       1.0144758       1.0178843       0.0000000
       1796.4110       1.0141993       1.0169026       0.0000000
       1796.4319       1.0146894       1.0177462       0.0000000
       1796.4527       1.0146405       1.0175388       0.0000000
       1796.4735       1.0132377       1.0163002       0.0000000
       1796.4944       1.0125040       1.0157406       0.0000000
       1796.5152       1.0117937       1.0149006       0.0000000
       1796.5360       1.0088931       1.0123471       0.0000000
       1796.5569       1.0087434       1.0116683       0.0000000
       1796.5777       1.0072371       1.0104687       0.0000000
       1796.5985       1.0044721       1.0079514       0.0000000
       1796.6194       1.0022137       1.0061710       0.0000000
       1796.6402       1.0020579       1.0046724       0.0000000
       1796.6610       1.0001180       1.0036844       0.0000000
       1796.6819      0.99836957       1.0015384       0.0000000
       1796.7027      0.99589902      0.99903280       0.0000000
       1796.7235      0.99569905      0.99836797       0.0000000
       1796.7444      0.99430352      0.99752128       0.0000000
       1796.7652      0.99426281      0.99674410       0.0000000
       1796.7860      0.99305433      0.99586505       0.0000000
       1796.8069      0.99283010      0.99608088       0.0000000
       1796.8277      0.99378479      0.99606031       0.0000000
       1796.8485      0.99322885      0.99611241       0.0000000
       1796.8694      0.99219733      0.99577659       0.0000000
       1796.8902      0.99203056      0.99499643       0.0000000
       1796.9110      0.99323857      0.99654311       0.0000000
       1796.9319      0.99112076      0.99437606       0.0000000
       1796.9527      0.98887372      0.99218965       0.0000000
       1796.9735      0.98709613      0.99000221       0.0000000
       1796.9944      0.98741007      0.98827106       0.0000000
       1797.0152      0.98524553      0.98802131       0.0000000
       1797.0360      0.98663449      0.98968202       0.0000000
       1797.0569      0.98925841      0.99115616       0.0000000
       1797.0777      0.99213296      0.99509436       0.0000000
       1797.0985      0.99474871      0.99766111       0.0000000
       1797.1194      0.99473959      0.99840158       0.0000000
       1797.1402      0.99516916      0.99812567       0.0000000
       1797.1610      0.99654096      0.99898255       0.0000000
       1797.1819      0.97703111      0.99944377       128.00000
       1797.2027      0.99613714      0.99884957       0.0000000
       1797.2235      0.99639088      0.99894553       0.0000000
       1797.2444      0.99591970      0.99852109       0.0000000
       1797.2652      0.99657631      0.99901116       0.0000000
       1797.2860      0.99547082       1.0002687       0.0000000
       1797.3069      0.99634260      0.99882615       0.0000000
       1797.3277      0.99602485      0.99874061       0.0000000
       1797.3485      0.99647230      0.99995625       0.0000000
       1797.3694      0.99659485      0.99941736       0.0000000
       1797.3902      0.99667799      0.99873900       0.0000000
       1797.4110      0.99657893      0.99970204       0.0000000
       1797.4319      0.99642366      0.99932033       0.0000000
       1797.4527      0.99609226      0.99928313       0.0000000
       1797.4735      0.99644428      0.99928379       0.0000000
       1797.4944      0.99631178      0.99938273       0.0000000
       1797.5152      0.99710107       1.0001011       0.0000000
       1797.5360      0.99667704      0.99973786       0.0000000
       1797.5569      0.99751747       1.0003985       0.0000000
       1797.5777      0.99710459      0.99996829       0.0000000
       1797.5985      0.99800521       1.0013789       0.0000000
       1797.6194       1.0002660       1.0012540       0.0000000
       1797.6402      0.99855793       1.0005896       0.0000000
       1797.6610      0.99871939       1.0010856       0.0000000
       1797.6819      0.99927747       1.0015965       0.0000000
       1797.7027      0.99914944       1.0009319       0.0000000
       1797.7235      0.99749118      0.99940765       0.0000000
       1797.7444      0.99954802       1.0017360       0.0000000
       1797.7652      0.99904358       1.0013194       0.0000000
       1797.7860      0.99946594       1.0017414       0.0000000
       1797.8069      0.99964160       1.0024242       0.0000000
       1797.8277      0.99938434       1.0018104       0.0000000
       1797.8485      0.99861771       1.0007435       0.0000000
       1797.8694      0.99870712       1.0009806       0.0000000
       1797.8902      0.99901867       1.0008633       0.0000000
       1797.9110      0.99846554       1.0016913       0.0000000
       1797.9319      0.99879897       1.0013764       0.0000000
       1797.9527      0.99999249       1.0018228       0.0000000
       1797.9735      0.99952215       1.0020059       0.0000000
       1797.9944      0.99851942       1.0016063       0.0000000
       1798.0152      0.99928600       1.0020908       0.0000000
       1798.0360       1.0002115       1.0022396       0.0000000
       1798.0569       1.0006354       1.0029660       0.0000000
       1798.0777       1.0029393       1.0026772       0.0000000
       1798.0985       1.0154730       1.0027363       128.00000
       1798.1194       1.0018523       1.0034080       0.0000000
       1798.1402       1.0019395       1.0037028       0.0000000
       1798.1610       1.0026567       1.0048897       0.0000000
       1798.1819       1.0023444       1.0047779       0.0000000
       1798.2027       1.0030458       1.0050181       0.0000000
       1798.2235       1.0031799       1.0056595       0.0000000
       1798.2444       1.0038867       1.0058656       0.0000000
       1798.2652       1.0032946       1.0060180       0.0000000
       1798.2860       1.0037428       1.0060558       0.0000000
       1798.3069       1.0030377       1.0058112       0.0000000
       1798.3277       1.0029855       1.0057034       0.0000000
       1798.3485       1.0041761       1.0059255       0.0000000
       1798.3694       1.0021017       1.0038580       0.0000000
       1798.3902       1.0027347       1.0046821       0.0000000
       1798.4110       1.0019757       1.0039293       0.0000000
       1798.4319       1.0010912       1.0035640       0.0000000
       1798.4527       1.0027344       1.0033563       0.0000000
       1798.4735       1.0016958       1.0031368       0.0000000
       1798.4944       1.0009537       1.0025407       0.0000000
       1798.5152       1.0003684       1.0026917       0.0000000
       1798.5360       1.0007004       1.0018911       0.0000000
       1798.5569       1.0001376       1.0009986       0.0000000
       1798.5777      0.99987519       1.0012375       0.0000000
       1798.5985       1.0002476       1.0011095       0.0000000
       1798.6194      0.99967879       1.0006583       0.0000000
       1798.6402      0.99917132      0.99933279       0.0000000
       1798.6610       1.0000000       1.0000498       0.0000000
       1798.6819      0.99909103      0.99931085       0.0000000
       1798.7027      0.99805015      0.99868327       0.0000000
       1798.7235      0.99811906      0.99928588       0.0000000
       1798.7444      0.98394173       1.0002861       128.00000
       1798.7652      0.99871892      0.99957144       0.0000000
       1798.7860      0.99975514      0.99940759       0.0000000
       1798.8069      0.99992025      0.99976599       0.0000000
       1798.8277       1.0003984      0.99976254       0.0000000
       1798.8485       1.0005003       1.0003128       0.0000000
       1798.8694       1.0011094       1.0001063       0.0000000
       1798.8902       1.0006493       1.0006338       0.0000000
       1798.9110       1.0015510       1.0003026       0.0000000
       1798.9319       1.0014930       1.0002675       0.0000000
       1798.9527       1.0012922       1.0004631       0.0000000
       1798.9735       1.0010819      0.99934345       0.0000000
       1798.9944       1.0015991      0.99932855       0.0000000
       1799.0152       1.0026230       1.0009280       0.0000000
       1799.0360       1.0024092      0.99931830       0.0000000
       1799.0569       1.0012209      0.99881607       0.0000000
       1799.0777       1.0133917       1.0008200       128.00000
       1799.0985       1.0017549      0.99909872       0.0000000
       1799.1194       1.0013202      0.99837440       0.0000000
       1799.1402       1.0025151      0.99872041       0.0000000
       1799.1610       1.0010555      0.99844646       0.0000000
       1799.1819       1.0008792      0.99697542       0.0000000
       1799.2027  -4.3573759e-15      0.84293354       128.00000
       1799.2235       1.0005621       1.0020031       0.0000000
       1799.2444       1.0004305       1.0013644       0.0000000
       1799.2652       1.0012463       1.0019072       0.0000000
       1799.2861       1.0003017       1.0016923       0.0000000
       1799.3069       1.0002964       1.0011781       0.0000000
       1799.3277      0.99925464      0.99996620       0.0000000
       1799.3486      0.99845797       1.0002290       0.0000000
       1799.3694      0.99947900       1.0005597       0.0000000
       1799.3902       1.0005035       1.0012366       0.0000000
       1799.4111      0.99971253       1.0004425       0.0000000
       1799.4319       1.0004560       1.0007284       0.0000000
       1799.4527       1.0003819       1.0013195       0.0000000
       1799.4736       1.0003378       1.0010029       0.0000000
       1799.4944       1.0005512       1.0013275       0.0000000
       1799.5152       1.0006332       1.0005299       0.0000000
       1799.5361       1.0128205       1.0004596       128.00000
       1799.5569      0.99979752      0.99962503       0.0000000
       1799.5777      0.99888635      0.99952835       0.0000000
       1799.5986      0.99888831      0.99946761       0.0000000
       1799.6194      0.99836242      0.99833143       0.0000000
       1799.6402      0.99812013      0.99849564       0.0000000
       1799.6611      0.99830151      0.99794722       0.0000000
       1799.6819      0.99645472      0.99703306       0.0000000
       1799.7027      0.99497855      0.99563253       0.0000000
       1799.7236      0.99594378      0.99562001       0.0000000
       1799.7444      0.96358848      0.99473870       128.00000
       1799.7652      0.99425697      0.99269313       0.0000000
       1799.7861      0.99453557      0.99293703       0.0000000
       1799.8069      0.99391246      0.99207288       0.0000000
       1799.8277      0.99351364      0.99171698       0.0000000
       1799.8486      0.99373281      0.99127901       0.0000000
       1799.8694      0.99289286      0.99046797       0.0000000
       1799.8902      0.99223828      0.99023438       0.0000000
       1799.9111      0.99204952      0.99023455       0.0000000
       1799.9319      0.99142933      0.98980427       0.0000000
       1799.9527      0.99192679      0.98972797       0.0000000
       1799.9736      0.99230516      0.99037838       0.0000000
       1799.9944      0.99306631      0.99023300       0.0000000
       1800.0152      0.99285531      0.98982674       0.0000000
       1800.0361      0.99429810      0.99090892       0.0000000
       1800.0569      0.99451077      0.99141735       0.0000000
       1800.0777      0.99458182      0.99079031       0.0000000
       1800.0986      0.99654734      0.99222028       0.0000000
       1800.1194      0.99679703      0.99301511       0.0000000
       1800.1402      0.99750710      0.99380845       0.0000000
       1800.1611      0.99811840      0.99411726       0.0000000
       1800.1819      0.99956727      0.99591273       0.0000000
       1800.2027      0.99989754      0.99649960       0.0000000
       1800.2236       1.0004301      0.99638939       0.0000000
       1800.2444       1.0018209      0.99790078       0.0000000
       1800.2652       1.0018984      0.99877280       0.0000000
       1800.2861       1.0034453      0.99994534       0.0000000
       1800.3069       1.0054580       1.0019579       0.0000000
       1800.3277       1.0074281       1.0031095       0.0000000
       1800.3486       1.0079960       1.0042036       0.0000000
       1800.3694       1.0101002       1.0054266       0.0000000
       1800.3902       1.0119758       1.0070397       128.00000
       1800.4111      0.99220163       1.0080826       128.00000
       1800.4319       1.0160718       1.0096258       128.00000
       1800.4527       1.0176243       1.0114493       128.00000
       1800.4736       1.0188404       1.0122790       128.00000
       1800.4944       1.0207751       1.0126272       128.00000
       1800.5152       1.0222464       1.0143421       128.00000
       1800.5361       1.0243653       1.0154811       128.00000
       1800.5569       1.0242205       1.0151682       128.00000
       1800.5777       1.0255055       1.0157609       128.00000
       1800.5986       1.0251611       1.0153750       128.00000
       1800.6194       1.0239241       1.0148609       128.00000
       1800.6402       1.0244020       1.0147212       128.00000
       1800.6611       1.0240127       1.0132624       128.00000
       1800.6819       1.0238791       1.0120026       128.00000
       1800.7027       1.0230623       1.0109198       128.00000
       1800.7236       1.0231004       1.0090164       128.00000
       1800.7444       1.0238662       1.0079036       128.00000
       1800.7652       1.0238187       1.0061494       128.00000
       1800.7861       1.0235091       1.0044768       128.00000
       1800.8069       1.0228713       1.0028152       128.00000
       1800.8277       1.0234559       1.0011064       128.00000
       1800.8486       1.0231346       1.0008805       128.00000
       1800.8694       1.0224797      0.99978590       128.00000
       1800.8902       1.0215019      0.99764967       128.00000
       1800.9111       1.0219535      0.99831456       128.00000
       1800.9319       1.0214772      0.99704528       128.00000
       1800.9527       1.0216526      0.99628222       128.00000
       1800.9736       1.0229739      0.99713004       128.00000
       1800.9944       1.0228306      0.99583840       128.00000
       1801.0152       1.0247041      0.99564183       128.00000
       1801.0361       1.0283278      0.99653035       128.00000
       1801.0569       1.0304374      0.99553490       128.00000
       1801.0777       1.0344864      0.99651563       128.00000
       1801.0986       1.0349051      0.99461234       128.00000
       1801.1194       1.0342437      0.99230653       128.00000
       1801.1402       1.0320079      0.98931378       128.00000
       1801.1611       1.0315931      0.98836648       128.00000
       1801.1819       1.0320665      0.98865539       128.00000
       1801.2027       1.0343864      0.99079615       128.00000
       1801.2236       1.0371108      0.99317491       128.00000
       1801.2444       1.0403289      0.99585074       128.00000
       1801.2652       1.0433383      0.99795723       128.00000
       1801.2861       1.0447528      0.99816483       128.00000
       1801.3069       1.0463384      0.99793077       128.00000
       1801.3277       1.0496362      0.99861175       128.00000
       1801.3486       1.0529776      0.99854761       128.00000
       1801.3694       1.0561762      0.99783689       128.00000
       1801.3902       1.0597464      0.99745554       128.00000
       1801.4111       1.0642633      0.99777681       128.00000
       1801.4319       1.0693332      0.99815851       128.00000
       1801.4527       1.0728617      0.99675316       128.00000
       1801.4736       1.0792854      0.99765199       128.00000
       1801.4944       1.0864233      0.99789053       128.00000
       1801.5152       1.0922531      0.99765784       128.00000
       1801.5361       1.0989120      0.99720222       128.00000
       1801.5569       1.1067767      0.99765170       128.00000
       1801.5777       1.1138779      0.99716091       128.00000
       1801.5986       1.1191947      0.99739182       128.00000
       1801.6194       1.1299787      0.99748868       128.00000
       1801.6402       1.1396971      0.99772066       128.00000
       1801.6611       1.1503136      0.99668533       128.00000
       1801.6819       1.1638643      0.99628168       128.00000
       1801.7027       1.1812383      0.99563110       128.00000
       1801.7236       1.2030499      0.99480343       128.00000
       1801.7444       1.2287143      0.99416077       128.00000
       1801.7652       1.2592217      0.99464869       128.00000
       1801.7861       1.2934279      0.99381363       128.00000
       1801.8069       1.3305981      0.99287331       128.00000
       1801.8277       1.3727143      0.99286395       128.00000
       1801.8486       1.4168148      0.99101627       128.00000
       1801.8694       1.4671504      0.99150270       128.00000
       1801.8902       1.5190570      0.99077386       128.00000
       1801.9111       1.5773261      0.99091280       128.00000
       1801.9319       1.6420381      0.98998320       128.00000
       1801.9527       1.7200509      0.98999596       128.00000
       1801.9736       1.8148582      0.98990613       128.00000
       1801.9944       1.9268637      0.98932517       128.00000
       1802.0152       2.0591378      0.98938495       128.00000
       1802.0361       2.2092543      0.98831058       128.00000
       1802.0569       2.3940396      0.98812485       128.00000
       1802.0777       2.6371589      0.98917371       128.00000
       1802.0986       2.9589427      0.98865724       128.00000
       1802.1194       3.3755870      0.98877245       128.00000
       1802.1402       3.9014542      0.98953289       128.00000
       1802.1611       4.5361619      0.99089247       128.00000
       1802.1819       5.2649789      0.99195689       128.00000
       1802.2027       6.0308585      0.99214071       128.00000
       1802.2236       6.7084284      0.99453366       128.00000
       1802.2444       7.0813999      0.99525017       128.00000
       1802.2652       6.9197226      0.99573821       128.00000
       1802.2861       6.2539029      0.99772847       128.00000
       1802.3069       5.3252554      0.99793398       128.00000
       1802.3277       4.4145684      0.99827784       128.00000
       1802.3486       3.6275001      0.99936408       128.00000
       1802.3694       2.9648004      0.99971378       128.00000
       1802.3902       2.4717433      0.99973726       128.00000
       1802.4111       2.1286578       1.0007695       128.00000
       1802.4319       1.8722898      0.99994874       128.00000
       1803.4736      0.99129945      0.99916512       0.0000000
       1803.4944      0.99095422      0.99817646       0.0000000
       1803.5152      0.99178243      0.99929130       0.0000000
       1803.5361      0.99211895      0.99835992       0.0000000
       1803.5569      0.98901117      0.99770451       0.0000000
       1803.5777      0.99174589      0.99869615       0.0000000
       1803.5986      0.99234092      0.99784768       0.0000000
       1803.6194      0.99025321      0.99732023       0.0000000
       1803.6402      0.99011534      0.99764252       128.00000
       1803.6611      0.99221337      0.99764180       0.0000000
       1803.6819      0.99108595      0.99660891       0.0000000
       1803.7027      0.99305558      0.99692547       0.0000000
       1803.7236      0.99341732      0.99896288       0.0000000
       1803.7444      0.98955876      0.99780321       0.0000000
       1803.7652      0.99218416      0.99781531       128.00000
       1803.7861      0.99210113      0.99751055       0.0000000
       1803.8069      0.99154621      0.99763042       0.0000000
       1803.8277      0.99228883      0.99693376       0.0000000
       1803.8486      0.99197233      0.99664497       0.0000000
       1803.8694      0.99048358      0.99610072       0.0000000
       1803.8902      0.99142092      0.99641156       0.0000000
       1803.9111      0.99044585      0.99481249       0.0000000
       1803.9319      0.98951906      0.99508387       0.0000000
       1803.9527      0.98967594      0.99400777       0.0000000
       1803.9736      0.98847347      0.99400640       0.0000000
       1803.9944      0.98855072      0.99267024       0.0000000
       1804.0152      0.98714966      0.99310005       0.0000000
       1804.0361      0.98778671      0.99193305       0.0000000
       1804.0569      0.98920149      0.99351835       0.0000000
       1804.0777      0.98913497      0.99348474       0.0000000
       1804.0986      0.98842961      0.99355870       0.0000000
       1804.1194      0.98974782      0.99363643       0.0000000
       1804.1402      0.98849034      0.99361384       0.0000000
       1804.1611      0.99031448      0.99452204       0.0000000
       1804.1819      0.99101561      0.99556291       0.0000000
       1804.2027      0.99078393      0.99479467       0.0000000
       1804.2236      0.99199677      0.99653494       0.0000000
       1804.2444      0.99251801      0.99636817       0.0000000
       1804.2652      0.99252635      0.99708319       0.0000000
       1804.2861      0.99424785      0.99776363       0.0000000
       1804.3069      0.99456924      0.99836200       0.0000000
       1804.3277      0.99584752      0.99913841       0.0000000
       1804.3486      0.99610746      0.99994344       0.0000000
       1804.3694      0.99516034       1.0000000       0.0000000
       1804.3902      0.99767768       1.0009029       0.0000000
       1804.4111      0.99901807       1.0023659       0.0000000
       1804.4319      0.99971604       1.0020090       0.0000000
       1804.4527       1.0005099       1.0040503       0.0000000
       1804.4736      0.98017907       1.0029055       128.00000
       1804.4944       1.0039904       1.0043253       0.0000000
       1804.5152       1.0044552       1.0059003       0.0000000
       1804.5361       1.0061778       1.0073950       0.0000000
       1804.5569       1.0080538       1.0082402       0.0000000
       1804.5777       1.0092628       1.0096214       0.0000000
       1804.5986       1.2608896       1.0128766       128.00000
       1804.6194       1.0142010       1.0153849       0.0000000
       1804.6402       1.0137421       1.0153593       0.0000000
       1804.6611       1.0156255       1.0150193       0.0000000
       1804.6819       1.0173113       1.0176641       0.0000000
       1804.7027       1.0163363       1.0180366       0.0000000
       1804.7236       1.0157619       1.0168840       0.0000000
       1804.7444       1.0179259       1.0175098       0.0000000
       1804.7652       1.0151055       1.0168511       0.0000000
       1804.7861       1.0183647       1.0164111       0.0000000
       1804.8069       1.0161923       1.0155586       0.0000000
       1804.8277       1.0128739       1.0130334       0.0000000
       1804.8486       1.0126663       1.0136870       0.0000000
       1804.8694       1.0097944       1.0106760       128.00000
       1804.8902       1.0077499       1.0096736       0.0000000
       1804.9111       1.0080570       1.0074393       0.0000000
       1804.9319       1.0061370       1.0057878       0.0000000
       1804.9527       1.0051368       1.0032771       0.0000000
       1804.9736       1.0035343       1.0030760       0.0000000
       1804.9944       1.0019457       1.0014287       0.0000000
       1805.0152      0.99928284      0.99910110       0.0000000
       1805.0361      0.99813068      0.99836946       0.0000000
       1805.0569      0.99731255      0.99853182       0.0000000
       1805.0777      0.99682307      0.99661553       0.0000000
       1805.0986      0.99768376      0.99649733       0.0000000
       1805.1194      0.99793106      0.99557310       0.0000000
       1805.1402      0.99848306      0.99555892       0.0000000
       1805.1611      0.99657029      0.99536222       0.0000000
       1805.1819      0.99721169      0.99575204       0.0000000
       1805.2027      0.99688196      0.99571991       0.0000000
       1805.2236      0.99680179      0.99654198       0.0000000
       1805.2444      0.99529541      0.99559313       0.0000000
       1805.2652      0.99353814      0.99304140       0.0000000
       1805.2861      0.99070609      0.98980540       0.0000000
       1805.3069      0.98907381      0.98926610       0.0000000
       1805.3277      0.98888612      0.98885703       0.0000000
       1805.3486      0.99020523      0.98966306       0.0000000
       1805.3694      0.99277461      0.99353719       0.0000000
       1805.3902      0.99560624      0.99483365       0.0000000
       1805.4111      0.99917817      0.99802858       0.0000000
       1805.4319       1.0013827      0.99959004       0.0000000
       1805.4527      0.99896300       1.0000691       0.0000000
       1805.4736       1.0006303      0.99992138       0.0000000
       1805.4944       1.0022385       1.0006447       0.0000000
       1805.5152       1.0013704       1.0007957       0.0000000
       1805.5361      0.99918902       1.0012274       0.0000000
       1805.5569       1.0005320       1.0009183       0.0000000
       1805.5777       1.0021929       1.0006030       0.0000000
       1805.5986      0.99875218       1.0009056       0.0000000
       1805.6194       1.0018606       1.0004741       0.0000000
       1805.6402       1.0003967       1.0001796       0.0000000
       1805.6611       1.0005867      0.99973810       0.0000000
       1805.6819       1.0010580      0.99965894       0.0000000
       1805.7027       1.0020037      0.99915266       0.0000000
       1805.7236       1.0000772      0.99911922       0.0000000
       1805.7444       1.0079929      0.99869806       128.00000
       1805.7652       1.0009747      0.99850667       0.0000000
       1805.7861       1.0002228       1.0002915       0.0000000
       1805.8069      0.99942112       1.0000175       0.0000000
       1805.8277       1.0012261       1.0011117       0.0000000
       1805.8486       1.0006196       1.0011014       0.0000000
       1805.8694      0.99553156       1.0005809       0.0000000
       1805.8902       1.0016323      0.99997187       0.0000000
       1805.9111      0.99970132       1.0012681       0.0000000
       1805.9319      0.99968064       1.0009377       0.0000000
       1805.9527       1.0015692      0.99921650       0.0000000
       1805.9736       1.0008538       1.0020961       0.0000000
       1805.9944      0.99983758       1.0016615       0.0000000
       1806.0152      0.99915373       1.0021563       0.0000000
       1806.0361       1.0009491       1.0017098       0.0000000
       1806.0569       1.0015391       1.0022660       0.0000000
       1806.0777       1.2288924       1.0017426       128.00000
       1806.0986      0.99984205       1.0026727       0.0000000
       1806.1194      0.99820387       1.0027879       0.0000000
       1806.1402       1.0000000       1.0022104       0.0000000
       1806.1611       1.0011200       1.0018964       0.0000000
       1806.1819       1.0009499       1.0019736       0.0000000
       1806.2027      0.99879825       1.0015768       0.0000000
       1806.2236      0.99938124       1.0013993       0.0000000
       1806.2444       1.0006039       1.0026203       0.0000000
       1806.2652       1.0001777       1.0026568       0.0000000
       1806.2861       1.0001272       1.0024170       0.0000000
       1806.3069       1.0003119       1.0027136       0.0000000
       1806.3277       1.0000998       1.0025932       0.0000000
       1806.3486       1.0001538       1.0031053       0.0000000
       1806.3694       1.0018352       1.0029207       0.0000000
       1806.3902       1.2731781       1.0036221       128.00000
       1806.4111      0.99991465       1.0037904       0.0000000
       1806.4319       1.0025880       1.0035733       0.0000000
       1806.4527       1.0026789       1.0025654       0.0000000
       1806.4736       1.0019287       1.0039499       0.0000000
       1806.4944       1.0033461       1.0038122       0.0000000
       1806.5152       1.0016924       1.0033860       0.0000000
       1806.5361       1.0023135       1.0044613       0.0000000
       1806.5569       1.0014311       1.0034497       0.0000000
       1806.5777       1.0025609       1.0027100       0.0000000
       1806.5986       1.0022463       1.0025964       0.0000000
       1806.6194       1.0017529       1.0038208       0.0000000
       1806.6402       1.0009151       1.0033069       0.0000000
       1806.6611       1.0019431       1.0017340       0.0000000
       1806.6819       1.0014054       1.0015544       0.0000000
       1806.7027      0.99871725       1.0015934       0.0000000
       1806.7236       1.0006909       1.0010471       0.0000000
       1806.7444      0.99934840       1.0000432       0.0000000
       1806.7652      0.99859905       1.0010442       0.0000000
       1806.7861      0.99921381      0.99906063       0.0000000
       1806.8069      0.99861497       1.0003302       0.0000000
       1806.8277      0.99882269       1.0001309       0.0000000
       1806.8486      0.99870348      0.99981093       0.0000000
       1806.8694      0.99836248       1.0006846       0.0000000
       1806.8902       1.0005859       1.0001786       0.0000000
       1806.9111      0.99703288       1.0006365       0.0000000
       1806.9319      0.99853379      0.99872023       0.0000000
       1806.9527      0.99952763       1.0002052       0.0000000
       1806.9736       1.2676780      0.99941945       128.00000
       1806.9944      0.99760622      0.99910212       0.0000000
       1807.0152      0.99825943      0.99872041       0.0000000
       1807.0361      0.99953789      0.99923444       0.0000000
       1807.0569      0.99750704      0.99871612       0.0000000
       1807.0777      0.99740165      0.99972391       0.0000000
       1807.0986      0.99758291      0.99985468       0.0000000
       1807.1194      0.99782068      0.99954754       0.0000000
       1807.1402      0.99876386      0.99896097       0.0000000
       1807.1611      0.99778944      0.99995846       0.0000000
       1807.1819      0.99931192       1.0000602       0.0000000
       1807.2027      0.99963927      0.99960381       0.0000000
       1807.2236       1.0006636      0.99944973       0.0000000
       1807.2444      0.99952108       1.0000447       0.0000000
       1807.2652       1.0009284      0.99999052       0.0000000
       1807.2861       1.0007188       1.0003769       0.0000000
       1807.3069       1.0001141       1.0003268       0.0000000
       1807.3277      0.99844694       1.0003588       0.0000000
       1807.3486       1.0018204       1.0008523       0.0000000
       1807.3694       1.0013481       1.0019611       0.0000000
       1807.3902       1.0000777       1.0004569       0.0000000
       1807.4111       1.2250348       1.0008759       128.00000
       1807.4319       1.0004356       1.0003506       0.0000000
       1807.4527       1.0003344      0.99979788       0.0000000
       1807.4736      0.99945551      0.99983764       0.0000000
       1807.4944      0.99911433      0.99806637       0.0000000
       1807.5152      0.99981093       1.0000141       0.0000000
       1807.5361      0.99865019      0.99863809       0.0000000
       1807.5569      0.99790961      0.99716163       0.0000000
       1807.5777      0.99612713      0.99674881       0.0000000
       1807.5986      0.99749804      0.99904215       0.0000000
       1807.6194      0.99425632      0.99692458       0.0000000
       1807.6402      0.99552369      0.99757814       0.0000000
       1807.6611      0.99576646      0.99633253       0.0000000
       1807.6819      0.99459416      0.99658054       0.0000000
       1807.7027      0.99355215      0.99605870       0.0000000
       1807.7236      0.99550730      0.99510568       0.0000000
       1807.7444      0.99562860      0.99433988       0.0000000
       1807.7652      0.99461579      0.99499726       0.0000000
       1807.7861      0.99289453      0.99486202       0.0000000
       1807.8069      0.99417371      0.99467540       0.0000000
       1807.8277      0.99419695      0.99389702       0.0000000
       1807.8486      0.99386686      0.99487150       0.0000000
       1807.8694      0.99341083      0.99452323       0.0000000
       1807.8902      0.99562711      0.99483883       0.0000000
       1807.9111      0.99358749      0.99452472       0.0000000
       1807.9319      0.99321395      0.99511176       0.0000000
       1807.9527      0.99440402      0.99269676       0.0000000
       1807.9736      0.99369705      0.99347699       0.0000000
       1807.9944   1.9743698e-15      0.85326916       128.00000
       1808.0152      0.99089676      0.99252981       0.0000000
       1808.0361      0.99222565      0.99374586       0.0000000
       1808.0569      0.99244648      0.99443191       0.0000000
       1808.0777      0.99161226      0.99266255       0.0000000
       1808.0986      0.99188823      0.99393642       0.0000000
       1808.1194      0.99022257      0.99375170       0.0000000
       1808.1402      0.99210972      0.99417871       0.0000000
       1808.1611      0.99274367      0.99448007       0.0000000
       1808.1819      0.99222660      0.99402523       0.0000000
       1808.2027      0.99015623      0.99285203       0.0000000
       1808.2235      0.99404597      0.99303752       0.0000000
       1808.2444      0.99255145      0.99018902       0.0000000
       1808.2652      0.99346745      0.99543411       0.0000000
       1808.2860      0.99248433      0.99502975       0.0000000
       1808.3069      0.99410766      0.99551767       0.0000000
       1808.3277      0.99311274      0.99380797       0.0000000
       1808.3485      0.99527597      0.99758500       0.0000000
       1808.3694      0.99411446      0.99751687       0.0000000
       1808.3902      0.99280816      0.99780554       0.0000000
       1808.4110      0.99551213      0.99759120       0.0000000
       1808.4319      0.99375457      0.99780428       0.0000000
       1808.4527      0.99567837      0.99887061       0.0000000
       1808.4735      0.99580735      0.99807996       0.0000000
       1808.4944      0.99647731      0.99946862       0.0000000
       1808.5152      0.99539673      0.99973202       0.0000000
       1808.5360      0.99771225      0.99663216       0.0000000
       1808.5569       1.0010725       1.0012949       0.0000000
       1808.5777      0.99960196       1.0022694       0.0000000
       1808.5985      0.99920988       1.0029560       0.0000000
       1808.6194       1.0027366       1.0060153       0.0000000
       1808.6402       1.0029912       1.0059696       0.0000000
       1808.6610       1.0014611       1.0069157       0.0000000
       1808.6819       1.0048296       1.0087798       0.0000000
       1808.7027       1.0037595       1.0103948       0.0000000
       1808.7235       1.0090851       1.0103625       0.0000000
       1808.7444       1.0106424       1.0136983       0.0000000
       1808.7652       1.0115405       1.0138134       0.0000000
       1808.7860       1.0118473       1.0151827       0.0000000
       1808.8069       1.0140284       1.0169842       0.0000000
       1808.8277       1.0142494       1.0158052       0.0000000
       1808.8485       1.0149186       1.0182016       0.0000000
       1808.8694       1.0152819       1.0189190       0.0000000
       1808.8902       1.0150208       1.0173956       0.0000000
       1808.9110       1.0160718       1.0181024       0.0000000
       1808.9319       1.0152568       1.0172030       0.0000000
       1808.9527       1.0126864       1.0152420       0.0000000
       1808.9735       1.0133336       1.0157719       0.0000000
       1808.9944       1.0109555       1.0130014       0.0000000
       1809.0152       1.0099441       1.0111227       0.0000000
       1809.0360       1.0068239       1.0098693       0.0000000
       1809.0569       1.0062084       1.0066428       0.0000000
       1809.0777       1.0063467       1.0057957       0.0000000
       1809.0985       1.0043204       1.0048054       0.0000000
       1809.1194       1.0006436       1.0022982       0.0000000
       1809.1402       1.0009907      0.99983579       0.0000000
       1809.1610      0.99740875      0.99950010       0.0000000
       1809.1819      0.99719262      0.99998409       0.0000000
       1809.2027      0.99665654      0.99688804       0.0000000
       1809.2235      0.99369472      0.99513912       0.0000000
       1809.2444      0.99457282      0.99656540       0.0000000
       1809.2652      0.99373287      0.99600071       0.0000000
       1809.2860      0.99441361      0.99531621       0.0000000
       1809.3069      0.99951023      0.99610507       0.0000000
       1809.3277      0.99308747      0.99555731       0.0000000
       1809.3485      0.99544656      0.99519944       0.0000000
       1809.3694      0.99546140      0.99474376       0.0000000
       1809.3902      0.99540883      0.99676073       0.0000000
       1809.4110      0.99314183      0.99469233       0.0000000
       1809.4319      0.99055070      0.99192089       0.0000000
       1809.4527      0.98950320      0.98921031       0.0000000
       1809.4735      0.98824120      0.98878276       0.0000000
       1809.4944      0.99051940      0.98919868       0.0000000
       1809.5152      0.99055886      0.99186724       0.0000000
       1809.5360      0.99418175      0.99265766       0.0000000
       1809.5569      0.99631518      0.99707723       0.0000000
       1809.5777      0.99885315       1.0000613       0.0000000
       1809.5985       1.0004458      0.99989671       0.0000000
       1809.6194       1.0008858       1.0002662       0.0000000
       1809.6402       1.0020616       1.0013847       0.0000000
       1809.6610       1.0021287       1.0014558       0.0000000
       1809.6819       1.0015368       1.0015723       0.0000000
       1809.7027       1.0014303       1.0016977       0.0000000
       1809.7235       1.0000899       1.0014160       0.0000000
       1809.7444       1.0030121      0.99981201       0.0000000
       1809.7652       1.0023590       1.0010448       0.0000000
       1809.7860      0.99830264       1.0013263       0.0000000
       1809.8069      0.99671793       1.0003229       0.0000000
       1809.8277       1.0000838       1.0002893       0.0000000
       1809.8485       1.0004702       1.0010803       0.0000000
       1809.8694      0.99308628       1.0004115       128.00000
       1809.8902       1.0006876       1.0002065       0.0000000
       1809.9110       1.0005554       1.0012324       0.0000000
       1809.9319      0.97154623       1.0000836       128.00000
       1809.9527       1.0019809       1.0002019       0.0000000
       1809.9735       1.0014219       1.0000857       0.0000000
       1809.9944       1.0014787      0.99996257       0.0000000
       1810.0152       1.0007288      0.99982977       0.0000000
       1810.0360       1.0014548       1.0010518       0.0000000
       1810.0569       1.0015877      0.99952543       0.0000000
       1810.0777       1.0014150      0.99999475       0.0000000
       1810.0985       1.0017341       1.0003642       0.0000000
       1810.1194       1.0017214       1.0006702       0.0000000
       1810.1402       1.0006756       1.0013093       0.0000000
       1810.1610       1.0010786       1.0013324       0.0000000
       1810.1819       1.0013015       1.0015125       0.0000000
       1810.2027       1.0017023       1.0006156       0.0000000
       1810.2235       1.0014541       1.0008492       0.0000000
       1810.2444       1.0005057       1.0021851       0.0000000
       1810.2652       1.0020202       1.0028409       0.0000000
       1810.2860       1.0025128       1.0025549       0.0000000
       1810.3069       1.0009134       1.0036091       0.0000000
       1810.3277       1.0024767       1.0022964       0.0000000
       1810.3485       1.0017759       1.0016557       0.0000000
       1810.3694       1.0026206       1.0019171       0.0000000
       1810.3902       1.0028465       1.0018188       0.0000000
       1810.4110       1.0017105       1.0030663       0.0000000
       1810.4319       1.0003568       1.0029631       0.0000000
       1810.4527       1.0029962       1.0034132       0.0000000
       1810.4735       1.0036030       1.0036546       0.0000000
       1810.4944       1.0043986       1.0033027       0.0000000
       1810.5152       1.0060021       1.0045258       0.0000000
       1810.5360       1.0041584       1.0058805       0.0000000
       1810.5569       1.0029050       1.0063620       0.0000000
       1810.5777       1.0043517       1.0064459       0.0000000
       1810.5985       1.0041444       1.0065745       0.0000000
       1810.6194       1.0061038       1.0070585       0.0000000
       1810.6402       1.0057889       1.0076749       0.0000000
       1810.6610       1.0043782       1.0077308       0.0000000
       1810.6819       1.0066214       1.0084265       0.0000000
       1810.7027       1.0066118       1.0085715       0.0000000
       1810.7235       1.0084653       1.0082419       0.0000000
       1810.7444       1.0079013       1.0084333       0.0000000
       1810.7652       1.0086066       1.0091525       0.0000000
       1810.7860       1.0068774       1.0097029       0.0000000
       1810.8069       1.0052892       1.0089568       0.0000000
       1810.8277       1.0057206       1.0079149       0.0000000
       1810.8485       1.0047096       1.0086265       0.0000000
       1810.8694      0.99425542       1.0084158       128.00000
       1810.8902       1.0062606       1.0074356       0.0000000
       1810.9110       1.0058820       1.0074974       0.0000000
       1810.9319       1.0046666       1.0067292       0.0000000
       1810.9527       1.0046668       1.0054759       0.0000000
       1810.9735       1.0026009       1.0059816       0.0000000
       1810.9944       1.0031825       1.0051572       0.0000000
       1811.0152       1.0042945       1.0052282       0.0000000
       1811.0360       1.0048075       1.0045671       0.0000000
       1811.0569       1.0038412       1.0049734       0.0000000
       1811.0777       1.0030099       1.0025828       0.0000000
       1811.0985       1.0028592       1.0029057       0.0000000
       1811.1194       1.0026970       1.0044352       0.0000000
       1811.1402       1.0018896       1.0015408       0.0000000
       1811.1610       1.0008619       1.0018185       0.0000000
       1811.1819       1.0014776       1.0018939       0.0000000
       1811.2027       1.0023776       1.0025078       0.0000000
       1811.2235       1.0019269       1.0022768       0.0000000
       1811.2444       1.0012774       1.0012574       0.0000000
       1811.2652       1.0003992       1.0022109       0.0000000
       1811.2860       1.0019737       1.0014564       0.0000000
       1811.3069       1.0016679       1.0020138       0.0000000
       1811.3277       1.0030925       1.0031078       0.0000000
       1811.3485       1.0020760       1.0025846       0.0000000
       1811.3694       1.0025914       1.0036991       0.0000000
       1811.3902       1.0030056       1.0038664       0.0000000
       1811.4110       1.0040230       1.0034281       0.0000000
       1811.4319       1.0035995       1.0044408       0.0000000
       1811.4527       1.0050265       1.0040567       0.0000000
       1811.4735       1.0041844       1.0051936       0.0000000
       1811.4944       1.0037709       1.0046088       0.0000000
       1811.5152       1.0047399       1.0048363       0.0000000
       1811.5360       1.0053805       1.0038617       0.0000000
       1811.5569       1.0043280       1.0048504       0.0000000
       1811.5777       1.0044273       1.0052378       0.0000000
       1811.5985       1.0050403       1.0043744       0.0000000
       1811.6194       1.0016632       1.0036752       0.0000000
       1811.6402       1.0032822       1.0034682       0.0000000
       1811.6610       1.0007626       1.0039004       0.0000000
       1811.6819       1.0019326       1.0030272       0.0000000
       1811.7027       1.0017858       1.0023665       0.0000000
       1811.7235       1.0014714       1.0016885       0.0000000
       1811.7444       1.0020713       1.0002066       0.0000000
       1811.7652       1.0011454       1.0000607       0.0000000
       1811.7860       1.0020988       1.0002502       0.0000000
       1811.8069       1.0007960      0.99929702       0.0000000
       1811.8277       1.0004324      0.99911100       0.0000000
       1811.8485      0.99925745      0.99915928       0.0000000
       1811.8694      0.99886715      0.99870527       0.0000000
       1811.8902      0.99868572      0.99830860       0.0000000
       1811.9110      0.99822474      0.99761778       0.0000000
       1811.9319      0.99759167      0.99765462       0.0000000
       1811.9527      0.99721473      0.99661475       0.0000000
       1811.9735      0.99791694      0.99747854       0.0000000
       1811.9944      0.99660051      0.99718666       0.0000000
       1812.0152      0.99583036      0.99654973       0.0000000
       1812.0360      0.99558806      0.99567175       0.0000000
       1812.0569      0.99460018      0.99501610       0.0000000
       1812.0777      0.99405801      0.99475640       0.0000000
       1812.0985      0.99353200      0.99412823       0.0000000
       1812.1193      0.99352765      0.99340224       0.0000000
       1812.1402      0.99235094      0.99305415       0.0000000
       1812.1610      0.99258584      0.99233878       0.0000000
       1812.1818      0.99220145      0.99262869       0.0000000
       1812.2027      0.99213910      0.99245691       0.0000000
       1812.2235      0.99111974      0.99194497       0.0000000
       1812.2443      0.99138975      0.99271053       0.0000000
       1812.2652      0.99154073      0.99128842       0.0000000
       1812.2860      0.99160135      0.99189776       0.0000000
       1812.3068      0.99199361      0.99243116       0.0000000
       1812.3277      0.99216491      0.99197650       0.0000000
       1812.3485      0.99111474      0.99153382       0.0000000
       1812.3693      0.99248028      0.99213696       0.0000000
       1812.3902      0.99302638      0.99272287       0.0000000
       1812.4110      0.99389994      0.99283415       0.0000000
       1812.4318      0.99225593      0.99319279       0.0000000
       1812.4527      0.99391967      0.99394965       0.0000000
       1812.4735      0.99326688      0.99271512       0.0000000
       1812.4943   1.9584333e-15      0.84638268       128.00000
       1812.5152      0.99399287      0.99220252       0.0000000
       1812.5360      0.99391162      0.99243486       0.0000000
       1812.5568      0.99481547      0.99213088       0.0000000
       1812.5777      0.99385011      0.99199706       0.0000000
       1812.5985      0.99490559      0.99214399       0.0000000
       1812.6193      0.99505121      0.99206495       0.0000000
       1812.6402      0.99455327      0.99490875       0.0000000
       1812.6610      0.99515891      0.99474508       0.0000000
       1812.6818      0.99544001      0.99588692       0.0000000
       1812.7027      0.99675399      0.99661708       0.0000000
       1812.7235      0.99679792      0.99737793       0.0000000
       1812.7443      0.99890065      0.99912536       0.0000000
       1812.7652      0.99809140      0.99926895       0.0000000
       1812.7860       1.0013609       1.0010030       0.0000000
       1812.8068       1.0030007       1.0020484       0.0000000
       1812.8277       1.0055497       1.0032746       0.0000000
       1812.8485       1.0069089       1.0043012       0.0000000
       1812.8693       1.0081758       1.0057731       0.0000000
       1812.8902       1.0074077       1.0082301       0.0000000
       1812.9110       1.0108738       1.0101258       0.0000000
       1812.9318       1.0127839       1.0116429       0.0000000
       1812.9527       1.0147021       1.0125619       0.0000000
       1812.9735       1.0141954       1.0128896       0.0000000
       1812.9943       1.0068914       1.0154881       0.0000000
       1813.0152       1.0148576       1.0147016       0.0000000
       1813.0360       1.0161598       1.0164304       0.0000000
       1813.0568       1.0164998       1.0164738       0.0000000
       1813.0777       1.0171461       1.0167732       0.0000000
       1813.0985       1.0151026       1.0154573       0.0000000
       1813.1193       1.0149584       1.0147425       0.0000000
       1813.1402       1.0145429       1.0135741       0.0000000
       1813.1610       1.0127525       1.0117683       0.0000000
       1813.1818       1.0105442       1.0104864       0.0000000
       1813.2027       1.0089880       1.0099297       0.0000000
       1813.2235       1.0070755       1.0080836       0.0000000
       1813.2443       1.0069653       1.0069585       0.0000000
       1813.2652       1.0042701       1.0053974       0.0000000
       1813.2860       1.0017577       1.0024788       0.0000000
       1813.3068       1.0014143       1.0016026       0.0000000
       1813.3277       1.0012181      0.99745661       0.0000000
       1813.3485       1.0011479      0.99758554       0.0000000
       1813.3693      0.99870867      0.99580687       0.0000000
       1813.3902      0.99784249      0.99493021       0.0000000
       1813.4110      0.99723500      0.99498338       0.0000000
       1813.4318      0.99763823      0.99471349       0.0000000
       1813.4527      0.99501681      0.99406868       0.0000000
       1813.4735      0.99487638      0.99421263       0.0000000
       1813.4943      0.99497533      0.99391925       0.0000000
       1813.5152      0.99521339      0.99199075       0.0000000
       1813.5360      0.99393320      0.99390244       0.0000000
       1813.5568      0.99418110      0.99223930       0.0000000
       1813.5777      0.99193913      0.98857003       0.0000000
       1813.5985      0.98761141      0.98414785       0.0000000
       1813.6193      0.98625952      0.98445654       0.0000000
       1813.6402      0.98571551      0.98373377       0.0000000
       1813.6610      0.98732609      0.98381591       0.0000000
       1813.6818      0.98887330      0.98694742       0.0000000
       1813.7027      0.99167258      0.98948222       0.0000000
       1813.7235      0.99462873      0.99343276       0.0000000
       1813.7443      0.99699658      0.99630618       0.0000000
       1813.7652      0.99651748      0.99663043       0.0000000
       1813.7860      0.99659723      0.99715406       0.0000000
       1813.8068      0.99723327      0.99690741       0.0000000
       1813.8277      0.99859309      0.99747938       0.0000000
       1813.8485      0.99919313      0.99840838       0.0000000
       1813.8693      0.99833250      0.99800712       0.0000000
       1813.8902      0.99857646      0.99676722       0.0000000
       1813.9110      0.99921548      0.99704844       0.0000000
       1813.9318      0.99727553      0.99780661       128.00000
       1813.9527      0.99983311      0.99700147       0.0000000
       1813.9735      0.99931335      0.99822634       0.0000000
       1813.9943      0.99856627      0.99787438       0.0000000
       1814.0152      0.99785221      0.99993861       0.0000000
       1814.0360      0.99881065      0.99929053       0.0000000
       1814.0568      0.99836743      0.99856120       0.0000000
       1814.0777      0.99811351      0.99766791       0.0000000
       1814.0985      0.99743694      0.99749750       0.0000000
       1814.1193      0.99862975      0.99865139       0.0000000
       1814.1402      0.99739027      0.99750406       0.0000000
       1814.1610      0.99172497      0.99814588       128.00000
       1814.1818       1.0001599       1.0001378       0.0000000
       1814.2027       1.0014095       1.0011365       0.0000000
       1814.2235       1.0010545       1.0008750       0.0000000
       1814.2443       1.0013562       1.0011330       0.0000000
       1814.2652       1.0007999       1.0006155       0.0000000
       1814.2860       1.0009370       1.0006627       0.0000000
       1814.3068       1.0019882       1.0016305       0.0000000
       1814.3277       1.0012797       1.0008442       0.0000000
       1814.3485       1.0017120       1.0011822       0.0000000
       1814.3693       1.0020249       1.0014231       0.0000000
       1814.3902       1.0020170       1.0013859       0.0000000
       1814.4110       1.0010777       1.0007837       0.0000000
       1814.4318       1.0018592       1.0014845       0.0000000
       1814.4527       1.0024257       1.0019956       0.0000000
       1814.4735       1.0020790       1.0015584       0.0000000
       1814.4943       1.0013556       1.0007976       0.0000000
       1814.5152       1.0016385       1.0009519       0.0000000
       1814.5360       1.0017369       1.0009118       0.0000000
       1814.5568      0.99997169      0.99909604       0.0000000
       1814.5777       1.0017245       1.0006319       0.0000000
       1814.5985      0.99967074       1.0009381       0.0000000
       1814.6193       1.0009644      0.99952048       0.0000000
       1814.6402       1.0002055      0.99850792       0.0000000
       1814.6610       1.0004127      0.99842954       0.0000000
       1814.6818       1.0002439      0.99794936       0.0000000
       1814.7026       1.0001727      0.99750763       0.0000000
       1814.7235      0.99952441      0.99635053       0.0000000
       1814.7443      0.99914354      0.99536735       0.0000000
       1814.7651      0.99895024      0.99470747       0.0000000
       1814.7860       1.0004361      0.99563068       0.0000000
       1814.8068      0.99978977      0.99443859       0.0000000
       1814.8276       1.0006748      0.99456608       0.0000000
       1814.8485      0.99999553      0.99362046       0.0000000
       1814.8693       1.0003202      0.99316007       0.0000000
       1814.8901       1.0003965      0.99293268       0.0000000
       1814.9110       1.0008566      0.99293131       0.0000000
       1814.9318       1.0007517      0.99195945       0.0000000
       1814.9526       1.0014870      0.99251968       128.00000
       1814.9735       1.0018771      0.99171925       128.00000
       1814.9943       1.0027511      0.99199998       128.00000
       1815.0151       1.0055043      0.99314392       128.00000
