    1153
       1543.2645   1.0245265e-13      0.91504908       128.00000
       1543.2853   1.5428723e-15     0.013780014       128.00000
       1543.3062  -1.9377429e-15    -0.017306782       128.00000
       1543.3270  -1.1310034e-15    -0.010101548       128.00000
       1543.3478  -9.8014132e-16   -0.0087540466       128.00000
       1543.3687   5.2230057e-14      0.46648929       128.00000
       1543.3895   6.6883277e-13       5.9736357       128.00000
       1543.4103   1.0862186e-13      0.97014898       128.00000
       1543.4312  -1.0935089e-15   -0.0097666802       128.00000
       1543.4520  -2.6713799e-16   -0.0023860089       128.00000
       1543.4728     -0.49230140     -0.39480746       128.00000
       1543.4937    -0.095797203     -0.10894217       128.00000
       1543.5145    -0.050430164     -0.22742440       128.00000
       1543.5353      0.15093622      0.46681130       128.00000
       1543.5562      0.29014209      0.61090934       128.00000
       1543.5770      0.54823846      0.83666110       128.00000
       1543.5978      0.71426672      0.91992956       128.00000
       1543.6187      0.77598453      0.94246197       128.00000
       1543.6395      0.79573745      0.94433659       128.00000
       1543.6603      0.81017375      0.94656801       128.00000
       1543.6812      0.82099736      0.94634730       128.00000
       1543.7020      0.83455062      0.94983518       128.00000
       1543.7228      0.84259558      0.94779366       128.00000
       1543.7437      0.85858595      0.95559865       128.00000
       1543.7645      0.87169343      0.96118319       128.00000
       1543.7853      0.88045883      0.96310836       128.00000
       1543.8062      0.88662726      0.96330708       128.00000
       1543.8270      0.89085203      0.96181136       0.0000000
       1543.8478      0.89630508      0.96214139       128.00000
       1543.8687      0.90343505      0.96469450       128.00000
       1543.8895      0.91101754      0.96816498       0.0000000
       1543.9103      0.91870260      0.97154778       0.0000000
       1543.9312      0.92103887      0.96926826       128.00000
       1543.9520      0.92910618      0.97299081       128.00000
       1543.9728      0.93748569      0.97758204       0.0000000
       1543.9937      0.94818914      0.98505396       0.0000000
       1544.0145      0.95374483      0.98750627       0.0000000
       1544.0353      0.95898509      0.99001652       0.0000000
       1544.0562      0.96443772      0.99307054       0.0000000
       1544.0770      0.96758544      0.99397802       0.0000000
       1544.0978      0.97176075      0.99628586       0.0000000
       1544.1187      0.97362703      0.99644876       0.0000000
       1544.1395      0.97586632      0.99718815       0.0000000
       1544.1603      0.97611845      0.99601358       128.00000
       1544.1812      0.97852939      0.99742669       0.0000000
       1544.2020      0.97984511      0.99788541       0.0000000
       1544.2228      0.97958350      0.99696457       0.0000000
       1544.2437      0.97999305      0.99666029       0.0000000
       1544.2645      0.98132676      0.99734592       0.0000000
       1544.2853      0.98334247      0.99756426       0.0000000
       1544.3062      0.98180157      0.99615943       0.0000000
       1544.3270      0.98424709      0.99758238       0.0000000
       1544.3478      0.98509216      0.99835789       0.0000000
       1544.3687      0.98564196      0.99907219       0.0000000
       1544.3895      0.98657954      0.99666661       0.0000000
       1544.4103      0.98766047      0.99668795       0.0000000
       1544.4312      0.98892242      0.99804342       0.0000000
       1544.4520      0.98954505      0.99922931       0.0000000
       1544.4728      0.99209005      0.99975967       0.0000000
       1544.4937      0.99266595       1.0002874       0.0000000
       1544.5145      0.99372739       1.0000303       0.0000000
       1544.5353      0.99403721       1.0012611       0.0000000
       1544.5562      0.99563211       1.0034224       0.0000000
       1544.5770      0.99534762       1.0014516       0.0000000
       1544.5978      0.99574667       1.0014995       0.0000000
       1544.6187      0.99578047       1.0018904       0.0000000
       1544.6395      0.99771255       1.0026400       128.00000
       1544.6603      0.99849337       1.0036047       0.0000000
       1544.6812      0.99904132       1.0035524       0.0000000
       1544.7020      0.99897856       1.0037364       0.0000000
       1544.7228       1.0006915       1.0058253       0.0000000
       1544.7437       1.0007278       1.0075296       0.0000000
       1544.7645       1.0008416       1.0087341       0.0000000
       1544.7853       1.0002590       1.0078375       0.0000000
       1544.8062       1.0013833       1.0062627       0.0000000
       1544.8270       1.0014826       1.0082428       0.0000000
       1544.8478       1.0011905       1.0096691       0.0000000
       1544.8687       1.0013813       1.0084671       0.0000000
       1544.8895       1.0014002       1.0089114       0.0000000
       1544.9103       1.0016029       1.0080607       0.0000000
       1544.9312       1.0008576       1.0056949       0.0000000
       1544.9520       1.0004102       1.0028905       0.0000000
       1544.9728      0.99928486       1.0046272       0.0000000
       1544.9937      0.99868494       1.0025802       0.0000000
       1545.0145      0.99847764       1.0039079       0.0000000
       1545.0353      0.99891120       1.0053582       0.0000000
       1545.0562      0.99913442       1.0052053       0.0000000
       1545.0770      0.99899095       1.0053616       0.0000000
       1545.0978      0.99980080       1.0055708       0.0000000
       1545.1187      0.99889135       1.0043489       0.0000000
       1545.1395      0.99890172       1.0049115       0.0000000
       1545.1603      0.99952608       1.0042802       0.0000000
       1545.1812      0.99870265       1.0034456       0.0000000
       1545.2020      0.99909097       1.0003208       0.0000000
       1545.2229      0.99886519       1.0000139       0.0000000
       1545.2437      0.99975359       1.0015647       0.0000000
       1545.2645       1.0000204       1.0026594       0.0000000
       1545.2854      0.99935365       1.0034153       0.0000000
       1545.3062      0.99994749       1.0037769       0.0000000
       1545.3270       1.0002265       1.0040338       0.0000000
       1545.3479      0.99976933       1.0038023       0.0000000
       1545.3687       1.0001390       1.0028086       0.0000000
       1545.3895      0.99986142       1.0041865       0.0000000
       1545.4104       1.0000397       1.0028055       0.0000000
       1545.4312       1.0004774       1.0041203       0.0000000
       1545.4520       1.0005281       1.0032947       0.0000000
       1545.4729       1.0002204       1.0025803       0.0000000
       1545.4937      0.99991393       1.0021958       0.0000000
       1545.5145       1.0009220       1.0043914       0.0000000
       1545.5354       1.0008246       1.0045033       0.0000000
       1545.5562       1.0004743       1.0033945       0.0000000
       1545.5770       1.0000155       1.0032423       0.0000000
       1545.5979      0.99987334       1.0037942       0.0000000
       1545.6187       1.0004861       1.0034978       0.0000000
       1545.6395      0.99959928       1.0022618       0.0000000
       1545.6604       1.0014768       1.0043575       0.0000000
       1545.6812      0.99994999       1.0029722       0.0000000
       1545.7020       1.0003455       1.0029731       0.0000000
       1545.7229       1.0011042       1.0042830       0.0000000
       1545.7437      0.99982971       1.0041447       0.0000000
       1545.7645       1.0001594       1.0029298       0.0000000
       1545.7854      0.99949229       1.0037347       0.0000000
       1545.8062      0.99972939       1.0028220       0.0000000
       1545.8270      0.99879962       1.0029701       0.0000000
       1545.8479       1.0000627       1.0033649       0.0000000
       1545.8687       1.0003121       1.0036632       0.0000000
       1545.8895       1.0012866       1.0048136       0.0000000
       1545.9104       1.0002215       1.0036067       0.0000000
       1545.9312       1.0007203       1.0036639       0.0000000
       1545.9520       1.0010434       1.0041159       0.0000000
       1545.9729      0.99989533       1.0029495       0.0000000
       1545.9937      0.99950874       1.0017122       0.0000000
       1546.0145      0.99986988       1.0030347       0.0000000
       1546.0354      0.99976635       1.0021392       0.0000000
       1546.0562       1.0012658       1.0031580       0.0000000
       1546.0770      0.99927884       1.0009625       0.0000000
       1546.0979       1.0010290       1.0027350       0.0000000
       1546.1187       1.0007746       1.0011632       0.0000000
       1546.1395      0.99933082      0.99962717       0.0000000
       1546.1604      0.99850428      0.99819207       0.0000000
       1546.1812      0.99931824      0.99987924       0.0000000
       1546.2020      0.99968290      0.99902600       0.0000000
       1546.2229       1.0003494       1.0017257       0.0000000
       1546.2437       1.0004439       1.0007747       0.0000000
       1546.2645      0.99888110      0.99934274       0.0000000
       1546.2854      0.99920791      0.99877322       0.0000000
       1546.3062      0.99967307      0.99902141       0.0000000
       1546.3270      0.99841982      0.99691916       0.0000000
       1546.3479      0.99842119      0.99842209       0.0000000
       1546.3687      0.99989676       1.0004473       0.0000000
       1546.3895      0.84869820      0.84918445       128.00000
       1546.4104       1.0024222       1.0020064       0.0000000
       1546.4312       1.0006590       1.0009823       0.0000000
       1546.4520       1.0012707      0.99904329       0.0000000
       1546.4729       1.0016336       1.0020660       0.0000000
       1546.4937       1.0016565       1.0012771       0.0000000
       1546.5145       1.0011876       1.0026956       0.0000000
       1546.5354       1.0011858       1.0016909       0.0000000
       1546.5562       1.0007899       1.0010738       0.0000000
       1546.5770       1.0016223      0.99985468       0.0000000
       1546.5979       1.0013667      0.99961048       0.0000000
       1546.6187       1.0011729       1.0032829       0.0000000
       1546.6395       1.0014315       1.0001692       0.0000000
       1546.6604       1.0018296       1.0001516       0.0000000
       1546.6812       1.0012580       1.0006193       0.0000000
       1546.7020       1.0013115       1.0004463       0.0000000
       1546.7229       1.0011523      0.99780828       0.0000000
       1546.7437       1.0015290      0.99923944       0.0000000
       1546.7645      0.99955869      0.99994993       0.0000000
       1546.7854       1.0012863      0.99961597       0.0000000
       1546.8062       1.0013807      0.99967062       0.0000000
       1546.8270       1.0010656      0.99832195       0.0000000
       1546.8479       1.0017598      0.99824327       0.0000000
       1546.8687       1.0000000      0.99778700       0.0000000
       1546.8895       1.0010015      0.99945790       0.0000000
       1546.9104       1.0009731      0.99920243       0.0000000
       1546.9312      0.99985868      0.99777144       0.0000000
       1546.9520      0.99874955      0.99863344       0.0000000
       1546.9729       1.0000855      0.99934429       0.0000000
       1546.9937       1.0000014      0.99915755       0.0000000
       1547.0145       1.0001374       1.0005032       0.0000000
       1547.0354       1.0004760       1.0009731       0.0000000
       1547.0562       1.0004586       1.0026927       0.0000000
       1547.0770      0.99970323       1.0017059       0.0000000
       1547.0979      0.99945307       1.0007480       0.0000000
       1547.1187       1.0002548       1.0011524       0.0000000
       1547.1395      0.99973613       1.0020843       0.0000000
       1547.1604      0.99920273       1.0017493       0.0000000
       1547.1812      0.99792999      0.99996966       0.0000000
       1547.2020      0.99852014       1.0009762       0.0000000
       1547.2229      0.99837309      0.99795359       0.0000000
       1547.2437      0.99906790      0.99697667       0.0000000
       1547.2645      0.99870163      0.99848288       0.0000000
       1547.2854      0.99797350      0.99615896       0.0000000
       1547.3062      0.99807429      0.99699622       0.0000000
       1547.3270      0.99810797      0.99598199       0.0000000
       1547.3479      0.99879068      0.99672198       0.0000000
       1547.3687      0.99773347      0.99525332       0.0000000
       1547.3895      0.99876976      0.99653471       0.0000000
       1547.4104      0.99834061      0.99539757       0.0000000
       1547.4312      0.99838030      0.99611425       0.0000000
       1547.4520      0.99821097      0.99582678       0.0000000
       1547.4729       1.0001649      0.99607331       0.0000000
       1547.4937      0.99983805      0.99773997       0.0000000
       1547.5145      0.99973863      0.99703091       0.0000000
       1547.5354       1.0002795      0.99749416       0.0000000
       1547.5562      0.99999279      0.99841249       0.0000000
       1547.5770       1.0007809      0.99850929       0.0000000
       1547.5979       1.0012445      0.99915630       0.0000000
       1547.6187       1.0023149      0.99966139       0.0000000
       1547.6395       1.0032647       1.0012369       0.0000000
       1547.6604       1.0020442       1.0012891       0.0000000
       1547.6812       1.0036728       1.0017512       0.0000000
       1547.7020       1.0038857       1.0036751       0.0000000
       1547.7229       1.0036176       1.0046123       0.0000000
       1547.7437       1.0029311       1.0038086       0.0000000
       1547.7645       1.0022011       1.0029249       0.0000000
       1547.7854       1.0042230       1.0048894       0.0000000
       1547.8062       1.0033859       1.0045736       0.0000000
       1547.8270       1.0040559       1.0051894       0.0000000
       1547.8479       1.0036457       1.0040429       0.0000000
       1547.8687       1.0021672       1.0031408       0.0000000
       1547.8896       1.0009073       1.0024248       0.0000000
       1547.9104       1.0020168       1.0032438       0.0000000
       1547.9312       1.0009025       1.0019476       0.0000000
       1547.9521       1.0017002       1.0005057       0.0000000
       1547.9729       1.0003107      0.99855042       0.0000000
       1547.9937       1.0002005       1.0004396       0.0000000
       1548.0146      0.99965906      0.99928254       0.0000000
       1548.0354      0.99981385      0.99953306       0.0000000
       1548.0562       1.0003337      0.99928576       0.0000000
       1548.0771       1.0001316      0.99974877       0.0000000
       1548.0979      0.99992162       1.0003580       0.0000000
       1548.1187      0.99952549       1.0016248       0.0000000
       1548.1396      0.99890959       1.0007112       0.0000000
       1548.1604      0.99919790       1.0002894       0.0000000
       1548.1812      0.99894702       1.0006065       0.0000000
       1548.2021      0.99991095       1.0010900       0.0000000
       1548.2229      0.99939883       1.0004386       0.0000000
       1548.2437      0.99944800       1.0017978       0.0000000
       1548.2646      0.99881786       1.0001209       0.0000000
       1548.2854       1.0002987       1.0016026       0.0000000
       1548.3062       1.0001698       1.0009594       0.0000000
       1548.3271      0.99918807       1.0004674       0.0000000
       1548.3479      0.99942666       1.0013458       0.0000000
       1548.3687      0.99932230       1.0005896       0.0000000
       1548.3896       1.0001937       1.0014066       0.0000000
       1548.4104       1.0000167       1.0018085       0.0000000
       1548.4312      0.99998015       1.0018847       0.0000000
       1548.4521       1.0000265       1.0005772       0.0000000
       1548.4729       1.0003020       1.0018260       0.0000000
       1548.4937       1.0006331       1.0016567       0.0000000
       1548.5146       1.0002408       1.0018245       0.0000000
       1548.5354      0.99972135       1.0011945       0.0000000
       1548.5562      0.99979877       1.0016428       0.0000000
       1548.5771      0.99967355       1.0014912       0.0000000
       1548.5979      0.99970329       1.0009787       0.0000000
       1548.6187       1.0000248       1.0017941       0.0000000
       1548.6396      0.99967724       1.0018096       0.0000000
       1548.6604       1.0003982       1.0017943       0.0000000
       1548.6812      0.99996006       1.0009662       0.0000000
       1548.7021      0.99976742      0.99993634       0.0000000
       1548.7229      0.99985808       1.0005946       0.0000000
       1548.7437      0.99999166       1.0006144       0.0000000
       1548.7646      0.99962270       1.0007732       0.0000000
       1548.7854       1.0000696       1.0009084       0.0000000
       1548.8062       1.0001338       1.0009209       0.0000000
       1548.8271       1.0000887       1.0013021       0.0000000
       1548.8479       1.0007725       1.0021108       0.0000000
       1548.8687       1.0001490       1.0016565       0.0000000
       1548.8896       1.0009661       1.0024010       0.0000000
       1548.9104      0.99931461       1.0015613       0.0000000
       1548.9312       1.0007902       1.0023561       0.0000000
       1548.9521       1.0004389       1.0019336       0.0000000
       1548.9729       1.0003105       1.0020993       0.0000000
       1548.9937       1.0010288       1.0028683       0.0000000
       1549.0146       1.0007848       1.0029637       0.0000000
       1549.0354       1.0004296       1.0012847       0.0000000
       1549.0562       1.0001346       1.0013462       0.0000000
       1549.0771       1.0005163       1.0021349       0.0000000
       1549.0979       1.0012573       1.0037409       0.0000000
       1549.1187       1.0003750       1.0027788       0.0000000
       1549.1396      0.99982142       1.0023198       0.0000000
       1549.1604      0.99999326       1.0012064       0.0000000
       1549.1812       1.0006129       1.0006093       0.0000000
       1549.2021      0.99972951      0.99887580       0.0000000
       1549.2229      0.99981183      0.99956542       0.0000000
       1549.2437       1.0002594       1.0010368       0.0000000
       1549.2646      0.99976224      0.99823409       0.0000000
       1549.2854      0.99857867      0.99949944       0.0000000
       1549.3062      0.99824905      0.99700069       0.0000000
       1549.3271      0.99972105       1.0005517       0.0000000
       1549.3479      0.99996251      0.99963796       0.0000000
       1549.3687      0.99882889      0.99843836       0.0000000
       1549.3896      0.99956703      0.99929124       0.0000000
       1549.4104      0.99948442       1.0005851       0.0000000
       1549.4312       1.0004681       1.0005740       0.0000000
       1549.4521       1.0011646       1.0021108       0.0000000
       1549.4729       1.0004144       1.0016993       0.0000000
       1549.4937       1.0002242       1.0002958       0.0000000
       1549.5146      0.85041124      0.84793466       128.00000
       1549.5354       1.0010695      0.99819005       0.0000000
       1549.5562       1.0008614      0.99812299       0.0000000
       1549.5771       1.0009768      0.99876714       0.0000000
       1549.5979       1.0016145       1.0002313       0.0000000
       1549.6187       1.0030748      0.99954075       0.0000000
       1549.6396       1.0016500      0.99937427       0.0000000
       1549.6604       1.0024971      0.99885511       0.0000000
       1549.6812       1.0023093      0.99732721       0.0000000
       1549.7021       1.0017067      0.99687976       0.0000000
       1549.7229       1.0005683      0.99764425       0.0000000
       1549.7437       1.0013002      0.99687868       0.0000000
       1549.7646       1.0004762      0.99678630       0.0000000
       1549.7854       1.0014257      0.99561220       0.0000000
       1549.8062       1.0002367      0.99676192       0.0000000
       1549.8271       1.0007205      0.99666584       0.0000000
       1549.8479       1.0013696      0.99538010       0.0000000
       1549.8687       1.0018417      0.99522853       0.0000000
       1549.8896      0.99956149      0.99704856       0.0000000
       1549.9104       1.0000029      0.99528182       0.0000000
       1549.9312       1.0003427      0.99448568       0.0000000
       1549.9521       1.0001668      0.99676669       0.0000000
       1549.9729       1.0006623      0.99656761       0.0000000
       1549.9937      0.99944210      0.99630076       0.0000000
       1550.0146      0.99958789      0.99534684       0.0000000
       1550.0354      0.99955112      0.99434471       0.0000000
       1550.0562      0.99980831      0.99454272       0.0000000
       1550.0771       1.0004555      0.99485385       0.0000000
       1550.0979      0.99914986      0.99487966       0.0000000
       1550.1187      0.99993062      0.99555796       0.0000000
       1550.1396      0.99855042      0.99703574       0.0000000
       1550.1604      0.99957097      0.99802256       0.0000000
       1550.1812      0.99930185      0.99674010       0.0000000
       1550.2021      0.99901521      0.99619997       0.0000000
       1550.2229      0.99915141      0.99775219       0.0000000
       1550.2437      0.99905890      0.99668700       0.0000000
       1550.2646      0.99903500      0.99626631       0.0000000
       1550.2854      0.99863183      0.99703497       0.0000000
       1550.3062      0.99844617      0.99742997       0.0000000
       1550.3271      0.99813825      0.99544603       0.0000000
       1550.3479      0.99865860      0.99584854       0.0000000
       1550.3687      0.99982518      0.99709892       0.0000000
       1550.3896       1.0004823      0.99873030       0.0000000
       1550.4104      0.99965841      0.99590510       0.0000000
       1550.4312      0.99962723      0.99778277       0.0000000
       1550.4521       1.0001814      0.99562252       0.0000000
       1550.4729       1.0001448      0.99714893       0.0000000
       1550.4937       1.0017939      0.99769342       0.0000000
       1550.5146       1.0017489      0.99834353       0.0000000
       1550.5354       1.0019530      0.99815995       0.0000000
       1550.5562       1.0014908      0.99909329       0.0000000
       1550.5771       1.0036790       1.0013537       0.0000000
       1550.5979       1.0037730       1.0020964       0.0000000
       1550.6187       1.0034883       1.0027158       0.0000000
       1550.6396       1.0032982       1.0028569       0.0000000
       1550.6604       1.0033817       1.0025243       0.0000000
       1550.6812       1.0026678       1.0012375       0.0000000
       1550.7021       1.0020559       1.0002840       0.0000000
       1550.7229       1.0028025       1.0023178       0.0000000
       1550.7437       1.0018206       1.0000671       0.0000000
       1550.7646       1.0032839       1.0019360       0.0000000
       1550.7854       1.0029019       1.0013484       0.0000000
       1550.8062       1.0019938       1.0003321       0.0000000
       1550.8271       1.0022389       1.0014517       0.0000000
       1550.8479       1.0008626       1.0011092       0.0000000
       1550.8687       1.0001591       1.0006335       0.0000000
       1550.8896       1.0003893      0.99992907       0.0000000
       1550.9104       1.0001101      0.99979150       0.0000000
       1550.9312       1.0001106      0.99933797       0.0000000
       1550.9521      0.99938005      0.99889660       0.0000000
       1550.9729      0.99993813      0.99939573       0.0000000
       1550.9937      0.99891734      0.99961734       0.0000000
       1551.0146       1.0001467       1.0008128       0.0000000
       1551.0354       1.0003754       1.0008271       0.0000000
       1551.0562      0.99991459      0.99986452       0.0000000
       1551.0771       1.0001385       1.0000528       0.0000000
       1551.0979      0.99959058      0.99818575       0.0000000
       1551.1187       1.0000602      0.99848711       0.0000000
       1551.1396       1.0000477      0.99819094       0.0000000
       1551.1604      0.99957895      0.99736273       0.0000000
       1551.1812       1.0000328      0.99869829       0.0000000
       1551.2021       1.0010887       1.0004338       0.0000000
       1551.2229       1.0005749       1.0001712       0.0000000
       1551.2437       1.0002884      0.99946886       0.0000000
       1551.2646       1.0002879       1.0000000       0.0000000
       1551.2854       1.0006138       1.0002525       0.0000000
       1551.3062      0.99959797      0.99904650       0.0000000
       1551.3271      0.99975175      0.99939042       0.0000000
       1551.3479       1.0004259      0.99933517       0.0000000
       1551.3687      0.99970496      0.99934620       0.0000000
       1551.3896       1.0007641       1.0000235       0.0000000
       1551.4104       1.0003769       1.0003773       0.0000000
       1551.4313      0.99923873      0.99960613       0.0000000
       1551.4521       1.0002053       1.0005021       0.0000000
       1551.4729       1.0006218       1.0008205       0.0000000
       1551.4938       1.0006709       1.0009434       0.0000000
       1551.5146      0.99992782       1.0001854       0.0000000
       1551.5354      0.99970388       1.0000184       0.0000000
       1551.5563      0.99966830       1.0005517       0.0000000
       1551.5771       1.0001839       1.0003072       0.0000000
       1551.5979       1.0002841       1.0003816       0.0000000
       1551.6188       1.0003637       1.0001585       0.0000000
       1551.6396      0.99910450       1.0001304       0.0000000
       1551.6604      0.99992448      0.99991572       0.0000000
       1551.6813       1.0004174       1.0002761       0.0000000
       1551.7021       1.0003151       1.0001649       0.0000000
       1551.7229      0.99937057      0.99874711       0.0000000
       1551.7438      0.99942362      0.99927837       0.0000000
       1551.7646       1.0000465      0.99882537       0.0000000
       1551.7854       1.0009431       1.0007619       0.0000000
       1551.8063       1.0003889       1.0007370       0.0000000
       1551.8271       1.0002401       1.0005782       0.0000000
       1551.8479      0.99953991      0.99987471       0.0000000
       1551.8688       1.0007617       1.0003793       0.0000000
       1551.8896       1.0000229       1.0003752       0.0000000
       1551.9104       1.0005058       1.0010263       0.0000000
       1551.9313      0.99998051       1.0001884       0.0000000
       1551.9521      0.99939328       1.0001577       0.0000000
       1551.9729       1.0000633      0.99951863       0.0000000
       1551.9938      0.99983144       1.0001298       0.0000000
       1552.0146      0.99976575       1.0001941       0.0000000
       1552.0354      0.99975294      0.99985552       0.0000000
       1552.0563      0.99965388      0.99993849       0.0000000
       1552.0771      0.99994528      0.99973667       0.0000000
       1552.0979      0.99933583       1.0000048       0.0000000
       1552.1188      0.99914503       1.0002643       0.0000000
       1552.1396       1.0000622       1.0006827       0.0000000
       1552.1604       1.0005742       1.0013275       0.0000000
       1552.1813       1.0002874       1.0014213       0.0000000
       1552.2021      0.99950498      0.99856919       0.0000000
       1552.2229       1.0001107       1.0003793       0.0000000
       1552.2438      0.99954778      0.99948907       0.0000000
       1552.2646      0.99948877      0.99980330       0.0000000
       1552.2854       1.0001807       1.0000757       0.0000000
       1552.3063      0.99953002      0.99985677       0.0000000
       1552.3271       1.0002415       1.0008404       0.0000000
       1552.3479      0.99948597       1.0001314       0.0000000
       1552.3688       1.0003592       1.0002148       0.0000000
       1552.3896      0.99991846       1.0003918       0.0000000
       1552.4104       1.0001286      0.99974632       0.0000000
       1552.4313       1.0001920      0.99938852       0.0000000
       1552.4521      0.99914795      0.99882394       0.0000000
       1552.4729      0.99990350      0.99965721       0.0000000
       1552.4938      0.99921733      0.99893153       0.0000000
       1552.5146      0.99936545      0.99939734       0.0000000
       1552.5354      0.99983037      0.99864119       0.0000000
       1552.5563      0.99968386      0.99949151       0.0000000
       1552.5771       1.0001514       1.0004169       0.0000000
       1552.5979      0.99937207      0.99812591       0.0000000
       1552.6188      0.99947590      0.99781489       0.0000000
       1552.6396      0.85486096      0.85379142       128.00000
       1552.6604      0.99988294      0.99710149       0.0000000
       1552.6813      0.99972671      0.99728632       0.0000000
       1552.7021      0.99958444      0.99547511       0.0000000
       1552.7229       1.0002958      0.99413890       0.0000000
       1552.7438       1.0001384      0.99458903       0.0000000
       1552.7646      0.99905229      0.99453169       0.0000000
       1552.7854       1.0008236      0.99640030       0.0000000
       1552.8063      0.99935973      0.99616247       0.0000000
       1552.8271      0.99887872      0.99542320       0.0000000
       1552.8479      0.99922854      0.99556810       0.0000000
       1552.8688      0.99858910      0.99560082       0.0000000
       1552.8896      0.99975783      0.99246889       0.0000000
       1552.9104      0.99966675      0.99614859       0.0000000
       1552.9313      0.99794805      0.99372190       0.0000000
       1552.9521      0.99979150      0.99539357       0.0000000
       1552.9729       1.0003673      0.99302018       0.0000000
       1552.9938      0.99939942      0.99385542       0.0000000
       1553.0146      0.99976599      0.99504328       0.0000000
       1553.0354      0.99972373      0.99521941       0.0000000
       1553.0563      0.99954557      0.99529839       0.0000000
       1553.0771      0.99765980      0.99217337       0.0000000
       1553.0979      0.99829292      0.99375659       0.0000000
       1553.1188      0.99879783      0.99107009       0.0000000
       1553.1396      0.99826336      0.99294293       0.0000000
       1553.1604      0.99912834      0.99250358       0.0000000
       1553.1813      0.99972689      0.99319339       0.0000000
       1553.2021      0.99908358      0.99453336       0.0000000
       1553.2229      0.99788797      0.99442917       0.0000000
       1553.2438      0.99907511      0.99459338       0.0000000
       1553.2646      0.99823552      0.99388599       0.0000000
       1553.2854      0.99811041      0.99356884       0.0000000
       1553.3063       1.0001022      0.99588341       0.0000000
       1553.3271      0.99913424      0.99596292       0.0000000
       1553.3479      0.99889386      0.99613875       0.0000000
       1553.3688       1.0000240      0.99685729       0.0000000
       1553.3896       1.0008019      0.99747241       0.0000000
       1553.4104       1.0008087      0.99942577       0.0000000
       1553.4313       1.0014877      0.99837476       0.0000000
       1553.4521       1.0016820      0.99962634       0.0000000
       1553.4729       1.0015160      0.99949509       0.0000000
       1553.4938       1.0010632      0.99979520       0.0000000
       1553.5146       1.0026532       1.0019943       0.0000000
       1553.5354       1.0021894       1.0016422       0.0000000
       1553.5563       1.0023497       1.0013528       0.0000000
       1553.5771       1.0027299       1.0013773       0.0000000
       1553.5979       1.0025291       1.0020108       0.0000000
       1553.6188       1.0029439       1.0012335       0.0000000
       1553.6396       1.0019708       1.0018517       0.0000000
       1553.6604       1.0023792       1.0006777       0.0000000
       1553.6813       1.0018148       1.0010636       0.0000000
       1553.7021       1.0011032       1.0011175       0.0000000
       1553.7229       1.0012530       1.0004852       0.0000000
       1553.7438       1.0008711      0.99983013       0.0000000
       1553.7646       1.0010282       1.0000039       0.0000000
       1553.7854       1.0005884       1.0002440       0.0000000
       1553.8063       1.0000820       1.0005587       0.0000000
       1553.8271       1.0004535       1.0000389       0.0000000
       1553.8479      0.99939096      0.99850696       0.0000000
       1553.8688      0.99903643      0.99858838       0.0000000
       1553.8896      0.99881947      0.99838811       0.0000000
       1553.9104      0.99882793      0.99769348       0.0000000
       1553.9313      0.99999183      0.99991262       0.0000000
       1553.9521      0.99860120      0.99746400       0.0000000
       1553.9729      0.99971157      0.99845129       0.0000000
       1553.9938       1.0003351      0.99889320       0.0000000
       1554.0146      0.99912578      0.99797326       0.0000000
       1554.0354      0.99896657      0.99904191       0.0000000
       1554.0563      0.99928844      0.99874079       0.0000000
       1554.0771      0.99872327      0.99794483       0.0000000
       1554.0979      0.99910074      0.99761242       0.0000000
       1554.1188      0.99879676      0.99797392       0.0000000
       1554.1396      0.99939233      0.99934024       0.0000000
       1554.1604      0.99932653      0.99928886       0.0000000
       1554.1813      0.99965715      0.99856138       0.0000000
       1554.2021      0.99970549      0.99957889       0.0000000
       1554.2229       1.0004348      0.99940187       0.0000000
       1554.2438       1.0004841      0.99931788       0.0000000
       1554.2646      0.99916130      0.99696565       0.0000000
       1554.2854       1.0000039      0.99914646       0.0000000
       1554.3063      0.99945182      0.99970889       0.0000000
       1554.3271      0.99928552      0.99852139       0.0000000
       1554.3479      0.99953663      0.99870718       0.0000000
       1554.3688       1.0006917      0.99900961       0.0000000
       1554.3896       1.0005745      0.99908423       0.0000000
       1554.4104       1.0006471      0.99967337       0.0000000
       1554.4313       1.0003511      0.99862617       0.0000000
       1554.4521       1.0005085      0.99905211       0.0000000
       1554.4729       1.0002618      0.99882203       0.0000000
       1554.4938      0.99939644      0.99975759       0.0000000
       1554.5146       1.0003814      0.99972177       0.0000000
       1554.5354       1.0006021      0.99925315       0.0000000
       1554.5563       1.0008206      0.99992490       0.0000000
       1554.5771       1.0004325      0.99989700       0.0000000
       1554.5979       1.0012919       1.0005215       0.0000000
       1554.6188       1.0006397       1.0001947       0.0000000
       1554.6396       1.0005213       1.0006746       0.0000000
       1554.6604       1.0002016      0.99953508       0.0000000
       1554.6813      0.99917299      0.99863327       0.0000000
       1554.7021       1.0006304       1.0015669       0.0000000
       1554.7229      0.99994558      0.99958080       0.0000000
       1554.7438       1.0002003       1.0000497       0.0000000
       1554.7646       1.0004402       1.0007493       0.0000000
       1554.7854       1.0012643       1.0010976       0.0000000
       1554.8063       1.0010401       1.0015397       0.0000000
       1554.8271       1.0004624       1.0000919       0.0000000
       1554.8479       1.0007131       1.0008901       0.0000000
       1554.8688      0.99972838       1.0001750       0.0000000
       1554.8896       1.0010272       1.0013882       0.0000000
       1554.9104       1.0005752       1.0008057       0.0000000
       1554.9313       1.0001404       1.0006065       0.0000000
       1554.9521       1.0004886       1.0014126       0.0000000
       1554.9729       1.0005246       1.0002069       0.0000000
       1554.9938       1.0006214       1.0017183       0.0000000
       1555.0146       1.0000281       1.0005461       0.0000000
       1555.0354       1.0003018       1.0007763       0.0000000
       1555.0563       1.0006775       1.0008806       0.0000000
       1555.0771       1.0001242       1.0007097       0.0000000
       1555.0979      0.99973488       1.0005872       0.0000000
       1555.1188       1.0009705       1.0006068       0.0000000
       1555.1396       1.0005120       1.0010804       0.0000000
       1555.1604       1.0011492       1.0011941       0.0000000
       1555.1813       1.0006793       1.0011064       0.0000000
       1555.2021       1.0007240       1.0013336       0.0000000
       1555.2229       1.0003729       1.0000308       0.0000000
       1555.2438       1.0012939       1.0019225       0.0000000
       1555.2646      0.99997449       1.0000987       0.0000000
       1555.2854       1.0005882       1.0002617       0.0000000
       1555.3063       1.0020454       1.0015503       0.0000000
       1555.3271       1.0005447       1.0004133       0.0000000
       1555.3479       1.0012558       1.0010774       0.0000000
       1555.3688       1.0008768       1.0007004       0.0000000
       1555.3896       1.0009460      0.99987453       0.0000000
       1555.4104       1.0014392       1.0001556       0.0000000
       1555.4313       1.0003045      0.99933100       0.0000000
       1555.4521       1.0008277       1.0006295       0.0000000
       1555.4729       1.0007921       1.0004205       0.0000000
       1555.4938       1.0003519       1.0005575       0.0000000
       1555.5146       1.0007055       1.0013222       0.0000000
       1555.5354       1.0010010       1.0010530       0.0000000
       1556.7438      0.54886007      0.92887592       128.00000
       1556.7646      0.63544285      0.86030942       128.00000
       1556.7854      0.74022716      0.91105694       128.00000
       1556.8063      0.77811724      0.92350268       128.00000
       1556.8271      0.80030769      0.93273717       128.00000
       1556.8479      0.81274116      0.93483227       128.00000
       1556.8688      0.82235092      0.93544942       128.00000
       1556.8896      0.82896417      0.93362266       128.00000
       1556.9104      0.83864880      0.93586063       128.00000
       1556.9313      0.85388905      0.94477969       128.00000
       1556.9521      0.86575079      0.95062590       128.00000
       1556.9729      0.88080776      0.96048373       128.00000
       1556.9938      0.88785553      0.96235800       0.0000000
       1557.0146      0.88942236      0.95863044       0.0000000
       1557.0354      0.89596349      0.96067989       0.0000000
       1557.0563      0.90196764      0.96249086       0.0000000
       1557.0771      0.91045958      0.96726364       0.0000000
       1557.0979      0.91607147      0.96918505       0.0000000
       1557.1188      0.92220747      0.97211289       0.0000000
       1557.1396      0.92841262      0.97514838       0.0000000
       1557.1604      0.93305534      0.97737527       0.0000000
       1557.1813      0.93769723      0.97944182       0.0000000
       1557.2021      0.94337147      0.98338246       0.0000000
       1557.2229      0.94642711      0.98467457       0.0000000
       1557.2438      0.95243037      0.98910022       0.0000000
       1557.2646      0.95485801      0.99002510       0.0000000
       1557.2854      0.95929307      0.99303603       0.0000000
       1557.3063      0.96289319      0.99498361       0.0000000
       1557.3271      0.96422148      0.99499446       0.0000000
       1557.3479      0.96839309      0.99773699       0.0000000
       1557.3688      0.96903944      0.99695015       0.0000000
       1557.3896      0.97312176      0.99968469       0.0000000
       1557.4104      0.97429132      0.99959093       0.0000000
       1557.4313      0.97518855      0.99939048       0.0000000
       1557.4521      0.97639042      0.99921459       0.0000000
       1557.4729      0.97766834       1.0000725       0.0000000
       1557.4938      0.97890842       1.0004752       0.0000000
       1557.5146      0.97924650      0.99997151       0.0000000
       1557.5354      0.98518461       1.0018343       0.0000000
       1557.5563      0.99005002       1.0021715       0.0000000
       1557.5771      0.98985183       1.0014430       0.0000000
       1557.5979      0.98975581       1.0006098       0.0000000
       1557.6188      0.99064612       1.0021621       0.0000000
       1557.6396      0.99145126       1.0007479       0.0000000
       1557.6604      0.99061179       1.0009327       128.00000
       1557.6813      0.99128294      0.99989223       0.0000000
       1557.7021      0.99129564       1.0005873       0.0000000
       1557.7229      0.99298549       1.0018547       0.0000000
       1557.7438      0.99366492       1.0032990       0.0000000
       1557.7646      0.99412334       1.0011226       0.0000000
       1557.7854      0.99511844       1.0039381       0.0000000
       1557.8063      0.99537009       1.0035956       0.0000000
       1557.8271      0.99731714       1.0046480       0.0000000
       1557.8479      0.99798268       1.0058041       0.0000000
       1557.8688      0.99778324       1.0054985       0.0000000
       1557.8896      0.99902892       1.0054026       0.0000000
       1557.9104      0.99898720       1.0051326       0.0000000
       1557.9313      0.99961460       1.0066230       0.0000000
       1557.9521      0.99994004       1.0053556       0.0000000
       1557.9729      0.99969012       1.0062689       0.0000000
       1557.9938      0.99953556       1.0055826       0.0000000
       1558.0146      0.99940461       1.0054523       0.0000000
       1558.0354      0.99937600       1.0062854       0.0000000
       1558.0563      0.99919498       1.0057054       0.0000000
       1558.0771       1.0004948       1.0071700       0.0000000
       1558.0979       1.0012112       1.0065140       0.0000000
       1558.1188       1.0007296       1.0071297       0.0000000
       1558.1396       1.0009670       1.0068297       0.0000000
       1558.1604      0.99993253       1.0067061       0.0000000
       1558.1813       1.0007050       1.0063564       0.0000000
       1558.2021       1.0008528       1.0071907       0.0000000
       1558.2229      0.99983776       1.0059763       0.0000000
       1558.2438       1.0013303       1.0074713       0.0000000
       1558.2646       1.0005541       1.0059550       128.00000
       1558.2854       1.0004803       1.0064358       0.0000000
       1558.3063       1.0012438       1.0067202       128.00000
       1558.3271       1.0003943       1.0056677       0.0000000
       1558.3479       1.0005432       1.0072205       0.0000000
       1558.3688       1.0005283       1.0067686       0.0000000
       1558.3896       1.0007201       1.0070335       0.0000000
       1558.4104       1.0005873       1.0065979       0.0000000
       1558.4313       1.0016453       1.0073482       0.0000000
       1558.4521       1.0014336       1.0067108       0.0000000
       1558.4729       1.0013164       1.0075647       0.0000000
       1558.4938       1.0012307       1.0070952       0.0000000
       1558.5146       1.0004872       1.0064784       0.0000000
       1558.5354       1.0016065       1.0075500       0.0000000
       1558.5563       1.0011410       1.0066917       128.00000
       1558.5771       1.0015708       1.0074865       128.00000
       1558.5979       1.0009902       1.0066886       128.00000
       1558.6188       1.0007495       1.0075116       128.00000
       1558.6396      0.99970192       1.0052547       128.00000
       1558.6604      0.99961770       1.0045794       128.00000
       1558.6813       1.0007069       1.0056785       128.00000
       1558.7021       1.0003632       1.0058944       128.00000
       1558.7229       1.0005891       1.0057567       128.00000
       1558.7438       1.0002874       1.0054446       128.00000
       1558.7646       1.0001165       1.0058076       128.00000
       1558.7854      0.99949390       1.0051125       128.00000
       1558.8063       1.0004107       1.0056406       128.00000
       1558.8271      0.99924374       1.0035744       128.00000
       1558.8479       1.0000283       1.0046699       128.00000
       1558.8688      0.99898571       1.0029279       128.00000
       1558.8896       1.0000440       1.0045551       128.00000
       1558.9104       1.0001904       1.0050727       128.00000
       1558.9313       1.0000346       1.0045038       128.00000
       1558.9521      0.99959147       1.0037762       128.00000
       1558.9729      0.99892318       1.0035597       128.00000
       1558.9938      0.99921751       1.0038022       128.00000
       1559.0146      0.99895918       1.0035328       128.00000
       1559.0354      0.99847901       1.0034180       128.00000
       1559.0563      0.99827898       1.0023994       128.00000
       1559.0771      0.99942559       1.0027715       128.00000
       1559.0979      0.99905145       1.0030385       0.0000000
       1559.1188      0.99915063       1.0037363       0.0000000
       1559.1396      0.99910605       1.0024835       0.0000000
       1559.1604      0.99898666       1.0031407       0.0000000
       1559.1813      0.99898428       1.0022343       0.0000000
       1559.2021      0.99952865       1.0036368       0.0000000
       1559.2229      0.99712998       1.0009500       0.0000000
       1559.2438      0.99774665       1.0014733       0.0000000
       1559.2646      0.99906921       1.0025916       0.0000000
       1559.2854      0.99873352       1.0022132       0.0000000
       1559.3063      0.99941719       1.0021167       0.0000000
       1559.3271       1.0000448       1.0020167       0.0000000
       1559.3479       1.0000681       1.0020840       0.0000000
       1559.3688       1.0011165       1.0033516       0.0000000
       1559.3896       1.0019437       1.0042804       0.0000000
       1559.4104       1.0011524       1.0027932       0.0000000
       1559.4313       1.0007304       1.0023946       0.0000000
       1559.4521       1.0017691       1.0027801       0.0000000
       1559.4729       1.0015033       1.0026678       0.0000000
       1559.4938       1.0013273       1.0019242       0.0000000
       1559.5146       1.0013065       1.0022063       0.0000000
       1559.5354       1.0015454       1.0021210       0.0000000
       1559.5563       1.0011135       1.0025231       0.0000000
       1559.5771       1.0003047       1.0006870       0.0000000
       1559.5979       1.0002289       1.0002085       0.0000000
       1559.6188      0.99907786      0.99981523       0.0000000
       1559.6396      0.99906278      0.99958545       0.0000000
       1559.6604      0.99910069      0.99847239       0.0000000
       1559.6813      0.99853933      0.99889123       0.0000000
       1559.7021      0.99914402      0.99846035       0.0000000
       1559.7229      0.99855536      0.99774617       0.0000000
       1559.7438      0.99939972      0.99801272       0.0000000
       1559.7646      0.99876970      0.99762720       0.0000000
       1559.7854      0.99789184      0.99695408       0.0000000
       1559.8063      0.99788451      0.99701464       0.0000000
       1559.8271      0.99730700      0.99525976       0.0000000
       1559.8479      0.99796140      0.99691075       0.0000000
       1559.8688      0.99820948      0.99693573       0.0000000
       1559.8896      0.99898160      0.99726707       0.0000000
       1559.9104      0.86714083      0.86748242       128.00000
       1559.9313      0.99978089      0.99970019       0.0000000
       1559.9521      0.99909627      0.99701542       128.00000
       1559.9729      0.99898523      0.99660701       128.00000
       1559.9938      0.99891078      0.99760163       0.0000000
       1560.0146      0.99897814      0.99608052       0.0000000
       1560.0354      0.99956119      0.99720895       0.0000000
       1560.0563      0.99960887      0.99685925       0.0000000
       1560.0771      0.99905211      0.99762112       0.0000000
       1560.0979      0.99896580      0.99648798       0.0000000
       1560.1188      0.99937898      0.99567986       0.0000000
       1560.1396       1.0006747      0.99716783       0.0000000
       1560.1604      0.99996364      0.99497283       0.0000000
       1560.1813      0.99986130      0.99742073       0.0000000
       1560.2021      0.99964511      0.99542367       0.0000000
       1560.2229       1.0007268      0.99734116       0.0000000
       1560.2438      0.99971831      0.99362046       0.0000000
       1560.2646      0.99982882      0.99385315       0.0000000
       1560.2854       1.0008460      0.99454933       0.0000000
       1560.3063      0.99994141      0.99411440       0.0000000
       1560.3271      0.99994260      0.99539292       0.0000000
       1560.3479       1.0000122      0.99563158       0.0000000
       1560.3688       1.0009316      0.99455059       0.0000000
       1560.3896      0.99968410      0.99449086       0.0000000
       1560.4104       1.0000395      0.99539280       0.0000000
       1560.4313       1.0003605      0.99670458       0.0000000
       1560.4521      0.99965680      0.99578732       0.0000000
       1560.4729      0.99928671      0.99568409       0.0000000
       1560.4938       1.0003246      0.99703878       0.0000000
       1560.5146       1.0002959      0.99835628       0.0000000
       1560.5354       1.0003177      0.99870217       0.0000000
       1560.5563       1.0000402      0.99820364       0.0000000
       1560.5771       1.0010448      0.99965906       0.0000000
       1560.5979      0.99955034      0.99646544       0.0000000
       1560.6188       1.0005871       1.0000823       0.0000000
       1560.6396       1.0002562      0.99738652       0.0000000
       1560.6604       1.0004756      0.99872702       0.0000000
       1560.6813       1.0002717      0.99907321       0.0000000
       1560.7021       1.0011885      0.99982709       0.0000000
       1560.7229       1.0014472       1.0001563       0.0000000
       1560.7438       1.0010118      0.99904275       0.0000000
       1560.7646       1.0006918       1.0000602       0.0000000
       1560.7854       1.0009081      0.99885446       0.0000000
       1560.8063      0.99980056      0.99923205       0.0000000
       1560.8271       1.0007688       1.0005645       0.0000000
       1560.8479      0.99986559      0.99943936       0.0000000
       1560.8688       1.0008761       1.0003049       0.0000000
       1560.8896       1.0012815       1.0005150       0.0000000
       1560.9104       1.0017192       1.0010239       0.0000000
       1560.9313       1.0015429      0.99992239       0.0000000
       1560.9521       1.0006199       1.0003213       0.0000000
       1560.9729       1.0012591       1.0009165       0.0000000
       1560.9938       1.0002687      0.99882519       0.0000000
       1561.0146       1.0002671      0.99966168       0.0000000
       1561.0354       1.0011766      0.99986589       0.0000000
       1561.0563      0.99982125      0.99921364       0.0000000
       1561.0771       1.0009773      0.99923670       0.0000000
       1561.0979       1.0020251       1.0018886       0.0000000
       1561.1188       1.0009812       1.0011913       0.0000000
       1561.1396       1.0013652       1.0015090       0.0000000
       1561.1604       1.0010083       1.0012553       0.0000000
       1561.1813       1.0010228       1.0016838       0.0000000
       1561.2021       1.0005819       1.0006976       0.0000000
       1561.2229       1.0002583       1.0010946       0.0000000
       1561.2438       1.0004205       1.0003995       0.0000000
       1561.2646       1.0009451       1.0010836       0.0000000
       1561.2854       1.0013602       1.0012528       0.0000000
       1561.3063       1.0013590       1.0016228       0.0000000
       1561.3271       1.0011052       1.0004555       0.0000000
       1561.3479       1.0008004       1.0010328       0.0000000
       1561.3688       1.0004706      0.99990028       0.0000000
       1561.3896       1.0001005       1.0008203       0.0000000
       1561.4104      0.99918395       1.0002897       128.00000
       1561.4313       1.0005227       1.0004457       0.0000000
       1561.4521       1.0005649       1.0009251       0.0000000
       1561.4729       1.0005802       1.0011233       0.0000000
       1561.4938      0.99988294       1.0011126       0.0000000
       1561.5146       1.0000000       1.0013449       0.0000000
       1561.5354       1.0005659       1.0003066       0.0000000
       1561.5563       1.0001360       1.0004131       0.0000000
       1561.5771      0.99953640      0.99962240       0.0000000
       1561.5979      0.99990618       1.0003647       128.00000
       1561.6188      0.99921936      0.99953657       0.0000000
       1561.6396      0.99983460       1.0004752       0.0000000
       1561.6604      0.99899781      0.99911541       0.0000000
       1561.6813       1.0000155       1.0011429       0.0000000
       1561.7021       1.0001113       1.0012370       0.0000000
       1561.7229      0.99905616       1.0004025       0.0000000
       1561.7438      0.99868834      0.99841237       0.0000000
       1561.7646      0.99953443       1.0008342       0.0000000
       1561.7854      0.99936658      0.99986917       0.0000000
       1561.8063      0.99882263       1.0000597       0.0000000
       1561.8271      0.99862152      0.99952447       0.0000000
       1561.8479      0.99912935       1.0002217       0.0000000
       1561.8688      0.99912673       1.0000149       0.0000000
       1561.8896      0.99957746       1.0001827       0.0000000
       1561.9104      0.99760199      0.99815118       0.0000000
       1561.9313      0.99789280      0.99962348       0.0000000
       1561.9521      0.99836683      0.99880397       0.0000000
       1561.9729      0.99753475      0.99869758       0.0000000
       1561.9938      0.99832165      0.99853653       0.0000000
       1562.0146      0.99877918      0.99982446       0.0000000
       1562.0354      0.99855590      0.99852771       0.0000000
       1562.0563      0.99837279      0.99965882       0.0000000
       1562.0771      0.99936730      0.99907517       0.0000000
       1562.0979      0.99884760      0.99935049       0.0000000
       1562.1188      0.99848491      0.99908191       0.0000000
       1562.1396      0.99868715      0.99969769       0.0000000
       1562.1604      0.99929434      0.99944752       0.0000000
       1562.1813      0.99957353      0.99979079       0.0000000
       1562.2021      0.99945009      0.99893796       0.0000000
       1562.2229       1.0011523       1.0010499       0.0000000
       1562.2438       1.0013157       1.0004361       0.0000000
       1562.2646       1.0008471      0.99965417       0.0000000
       1562.2854       1.0023290       1.0009755       0.0000000
       1562.3063       1.0024743       1.0020874       0.0000000
       1562.3271       1.0027554       1.0006683       0.0000000
       1562.3479       1.0028741       1.0018537       0.0000000
       1562.3688       1.0027641       1.0008626       0.0000000
       1562.3896       1.0027478       1.0014098       0.0000000
       1562.4104       1.0020560       1.0014441       0.0000000
       1562.4313       1.0016704       1.0010103       0.0000000
       1562.4521       1.0033225       1.0017265       0.0000000
       1562.4729       1.0023513       1.0006973       0.0000000
       1562.4938       1.0010538       1.0009145       0.0000000
       1562.5146       1.0009669      0.99951661       0.0000000
       1562.5354       1.0011809      0.99985462       0.0000000
       1562.5563       1.0017692      0.99996459       0.0000000
       1562.5771       1.0005323      0.99937987       0.0000000
       1562.5979       1.0000510      0.99966198       0.0000000
       1562.6188       1.0001582      0.99870914       0.0000000
       1562.6396       1.0006139      0.99912459       0.0000000
       1562.6604      0.99903607      0.99704134       0.0000000
       1562.6813       1.0001633      0.99888718       0.0000000
       1562.7021       1.0000218      0.99760103       0.0000000
       1562.7229       1.0000046      0.99843699       0.0000000
       1562.7438      0.99867880      0.99666417       0.0000000
       1562.7646      0.99984360      0.99806660       0.0000000
       1562.7854      0.99908906      0.99745679       0.0000000
       1562.8063      0.99859524      0.99641073       0.0000000
       1562.8271      0.99884123      0.99738210       0.0000000
       1562.8479      0.99923211      0.99688792       0.0000000
       1562.8688      0.99934798      0.99693745       0.0000000
       1562.8896      0.99930030      0.99697095       0.0000000
       1562.9104      0.99893802      0.99762654       0.0000000
       1562.9313      0.99893278      0.99725986       0.0000000
       1562.9521      0.99996883      0.99775720       0.0000000
       1562.9729      0.99919480      0.99805659       0.0000000
       1562.9938      0.99936986      0.99828809       0.0000000
       1563.0146      0.99886101      0.99628991       0.0000000
       1563.0354      0.86307722      0.86248571       128.00000
       1563.0563       1.0003850      0.99898720       0.0000000
       1563.0771       1.0008683       1.0006019       0.0000000
       1563.0979       1.0002968       1.0000852       0.0000000
       1563.1188       1.0009414       1.0014883       0.0000000
       1563.1396       1.0003430      0.99884415       0.0000000
       1563.1604      0.99994475      0.99905443       0.0000000
       1563.1813      0.99940556      0.99817997       0.0000000
       1563.2021       1.0028396       1.0008370       128.00000
       1563.2229      0.99993449      0.99908996       0.0000000
       1563.2438       1.0006849       1.0015147       0.0000000
       1563.2646       1.0006747      0.99991852       0.0000000
       1563.2854      0.99979144      0.99829322       0.0000000
       1563.3063       1.0003196      0.99670702       0.0000000
       1563.3271       1.0005075      0.99888402       0.0000000
       1563.3479       1.0007082      0.99868160       0.0000000
       1563.3688       1.0001019      0.99772060       0.0000000
       1563.3896       1.0009048      0.99724942       0.0000000
       1563.4104      0.99974173      0.99708617       128.00000
       1563.4313       1.0008733      0.99868357       0.0000000
       1563.4521       1.0005599      0.99833906       0.0000000
       1563.4729       1.0008131      0.99714440       0.0000000
       1563.4938      0.99992102      0.99678028       0.0000000
       1563.5146      0.99999279      0.99608165       0.0000000
       1563.5354       1.0008926      0.99852693       0.0000000
       1563.5563       1.0001177      0.99545997       0.0000000
       1563.5771       1.0002151      0.99611974       0.0000000
       1563.5979       1.0009178      0.99752760       0.0000000
       1563.6188       1.0006038      0.99785990       0.0000000
       1563.6396       1.0013838      0.99850821       0.0000000
       1563.6604       1.0002893      0.99848574       0.0000000
       1563.6813       1.0011907      0.99932235       0.0000000
       1563.7021       1.0016041      0.99934143       0.0000000
       1563.7229       1.0003554      0.99773538       0.0000000
       1563.7438       1.0002533      0.99936724       0.0000000
       1563.7646       1.0004524      0.99873906       0.0000000
       1563.7854       1.0011715       1.0011659       0.0000000
       1563.8063       1.0002955      0.99814963       0.0000000
       1563.8271       1.0008992       1.0007241       0.0000000
       1563.8479       1.0003214      0.99925774       0.0000000
       1563.8688       1.0018910       1.0009869       0.0000000
       1563.8896       1.0005325      0.99864805       0.0000000
       1563.9104       1.0016799       1.0009620       0.0000000
       1563.9313      0.99954718      0.99765849       0.0000000
       1563.9521       1.0005581      0.99991947       0.0000000
       1563.9729       1.0009702       1.0000000       128.00000
       1563.9938       1.0004475      0.99925250       0.0000000
       1564.0146       1.0001866       1.0000128       0.0000000
       1564.0354       1.0012745       1.0012310       0.0000000
       1564.0563       1.0007309       1.0000417       0.0000000
       1564.0771       1.0010668       1.0022100       0.0000000
       1564.0979       1.0002691      0.99995011       0.0000000
       1564.1188       1.0012192       1.0013262       0.0000000
       1564.1396       1.0005378      0.99975950       0.0000000
       1564.1604       1.0059503       1.0003585       128.00000
       1564.1813       1.0006304       1.0005442       0.0000000
       1564.2021      0.99984843      0.99977911       0.0000000
       1564.2229       1.0009680       1.0006303       0.0000000
       1564.2438       1.0003924      0.99997431       0.0000000
       1564.2646       1.0011095       1.0006661       0.0000000
       1564.2854       1.0004847       1.0009549       0.0000000
       1564.3063      0.99987030       1.0004019       0.0000000
       1564.3271       1.0007957       1.0013561       0.0000000
       1564.3479       1.0001693      0.99928600       0.0000000
       1564.3688      0.99965298       1.0004680       0.0000000
       1564.3896       1.0005023      0.99987352       0.0000000
       1564.4104      0.99956280       1.0008576       0.0000000
       1564.4313       1.0010422       1.0010264       128.00000
       1564.4521       1.0006464       1.0017058       0.0000000
       1564.4729       1.0003352       1.0006337       0.0000000
       1564.4938       1.0001172       1.0007495       0.0000000
       1564.5146       1.0001570       1.0003077       0.0000000
       1564.5354       1.0003895       1.0008208       0.0000000
       1564.5563      0.99961817      0.99967289       0.0000000
       1564.5771       1.0001398      0.99996758       0.0000000
       1564.5979      0.99930173      0.99904096       0.0000000
       1564.6188       1.0007560       1.0022171       0.0000000
       1564.6396      0.99880779      0.99891412       0.0000000
       1564.6604      0.99942684       1.0002570       0.0000000
       1564.6813      0.99944401      0.99995112       0.0000000
       1564.7021      0.99927020       1.0000138       0.0000000
       1564.7229      0.99913090      0.99884188       0.0000000
       1564.7437      0.99853635      0.99920350       0.0000000
       1564.7646      0.99801648      0.99836224       0.0000000
       1564.7854      0.99853057      0.99847794       0.0000000
       1564.8062      0.99802500      0.99803603       0.0000000
       1564.8271      0.99791771      0.99810642       0.0000000
       1564.8479      0.99782610      0.99754369       0.0000000
       1564.8687      0.99855095      0.99881339       0.0000000
       1564.8896      0.99816352      0.99824023       0.0000000
       1564.9104      0.99770349      0.99750286       0.0000000
       1564.9312      0.99815142      0.99784636       0.0000000
       1564.9521      0.99744272      0.99642497       0.0000000
       1564.9729      0.99702120      0.99643928       0.0000000
       1564.9937      0.99774331      0.99703962       0.0000000
       1565.0146      0.99818236      0.99801242       0.0000000
       1565.0354      0.99835473      0.99806565       0.0000000
       1565.0562      0.99932575      0.99921787       0.0000000
       1565.0771      0.99820584      0.99780643       0.0000000
       1565.0979      0.99854499      0.99797893       0.0000000
       1565.1187      0.99940419      0.99933374       0.0000000
       1565.1396       1.0017382       1.0002208       128.00000
       1565.1604      0.99974567      0.99949795       0.0000000
       1565.1812       1.0000728       1.0005372       0.0000000
       1565.2021       1.0007374       1.0005968       0.0000000
       1565.2229       1.0014559       1.0014709       0.0000000
       1565.2437       1.0027001       1.0020581       0.0000000
       1565.2646       1.0018982       1.0015943       0.0000000
       1565.2854       1.0023555       1.0023602       0.0000000
       1565.3062       1.0022247       1.0023504       0.0000000
       1565.3271       1.0034789       1.0030262       0.0000000
       1565.3479       1.0018514       1.0026128       0.0000000
       1565.3687       1.0025259       1.0028064       0.0000000
       1565.3896       1.0022163       1.0016958       0.0000000
       1565.4104       1.0021241       1.0019093       0.0000000
       1565.4312       1.0013841       1.0020854       0.0000000
       1565.4521       1.0009556       1.0014931       0.0000000
       1565.4729       1.0012811       1.0019355       0.0000000
       1565.4937       1.0010768       1.0010018       0.0000000
       1565.5146       1.0006651       1.0010120       0.0000000
       1565.5354       1.0002403       1.0006514       0.0000000
       1565.5562      0.99920112      0.99930495       0.0000000
       1565.5771      0.99897116      0.99939966       0.0000000
       1565.5979      0.99955994      0.99942362       0.0000000
       1565.6187      0.99901593      0.99920839       0.0000000
       1565.6396      0.99942195      0.99989283       0.0000000
       1565.6604      0.99897343      0.99853408       0.0000000
       1565.6812      0.99915814      0.99901086       0.0000000
       1565.7021      0.99876612      0.99901164       0.0000000
       1565.7229      0.99897170      0.99919575       0.0000000
       1565.7437      0.99793673      0.99729961       0.0000000
       1565.7646       1.0011553      0.99819243       128.00000
       1565.7854      0.99905396      0.99903768       0.0000000
       1565.8062      0.99915153      0.99993587       0.0000000
       1565.8271      0.99893010      0.99917048       0.0000000
       1565.8479      0.99953371      0.99978065       128.00000
       1565.8687      0.99996144      0.99996072       0.0000000
       1565.8896      0.99968195       1.0005299       0.0000000
       1565.9104      0.99820048      0.99791467       0.0000000
       1565.9312      0.99960166       1.0003685       0.0000000
       1565.9521      0.99899304      0.99900401       0.0000000
       1565.9729      0.99938512      0.99991608       0.0000000
       1565.9937      0.99962336      0.99912578       0.0000000
       1566.0146      0.99991924      0.99927491       128.00000
       1566.0354       1.0000918       1.0004855       0.0000000
       1566.0562      0.99926740      0.99889511       0.0000000
       1566.0771      0.99933743      0.99664515       0.0000000
       1566.0979      0.99874097      0.99798143       0.0000000
       1566.1187      0.99878788      0.99655527       0.0000000
       1566.1396      0.99847323      0.99597597       0.0000000
       1566.1604      0.86175203      0.86151803       128.00000
       1566.1812       1.0000800       1.0014017       0.0000000
       1566.2021       1.0000226       1.0010204       0.0000000
       1566.2229       1.0009247       1.0007927       0.0000000
       1566.2437      0.99992937      0.99941510       0.0000000
       1566.2646       1.0016690       1.0014364       0.0000000
       1566.2854       1.0001453      0.99991584       0.0000000
       1566.3062       1.0008426       1.0018289       0.0000000
       1566.3271       1.0000182      0.99926215       0.0000000
       1566.3479       1.0007979       1.0003507       0.0000000
       1566.3687      0.99997830      0.99808836       0.0000000
       1566.3896       1.0004623       1.0005226       0.0000000
       1566.4104       1.0009995      0.99911761       0.0000000
       1566.4312       1.0006098      0.99877888       0.0000000
       1566.4521       1.0012382      0.99869418       0.0000000
       1566.4729       1.0013745       1.0004085       0.0000000
       1566.4937       1.0007094      0.99789208       0.0000000
       1566.5146       1.0006126      0.99962538       0.0000000
       1566.5354       1.0002699      0.99929172       0.0000000
       1566.5562       1.0009023      0.99901742       0.0000000
       1566.5771       1.0004500      0.99807155       0.0000000
       1566.5979       1.0020934       1.0002999       0.0000000
       1566.6187       1.0010917      0.99749666       0.0000000
       1566.6396       1.0015267      0.99984467       0.0000000
       1566.6604       1.0005605      0.99883425       0.0000000
       1566.6812       1.0002774      0.99893594       0.0000000
       1566.7021       1.0014590      0.99953753       0.0000000
       1566.7229       1.0006042      0.99950451       0.0000000
       1566.7437       1.0002854       1.0002637       0.0000000
       1566.7646       1.0007586       1.0001887       0.0000000
       1566.7854       1.0002822      0.99978799       0.0000000
       1566.8062       1.0007735       1.0003947       0.0000000
       1566.8271       1.0007540       1.0007367       0.0000000
       1566.8479       1.0004802       1.0003564       0.0000000
       1566.8687       1.0013772       1.0014991       0.0000000
       1566.8896       1.0006775      0.99950492       0.0000000
       1566.9104       1.0012015       1.0006232       0.0000000
       1566.9312      0.99980313      0.99891829       0.0000000
       1566.9521      0.99997014      0.99988383       0.0000000
       1566.9729      0.99997151      0.99999529       0.0000000
       1566.9937       1.0005069       1.0014869       0.0000000
       1567.0146       1.0000508       1.0013403       0.0000000
       1567.0354       1.0009085       1.0018201       0.0000000
       1567.0562       1.0006387       1.0016329       0.0000000
       1567.0771       1.0004587       1.0021167       0.0000000
       1567.0979       1.0003402       1.0006634       0.0000000
       1567.1187       1.0003057       1.0016837       0.0000000
       1567.1396       1.0030841       1.0021404       128.00000
       1567.1604      0.99971455       1.0014151       0.0000000
       1567.1812       1.0007849       1.0013605       0.0000000
       1567.2021       1.0002980       1.0021822       0.0000000
       1567.2229       1.0005856       1.0010245       0.0000000
       1567.2437       1.0007005       1.0026360       0.0000000
       1567.2646      0.99998683       1.0004895       0.0000000
       1567.2854      0.99965107       1.0019419       0.0000000
       1567.3062       1.0002347       1.0020696       0.0000000
       1567.3271       1.0001817       1.0012987       0.0000000
       1567.3479       1.0001236       1.0021285       0.0000000
       1567.3687      0.99935031       1.0010327       0.0000000
       1567.3896       1.0004001       1.0021894       0.0000000
       1567.4104      0.99983394       1.0014707       0.0000000
       1567.4312      0.99989253       1.0021077       0.0000000
       1567.4521      0.99948722       1.0001779       0.0000000
       1567.4729      0.99900347       1.0003603       0.0000000
       1567.4937      0.99986559       1.0012759       0.0000000
       1567.5146       1.0001752       1.0024160       0.0000000
       1567.5354      0.99905330       1.0006032       0.0000000
       1567.5562      0.99902660       1.0010588       0.0000000
       1567.5771      0.99887240       1.0005378       0.0000000
       1567.5979      0.99973798       1.0020355       0.0000000
       1567.6187      0.99923390       1.0010091       0.0000000
       1567.6396      0.99894053       1.0006319       0.0000000
       1567.6604      0.99844915      0.99847591       0.0000000
       1567.6812      0.99896443      0.99984521       0.0000000
       1567.7021      0.99758244      0.99838436       0.0000000
       1567.7229      0.99852926      0.99971771       0.0000000
       1567.7437      0.99741346      0.99809462       0.0000000
       1567.7646      0.99801725       1.0004853       0.0000000
       1567.7854      0.99824184      0.99858940       0.0000000
       1567.8062      0.99831259      0.99982351       0.0000000
       1567.8271      0.99841470      0.99818563       0.0000000
       1567.8479      0.99825007      0.99911994       0.0000000
       1567.8687      0.99946398       1.0003264       0.0000000
       1567.8896      0.99813879      0.99903810       0.0000000
       1567.9104      0.99802673      0.99910277       0.0000000
       1567.9312      0.99810052      0.99899250       0.0000000
       1567.9521      0.99720585      0.99705333       0.0000000
       1567.9729      0.99783581      0.99957860       0.0000000
       1567.9937      0.99876553      0.99938750       0.0000000
       1568.0146      0.99928355       1.0002092       0.0000000
       1568.0354       1.0003484       1.0014467       128.00000
       1568.0562      0.99991059       1.0016124       0.0000000
       1568.0771       1.0001786       1.0011263       0.0000000
       1568.0979       1.0001903       1.0012267       0.0000000
       1568.1187       1.0007148       1.0016047       0.0000000
       1568.1396       1.0000137       1.0015301       128.00000
       1568.1604       1.0013883       1.0023003       0.0000000
       1568.1812       1.0019103       1.0042249       0.0000000
       1568.2021       1.0032161       1.0048631       0.0000000
       1568.2229       1.0040598       1.0058388       0.0000000
       1568.2437       1.0040270       1.0052774       0.0000000
       1568.2646       1.0029891       1.0048711       0.0000000
       1568.2854       1.0028533       1.0045238       0.0000000
       1568.3062       1.0025604       1.0041859       0.0000000
       1568.3270       1.0023531       1.0034804       0.0000000
       1568.3479       1.0026194       1.0049961       0.0000000
       1568.3687       1.0012333       1.0035821       0.0000000
       1568.3895       1.0012625       1.0043718       0.0000000
       1568.4104       1.0010566       1.0036179       0.0000000
       1568.4312       1.0011081       1.0042522       0.0000000
       1568.4520       1.0006397       1.0029165       0.0000000
