    1106
       1790.7023       1.0795916      0.99690402       0.0000000
       1790.7232       1.0064754      0.98838937       0.0000000
       1790.7440      0.97354311      0.98380327       0.0000000
       1790.7648      0.97044355      0.98453957       0.0000000
       1790.7857      0.98271310      0.98452687       0.0000000
       1790.8065       1.0018454      0.98765677       0.0000000
       1790.8273       1.0156851      0.98958731       0.0000000
       1790.8482       1.0158229      0.98783499       0.0000000
       1790.8690       1.0094274      0.98490781       0.0000000
       1790.8898       1.0002236      0.98173213       0.0000000
       1790.9107      0.99330705      0.97982198       0.0000000
       1790.9315      0.99413085      0.98337650       0.0000000
       1790.9523      0.99374926      0.97857803       0.0000000
       1790.9732      0.99830037      0.97870910       0.0000000
       1790.9940       1.0025444      0.97999030       0.0000000
       1791.0148       1.0020994      0.97944289       0.0000000
       1791.0357       1.0033667      0.98334497       128.00000
       1791.0565       1.0001601      0.98116249       0.0000000
       1791.0773      0.99053842      0.97999901       0.0000000
       1791.0982      0.97936988      0.97901690       0.0000000
       1791.3899      0.99673748      0.92323387       0.0000000
       1791.4107      0.98424000      0.91695440       0.0000000
       1791.4315      0.97283798      0.91287005       0.0000000
       1791.4524      0.96736670      0.91300881       0.0000000
       1791.4732      0.96749187      0.91645330       0.0000000
       1791.4940      0.97021049      0.92172694       0.0000000
       1791.5149      0.97458506      0.92662543       0.0000000
       1791.5357      0.97931767      0.93317366       0.0000000
       1791.5565      0.98128277      0.93792868       0.0000000
       1791.5774      0.98287261      0.94345725       0.0000000
       1791.5982      0.98317063      0.94970673       0.0000000
       1791.6190      0.98290467      0.95175231       0.0000000
       1791.6399      0.98387885      0.95722032       0.0000000
       1791.6607      0.98447621      0.95909071       0.0000000
       1791.6815      0.98726243      0.96491420       0.0000000
       1791.7024      0.99005300      0.97068733       0.0000000
       1791.7232      0.99114090      0.97165257       0.0000000
       1791.7440      0.99526042      0.97846395       0.0000000
       1791.7649      0.99561632      0.97910482       0.0000000
       1791.7857      0.99821466      0.98224074       128.00000
       1791.8065      0.99753135      0.98432577       0.0000000
       1791.8274      0.99877983      0.98629916       0.0000000
       1791.8482      0.99968779      0.98741436       0.0000000
       1791.8690       1.0022721      0.99084741       0.0000000
       1791.8899       1.0014517      0.99035907       0.0000000
       1791.9107       1.0022765      0.99243891       0.0000000
       1791.9315       1.0020549      0.99293697       0.0000000
       1791.9524       1.0020585      0.99340594       0.0000000
       1791.9732       1.0019275      0.99394977       0.0000000
       1791.9940       1.0022973      0.99471879       0.0000000
       1792.0149       1.0008212      0.99386644       0.0000000
       1792.0357       1.0019622      0.99530637       0.0000000
       1792.0565       1.0008837      0.99445039       0.0000000
       1792.0774       1.0009727      0.99514222       0.0000000
       1792.0982       1.0004884      0.99371982       0.0000000
       1792.1190       1.0000960      0.99376017       0.0000000
       1792.1399      0.99902231      0.99241233       0.0000000
       1792.1607      0.99964166      0.99407786       0.0000000
       1792.1815       1.0003797      0.99469858       0.0000000
       1792.2024       1.0006653      0.99554026       0.0000000
       1792.2232      0.99937266      0.99618042       0.0000000
       1792.2440       1.0018414      0.99687302       0.0000000
       1792.2649       1.0029773      0.99769467       128.00000
       1792.2857       1.0012598      0.99661535       128.00000
       1792.3065       1.0017828      0.99758041       0.0000000
       1792.3274       1.0020047      0.99700314       0.0000000
       1792.3482       1.0016530      0.99744266       0.0000000
       1792.3690       1.0016867      0.99666971       0.0000000
       1792.3899       1.0019754      0.99802947       0.0000000
       1792.4107       1.0023053      0.99881601       0.0000000
       1792.4315       1.0008209      0.99706364       0.0000000
       1792.4524       1.0007095      0.99717969       0.0000000
       1792.4732      0.99969614      0.99711943       128.00000
       1792.4940       1.0015035      0.99816108       0.0000000
       1792.5149      0.99949634      0.99665618       0.0000000
       1792.5357       1.0002028      0.99775577       0.0000000
       1792.5565       1.0022629      0.99845117       128.00000
       1792.5774       1.0029007      0.99915957       0.0000000
       1792.5982       1.0009189      0.99811012       0.0000000
       1792.6190       1.0013794      0.99873143       0.0000000
       1792.6399       1.0003978      0.99830484       0.0000000
       1792.6607       1.0001639      0.99799168       0.0000000
       1792.6815      0.99903119      0.99796522       0.0000000
       1792.7024      0.99568367      0.99226338       0.0000000
       1792.7232      0.99995440      0.99861014       0.0000000
       1792.7440      0.99661374      0.99559367       128.00000
       1792.7649      0.99826413      0.99703890       0.0000000
       1792.7857      0.99928135      0.99790102       0.0000000
       1792.8065       1.0003744      0.99884319       0.0000000
       1792.8274       1.0015278      0.99960959       0.0000000
       1792.8482       1.0011275      0.99919331       0.0000000
       1792.8690       1.0018649      0.99930650       0.0000000
       1792.8899       1.0008721      0.99852484       0.0000000
       1792.9107       1.0005714      0.99824834       0.0000000
       1792.9315       1.0013181       1.0002329       0.0000000
       1792.9524      0.99923468      0.99754262       0.0000000
       1792.9732       1.0012156       1.0002328       0.0000000
       1792.9940      0.99921453      0.99873579       0.0000000
       1793.0149       1.0003557      0.99960077       0.0000000
       1793.0357      0.99904919      0.99853516       0.0000000
       1793.0565      0.99916989      0.99845898       0.0000000
       1793.0774      0.99832261      0.99725926       0.0000000
       1793.0982       1.0006008      0.99956083       0.0000000
       1793.1190       1.0007116      0.99979824       0.0000000
       1793.1399       1.0006990      0.99982190       0.0000000
       1793.1607       1.0014056      0.99994391       0.0000000
       1793.1815       1.0005322      0.99888837       0.0000000
       1793.2024       1.0012612       1.0000910       0.0000000
       1793.2232       1.0016433       1.0004638       0.0000000
       1793.2440       1.0003589      0.99967253       0.0000000
       1793.2649       1.0002527      0.99970829       0.0000000
       1793.2857       1.0005867       1.0002251       0.0000000
       1793.3065      0.99953765      0.99949354       0.0000000
       1793.3274      0.99899763      0.99883598       0.0000000
       1793.3482       1.0000745       1.0007024       0.0000000
       1793.3690      0.99900341      0.99935520       128.00000
       1793.3899       1.0005201       1.0009803       0.0000000
       1793.4107      0.99981558      0.99989974       0.0000000
       1793.4315      0.99953598      0.99909782       0.0000000
       1793.4524      0.99993950      0.99908680       0.0000000
       1793.4732       1.0005673       1.0001045       0.0000000
       1793.4940       1.0011868       1.0001180       0.0000000
       1793.5149       1.0005108      0.99969071       0.0000000
       1793.5357       1.0006422       1.0005888       0.0000000
       1793.5565       1.0004494       1.0003999       0.0000000
       1793.5774      0.99999017      0.99993551       0.0000000
       1793.5982       1.0001146       1.0006677       0.0000000
       1793.6190       1.0002750       1.0004597       0.0000000
       1793.6399       1.0010493       1.0011839       0.0000000
       1793.6607      0.99915791      0.99929911       0.0000000
       1793.6815      0.99954337      0.99898261       0.0000000
       1793.7024      0.99961948       1.0003196       0.0000000
       1793.7232      0.99909776      0.99940217       0.0000000
       1793.7440      0.99988210       1.0001285       0.0000000
       1793.7649       1.0005689       1.0009025       0.0000000
       1793.7857      0.99992889      0.99977648       0.0000000
       1793.8065      0.99975759      0.99882132       0.0000000
       1793.8274       1.0008073      0.99979126       0.0000000
       1793.8482       1.0004493       1.0000135       0.0000000
       1793.8690       1.0012140       1.0003141       0.0000000
       1793.8899       1.0010612       1.0005518       0.0000000
       1793.9107      0.99899298      0.99895322       0.0000000
       1793.9315       1.0007880       1.0005089       128.00000
       1793.9524      0.99904245      0.99954653       0.0000000
       1793.9732      0.99863726      0.99970973       0.0000000
       1793.9940      0.99891442      0.99953568       0.0000000
       1794.0149       1.0001423      0.99916434       0.0000000
       1794.0357       1.0005764      0.99982166       0.0000000
       1794.0565       1.0023679       1.0011119       0.0000000
       1794.0774       1.0015728       1.0004464       128.00000
       1794.0982      0.99931729      0.99945939       128.00000
       1794.1190       1.0027376       1.0014833       0.0000000
       1794.1399       1.0013239      0.99999201       0.0000000
       1794.1607       1.0005267       1.0002995       0.0000000
       1794.1815       1.0030725       1.0005243       0.0000000
       1794.2024       1.0011578       1.0003291       128.00000
       1794.2232       1.0002860       1.0002731       128.00000
       1794.2440       1.0008801      0.99995476       0.0000000
       1794.2649       1.0005510       1.0005685       0.0000000
       1794.2857       1.0015111       1.0007050       0.0000000
       1794.3065       1.0014013       1.0005482       0.0000000
       1794.3274       1.0036924       1.0009389       128.00000
       1794.3482       1.0011925       1.0001516       0.0000000
       1794.3690       1.0012569      0.99950862       128.00000
       1794.3899       1.0001240      0.99969643       0.0000000
       1794.4107       1.0007324       1.0002619       0.0000000
       1794.4315       1.0018536       1.0000411       0.0000000
       1794.4524       1.0012186       1.0003138       0.0000000
       1794.4732       1.0009544      0.99932539       0.0000000
       1794.4940       1.0013933       1.0002100       0.0000000
       1794.5149       1.0027163       1.0008219       128.00000
       1794.5357       1.0012697      0.99937654       0.0000000
       1794.5565       1.0015891      0.99898261       128.00000
       1794.5774       1.0013373       1.0003062       0.0000000
       1794.5982      0.99912059      0.99965078       0.0000000
       1794.6190       1.0012734       1.0009273       0.0000000
       1794.6399      0.99862498       1.0003728       0.0000000
       1794.6607       1.0012658       1.0006204       0.0000000
       1794.6815       1.0000058      0.99955618       0.0000000
       1794.7024       1.0002323       1.0000839       128.00000
       1794.7232      0.99827731      0.99919999       0.0000000
       1794.7440      0.99860740      0.99974900       0.0000000
       1794.7649      0.99824524      0.99988699       0.0000000
       1794.7857      0.99731004      0.99957329       0.0000000
       1794.8065      0.99817878       1.0009161       0.0000000
       1794.8274      0.99745989      0.99961120       0.0000000
       1794.8482      0.99913031      0.99864477       128.00000
       1794.8690      0.99834520       1.0004576       0.0000000
       1794.8899      0.99645680      0.99922627       0.0000000
       1794.9107      0.99668622      0.99923712       0.0000000
       1794.9315       1.0000987      0.99997884       0.0000000
       1794.9524  -4.8355348e-12      0.86711520       128.00000
       1794.9732      0.99808455       1.0016645       0.0000000
       1794.9940      0.99799591      0.99916828       0.0000000
       1795.0149      0.99934191       1.0014900       0.0000000
       1795.0357      0.99984467       1.0016619       0.0000000
       1795.0565       1.0003804       1.0022421       0.0000000
       1795.0774       1.0029228       1.0039332       0.0000000
       1795.0982       1.0014458       1.0028089       0.0000000
       1795.1190       1.0014963       1.0033941       0.0000000
       1795.1399       1.0016718       1.0041386       0.0000000
       1795.1607       1.0006051       1.0031874       0.0000000
       1795.1815       1.0015379       1.0037768       0.0000000
       1795.2024       1.0024259       1.0042516       0.0000000
       1795.2232       1.0016977       1.0038928       0.0000000
       1795.2440       1.0029154       1.0037005       0.0000000
       1795.2649       1.0021198       1.0042256       0.0000000
       1795.2857       1.0039288       1.0046184       0.0000000
       1795.3065       1.0035053       1.0056937       0.0000000
       1795.3274       1.0027195       1.0059665       0.0000000
       1795.3482       1.0032412       1.0062903       0.0000000
       1795.3690       1.0039721       1.0071983       0.0000000
       1795.3899       1.0045092       1.0081013       0.0000000
       1795.4107       1.0054305       1.0090345       0.0000000
       1795.4315       1.0046958       1.0082276       0.0000000
       1795.4524       1.0047274       1.0080860       0.0000000
       1795.4732       1.0049421       1.0079627       0.0000000
       1795.4940       1.0054399       1.0088907       0.0000000
       1795.5149       1.0044281       1.0075448       0.0000000
       1795.5357       1.0048908       1.0074799       0.0000000
       1795.5565       1.0054055       1.0078917       0.0000000
       1795.5774       1.0040029       1.0072466       0.0000000
       1795.5982       1.0046680       1.0081964       0.0000000
       1795.6190       1.0032140       1.0062658       0.0000000
       1795.6399       1.0034850       1.0055994       0.0000000
       1795.6607       1.0034260       1.0057189       0.0000000
       1795.6815       1.0028093       1.0048513       0.0000000
       1795.7024       1.0027677       1.0051198       0.0000000
       1795.7232       1.0036052       1.0051461       0.0000000
       1795.7440       1.0038818       1.0043923       0.0000000
       1795.7649       1.0017409       1.0035447       0.0000000
       1795.7857       1.0021020       1.0044235       0.0000000
       1795.8065       1.0004489       1.0023298       0.0000000
       1795.8274       1.0007468       1.0030284       0.0000000
       1795.8482       1.0007634       1.0023888       0.0000000
       1795.8690       1.0011859       1.0032389       0.0000000
       1795.8899       1.0004457       1.0030303       0.0000000
       1795.9107       1.0011315       1.0029547       0.0000000
       1795.9315       1.0024254       1.0025896       0.0000000
       1795.9524       1.0009512       1.0024526       0.0000000
       1795.9732       1.0002538       1.0025083       0.0000000
       1795.9940       1.0003549       1.0023569       0.0000000
       1796.0149       1.0005498       1.0026033       0.0000000
       1796.0357      0.99989951       1.0010415       0.0000000
       1796.0565       1.0005112       1.0023481       0.0000000
       1796.0774       1.0008464       1.0026048       0.0000000
       1796.0982       1.0015424       1.0025722       0.0000000
       1796.1190       1.0003632       1.0017904       0.0000000
       1796.1399       1.0034022       1.0023726       0.0000000
       1796.1607       1.0009505       1.0012765       0.0000000
       1796.1815       1.0015169       1.0013393       0.0000000
       1796.2024       1.0013516       1.0014696       0.0000000
       1796.2232       1.0013417       1.0008951       0.0000000
       1796.2440       1.0015707       1.0014275       0.0000000
       1796.2649       1.0013686       1.0022440       0.0000000
       1796.2857       1.0008036       1.0017347       0.0000000
       1796.3065       1.0000000       1.0010880       0.0000000
       1796.3274       1.0003133       1.0014043       0.0000000
       1796.3482       1.0000936       1.0007249       0.0000000
       1796.3690       1.0004953       1.0012627       0.0000000
       1796.3899       1.0009407       1.0013285       0.0000000
       1796.4107       1.0001539       1.0002080       0.0000000
       1796.4315       1.0015188       1.0020434       0.0000000
       1796.4524      0.99988687       1.0005124       0.0000000
       1796.4732      0.99962920       1.0002228       0.0000000
       1796.4940      0.99956167       1.0004648       0.0000000
       1796.5149      0.99958968       1.0008023       0.0000000
       1796.5357       1.0002940       1.0004112       0.0000000
       1796.5565      0.99924272       1.0002619       0.0000000
       1796.5774       1.0005356       1.0012429       0.0000000
       1796.5982       1.0001054       1.0011158       0.0000000
       1796.6190      0.99980485       1.0000294       0.0000000
       1796.6399      0.99937832      0.99966890       0.0000000
       1796.6607      0.99957025       1.0011954       0.0000000
       1796.6815      0.99978673       1.0005752       0.0000000
       1796.7024       1.0010271       1.0011910       0.0000000
       1796.7232      0.99920583      0.99998611       0.0000000
       1796.7440       1.0014700       1.0009096       128.00000
       1796.7649       1.0004110       1.0001979       0.0000000
       1796.7857      0.99906564       1.0004693       0.0000000
       1796.8065      0.99931878       1.0008186       0.0000000
       1796.8274       1.0008980       1.0011197       0.0000000
       1796.8482      0.99958783       1.0012188       0.0000000
       1796.8690      0.99860394       1.0000339       0.0000000
       1796.8899       1.0005060       1.0011297       0.0000000
       1796.9107      0.99926400       1.0008111       0.0000000
       1796.9315       1.0009452       1.0008150       0.0000000
       1796.9524       1.0017521       1.0013154       128.00000
       1796.9732      0.99974561      0.99978715       0.0000000
       1796.9940      0.99984753      0.99976814       0.0000000
       1797.0149       1.0007080       1.0002570       0.0000000
       1797.0357       1.0004679       1.0009348       0.0000000
       1797.0565       1.0008035       1.0002449       0.0000000
       1797.0774       1.0015162       1.0011159       0.0000000
       1797.0982       1.0004865       1.0009881       0.0000000
       1797.1190      0.99883890       1.0002730       0.0000000
       1797.1399       1.0004113       1.0014170       0.0000000
       1797.1607       1.0000160       1.0014924       0.0000000
       1797.1815      0.99959290       1.0007235       0.0000000
       1797.2024      0.99973482       1.0001900       0.0000000
       1797.2232      0.99918145      0.99973762       0.0000000
       1797.2440      0.99831009      0.99961537       0.0000000
       1797.2649      0.99970329       1.0006729       0.0000000
       1797.2857      0.99881631       1.0010631       0.0000000
       1797.3065       1.0004236       1.0008644       0.0000000
       1797.3274      0.99850905      0.99986476       0.0000000
       1797.3482      0.99865723       1.0010427       0.0000000
       1797.3690      0.99964470       1.0007268       0.0000000
       1797.3899      0.99904287       1.0000000       0.0000000
       1797.4107      0.99897653       1.0003335       0.0000000
       1797.4315      0.99900097       1.0005852       0.0000000
       1797.4524      0.99791330      0.99931216       0.0000000
       1797.4732      0.99943376       1.0007436       0.0000000
       1797.4940      0.99923855       1.0004017       0.0000000
       1797.5149      0.99811363       1.0011210       0.0000000
       1797.5357      0.99909902       1.0003558       0.0000000
       1797.5565      0.99864751       1.0007331       0.0000000
       1797.5774       1.0001892       1.0003220       0.0000000
       1797.5982      0.99831951       1.0004557       0.0000000
       1797.6190      0.99987435       1.0000874       128.00000
       1797.6399       1.0001719      0.99992615       0.0000000
       1797.6607      0.99858296      0.99981344       128.00000
       1797.6815       1.0004634       1.0002277       0.0000000
       1797.7024      0.99916869      0.99884480       128.00000
       1797.7232      0.99879301      0.99897069       0.0000000
       1797.7440      0.99681741      0.99893981       0.0000000
       1797.7649      0.99872607      0.99963742       0.0000000
       1797.7857      0.99892759      0.99943954       0.0000000
       1797.8065      0.99895191       1.0002812       128.00000
       1797.8274      0.99893528      0.99932700       0.0000000
       1797.8482      0.99849635      0.99899882       0.0000000
       1797.8690      0.99990523      0.99979585       0.0000000
       1797.8899      0.99810857      0.99848431       128.00000
       1797.9107      0.99959022       1.0000377       0.0000000
       1797.9315       1.0002911       1.0005239       128.00000
       1797.9524      0.99938041      0.99969500       0.0000000
       1797.9732      0.99931771      0.99989307       0.0000000
       1797.9940      0.99812996      0.99911785       0.0000000
       1798.0149      0.99935544      0.99965388       0.0000000
       1798.0357      0.99983805       1.0002575       0.0000000
       1798.0565      0.99918163      0.99949718       0.0000000
       1798.0774      0.99878210      0.99970388       128.00000
       1798.0982      0.99773180      0.99912953       128.00000
       1798.1190      0.99964267      0.99954665       0.0000000
       1798.1399      0.99861568      0.99915892       0.0000000
       1798.1607      0.99996066       1.0004842       128.00000
       1798.1815      0.99935251      0.99952638       0.0000000
       1798.2024       1.0011294       1.0014960       0.0000000
       1798.2232      0.99925071       1.0001769       128.00000
       1798.2440      0.99965757      0.99998742       0.0000000
       1798.2649       1.0001907       1.0004330       0.0000000
       1798.2857       1.0000857       1.0002146       0.0000000
       1798.3065       1.0003307       1.0013369       128.00000
       1798.3274       1.0002542       1.0001976       0.0000000
       1798.3482      0.99911231      0.99959677       128.00000
       1798.3690      0.99790132       1.0000991       128.00000
       1798.3899      0.99989349       1.0002629       128.00000
       1798.4107      0.99790347      0.99924546       0.0000000
       1798.4315      0.99880993       1.0005106       128.00000
       1798.4524       1.0011473       1.0005902       0.0000000
       1798.4732       1.0008085       1.0008615       0.0000000
       1798.4940      0.99868959       1.0003220       0.0000000
       1798.5149      0.99735087       1.0006763       128.00000
       1798.5357      0.99984509       1.0001695       0.0000000
       1798.5565       1.0004535       1.0008972       0.0000000
       1798.5774      0.99895346       1.0000030       0.0000000
       1798.5982       1.0000982       1.0012103       0.0000000
       1798.6190       1.0007370       1.0006297       0.0000000
       1798.6399       1.0006615       1.0021871       0.0000000
       1798.6607       1.0011846       1.0016315       0.0000000
       1798.6815      0.99905705       1.0012819       128.00000
       1798.7024       1.0006213       1.0009876       0.0000000
       1798.7232      0.99599284       1.0015039       128.00000
       1798.7440       1.0005363       1.0017914       0.0000000
       1798.7649       1.0005491       1.0021179       0.0000000
       1798.7857      0.99967861       1.0022272       0.0000000
       1798.8065       1.0011408       1.0029196       128.00000
       1798.8274      0.99941188       1.0023701       0.0000000
       1798.8482       1.0011919       1.0031222       0.0000000
       1798.8690       1.0005028       1.0027800       0.0000000
       1798.8899       1.0008676       1.0034764       0.0000000
       1798.9107       1.0010186       1.0040551       0.0000000
       1798.9315      0.99901050       1.0028473       0.0000000
       1798.9524       1.0002964       1.0034661       0.0000000
       1798.9732      0.99948674       1.0033778       0.0000000
       1798.9940       1.0020131       1.0041362       0.0000000
       1799.0149       1.0034497       1.0062782       0.0000000
       1799.0357       1.0020024       1.0043359       0.0000000
       1799.0565       1.0017000       1.0042990       0.0000000
       1799.0774       1.0020655       1.0067552       0.0000000
       1799.0982       1.0028280       1.0069245       0.0000000
       1799.1190       1.0011672       1.0053428       0.0000000
       1799.1399       1.0024104       1.0043721       0.0000000
       1799.1607       1.0024910       1.0052054       128.00000
       1799.1815       1.0007535       1.0033696       0.0000000
       1799.2024  -4.6764060e-12      0.83858001       128.00000
       1799.2232       1.0024041       1.0069032       0.0000000
       1799.2440       1.0047606       1.0064536       0.0000000
       1799.2649       1.0027820       1.0052713       0.0000000
       1799.2857       1.0022572       1.0047946       0.0000000
       1799.3065       1.0025136       1.0048667       0.0000000
       1799.3274       1.0015002       1.0036428       0.0000000
       1799.3482       1.0017061       1.0034026       0.0000000
       1799.3690       1.0010811       1.0035896       0.0000000
       1799.3899      0.99984652       1.0019828       0.0000000
       1799.4107       1.0013174       1.0029830       0.0000000
       1799.4315       1.0011803       1.0020256       0.0000000
       1799.4524       1.0000703       1.0016870       0.0000000
       1799.4732       1.0004010       1.0018755       0.0000000
       1799.4940       1.0006925       1.0021794       0.0000000
       1799.5149       1.0005249       1.0024211       0.0000000
       1799.5357       1.0002199       1.0014069       0.0000000
       1799.5565       1.0004958       1.0010166       0.0000000
       1799.5774       1.0004472       1.0024488       0.0000000
       1799.5982      0.99897498       1.0007589       0.0000000
       1799.6190      0.99960321       1.0008920       0.0000000
       1799.6399      0.99954516       1.0008974       0.0000000
       1799.6607      0.99924380       1.0004953       0.0000000
       1799.6815      0.99997610       1.0009818       0.0000000
       1799.7024      0.99948579       1.0007457       0.0000000
       1799.7232      0.99989736       1.0009754       0.0000000
       1799.7440      0.99945098       1.0006574       0.0000000
       1799.7649       1.0000769       1.0009391       0.0000000
       1799.7857       1.0001407       1.0009938       0.0000000
       1799.8065       1.0001392       1.0010992       0.0000000
       1799.8274       1.0000237       1.0005625       0.0000000
       1799.8482      0.99994081       1.0003883       0.0000000
       1799.8690       1.0004065       1.0006176       0.0000000
       1799.8899      0.99993593       1.0005574       0.0000000
       1799.9107       1.0009989       1.0014440       0.0000000
       1799.9315       1.0005736       1.0009106       0.0000000
       1799.9524       1.0008533       1.0009815       0.0000000
       1799.9732       1.0015668       1.0013335       0.0000000
       1799.9940       1.0025631       1.0015110       0.0000000
       1800.0148       1.0023932       1.0010705       0.0000000
       1800.0357       1.0021439       1.0004592       0.0000000
       1800.0565       1.0018548       1.0002674       0.0000000
       1800.0773       1.0025998       1.0010308       0.0000000
       1800.0982       1.0027541       1.0010710       0.0000000
       1800.1190       1.0014147       1.0003146       0.0000000
       1800.1398       1.0009803       1.0004327       0.0000000
       1800.1607       1.0017177       1.0014161       0.0000000
       1800.1815       1.0000371       1.0001498       0.0000000
       1800.2023       1.0005585       1.0004981       0.0000000
       1800.2232       1.0005305       1.0000463       0.0000000
       1800.2440       1.0014696      0.99990577       0.0000000
       1800.2648       1.0029374       1.0008938       0.0000000
       1800.2857       1.0042037       1.0011504       0.0000000
       1800.3065       1.0040087       1.0011607       0.0000000
       1800.3273       1.0030780       1.0007563       0.0000000
       1800.3482       1.0002297       1.0001187       0.0000000
       1800.3690      0.99719548      0.99926507       0.0000000
       1800.3898      0.99725962      0.99990004       128.00000
       1800.4107      0.99751115      0.99975377       128.00000
       1800.4315      0.99769145      0.99979764       128.00000
       1800.4523      0.99779612       1.0004127       128.00000
       1800.4732      0.99832082       1.0007260       128.00000
       1800.4940      0.99893445      0.99994832       128.00000
       1800.5148      0.99759144       1.0002909       128.00000
       1800.5357      0.99758464       1.0003097       128.00000
       1800.5565      0.99705327      0.99953610       128.00000
       1800.5773      0.99769717       1.0000951       128.00000
       1800.5982      0.99714833      0.99951643       128.00000
       1800.6190      0.99680376      0.99959838       128.00000
       1800.6398      0.99717742      0.99972618       128.00000
       1800.6607      0.99724352      0.99979430       128.00000
       1800.6815      0.99744552      0.99979722       128.00000
       1800.7023      0.99697387      0.99967289       128.00000
       1800.7232      0.99781024       1.0003730       128.00000
       1800.7440      0.99685496      0.99951947       128.00000
       1800.7648      0.99657291      0.99926680       128.00000
       1800.7857      0.99536383      0.99810129       128.00000
       1800.8065      0.99561101      0.99853343       128.00000
       1800.8273      0.99524266      0.99775612       128.00000
       1800.8482      0.99532115      0.99820036       128.00000
       1800.8690      0.99440068      0.99732548       128.00000
       1800.8898      0.99602938      0.99866962       128.00000
       1800.9107      0.99569672      0.99884677       128.00000
       1800.9315      0.99575073      0.99852091       128.00000
       1800.9523      0.99436945      0.99687225       128.00000
       1800.9732      0.99546921      0.99825501       128.00000
       1800.9940      0.99477774      0.99723250       128.00000
       1801.0148      0.99514872      0.99761218       128.00000
       1801.0357      0.99546289      0.99823618       128.00000
       1801.0565      0.99326468      0.99527735       128.00000
       1801.0773      0.99447858      0.99721354       128.00000
       1801.0982      0.99501759      0.99786603       128.00000
       1801.1190      0.99392503      0.99680418       128.00000
       1801.1398      0.99353540      0.99644154       128.00000
       1801.1607      0.99370635      0.99638891       128.00000
       1801.1815      0.99430472      0.99677986       128.00000
       1801.2023      0.99445480      0.99711961       128.00000
       1801.2232      0.99376327      0.99640501       128.00000
       1801.2440      0.99424416      0.99727255       128.00000
       1801.2648      0.99323350      0.99613792       128.00000
       1801.2857      0.99350804      0.99575347       128.00000
       1801.3065      0.99277169      0.99559468       128.00000
       1801.3273      0.99323636      0.99563396       128.00000
       1801.3482      0.99241549      0.99512553       128.00000
       1801.3690      0.99185765      0.99423909       128.00000
       1801.3898      0.99214131      0.99411118       128.00000
       1801.4107      0.99320501      0.99471152       128.00000
       1801.4315      0.99276066      0.99432725       128.00000
       1801.4523      0.99218339      0.99378318       128.00000
       1801.4732      0.99173778      0.99341911       128.00000
       1801.4940      0.99183720      0.99357843       128.00000
       1801.5148      0.99162430      0.99343538       128.00000
       1801.5357      0.98972088      0.99155182       128.00000
       1801.5565      0.99011749      0.99200737       128.00000
       1801.5773      0.99018329      0.99212295       128.00000
       1801.5982      0.99000412      0.99199879       128.00000
       1801.6190      0.98837048      0.99041092       128.00000
       1801.6398      0.98815697      0.99042749       128.00000
       1801.6607      0.98929811      0.99162185       128.00000
       1801.6815      0.98815852      0.99038464       128.00000
       1801.7023      0.98683387      0.98908710       128.00000
       1801.7232      0.98582476      0.98831034       128.00000
       1801.7440      0.98335111      0.98571485       128.00000
       1801.7648      0.98424697      0.98664480       128.00000
       1801.7857      0.98037666      0.98284519       128.00000
       1801.8065      0.98047602      0.98296756       128.00000
       1801.8273      0.98151600      0.98406196       128.00000
       1801.8482      0.97812027      0.98089570       128.00000
       1801.8690      0.98021841      0.98284012       128.00000
       1801.8898      0.97791249      0.98058957       128.00000
       1801.9107      0.97737700      0.98007917       128.00000
       1801.9315      0.97763276      0.98038238       128.00000
       1801.9523      0.97821462      0.97989899       128.00000
       1801.9732      0.97658521      0.97962451       128.00000
       1801.9940      0.97607958      0.97896862       128.00000
       1802.0148      0.97643965      0.97937751       128.00000
       1802.0357      0.97554618      0.97852254       128.00000
       1802.0565      0.97492313      0.97795743       128.00000
       1802.0773      0.97456717      0.97761995       128.00000
       1802.0982      0.96939641      0.97250354       128.00000
       1802.1190      0.96266884      0.96581835       128.00000
       1802.1398      0.95766103      0.96083295       128.00000
       1802.1607      0.95334405      0.95670313       128.00000
       1802.1815      0.94800627      0.95107043       128.00000
       1802.2023      0.93721288      0.94028020       128.00000
       1802.2232      0.92880291      0.93188083       128.00000
       1802.2440      0.91941005      0.92240500       128.00000
       1802.2648      0.90784025      0.91094697       128.00000
       1802.2857      0.89479506      0.89804441       128.00000
       1802.3065      0.88360137      0.88669485       128.00000
       1802.3273      0.87297523      0.87602776       128.00000
       1802.3482      0.86549109      0.86856270       128.00000
       1802.3690      0.86499923      0.86811084       128.00000
       1802.3898      0.86751705      0.87070006       128.00000
       1802.4107      0.87729502      0.88067323       128.00000
       1802.4315      0.88951612      0.89298350       128.00000
       1803.4732       1.0021957       1.0038722       0.0000000
       1803.4940       1.0024785       1.0043019       0.0000000
       1803.5148       1.0012618       1.0040401       0.0000000
       1803.5357       1.0009154       1.0017987       128.00000
       1803.5565       1.0007759       1.0017534       128.00000
       1803.5773       1.0006694       1.0022689       128.00000
       1803.5982      0.99960130       1.0008810       128.00000
       1803.6190       1.0006742       1.0022660       0.0000000
       1803.6398       1.0007684       1.0030428       128.00000
       1803.6607      0.99962258       1.0012753       0.0000000
       1803.6815       1.0004474       1.0002824       0.0000000
       1803.7023       1.0006254       1.0003146       0.0000000
       1803.7232       1.0006196       1.0014042       0.0000000
       1803.7440       1.0006618       1.0016197       0.0000000
       1803.7648       1.0002433       1.0019692       0.0000000
       1803.7857      0.99987805       1.0010298       0.0000000
       1803.8065       1.0004451       1.0019304       0.0000000
       1803.8273       1.0004163       1.0010946       0.0000000
       1803.8482      0.99955320       1.0013691       128.00000
       1803.8690       1.0003238       1.0011421       0.0000000
       1803.8898       1.0008308       1.0011301       0.0000000
       1803.9107      0.99948162       1.0007685       0.0000000
       1803.9315       1.0005809       1.0020319       0.0000000
       1803.9523      0.99955022       1.0005342       0.0000000
       1803.9732       1.0020573       1.0016365       0.0000000
       1803.9940      0.99982858       1.0007848       0.0000000
       1804.0148       1.0003434       1.0013348       0.0000000
       1804.0357       1.0000526      0.99958587       0.0000000
       1804.0565       1.0013009       1.0022231       0.0000000
       1804.0773       1.0001622       1.0005893       0.0000000
       1804.0982       1.0012680       1.0023433       0.0000000
       1804.1190       1.0018542       1.0025080       0.0000000
       1804.1398       1.0017549       1.0016245       0.0000000
       1804.1607       1.0003946       1.0009828       0.0000000
       1804.1815       1.0000941       1.0012615       0.0000000
       1804.2023       1.0007632       1.0005513       0.0000000
       1804.2231      0.99937141       1.0012691       0.0000000
       1804.2440       1.0002444       1.0008636       0.0000000
       1804.2648      0.99981022       1.0012132       0.0000000
       1804.2856       1.0003539       1.0012001       0.0000000
       1804.3065       1.0015168       1.0018885       0.0000000
       1804.3273       1.0012389       1.0022373       0.0000000
       1804.3481       1.0006838       1.0015523       0.0000000
       1804.3690       1.0002509       1.0012813       0.0000000
       1804.3898       1.0007697       1.0018855       0.0000000
       1804.4106      0.99860990      0.99915975       0.0000000
       1804.4315      0.99963117      0.99959701       0.0000000
       1804.4523       1.0004442       1.0011827       0.0000000
       1804.4731      0.99936002      0.99818629       0.0000000
       1804.4940      0.99889725      0.99799979       0.0000000
       1804.5148      0.99979937      0.99981385       0.0000000
       1804.5356       1.0005075      0.99932534       0.0000000
       1804.5565      0.99887925      0.99775720       0.0000000
       1804.5773       1.0003357      0.99899954       0.0000000
       1804.5981       1.0007024       1.0002635       0.0000000
       1804.6190      0.99977416      0.99978316       0.0000000
       1804.6398      0.99980044      0.99915576       0.0000000
       1804.6606      0.99993104      0.99809849       0.0000000
       1804.6815      0.99906921      0.99884474       0.0000000
       1804.7023       1.0003128       1.0002369       0.0000000
       1804.7231      0.99972802      0.99833363       0.0000000
       1804.7440      0.99864316      0.99799842       0.0000000
       1804.7648       1.0001831      0.99869788       0.0000000
       1804.7856      0.99896026      0.99719405       0.0000000
       1804.8065      0.99856532      0.99727499       0.0000000
       1804.8273      0.99931693      0.99726862       0.0000000
       1804.8481      0.99874336      0.99875379       0.0000000
       1804.8690      0.99902087      0.99722874       0.0000000
       1804.8898      0.99932593      0.99927247       0.0000000
       1804.9106      0.99845439      0.99754256       0.0000000
       1804.9315      0.99884391      0.99748826       0.0000000
       1804.9523      0.99948597      0.99709368       0.0000000
       1804.9731      0.99831408      0.99733329       0.0000000
       1804.9940      0.99996138      0.99866539       0.0000000
       1805.0148      0.99881887      0.99710631       0.0000000
       1805.0356      0.99950367      0.99830383       0.0000000
       1805.0565      0.99972403      0.99874938       0.0000000
       1805.0773      0.99920046      0.99751681       0.0000000
       1805.0981      0.99853081      0.99737835       0.0000000
       1805.1190      0.99890119      0.99633861       0.0000000
       1805.1398      0.99855870      0.99657112       0.0000000
       1805.1606      0.99883908      0.99737906       0.0000000
       1805.1815      0.99912316      0.99742591       0.0000000
       1805.2023      0.99851424      0.99788654       0.0000000
       1805.2231      0.99966043      0.99888849       0.0000000
       1805.2440      0.99906349      0.99758947       0.0000000
       1805.2648      0.99948579      0.99844611       0.0000000
       1805.2856      0.99833155      0.99650073       0.0000000
       1805.3065      0.99976444      0.99876583       0.0000000
       1805.3273      0.99825722      0.99716413       0.0000000
       1805.3481      0.99889231      0.99791235       0.0000000
       1805.3690      0.99970478      0.99943626       0.0000000
       1805.3898       1.0002186      0.99832010       0.0000000
       1805.4106      0.99832034      0.99674666       0.0000000
       1805.4315      0.99871534      0.99709517       0.0000000
       1805.4523       1.0003829      0.99920511       0.0000000
       1805.4731      0.99841690      0.99782211       0.0000000
       1805.4940      0.99860346      0.99720752       0.0000000
       1805.5148      0.99865824      0.99739236       0.0000000
       1805.5356      0.99971306      0.99979305       0.0000000
       1805.5565       1.0003107      0.99962825       0.0000000
       1805.5773       1.0002985      0.99894941       0.0000000
       1805.5981       1.0012846       1.0002360       0.0000000
       1805.6190      0.99887866      0.99847090       0.0000000
       1805.6398      0.99970633      0.99883568       0.0000000
       1805.6606      0.99992496      0.99889922       0.0000000
       1805.6815       1.0003428      0.99894059       0.0000000
       1805.7023      0.99984556      0.99787885       0.0000000
       1805.7231      0.99963105      0.99809307       0.0000000
       1805.7440       1.0005790      0.99886954       0.0000000
       1805.7648       1.0003867      0.99857032       0.0000000
       1805.7856       1.0002210      0.99982017       0.0000000
       1805.8065      0.99970710      0.99936599       0.0000000
       1805.8273       1.0015252       1.0017716       0.0000000
       1805.8481       1.0004013       1.0002760       0.0000000
       1805.8690       1.0017750       1.0012274       0.0000000
       1805.8898       1.0006850      0.99898767       0.0000000
       1805.9106       1.0020745       1.0026867       0.0000000
       1805.9315       1.0024669       1.0016392       0.0000000
       1805.9523       1.0012604      0.99971151       0.0000000
       1805.9731       1.0022422       1.0029730       0.0000000
       1805.9940       1.0029480       1.0031849       0.0000000
       1806.0148       1.0027376       1.0037342       0.0000000
       1806.0356       1.0032482       1.0031117       0.0000000
       1806.0565       1.0035042       1.0039696       0.0000000
       1806.0773       1.0025448       1.0033042       0.0000000
       1806.0981       1.0042026       1.0050116       0.0000000
       1806.1190       1.0041316       1.0051975       0.0000000
       1806.1398       1.0056292       1.0059805       0.0000000
       1806.1606       1.0059991       1.0062326       0.0000000
       1806.1815       1.0067260       1.0068452       0.0000000
       1806.2023       1.0057617       1.0065635       0.0000000
       1806.2231       1.0056590       1.0056357       0.0000000
       1806.2440       1.0075279       1.0077840       0.0000000
       1806.2648       1.0085955       1.0097257       0.0000000
       1806.2856       1.0075760       1.0078408       0.0000000
       1806.3065       1.0081799       1.0090957       0.0000000
       1806.3273       1.0082039       1.0090063       0.0000000
       1806.3481       1.0079648       1.0086802       0.0000000
       1806.3690       1.0069416       1.0074844       0.0000000
       1806.3898       1.0083623       1.0097249       0.0000000
       1806.4106       1.0071801       1.0073144       0.0000000
       1806.4315       1.0070915       1.0073260       0.0000000
       1806.4523       1.0064257       1.0060173       0.0000000
       1806.4731       1.0064154       1.0067817       0.0000000
       1806.4940       1.0061707       1.0058204       0.0000000
       1806.5148       1.0051594       1.0050418       0.0000000
       1806.5356       1.0051805       1.0062495       0.0000000
       1806.5565       1.0038570       1.0037496       0.0000000
       1806.5773       1.0034342       1.0032398       0.0000000
       1806.5981       1.0042547       1.0043011       0.0000000
       1806.6190       1.0037558       1.0042284       0.0000000
       1806.6398       1.0032508       1.0042108       0.0000000
       1806.6606       1.0026914       1.0027772       0.0000000
       1806.6815       1.0020866       1.0021051       0.0000000
       1806.7023       1.0017862       1.0023674       0.0000000
       1806.7231       1.0019866       1.0025853       0.0000000
       1806.7440       1.0016668       1.0019245       0.0000000
       1806.7648       1.0016644       1.0023859       0.0000000
       1806.7856       1.0016990       1.0015692       0.0000000
       1806.8065       1.0018992       1.0029057       0.0000000
       1806.8273       1.0011227       1.0016015       0.0000000
       1806.8481       1.0009938       1.0010692       0.0000000
       1806.8690      0.99970442       1.0007225       0.0000000
       1806.8898      0.99994403      0.99963540       0.0000000
       1806.9106       1.0007855       1.0017384       0.0000000
       1806.9314       1.0000653      0.99978906       0.0000000
       1806.9523       1.0005572       1.0011023       0.0000000
       1806.9731       1.0012265       1.0022445       0.0000000
       1806.9939       1.0005535       1.0009563       0.0000000
       1807.0148       1.0006067       1.0008962       0.0000000
       1807.0356      0.99948412      0.99969763       0.0000000
       1807.0564       1.0009197      0.99953312       0.0000000
       1807.0773       1.0006008       1.0019277       0.0000000
       1807.0981       1.0003582       1.0011194       0.0000000
       1807.1189      0.99961555       1.0002458       0.0000000
       1807.1398      0.99945045      0.99936169       0.0000000
       1807.1606       1.0003225       1.0008016       0.0000000
       1807.1814       1.0008028       1.0013843       0.0000000
       1807.2023      0.99915344      0.99903470       0.0000000
       1807.2231      0.99868309      0.99798572       128.00000
       1807.2439      0.99957186      0.99959958       0.0000000
       1807.2648       1.0000569      0.99943060       0.0000000
       1807.2856      0.99980646      0.99951482       0.0000000
       1807.3064       1.0000522      0.99894762       0.0000000
       1807.3273       1.0001143      0.99993604       0.0000000
       1807.3481      0.99888116      0.99841392       0.0000000
       1807.3689      0.99929428      0.99952775       0.0000000
       1807.3898       1.0001377      0.99923843       0.0000000
       1807.4106      0.99833125      0.99820280       0.0000000
       1807.4314      0.99889946      0.99828309       0.0000000
       1807.4523      0.99976563      0.99936795       0.0000000
       1807.4731      0.99857259      0.99799162       0.0000000
       1807.4939      0.99909264      0.99836034       0.0000000
       1807.5148      0.99876314      0.99873132       0.0000000
       1807.5356      0.99884182      0.99833816       0.0000000
       1807.5564      0.99923003      0.99831223       0.0000000
       1807.5773      0.99865913      0.99726850       0.0000000
       1807.5981      0.99925154       1.0001957       0.0000000
       1807.6189      0.99908769      0.99879575       0.0000000
       1807.6398      0.99942714      0.99960375       0.0000000
       1807.6606      0.99985880      0.99999791       0.0000000
       1807.6814      0.99979240       1.0003698       0.0000000
       1807.7023      0.99926078      0.99950904       0.0000000
       1807.7231      0.99923992      0.99891412       0.0000000
       1807.7439      0.99891245      0.99819881       0.0000000
       1807.7648      0.99837911      0.99925041       0.0000000
       1807.7856       1.0001667       1.0005051       0.0000000
       1807.8064      0.99969214      0.99982214       0.0000000
       1807.8273      0.99905205      0.99900085       0.0000000
       1807.8481      0.99996418       1.0003505       0.0000000
       1807.8689      0.99998081      0.99976289       0.0000000
       1807.8898      0.99940139      0.99902838       0.0000000
       1807.9106      0.99944526      0.99999511       0.0000000
       1807.9314      0.99915522       1.0000210       0.0000000
       1807.9523      0.99901640      0.99814993       0.0000000
       1807.9731      0.99994797      0.99916947       0.0000000
       1807.9939  -2.2276419e-14      0.85392404       128.00000
       1808.0148       1.0004627      0.99929446       0.0000000
       1808.0356      0.99947697      0.99906701       0.0000000
       1808.0564      0.99897438      0.99855089       0.0000000
       1808.0773      0.99905032      0.99856740       0.0000000
       1808.0981      0.99969321      0.99887627       0.0000000
       1808.1189      0.99997890       1.0002159       0.0000000
       1808.1398      0.99913651      0.99975717       0.0000000
       1808.1606      0.99887627      0.99888706       0.0000000
       1808.1814      0.99892962      0.99962330       0.0000000
       1808.2023      0.99803698      0.99796486       0.0000000
       1808.2231      0.99748147      0.99719924       0.0000000
       1808.2439      0.99776214      0.99489999       0.0000000
       1808.2648       1.0000000       1.0009269       0.0000000
       1808.2856      0.99938130      0.99890029       0.0000000
       1808.3064      0.99826562      0.99914706       0.0000000
       1808.3273      0.99834496      0.99780220       0.0000000
       1808.3481      0.99976808       1.0006833       0.0000000
       1808.3689      0.99979818       1.0004591       0.0000000
       1808.3898      0.99953365       1.0005860       0.0000000
       1808.4106      0.99987990       1.0009131       0.0000000
       1808.4314       1.0003194       1.0010713       0.0000000
       1808.4523       1.0000309       1.0011570       0.0000000
       1808.4731       1.0007155       1.0007961       0.0000000
       1808.4939      0.99898750       1.0002055       0.0000000
       1808.5148       1.0005983       1.0014719       0.0000000
       1808.5356      0.99874020      0.99747437       0.0000000
       1808.5564      0.99953800       1.0003426       0.0000000
       1808.5773      0.99905819      0.99945343       0.0000000
       1808.5981       1.0002474       1.0010872       0.0000000
       1808.6189      0.99935430       1.0005590       0.0000000
       1808.6398       1.0001044       1.0011247       0.0000000
       1808.6606      0.99916410       1.0001160       0.0000000
       1808.6814       1.0000567       1.0012963       0.0000000
       1808.7023       1.0001287       1.0013757       0.0000000
       1808.7231      0.99982190       1.0000479       0.0000000
       1808.7439       1.0000560       1.0008838       0.0000000
       1808.7648      0.99993104      0.99953568       0.0000000
       1808.7856      0.99863774      0.99946368       0.0000000
       1808.8064       1.0004236       1.0013431       0.0000000
       1808.8273      0.99987584       1.0000602       0.0000000
       1808.8481       1.0000999       1.0012721       0.0000000
       1808.8689      0.99932820       1.0001777       0.0000000
       1808.8898      0.99984252       1.0001847       0.0000000
       1808.9106      0.99902463       1.0001892       0.0000000
       1808.9314      0.99934119      0.99964756       0.0000000
       1808.9523      0.99955940      0.99948609       0.0000000
       1808.9731      0.99974132       1.0007440       0.0000000
       1808.9939      0.99874651      0.99930835       0.0000000
       1809.0148      0.99965078       1.0000818       0.0000000
       1809.0356      0.99944657       1.0000356       0.0000000
       1809.0564      0.99922061      0.99932492       0.0000000
       1809.0773      0.99875414      0.99819320       0.0000000
       1809.0981      0.99942833      0.99961299       0.0000000
       1809.1189      0.99929565      0.99867618       0.0000000
       1809.1397      0.99875087      0.99721617       0.0000000
       1809.1606       1.0004238       1.0004959       0.0000000
       1809.1814      0.99935561       1.0000833       0.0000000
       1809.2022      0.99808741      0.99671316       0.0000000
       1809.2231       1.0001529      0.99860746       0.0000000
       1809.2439       1.0003984       1.0007873       0.0000000
       1809.2647      0.99967903       1.0000440       0.0000000
       1809.2856      0.99979872      0.99990284       0.0000000
       1809.3064       1.0002984       1.0005915       0.0000000
       1809.3272       1.0000331      0.99984258       0.0000000
       1809.3481      0.99962050      0.99983555       0.0000000
       1809.3689      0.99981338      0.99907285       0.0000000
       1809.3897       1.0001730       1.0006837       0.0000000
       1809.4106       1.0006794       1.0004241       0.0000000
       1809.4314       1.0010512       1.0009609       0.0000000
       1809.4522       1.0004817       1.0000836       0.0000000
       1809.4731       1.0016413       1.0016022       0.0000000
       1809.4939       1.0008824       1.0007111       0.0000000
       1809.5147       1.0015497       1.0023654       0.0000000
       1809.5356       1.0007875      0.99978155       0.0000000
       1809.5564       1.0009413       1.0012648       0.0000000
       1809.5772       1.0016679       1.0021769       0.0000000
       1809.5981       1.0018803       1.0010518       0.0000000
       1809.6189       1.0027351       1.0018281       0.0000000
       1809.6397       1.0018781       1.0011972       0.0000000
       1809.6606       1.0024906       1.0022205       0.0000000
       1809.6814       1.0021169       1.0024929       0.0000000
       1809.7022       1.0027939       1.0033604       0.0000000
       1809.7231       1.0042089       1.0041831       0.0000000
       1809.7439       1.0022293       1.0003896       0.0000000
       1809.7647       1.0031312       1.0028119       0.0000000
       1809.7856       1.0047365       1.0035000       0.0000000
       1809.8064       1.0045257       1.0038915       0.0000000
       1809.8272       1.0058467       1.0048777       0.0000000
       1809.8481       1.0052860       1.0055941       0.0000000
       1809.8689       1.0054871       1.0056697       0.0000000
       1809.8897       1.0066803       1.0062183       0.0000000
       1809.9106       1.0070357       1.0076698       0.0000000
       1809.9314       1.0070825       1.0058604       0.0000000
       1809.9522       1.0068363       1.0059689       0.0000000
       1809.9731       1.0057424       1.0048912       0.0000000
       1809.9939       1.0054712       1.0046107       0.0000000
       1810.0147       1.0071809       1.0063971       0.0000000
       1810.0356       1.0058490       1.0055462       0.0000000
       1810.0564       1.0060023       1.0043169       0.0000000
       1810.0772       1.0047623       1.0034856       0.0000000
       1810.0981       1.0045794       1.0033168       0.0000000
       1810.1189       1.0049694       1.0039465       0.0000000
       1810.1397       1.0042102       1.0040408       0.0000000
       1810.1606       1.0043895       1.0038735       0.0000000
       1810.1814       1.0029392       1.0019891       0.0000000
       1810.2022       1.0005248       1.0008162       0.0000000
       1810.2231       1.0023031       1.0013171       0.0000000
       1810.2439       1.0021321       1.0022430       0.0000000
       1810.2647       1.0021071       1.0021675       0.0000000
       1810.2856       1.0019137       1.0017868       0.0000000
       1810.3064       1.0023423       1.0028279       0.0000000
       1810.3272       1.0009985       1.0002822       0.0000000
       1810.3481      0.99997818      0.99937385       0.0000000
       1810.3689       1.0006475       1.0005491       0.0000000
       1810.3897       1.0011452       1.0004731       0.0000000
       1810.4106       1.0014333       1.0018554       0.0000000
       1810.4314       1.0014924       1.0017073       0.0000000
       1810.4522       1.0002024      0.99961370       0.0000000
       1810.4731       1.0007263       1.0007516       0.0000000
       1810.4939       1.0001477      0.99922812       0.0000000
       1810.5147      0.99948472      0.99903589       0.0000000
       1810.5356       1.0000697       1.0005453       0.0000000
       1810.5564      0.99985105       1.0010976       0.0000000
       1810.5772      0.99954045       1.0004079       0.0000000
       1810.5981       1.0009561       1.0012646       0.0000000
       1810.6189       1.0003358       1.0005062       0.0000000
       1810.6397      0.99870324      0.99937963       0.0000000
       1810.6606      0.99919283      0.99909991       0.0000000
       1810.6814      0.99868631      0.99993443       0.0000000
       1810.7022       1.0008687       1.0008155       0.0000000
       1810.7231      0.99920321      0.99874854       0.0000000
       1810.7439      0.99877459      0.99799383       0.0000000
       1810.7647       1.0004877       1.0003703       0.0000000
       1810.7856       1.0003192       1.0014516       0.0000000
       1810.8064       1.0002161       1.0005329       0.0000000
       1810.8272       1.0000125      0.99997544       0.0000000
       1810.8481       1.0000857       1.0010958       0.0000000
       1810.8689      0.99853414      0.99867994       0.0000000
       1810.8897      0.99953902      0.99987978       0.0000000
       1810.9106      0.99948299       1.0000293       0.0000000
       1810.9314      0.99994248      0.99967325       0.0000000
       1810.9522      0.99966353      0.99961901       0.0000000
       1810.9731       1.0001597       1.0006512       0.0000000
       1810.9939      0.99972498       1.0000000       0.0000000
       1811.0147      0.99829489      0.99834692       0.0000000
       1811.0355       1.0005264      0.99951434       0.0000000
       1811.0564      0.99843794      0.99883038       0.0000000
       1811.0772      0.99839801      0.99785060       0.0000000
       1811.0980      0.99896604      0.99871045       0.0000000
       1811.1189      0.99996316       1.0004735       0.0000000
       1811.1397      0.99823827      0.99765116       0.0000000
       1811.1605      0.99831522      0.99826795       0.0000000
       1811.1814      0.99926072      0.99830621       0.0000000
       1811.2022      0.99893028      0.99856263       0.0000000
       1811.2230      0.99803686      0.99783671       0.0000000
       1811.2439      0.99893218      0.99843585       0.0000000
       1811.2647      0.99832845      0.99784338       0.0000000
       1811.2855      0.99881798      0.99761349       0.0000000
       1811.3064      0.99848187      0.99844247       0.0000000
       1811.3272      0.99857897      0.99847305       0.0000000
       1811.3480      0.99895757      0.99856955       0.0000000
       1811.3689      0.99896252      0.99876344       0.0000000
       1811.3897      0.99938208      0.99905574       0.0000000
       1811.4105      0.99920648      0.99820250       0.0000000
       1811.4314      0.99857813      0.99908382       128.00000
       1811.4522      0.99846953      0.99740338       0.0000000
       1811.4730      0.99894804      0.99908870       0.0000000
       1811.4939      0.99947125      0.99945956       0.0000000
       1811.5147      0.99929291      0.99865597       0.0000000
       1811.5355      0.99801064      0.99668115       0.0000000
       1811.5564      0.99853212      0.99852222       0.0000000
       1811.5772      0.99866045      0.99869889       0.0000000
       1811.5980      0.99864203      0.99879915       0.0000000
       1811.6189      0.99818456      0.99831861       0.0000000
       1811.6397      0.99930972      0.99937642       0.0000000
       1811.6605      0.99950975      0.99991661       0.0000000
       1811.6814      0.99985880      0.99982619       0.0000000
       1811.7022      0.99860132      0.99880296       0.0000000
       1811.7230      0.99857187      0.99809146       0.0000000
       1811.7439      0.99790150      0.99640787       0.0000000
       1811.7647      0.99939895      0.99880511       0.0000000
       1811.7855      0.99932456      0.99834979       0.0000000
       1811.8064      0.99849981      0.99771690       0.0000000
       1811.8272      0.99911726      0.99834752       0.0000000
       1811.8480      0.99880737      0.99845099       0.0000000
       1811.8689      0.99889559      0.99814624       0.0000000
       1811.8897      0.99874330      0.99884915       0.0000000
       1811.9105      0.99977332      0.99928063       0.0000000
       1811.9314      0.99904782      0.99871266       0.0000000
       1811.9522      0.99983805      0.99937946       0.0000000
       1811.9730      0.99915713      0.99920952       0.0000000
       1811.9939      0.99900991      0.99898380       0.0000000
       1812.0147       1.0004044       1.0007051       0.0000000
       1812.0355      0.99917763      0.99930131       0.0000000
       1812.0564      0.99873382      0.99853975       0.0000000
       1812.0772      0.99928683      0.99935341       0.0000000
       1812.0980      0.99899560      0.99920291       0.0000000
       1812.1189      0.99885666      0.99885827       0.0000000
       1812.1397      0.99841487      0.99851900       0.0000000
       1812.1605      0.99932885      0.99952942       0.0000000
       1812.1814      0.99908704      0.99911821       0.0000000
       1812.2022      0.99997097      0.99964499       0.0000000
       1812.2230      0.99958462       1.0000038       0.0000000
       1812.2439      0.99921727       1.0002041       0.0000000
       1812.2647      0.99995750      0.99986708       0.0000000
       1812.2855      0.99966925       1.0001740       0.0000000
       1812.3064      0.99949265      0.99968886       0.0000000
       1812.3272      0.99850953      0.99862111       0.0000000
       1812.3480      0.99940038      0.99953544       0.0000000
       1812.3689      0.99796665      0.99792731       0.0000000
       1812.3897      0.99860841      0.99853349       0.0000000
       1812.4105      0.99918544      0.99891585       0.0000000
       1812.4314      0.99870718      0.99898219       0.0000000
       1812.4522      0.99918354      0.99933201       0.0000000
       1812.4730      0.99945343      0.99924004       0.0000000
       1812.4939  -2.2009983e-14      0.84371036       128.00000
       1812.5147      0.99834645      0.99667013       0.0000000
       1812.5355      0.99835795      0.99641037       0.0000000
       1812.5564      0.99863249      0.99676079       0.0000000
       1812.5772      0.99958968      0.99640918       0.0000000
       1812.5980      0.99901468      0.99654835       0.0000000
       1812.6189      0.99826425      0.99552351       0.0000000
       1812.6397       1.0002040      0.99964845       0.0000000
       1812.6605      0.99901181      0.99852735       0.0000000
       1812.6813      0.99973696      0.99975759       0.0000000
       1812.7022       1.0006340       1.0002708       0.0000000
       1812.7230      0.99916440      0.99856395       0.0000000
       1812.7438      0.99943167      0.99945605       0.0000000
       1812.7647       1.0003988      0.99969113       0.0000000
       1812.7855       1.0004190      0.99989182       0.0000000
       1812.8063      0.99954981      0.99883842       0.0000000
       1812.8272      0.99999470      0.99865657       0.0000000
       1812.8480      0.99951714      0.99753892       0.0000000
       1812.8688      0.99931067      0.99732202       0.0000000
       1812.8897       1.0002325      0.99937987       0.0000000
       1812.9105       1.0000335      0.99932826       0.0000000
       1812.9313      0.99827766      0.99681729       0.0000000
       1812.9522      0.99937189      0.99757320       0.0000000
       1812.9730       1.0004406      0.99838698       0.0000000
       1812.9938       1.0006599      0.99971378       0.0000000
       1813.0147      0.99837720      0.99738377       0.0000000
       1813.0355       1.0000694      0.99936152       0.0000000
       1813.0563      0.99948138      0.99859357       0.0000000
       1813.0772       1.0008861       1.0002925       0.0000000
       1813.0980       1.0000225      0.99920052       0.0000000
       1813.1188       1.0008442       1.0001490       0.0000000
       1813.1397       1.0004123      0.99902225       0.0000000
       1813.1605       1.0012548       1.0002903       0.0000000
       1813.1813       1.0012534       1.0007237       0.0000000
       1813.2022       1.0025022       1.0025743       0.0000000
       1813.2230       1.0029359       1.0027330       0.0000000
       1813.2438       1.0022079       1.0016911       0.0000000
       1813.2647       1.0036956       1.0039762       0.0000000
       1813.2855       1.0028037       1.0024261       0.0000000
       1813.3063       1.0033619       1.0029147       0.0000000
       1813.3272       1.0012305      0.99880576       0.0000000
       1813.3480       1.0020543       1.0002780       0.0000000
       1813.3688       1.0020430       1.0003809       0.0000000
       1813.3897       1.0027636       1.0008421       0.0000000
       1813.4105       1.0035105       1.0016730       0.0000000
       1813.4313       1.0031980       1.0011888       0.0000000
       1813.4522       1.0047870       1.0038049       0.0000000
       1813.4730       1.0049667       1.0041966       0.0000000
       1813.4938       1.0062481       1.0050824       0.0000000
       1813.5147       1.0044947       1.0027283       0.0000000
       1813.5355       1.0057682       1.0048208       0.0000000
       1813.5563       1.0052677       1.0032438       0.0000000
       1813.5772       1.0049094       1.0022575       0.0000000
       1813.5980       1.0049648       1.0023559       0.0000000
       1813.6188       1.0051093       1.0030651       0.0000000
       1813.6397       1.0048572       1.0028875       0.0000000
       1813.6605       1.0059230       1.0034519       0.0000000
       1813.6813       1.0049216       1.0029975       0.0000000
       1813.7022       1.0041469       1.0018600       0.0000000
       1813.7230       1.0045300       1.0029178       0.0000000
       1813.7438       1.0036135       1.0025932       0.0000000
       1813.7647       1.0028907       1.0018331       0.0000000
       1813.7855       1.0030524       1.0022563       0.0000000
       1813.8063       1.0025669       1.0011251       0.0000000
       1813.8272       1.0020448       1.0002803       0.0000000
       1813.8480       1.0012158       1.0000591       0.0000000
       1813.8688       1.0014955       1.0008430       0.0000000
       1813.8897      0.99950022      0.99877745       0.0000000
       1813.9105       1.0012872      0.99852711       0.0000000
       1813.9313       1.0006465      0.99913079       0.0000000
       1813.9522      0.99959487      0.99719393       0.0000000
       1813.9730      0.99955076      0.99775338       0.0000000
       1813.9938       1.0000306      0.99832910       0.0000000
       1814.0147       1.0003875       1.0002403       0.0000000
       1814.0355      0.99876601      0.99770093       0.0000000
       1814.0563      0.99989921      0.99818635       0.0000000
       1814.0772      0.99879032      0.99652445       0.0000000
       1814.0980      0.99864686      0.99624777       0.0000000
       1814.1188      0.99764305      0.99579424       0.0000000
       1814.1397      0.99865794      0.99597460       0.0000000
       1814.1605      0.99946809      0.99761623       0.0000000
       1814.1813      0.99988455      0.99974000       0.0000000
       1814.2022       1.0001315       1.0013942       0.0000000
       1814.2230       1.0003353       1.0017691       0.0000000
       1814.2438      0.99948305       1.0010086       0.0000000
       1814.2646      0.99979693       1.0001248       0.0000000
       1814.2855      0.99950975       1.0000826       0.0000000
       1814.3063      0.99936450       1.0001547       0.0000000
       1814.3271      0.99924821      0.99991781       0.0000000
       1814.3480      0.99930269       1.0001905       0.0000000
       1814.3688      0.99934953      0.99991506       0.0000000
       1814.3896       1.0013281       1.0010345       0.0000000
       1814.4105       1.0002733      0.99974406       0.0000000
       1814.4313       1.0012861       1.0007883       0.0000000
       1814.4521       1.0018340       1.0013349       0.0000000
       1814.4730      0.99973214      0.99925172       0.0000000
       1814.4938      0.99958092      0.99907827       0.0000000
       1814.5146       1.0000368      0.99958199       0.0000000
       1814.5355      0.99931139      0.99886411       0.0000000
       1814.5563      0.99891311      0.99850231       0.0000000
       1814.5771       1.0004318      0.99999475       0.0000000
       1814.5980       1.0006725       1.0002578       0.0000000
       1814.6188       1.0021368       1.0017378       0.0000000
       1814.6396       1.0005031       1.0001336       0.0000000
       1814.6605       1.0010257       1.0006499       0.0000000
       1814.6813      0.99993211      0.99959159       0.0000000
       1814.7021       1.0001571      0.99988258       0.0000000
       1814.7230       1.0009845       1.0007288       0.0000000
       1814.7438       1.0008094       1.0006013       0.0000000
       1814.7646       1.0015887       1.0015285       0.0000000
       1814.7855       1.0033916       1.0024642       0.0000000
       1814.8063       1.0005815       1.0007648       0.0000000
       1814.8271       1.0000627      0.99946213       0.0000000
       1814.8480      0.99854892      0.99887115       0.0000000
       1814.8688      0.99980807      0.99965918       0.0000000
       1814.8896       1.0027796       1.0028971       0.0000000
       1814.9105       1.0086826       1.0091134       0.0000000
       1814.9313       1.0152673       1.0155740       0.0000000
       1814.9521       1.0221028       1.0217806       128.00000
       1814.9730       1.0303533       1.0304615       128.00000
       1814.9938       1.0347353       1.0356097       128.00000
       1815.0146       1.0418724       1.0422117       128.00000
