    1106
       1790.7026       1.0254854       1.0094488       0.0000000
       1790.7234       1.0249835       1.0089853       0.0000000
       1790.7442       1.0254906       1.0089544       0.0000000
       1790.7651       1.0250188       1.0088466       0.0000000
       1790.7859       1.0257002       1.0087744       0.0000000
       1790.8067       1.0243611       1.0074097       0.0000000
       1790.8276       1.0238463       1.0072780       0.0000000
       1790.8484       1.0261233       1.0078901       0.0000000
       1790.8692       1.0262882       1.0062094       0.0000000
       1790.8901       1.0271091       1.0049536       0.0000000
       1790.9109       1.0270277       1.0044298       0.0000000
       1790.9317       1.0277315       1.0077887       0.0000000
       1790.9526       1.0286657       1.0044811       0.0000000
       1790.9734       1.0296686       1.0049449       128.00000
       1790.9942       1.0281639       1.0042281       0.0000000
       1791.0151       1.0292819       1.0049762       0.0000000
       1791.0359       1.0277276       1.0052100       0.0000000
       1791.0567       1.0303783       1.0067880       128.00000
       1791.0776       1.0286435       1.0050975       0.0000000
       1791.0984       1.0288026       1.0056468       0.0000000
       1791.3901       1.0350633      0.98745978       0.0000000
       1791.4109       1.0263760      0.98800611       0.0000000
       1791.4318       1.0184002      0.98752046       0.0000000
       1791.4526       1.0144591      0.98989105       0.0000000
       1791.4734       1.0103550      0.99059778       0.0000000
       1791.4943       1.0079992      0.99277830       0.0000000
       1791.5151       1.0060765      0.99338162       0.0000000
       1791.5359       1.0046434      0.99313349       0.0000000
       1791.5568       1.0042957      0.99434209       0.0000000
       1791.5776       1.0028769      0.99365973       0.0000000
       1791.5984       1.0026522      0.99599528       0.0000000
       1791.6193       1.0031586      0.99530995       0.0000000
       1791.6401       1.0020410      0.99683958       0.0000000
       1791.6609       1.0023545      0.99629974       0.0000000
       1791.6818       1.0011013      0.99719656       0.0000000
       1791.7026      0.99932140      0.99620140       0.0000000
       1791.7234       1.0003873      0.99714959       0.0000000
       1791.7443      0.99759722      0.99591708       0.0000000
       1791.7651      0.99844104      0.99761146       0.0000000
       1791.7859      0.99715286      0.99610990       0.0000000
       1791.8068      0.99638706      0.99658132       0.0000000
       1791.8276      0.99624252      0.99643922       128.00000
       1791.8484      0.99471468      0.99591529       0.0000000
       1791.8693      0.99502850      0.99584335       0.0000000
       1791.8901      0.99484444      0.99637538       0.0000000
       1791.9109      0.99359810      0.99530047       0.0000000
       1791.9318      0.99329412      0.99564910       0.0000000
       1791.9526      0.99256682      0.99452615       0.0000000
       1791.9734      0.99493992      0.99750704       0.0000000
       1791.9943      0.99479979      0.99728382       0.0000000
       1792.0151      0.99654931      0.99992448       0.0000000
       1792.0359      0.99752128       1.0007440       0.0000000
       1792.0568      0.99862522       1.0017694       0.0000000
       1792.0776       1.0013217       1.0043759       0.0000000
       1792.0984       1.0130501       1.0054921       128.00000
       1792.1193       1.0057739       1.0073059       0.0000000
       1792.1401       1.0062011       1.0074265       0.0000000
       1792.1609       1.0057391       1.0090625       0.0000000
       1792.1818       1.0062802       1.0083110       0.0000000
       1792.2026       1.0054389       1.0093257       0.0000000
       1792.2234       1.0135801       1.0081416       128.00000
       1792.2443       1.0058668       1.0102352       0.0000000
       1792.2651       1.0050074       1.0093600       0.0000000
       1792.2859       1.0036309       1.0083178       0.0000000
       1792.3068       1.0035580       1.0082762       0.0000000
       1792.3276       1.0038652       1.0080626       0.0000000
       1792.3484       1.0037917       1.0084125       0.0000000
       1792.3693       1.0032991       1.0075756       0.0000000
       1792.3901       1.0033844       1.0079708       0.0000000
       1792.4109       1.0024985       1.0076159       0.0000000
       1792.4318       1.0017657       1.0067657       0.0000000
       1792.4526       1.0009437       1.0051720       0.0000000
       1792.4734       1.0023962       1.0070338       0.0000000
       1792.4943       1.0005665       1.0048454       0.0000000
       1792.5151       1.0021250       1.0066745       0.0000000
       1792.5359       1.0005180       1.0048790       0.0000000
       1792.5568      0.99986500       1.0043423       0.0000000
       1792.5776       1.0008016       1.0051863       0.0000000
       1792.5984       1.0008917       1.0059222       0.0000000
       1792.6193       1.0007800       1.0055926       0.0000000
       1792.6401       1.0004945       1.0050982       0.0000000
       1792.6609       1.0016943       1.0057554       0.0000000
       1792.6818      0.99946409       1.0042430       0.0000000
       1792.7026       1.0019656       1.0031037       0.0000000
       1792.7234       1.0000973       1.0036815       0.0000000
       1792.7443       1.0007035       1.0044301       0.0000000
       1792.7651       1.0002580       1.0040164       0.0000000
       1792.7859      0.99928743       1.0033650       0.0000000
       1792.8068       1.0002445       1.0042289       0.0000000
       1792.8276      0.99988967       1.0043430       0.0000000
       1792.8484      0.99953586       1.0038874       0.0000000
       1792.8693       1.0007572       1.0050595       0.0000000
       1792.8901      0.99841821       1.0027367       0.0000000
       1792.9109       1.0006530       1.0046527       0.0000000
       1792.9318      0.99773264       1.0028306       0.0000000
       1792.9526      0.99933285       1.0033805       0.0000000
       1792.9734      0.99834174       1.0024619       0.0000000
       1792.9943      0.99877924       1.0035372       0.0000000
       1793.0151      0.99850577       1.0026331       0.0000000
       1793.0359      0.99890727       1.0031569       0.0000000
       1793.0568      0.99835640       1.0016564       0.0000000
       1793.0776      0.99868095       1.0026923       0.0000000
       1793.0984      0.99856019       1.0024825       0.0000000
       1793.1193      0.99798143       1.0027479       0.0000000
       1793.1401      0.99964970       1.0041733       0.0000000
       1793.1610      0.99748474       1.0018413       0.0000000
       1793.1818      0.99914497       1.0027473       0.0000000
       1793.2026      0.99850708       1.0031205       0.0000000
       1793.2235      0.99873549       1.0029337       0.0000000
       1793.2443      0.99731821       1.0015330       128.00000
       1793.2651      0.99868596       1.0031990       0.0000000
       1793.2860      0.99868262       1.0025935       0.0000000
       1793.3068      0.99805403       1.0020638       0.0000000
       1793.3276      0.99854797       1.0016035       0.0000000
       1793.3485      0.99771708       1.0024564       0.0000000
       1793.3693      0.99933612       1.0032855       0.0000000
       1793.3901      0.99796194       1.0024825       0.0000000
       1793.4110      0.99788541       1.0022982       0.0000000
       1793.4318      0.99897528       1.0025700       0.0000000
       1793.4526      0.99862349       1.0023075       0.0000000
       1793.4735      0.99853611       1.0025595       0.0000000
       1793.4943      0.99673080       1.0002897       0.0000000
       1793.5151      0.99781930       1.0015217       0.0000000
       1793.5360      0.99803412       1.0016687       0.0000000
       1793.5568      0.99972862       1.0034678       0.0000000
       1793.5776      0.99877274       1.0024396       0.0000000
       1793.5985      0.99862915       1.0025315       0.0000000
       1793.6193      0.99928051       1.0029551       0.0000000
       1793.6401      0.99868983       1.0024825       0.0000000
       1793.6610      0.99865115       1.0019314       0.0000000
       1793.6818      0.99901700       1.0010762       0.0000000
       1793.7026      0.99883282       1.0022286       0.0000000
       1793.7235      0.99793613       1.0005250       0.0000000
       1793.7443      0.99801552       1.0013517       0.0000000
       1793.7651      0.99810529       1.0013163       0.0000000
       1793.7860      0.99985832       1.0032289       0.0000000
       1793.8068      0.99880600       1.0008714       0.0000000
       1793.8276      0.99928135       1.0021435       0.0000000
       1793.8485      0.99966663       1.0016017       0.0000000
       1793.8693      0.99960029       1.0029942       0.0000000
       1793.8901      0.99938965       1.0021908       0.0000000
       1793.9110      0.99984151       1.0021354       0.0000000
       1793.9318      0.99936050       1.0020169       128.00000
       1793.9526       1.0002453       1.0027837       0.0000000
       1793.9735      0.99932027       1.0013739       0.0000000
       1793.9943      0.99864286       1.0013790       0.0000000
       1794.0151       1.0001692       1.0027026       0.0000000
       1794.0360      0.99995643       1.0023975       0.0000000
       1794.0568      0.99984425       1.0024371       0.0000000
       1794.0776      0.99942100       1.0021940       0.0000000
       1794.0985      0.99987012       1.0026500       0.0000000
       1794.1193      0.99979019       1.0023571       0.0000000
       1794.1401      0.99971664       1.0027070       0.0000000
       1794.1610      0.99930620       1.0022278       0.0000000
       1794.1818      0.99992287       1.0020256       0.0000000
       1794.2026      0.99927551       1.0017341       0.0000000
       1794.2235      0.99957192       1.0022615       0.0000000
       1794.2443      0.99866098       1.0011369       0.0000000
       1794.2651       1.0002086       1.0020580       0.0000000
       1794.2860      0.99973559       1.0020512       0.0000000
       1794.3068      0.99944746       1.0018810       0.0000000
       1794.3276      0.99970812       1.0021509       0.0000000
       1794.3485      0.99723941      0.99945205       0.0000000
       1794.3693      0.99896032       1.0005170       0.0000000
       1794.3901      0.99990922       1.0005258       0.0000000
       1794.4110      0.99952060       1.0010915       0.0000000
       1794.4318      0.99730146      0.99920452       0.0000000
       1794.4526      0.99760038      0.99941164       0.0000000
       1794.4735      0.99724329      0.99906421       0.0000000
       1794.4943      0.99714422      0.99932420       0.0000000
       1794.5151      0.99730909      0.99915087       0.0000000
       1794.5360      0.99548668      0.99671406       0.0000000
       1794.5568      0.99531704      0.99595809       0.0000000
       1794.5776      0.99501026      0.99588495       0.0000000
       1794.5985      0.99457538      0.99601823       0.0000000
       1794.6193      0.99405855      0.99501842       0.0000000
       1794.6401      0.99493384      0.99622524       0.0000000
       1794.6610      0.99497753      0.99575442       0.0000000
       1794.6818      0.99520725      0.99471569       0.0000000
       1794.7026      0.99525648      0.99545896       0.0000000
       1794.7235      0.99524838      0.99501526       0.0000000
       1794.7443      0.99756843      0.99785328       0.0000000
       1794.7651      0.99850315      0.99892014       0.0000000
       1794.7860       1.0002270       1.0003784       0.0000000
       1794.8068       1.0016632       1.0021873       0.0000000
       1794.8276       1.0030948       1.0032059       0.0000000
       1794.8485       1.0031375       1.0013409       0.0000000
       1794.8693       1.0051829       1.0039492       0.0000000
       1794.8901       1.0050935       1.0049138       0.0000000
       1794.9110       1.0060633       1.0051076       0.0000000
       1794.9318       1.0033363       1.0013157       0.0000000
       1794.9526  -8.0220796e-15      0.86589277       128.00000
       1794.9735       1.0029986       1.0045568       0.0000000
       1794.9943       1.0031629       1.0031747       0.0000000
       1795.0151       1.0019391       1.0028499       0.0000000
       1795.0360       1.0035489       1.0048769       0.0000000
       1795.0568       1.0022573       1.0039145       0.0000000
       1795.0776       1.0018603       1.0031004       0.0000000
       1795.0985       1.0005932       1.0020719       0.0000000
       1795.1193       1.0010782       1.0026456       0.0000000
       1795.1401       1.0005265       1.0020522       128.00000
       1795.1610      0.99941730       1.0004213       0.0000000
       1795.1818       1.0003726       1.0014242       0.0000000
       1795.2026       1.0003417       1.0008994       0.0000000
       1795.2235       1.0005302       1.0012658       0.0000000
       1795.2443      0.99831337      0.99859923       0.0000000
       1795.2651      0.99964869       1.0001878       0.0000000
       1795.2860      0.99844092      0.99848562       0.0000000
       1795.3068      0.99878699      0.99933952       0.0000000
       1795.3277      0.99984485       1.0009077       128.00000
       1795.3485      0.99834102      0.99914962       0.0000000
       1795.3693      0.99943149       1.0002458       0.0000000
       1795.3902      0.99969834       1.0007185       0.0000000
       1795.4110      0.99919534       1.0001862       0.0000000
       1795.4318      0.99893743      0.99980617       0.0000000
       1795.4527       1.0003177       1.0009775       0.0000000
       1795.4735      0.99924016       1.0004886       0.0000000
       1795.4943       1.0006790       1.0020345       0.0000000
       1795.5152      0.99994934       1.0011866       0.0000000
       1795.5360       1.0001696       1.0012519       0.0000000
       1795.5568       1.0000000       1.0008324       0.0000000
       1795.5777      0.99950612       1.0006046       0.0000000
       1795.5985       1.0005842       1.0015095       0.0000000
       1795.6193       1.0002155       1.0009606       0.0000000
       1795.6402       1.0000745       1.0002555       0.0000000
       1795.6610       1.0001557       1.0011067       0.0000000
       1795.6818      0.99958754       1.0002444       0.0000000
       1795.7027       1.0000931       1.0009317       0.0000000
       1795.7235       1.0001004       1.0009114       0.0000000
       1795.7443      0.99860489      0.99918044       0.0000000
       1795.7652      0.99858922      0.99933994       0.0000000
       1795.7860      0.99997962       1.0009801       0.0000000
       1795.8068       1.0006074       1.0012785       0.0000000
       1795.8277      0.99978930       1.0007803       0.0000000
       1795.8485      0.99943882       1.0001739       0.0000000
       1795.8693      0.99976468       1.0004066       0.0000000
       1795.8902      0.99915892       1.0001900       0.0000000
       1795.9110      0.99942487       1.0000099       0.0000000
       1795.9318      0.99948329      0.99996704       0.0000000
       1795.9527      0.99953932      0.99996102       0.0000000
       1795.9735      0.99913186       1.0000964       0.0000000
       1795.9943      0.99975187       1.0005722       0.0000000
       1796.0152      0.99927759      0.99988186       0.0000000
       1796.0360       1.0006044       1.0013795       0.0000000
       1796.0568      0.99926496      0.99969083       0.0000000
       1796.0777       1.0013275       1.0022604       0.0000000
       1796.0985      0.99832815      0.99926227       0.0000000
       1796.1193       1.0006673       1.0012810       0.0000000
       1796.1402      0.99960470       1.0004047       0.0000000
       1796.1610      0.99977833       1.0005080       0.0000000
       1796.1818      0.99943662       1.0001264       0.0000000
       1796.2027       1.0008042       1.0012648       0.0000000
       1796.2235       1.0006921       1.0010152       0.0000000
       1796.2443       1.0004070       1.0010791       0.0000000
       1796.2652       1.0012437       1.0015005       0.0000000
       1796.2860      0.99947435      0.99953127       0.0000000
       1796.3068       1.0014000       1.0018730       0.0000000
       1796.3277      0.99930423      0.99967265       0.0000000
       1796.3485       1.0005665       1.0007311       0.0000000
       1796.3693      0.99907750      0.99923790       0.0000000
       1796.3902      0.99948215      0.99976617       0.0000000
       1796.4110      0.99963796      0.99931127       0.0000000
       1796.4318      0.99963951      0.99981165       0.0000000
       1796.4527       1.0002600       1.0000550       0.0000000
       1796.4735      0.99956292      0.99960232       0.0000000
       1796.4943       1.0001197       1.0001190       0.0000000
       1796.5152      0.99857384      0.99869525       0.0000000
       1796.5360       1.0000666       1.0000879       0.0000000
       1796.5568      0.99876177      0.99874687       0.0000000
       1796.5777       1.0000598       1.0000319       0.0000000
       1796.5985      0.99946028      0.99963713       0.0000000
       1796.6193      0.99994671       1.0003690       0.0000000
       1796.6402       1.0011612       1.0005648       0.0000000
       1796.6610      0.99973845      0.99995303       0.0000000
       1796.6818       1.0000952      0.99989408       0.0000000
       1796.7027      0.99804461      0.99788076       0.0000000
       1796.7235       1.0017473       1.0011071       0.0000000
       1796.7443      0.99879563      0.99875671       0.0000000
       1796.7652       1.0013556       1.0006355       0.0000000
       1796.7860      0.99883991      0.99836624       0.0000000
       1796.8068      0.99936223      0.99907929       0.0000000
       1796.8277      0.99993914      0.99901062       0.0000000
       1796.8485      0.99886274      0.99837279       0.0000000
       1796.8693      0.99879807      0.99871647       0.0000000
       1796.8902      0.99923098      0.99877512       0.0000000
       1796.9110       1.0000418      0.99962705       0.0000000
       1796.9318      0.99826270      0.99801475       0.0000000
       1796.9527      0.99994624      0.99959654       0.0000000
       1796.9735      0.99870145      0.99810928       0.0000000
       1796.9943      0.99940264      0.99841529       0.0000000
       1797.0152      0.99774498      0.99706072       0.0000000
       1797.0360      0.99889278      0.99830806       0.0000000
       1797.0568      0.99886709      0.99736369       0.0000000
       1797.0777      0.99942577      0.99870044       0.0000000
       1797.0985      0.99932891      0.99854910       0.0000000
       1797.1193      0.99821204      0.99800813       0.0000000
       1797.1402      0.99787152      0.99703860       0.0000000
       1797.1610      0.99774522      0.99675155       0.0000000
       1797.1818      0.99551457      0.99667180       128.00000
       1797.2027      0.99645960      0.99544090       0.0000000
       1797.2235      0.99804425      0.99683172       0.0000000
       1797.2443      0.99508870      0.99392551       0.0000000
       1797.2652      0.99543238      0.99402308       0.0000000
       1797.2860      0.99544829      0.99464971       0.0000000
       1797.3068      0.99471456      0.99339217       0.0000000
       1797.3277      0.99539644      0.99422389       0.0000000
       1797.3485      0.99390554      0.99317592       0.0000000
       1797.3693      0.99474102      0.99361694       0.0000000
       1797.3902      0.99472684      0.99301147       0.0000000
       1797.4110      0.99472928      0.99370307       0.0000000
       1797.4318      0.99535948      0.99413496       0.0000000
       1797.4527      0.99887353      0.99774015       0.0000000
       1797.4735      0.99780577      0.99638474       0.0000000
       1797.4943      0.99971348      0.99853975       0.0000000
       1797.5152       1.0018772       1.0007280       0.0000000
       1797.5360       1.0025789       1.0012981       0.0000000
       1797.5568       1.0043527       1.0028700       0.0000000
       1797.5777       1.0048122       1.0034590       0.0000000
       1797.5985       1.0066546       1.0054928       0.0000000
       1797.6193       1.0058895       1.0043139       0.0000000
       1797.6402       1.0063728       1.0044402       0.0000000
       1797.6610       1.0059952       1.0040861       0.0000000
       1797.6818       1.0069453       1.0048984       0.0000000
       1797.7027       1.0047344       1.0022563       0.0000000
       1797.7235       1.0045199       1.0021001       0.0000000
       1797.7443       1.0044866       1.0022854       0.0000000
       1797.7652       1.0026093       1.0006022       0.0000000
       1797.7860       1.0026301       1.0005726       0.0000000
       1797.8068       1.0031002       1.0014117       0.0000000
       1797.8277       1.0037862       1.0017608       0.0000000
       1797.8485       1.0011566      0.99893725       0.0000000
       1797.8693       1.0027205       1.0003653       0.0000000
       1797.8902       1.0009809      0.99844968       0.0000000
       1797.9110       1.0036711       1.0021122       0.0000000
       1797.9318       1.0009273      0.99877638       0.0000000
       1797.9527       1.0026534       1.0001891       0.0000000
       1797.9735       1.0009656      0.99894243       0.0000000
       1797.9943       1.0011203      0.99868613       0.0000000
       1798.0152       1.0015938      0.99962360       0.0000000
       1798.0360       1.0001677      0.99786192       0.0000000
       1798.0568       1.0017773      0.99943125       0.0000000
       1798.0777       1.0000045      0.99725020       0.0000000
       1798.0985       1.0053368      0.99888545       128.00000
       1798.1193      0.99924242      0.99635303       0.0000000
       1798.1402       1.0005710      0.99759758       0.0000000
       1798.1610       1.0004547      0.99815285       0.0000000
       1798.1819      0.99983472      0.99746454       0.0000000
       1798.2027      0.99982762      0.99728703       0.0000000
       1798.2235      0.99955136      0.99729985       0.0000000
       1798.2444       1.0001268      0.99742383       0.0000000
       1798.2652       1.0010849      0.99888587       0.0000000
       1798.2860       1.0006891      0.99819404       0.0000000
       1798.3069      0.99928248      0.99723774       0.0000000
       1798.3277       1.0004035      0.99800497       0.0000000
       1798.3485      0.99941558      0.99671984       0.0000000
       1798.3694      0.99958992      0.99655288       0.0000000
       1798.3902       1.0002800      0.99735600       0.0000000
       1798.4110      0.99915874      0.99628848       0.0000000
       1798.4319      0.99889451      0.99633503       0.0000000
       1798.4527      0.99817753      0.99464291       0.0000000
       1798.4735      0.99957699      0.99621934       0.0000000
       1798.4944      0.99832189      0.99557394       0.0000000
       1798.5152      0.99956572      0.99685925       0.0000000
       1798.5360      0.99809027      0.99478787       0.0000000
       1798.5569      0.99876559      0.99485409       0.0000000
       1798.5777      0.99803203      0.99453437       0.0000000
       1798.5985      0.99824560      0.99445373       0.0000000
       1798.6194      0.99959248      0.99559695       0.0000000
       1798.6402      0.99787247      0.99384087       0.0000000
       1798.6610      0.99991971      0.99530637       0.0000000
       1798.6819      0.99624395      0.99206221       0.0000000
       1798.7027      0.99893981      0.99469709       0.0000000
       1798.7235      0.99812686      0.99451083       0.0000000
       1798.7444      0.99679840      0.99419588       128.00000
       1798.7652      0.99816585      0.99438471       0.0000000
       1798.7860      0.99808735      0.99375880       0.0000000
       1798.8069      0.99821836      0.99370241       0.0000000
       1798.8277      0.99796224      0.99341863       0.0000000
       1798.8485      0.99899596      0.99441987       0.0000000
       1798.8694      0.99830693      0.99299824       0.0000000
       1798.8902      0.99887294      0.99438554       0.0000000
       1798.9110      0.99778861      0.99234486       0.0000000
       1798.9319      0.99898219      0.99372411       0.0000000
       1798.9527      0.99936962      0.99411058       0.0000000
       1798.9735      0.99748653      0.99157852       0.0000000
       1798.9944      0.99857581      0.99220139       0.0000000
       1799.0152      0.99928403      0.99375600       0.0000000
       1799.0360      0.99890059      0.99199331       0.0000000
       1799.0569      0.99905139      0.99275225       0.0000000
       1799.0777       1.0028468      0.99492121       128.00000
       1799.0985      0.99976009      0.99337041       0.0000000
       1799.1194      0.99862611      0.99172854       0.0000000
       1799.1402      0.99830502      0.99064487       0.0000000
       1799.1610      0.99860346      0.99249548       0.0000000
       1799.1819      0.99819487      0.99054968       0.0000000
       1799.2027  -7.7394442e-15      0.83538425       128.00000
       1799.2235      0.99982727      0.99723780       0.0000000
       1799.2444       1.0017450      0.99857271       0.0000000
       1799.2652      0.99979401      0.99650121       0.0000000
       1799.2860       1.0009694      0.99799806       0.0000000
       1799.3069      0.99978209      0.99634153       0.0000000
       1799.3277      0.99846423      0.99481481       0.0000000
       1799.3485       1.0010794      0.99738902       0.0000000
       1799.3694      0.99877191      0.99556756       0.0000000
       1799.3902       1.0005794      0.99707788       0.0000000
       1799.4110       1.0000004      0.99682617       0.0000000
       1799.4319       1.0004653      0.99693149       0.0000000
       1799.4527      0.99913818      0.99607974       0.0000000
       1799.4735       1.0007451      0.99766380       0.0000000
       1799.4944      0.99939424      0.99638480       0.0000000
       1799.5152      0.99983859      0.99651575       0.0000000
       1799.5360       1.0024914      0.99585271       128.00000
       1799.5569      0.99968302      0.99621195       0.0000000
       1799.5777      0.99898010      0.99603754       0.0000000
       1799.5985      0.99891752      0.99585366       0.0000000
       1799.6194      0.99907112      0.99565303       0.0000000
       1799.6402      0.99973094      0.99642563       0.0000000
       1799.6610      0.99844176      0.99500358       0.0000000
       1799.6819      0.99838907      0.99551529       0.0000000
       1799.7027      0.99884748      0.99558794       0.0000000
       1799.7235      0.99940777      0.99633616       0.0000000
       1799.7444      0.99380213      0.99459350       128.00000
       1799.7652      0.99816573      0.99471653       0.0000000
       1799.7860      0.99896896      0.99546599       0.0000000
       1799.8069      0.99905747      0.99579006       0.0000000
       1799.8277      0.99844658      0.99498552       0.0000000
       1799.8485      0.99823892      0.99452591       0.0000000
       1799.8694      0.99743897      0.99354267       0.0000000
       1799.8902      0.99859983      0.99505419       0.0000000
       1799.9110      0.99643767      0.99310267       0.0000000
       1799.9319      0.99672550      0.99338126       0.0000000
       1799.9527      0.99624604      0.99268401       0.0000000
       1799.9735      0.99667680      0.99327296       0.0000000
       1799.9944      0.99670833      0.99288940       0.0000000
       1800.0152      0.99552935      0.99185395       0.0000000
       1800.0360      0.99523073      0.99155337       0.0000000
       1800.0569      0.99447459      0.99105102       0.0000000
       1800.0777      0.99611580      0.99237150       0.0000000
       1800.0985      0.99478340      0.99098277       0.0000000
       1800.1194      0.99673653      0.99319166       0.0000000
       1800.1402      0.99647081      0.99295372       0.0000000
       1800.1610      0.99797702      0.99428082       0.0000000
       1800.1819      0.99886853      0.99530756       0.0000000
       1800.2027      0.99962497      0.99613589       0.0000000
       1800.2235       1.0024532      0.99838036       0.0000000
       1800.2444       1.0024911      0.99857336       0.0000000
       1800.2652       1.0055689       1.0021040       0.0000000
       1800.2860       1.0061699       1.0026447       0.0000000
       1800.3069       1.0069194       1.0033449       0.0000000
       1800.3277       1.0079497       1.0039161       0.0000000
       1800.3485       1.0074519       1.0040071       0.0000000
       1800.3694       1.0077195       1.0037695       0.0000000
       1800.3902       1.0066788       1.0030112       128.00000
       1800.4110       1.0053949       1.0033723       128.00000
       1800.4319       1.0076661       1.0034322       128.00000
       1800.4527       1.0071013       1.0031945       128.00000
       1800.4735       1.0060577       1.0020754       128.00000
       1800.4944       1.0051554       1.0005273       128.00000
       1800.5152       1.0057430       1.0014791       128.00000
       1800.5360       1.0067245       1.0022820       128.00000
       1800.5569       1.0051033       1.0006549       128.00000
       1800.5777       1.0051044       1.0003338       128.00000
       1800.5985       1.0043285      0.99952739       128.00000
       1800.6194       1.0044847       1.0002605       128.00000
       1800.6402       1.0026962      0.99836439       128.00000
       1800.6610       1.0049523       1.0000995       128.00000
       1800.6819       1.0041382      0.99909467       128.00000
       1800.7027       1.0042285      0.99970096       128.00000
       1800.7235       1.0040293      0.99887037       128.00000
       1800.7444       1.0052034      0.99975854       128.00000
       1800.7652       1.0067586       1.0008194       128.00000
       1800.7860       1.0048610      0.99885398       128.00000
       1800.8069       1.0070633       1.0009434       128.00000
       1800.8277       1.0061414      0.99915993       128.00000
       1800.8485       1.0064411       1.0001467       128.00000
       1800.8694       1.0063169      0.99987310       128.00000
       1800.8902       1.0068204      0.99992514       128.00000
       1800.9110       1.0065628      0.99983484       128.00000
       1800.9319       1.0060349      0.99908805       128.00000
       1800.9527       1.0078725       1.0004361       128.00000
       1800.9735       1.0071622      0.99997610       128.00000
       1800.9944       1.0065602      0.99933177       128.00000
       1801.0152       1.0067248      0.99923766       128.00000
       1801.0360       1.0061269      0.99805826       128.00000
       1801.0569       1.0068748      0.99818200       128.00000
       1801.0777       1.0093088       1.0000000       128.00000
       1801.0985       1.0078878      0.99809146       128.00000
       1801.1194       1.0094199      0.99921930       128.00000
       1801.1402       1.0085763      0.99811804       128.00000
       1801.1610       1.0082930      0.99767935       128.00000
       1801.1819       1.0089960      0.99825752       128.00000
       1801.2027       1.0079647      0.99712199       128.00000
       1801.2235       1.0099953      0.99902087       128.00000
       1801.2444       1.0085169      0.99740225       128.00000
       1801.2652       1.0099572      0.99859983       128.00000
       1801.2860       1.0082420      0.99660897       128.00000
       1801.3069       1.0095193      0.99748522       128.00000
       1801.3277       1.0113407      0.99875641       128.00000
       1801.3485       1.0098972      0.99668419       128.00000
       1801.3694       1.0109650      0.99698842       128.00000
       1801.3902       1.0108628      0.99614930       128.00000
       1801.4110       1.0118166      0.99630821       128.00000
       1801.4319       1.0126450      0.99630004       128.00000
       1801.4527       1.0132289      0.99599284       128.00000
       1801.4735       1.0153756      0.99714595       128.00000
       1801.4944       1.0177238      0.99868125       128.00000
       1801.5152       1.0173892      0.99694079       128.00000
       1801.5360       1.0192618      0.99755353       128.00000
       1801.5569       1.0194473      0.99652737       128.00000
       1801.5777       1.0204079      0.99632102       128.00000
       1801.5985       1.0224332      0.99706340       128.00000
       1801.6194       1.0223788      0.99575591       128.00000
       1801.6402       1.0254307      0.99728084       128.00000
       1801.6610       1.0256720      0.99577230       128.00000
       1801.6819       1.0297430      0.99771899       128.00000
       1801.7027       1.0298030      0.99522597       128.00000
       1801.7235       1.0336977      0.99595976       128.00000
       1801.7444       1.0387866      0.99752045       128.00000
       1801.7652       1.0429294      0.99783701       128.00000
       1801.7860       1.0475050      0.99811697       128.00000
       1801.8069       1.0525644      0.99866170       128.00000
       1801.8277       1.0593886       1.0007213       128.00000
       1801.8485       1.0649493       1.0014577       128.00000
       1801.8694       1.0751017       1.0065269       128.00000
       1801.8902       1.0830032       1.0093926       128.00000
       1801.9110       1.0923612       1.0135416       128.00000
       1801.9319       1.1033609       1.0189208       128.00000
       1801.9527       1.1153885       1.0247598       128.00000
       1801.9735       1.1282288       1.0306802       128.00000
       1801.9944       1.1439444       1.0387104       128.00000
       1802.0152       1.1584115       1.0453670       128.00000
       1802.0360       1.1727911       1.0518585       128.00000
       1802.0569       1.1914096       1.0618176       128.00000
       1802.0777       1.2060170       1.0674142       128.00000
       1802.0985       1.2252339       1.0763549       128.00000
       1802.1194       1.2441081       1.0848045       128.00000
       1802.1402       1.2617102       1.0925506       128.00000
       1802.1610       1.2783020       1.1003184       128.00000
       1802.1819       1.2918930       1.1064676       128.00000
       1802.2027       1.3013870       1.1106133       128.00000
       1802.2235       1.3087639       1.1144845       128.00000
       1802.2444       1.3088090       1.1139879       128.00000
       1802.2652       1.3080986       1.1150963       128.00000
       1802.2860       1.3029686       1.1150955       128.00000
       1802.3069       1.2892827       1.1100589       128.00000
       1802.3277       1.2744490       1.1060538       128.00000
       1802.3485       1.2527469       1.0978550       128.00000
       1802.3694       1.2281271       1.0889788       128.00000
       1802.3902       1.2028493       1.0799274       128.00000
       1802.4110       1.1759578       1.0683330       128.00000
       1802.4319       1.1497955       1.0563167       128.00000
       1803.4736      0.99964046       1.0015773       0.0000000
       1803.4944      0.99942356       1.0009454       0.0000000
       1803.5152      0.99972576       1.0011386       0.0000000
       1803.5361      0.99923551       1.0002038       0.0000000
       1803.5569      0.99794418      0.99907857       0.0000000
       1803.5777      0.99945736       1.0005168       0.0000000
       1803.5986      0.99928135       1.0000101       0.0000000
       1803.6194      0.99963284       1.0008582       0.0000000
       1803.6402      0.99762225      0.99904811       128.00000
       1803.6611       1.0006561       1.0014181       0.0000000
       1803.6819      0.99729574      0.99767214       0.0000000
       1803.7027      0.99878699      0.99878800       0.0000000
       1803.7236      0.99949908       1.0002304       0.0000000
       1803.7444      0.99636585      0.99731553       0.0000000
       1803.7652      0.99979973       1.0005120       128.00000
       1803.7861      0.99936658      0.99982989       0.0000000
       1803.8069      0.99899733      0.99977994       0.0000000
       1803.8277      0.99735790      0.99760604       0.0000000
       1803.8486      0.99916953      0.99944216       0.0000000
       1803.8694      0.99756223      0.99795711       0.0000000
       1803.8902      0.99811494      0.99857187       0.0000000
       1803.9111      0.99757421      0.99768221       0.0000000
       1803.9319      0.99730873      0.99784875       0.0000000
       1803.9527      0.99923307      0.99937856       0.0000000
       1803.9736      0.99623144      0.99692464       0.0000000
       1803.9944      0.99854207      0.99871010       0.0000000
       1804.0152      0.99778199      0.99835420       0.0000000
       1804.0361      0.99664527      0.99679846       0.0000000
       1804.0569      0.99788111      0.99812359       0.0000000
       1804.0777      0.99792665      0.99821478       0.0000000
       1804.0986      0.99764770      0.99816120       0.0000000
       1804.1194      0.99832320      0.99838114       0.0000000
       1804.1402      0.99650705      0.99675608       0.0000000
       1804.1611      0.99864060      0.99875706       0.0000000
       1804.1819      0.99825871      0.99862486       0.0000000
       1804.2027      0.99716967      0.99719858       0.0000000
       1804.2236      0.99929804      0.99984843       0.0000000
       1804.2444      0.99810928      0.99823040       0.0000000
       1804.2652      0.99867868      0.99898839       0.0000000
       1804.2861      0.99763536      0.99760139       0.0000000
       1804.3069      0.99943656      0.99937701       0.0000000
       1804.3277      0.99755704      0.99730414       0.0000000
       1804.3486      0.99778736      0.99788731       0.0000000
       1804.3694      0.99797207      0.99826992       0.0000000
       1804.3902      0.99966580      0.99956483       0.0000000
       1804.4111      0.99804562      0.99784243       0.0000000
       1804.4319      0.99796438      0.99742812       0.0000000
       1804.4527       1.0004526       1.0003814       0.0000000
       1804.4736       1.0007665      0.99634969       128.00000
       1804.4944      0.99987298      0.99866503       0.0000000
       1804.5152      0.99925846      0.99842066       0.0000000
       1804.5361      0.99899274      0.99799186       0.0000000
       1804.5569      0.99982446      0.99863404       0.0000000
       1804.5777      0.99840254      0.99730819       0.0000000
       1804.5986      0.99473763      0.99804360       128.00000
       1804.6194       1.0005429      0.99973583       0.0000000
       1804.6402      0.99844992      0.99770749       0.0000000
       1804.6611      0.99943697      0.99775100       0.0000000
       1804.6819       1.0009581      0.99981642       0.0000000
       1804.7027      0.99881786      0.99804306       0.0000000
       1804.7236      0.99994999      0.99843740       0.0000000
       1804.7444      0.99902856      0.99781179       0.0000000
       1804.7652      0.99943900      0.99871659       0.0000000
       1804.7861       1.0005835      0.99868703       0.0000000
       1804.8069       1.0013859      0.99983472       0.0000000
       1804.8277      0.99852502      0.99720097       0.0000000
       1804.8486       1.0000000      0.99941301       0.0000000
       1804.8694       1.0008633      0.99842620       128.00000
       1804.8902      0.99980557      0.99935293       0.0000000
       1804.9111       1.0016397       1.0002714       0.0000000
       1804.9319       1.0000018      0.99884427       0.0000000
       1804.9527       1.0011353      0.99915367       0.0000000
       1804.9736       1.0002630      0.99913913       0.0000000
       1804.9944       1.0014533       1.0001366       0.0000000
       1805.0152       1.0000806      0.99880195       0.0000000
       1805.0361       1.0007761      0.99936926       0.0000000
       1805.0569      0.99983293      0.99916452       0.0000000
       1805.0777      0.99973917      0.99858582       0.0000000
       1805.0986       1.0014420       1.0000000       0.0000000
       1805.1194       1.0001242      0.99783468       0.0000000
       1805.1402       1.0012692      0.99899334       0.0000000
       1805.1611       1.0006638      0.99908793       0.0000000
       1805.1819       1.0004681      0.99876964       0.0000000
       1805.2027      0.99976116      0.99809003       0.0000000
       1805.2236      0.99937230      0.99826270       0.0000000
       1805.2444      0.99899566      0.99778557       0.0000000
       1805.2652       1.0001117      0.99866879       0.0000000
       1805.2861      0.99928707      0.99744803       0.0000000
       1805.3069      0.99806648      0.99705672       0.0000000
       1805.3277      0.99786991      0.99670106       0.0000000
       1805.3486      0.99800330      0.99678290       0.0000000
       1805.3694      0.99689806      0.99601012       0.0000000
       1805.3902      0.99611795      0.99459189       0.0000000
       1805.4111      0.99612743      0.99467248       0.0000000
       1805.4319      0.99560946      0.99396563       0.0000000
       1805.4527      0.99516702      0.99438655       0.0000000
       1805.4736      0.99479222      0.99338180       0.0000000
       1805.4944      0.99450487      0.99291193       0.0000000
       1805.5152      0.99386472      0.99248892       0.0000000
       1805.5361      0.99331790      0.99302328       0.0000000
       1805.5569      0.99382931      0.99305189       0.0000000
       1805.5777      0.99456108      0.99318981       0.0000000
       1805.5986      0.99500811      0.99465173       0.0000000
       1805.6194      0.99820429      0.99693167       0.0000000
       1805.6402      0.99939448      0.99814671       0.0000000
       1805.6611      0.99955082      0.99807888       0.0000000
       1805.6819       1.0021785       1.0007079       0.0000000
       1805.7027       1.0031424       1.0010904       0.0000000
       1805.7236       1.0039139       1.0025514       0.0000000
       1805.7444       1.0052770       1.0038537       128.00000
       1805.7652       1.0059649       1.0040817       0.0000000
       1805.7861       1.0054604       1.0045184       0.0000000
       1805.8069       1.0044142       1.0034841       0.0000000
       1805.8277       1.0064429       1.0059285       0.0000000
       1805.8486       1.0056882       1.0049354       0.0000000
       1805.8694       1.0057602       1.0042398       0.0000000
       1805.8902       1.0049933       1.0034280       0.0000000
       1805.9111       1.0031931       1.0031443       0.0000000
       1805.9319       1.0030408       1.0023462       0.0000000
       1805.9527       1.0038849       1.0021790       0.0000000
       1805.9736       1.0035919       1.0032434       0.0000000
       1805.9944       1.0023658       1.0022377       0.0000000
       1806.0152       1.0022599       1.0023609       0.0000000
       1806.0361       1.0006924      0.99985021       0.0000000
       1806.0569       1.0013477       1.0007643       0.0000000
       1806.0777      0.99899459      0.99922681       128.00000
       1806.0986       1.0031607       1.0035335       0.0000000
       1806.1194       1.0013945       1.0017205       0.0000000
       1806.1402       1.0005773       1.0003928       0.0000000
       1806.1611       1.0017669       1.0011467       0.0000000
       1806.1819       1.0014068       1.0010868       0.0000000
       1806.2027       1.0015094       1.0016648       0.0000000
       1806.2236       1.0010544       1.0007825       0.0000000
       1806.2444       1.0023679       1.0024313       0.0000000
       1806.2652       1.0009642       1.0011077       0.0000000
       1806.2861       1.0010365       1.0009580       0.0000000
       1806.3069       1.0023175       1.0024838       0.0000000
       1806.3277       1.0017483       1.0019946       0.0000000
       1806.3486       1.0019592       1.0021721       0.0000000
       1806.3694       1.0033253       1.0029811       0.0000000
       1806.3902      0.99632925       1.0025636       128.00000
       1806.4111       1.0017891       1.0015280       0.0000000
       1806.4319       1.0032381       1.0027318       0.0000000
       1806.4527       1.0028610       1.0020679       0.0000000
       1806.4736       1.0020121       1.0018722       0.0000000
       1806.4944       1.0023199       1.0015855       0.0000000
       1806.5152       1.0020659       1.0014657       0.0000000
       1806.5361       1.0012460       1.0012918       0.0000000
       1806.5569      0.99932337      0.99916798       0.0000000
       1806.5777       1.0015846       1.0008687       0.0000000
       1806.5986       1.0008126       1.0002027       0.0000000
       1806.6194       1.0013386       1.0012879       0.0000000
       1806.6402       1.0012912       1.0013968       0.0000000
       1806.6611       1.0024565       1.0016552       0.0000000
       1806.6819       1.0004922      0.99976540       0.0000000
       1806.7027      0.99976718      0.99994469       0.0000000
       1806.7236       1.0007646       1.0001161       0.0000000
       1806.7444       1.0006148       1.0001204       0.0000000
       1806.7652      0.99932611      0.99922222       0.0000000
       1806.7861       1.0001035      0.99918932       0.0000000
       1806.8069      0.99977970      0.99992931       0.0000000
       1806.8277      0.99981582      0.99954677       0.0000000
       1806.8486       1.0004320      0.99999660       0.0000000
       1806.8694       1.0007743       1.0009251       0.0000000
       1806.8902       1.0008721      0.99991763       0.0000000
       1806.9111      0.99888802      0.99930084       0.0000000
       1806.9319      0.99969536      0.99894893       0.0000000
       1806.9527       1.0008370       1.0002636       0.0000000
       1806.9736      0.99857086       1.0000180       128.00000
       1806.9944      0.99902993      0.99863189       0.0000000
       1807.0152       1.0005201      0.99996871       0.0000000
       1807.0361       1.0003927      0.99942023       0.0000000
       1807.0569      0.99950594      0.99916548       0.0000000
       1807.0777      0.99938101      0.99962741       0.0000000
       1807.0986      0.99906725      0.99915147       0.0000000
       1807.1194      0.99934906      0.99930370       0.0000000
       1807.1402       1.0001640      0.99947757       0.0000000
       1807.1611      0.99905550      0.99907577       0.0000000
       1807.1819      0.99862468      0.99825007       0.0000000
       1807.2027      0.99898213      0.99834853       0.0000000
       1807.2236      0.99870032      0.99737972       0.0000000
       1807.2444      0.99843317      0.99760365       0.0000000
       1807.2652      0.99914706      0.99815607       0.0000000
       1807.2861      0.99962968      0.99872971       0.0000000
       1807.3069      0.99886686      0.99788713       0.0000000
       1807.3277      0.99894869      0.99825978       0.0000000
       1807.3486      0.99952722      0.99851829       0.0000000
       1807.3694      0.99970937      0.99916106       0.0000000
       1807.3902       1.0004668      0.99952161       0.0000000
       1807.4111       1.0004148      0.99841374       128.00000
       1807.4319       1.0016131       1.0004016       0.0000000
       1807.4527      0.99980849      0.99882823       0.0000000
       1807.4736       1.0001515      0.99920630       0.0000000
       1807.4944      0.99936593      0.99808890       0.0000000
       1807.5152       1.0005176      0.99987906       0.0000000
       1807.5361      0.99984151      0.99891609       0.0000000
       1807.5569      0.99986917      0.99880362       0.0000000
       1807.5777       1.0003544      0.99888772       0.0000000
       1807.5986       1.0002122       1.0002252       0.0000000
       1807.6194      0.99924839      0.99851882       0.0000000
       1807.6402      0.99945384      0.99901789       0.0000000
       1807.6611       1.0017166       1.0012479       0.0000000
       1807.6819      0.99930650      0.99957544       0.0000000
       1807.7027       1.0006012       1.0006214       0.0000000
       1807.7236       1.0002511      0.99937677       0.0000000
       1807.7444       1.0013452      0.99984592       0.0000000
       1807.7652       1.0009428       1.0004537       0.0000000
       1807.7861      0.99924481      0.99912483       0.0000000
       1807.8069      0.99991459      0.99947757       0.0000000
       1807.8277       1.0010406       1.0000968       0.0000000
       1807.8485       1.0008743       1.0005401       0.0000000
       1807.8694      0.99947506      0.99892563       0.0000000
       1807.8902       1.0018232       1.0006243       0.0000000
       1807.9110       1.0005177       1.0000993       0.0000000
       1807.9319       1.0003860       1.0004897       0.0000000
       1807.9527       1.0007905      0.99932587       0.0000000
       1807.9735      0.99988836      0.99872178       0.0000000
       1807.9944  -4.6848719e-15      0.85653532       128.00000
       1808.0152      0.99670136      0.99651241       0.0000000
       1808.0360      0.99798173      0.99793828       0.0000000
       1808.0569      0.99842763      0.99837595       0.0000000
       1808.0777      0.99757731      0.99750811       0.0000000
       1808.0985      0.99620295      0.99631321       0.0000000
       1808.1194      0.99674660      0.99740607       0.0000000
       1808.1402      0.99704611      0.99732590       0.0000000
       1808.1610      0.99605739      0.99625421       0.0000000
       1808.1819      0.99606866      0.99632293       0.0000000
       1808.2027      0.99285734      0.99320614       0.0000000
       1808.2235      0.99450338      0.99393260       0.0000000
       1808.2444      0.99219501      0.99093682       0.0000000
       1808.2652      0.99672073      0.99702227       0.0000000
       1808.2860      0.99415815      0.99445850       0.0000000
       1808.3069      0.99728954      0.99739707       0.0000000
       1808.3277      0.99554831      0.99508661       0.0000000
       1808.3485       1.0005269       1.0009322       0.0000000
       1808.3694      0.99904555      0.99980628       0.0000000
       1808.3902       1.0012326       1.0020101       0.0000000
       1808.4110       1.0051202       1.0054740       0.0000000
       1808.4319       1.0037224       1.0046643       0.0000000
       1808.4527       1.0058551       1.0064940       0.0000000
       1808.4735       1.0048487       1.0051342       0.0000000
       1808.4944       1.0061299       1.0068759       0.0000000
       1808.5152       1.0056801       1.0066584       0.0000000
       1808.5360       1.0043957       1.0033596       0.0000000
       1808.5569       1.0051910       1.0062879       0.0000000
       1808.5777       1.0040888       1.0045543       0.0000000
       1808.5985       1.0039439       1.0047376       0.0000000
       1808.6194       1.0035319       1.0043918       0.0000000
       1808.6402       1.0043856       1.0050132       0.0000000
       1808.6610       1.0023496       1.0033420       0.0000000
       1808.6819       1.0016953       1.0025371       0.0000000
       1808.7027       1.0009224       1.0021526       0.0000000
       1808.7235       1.0017886       1.0018162       0.0000000
       1808.7444       1.0017086       1.0023096       0.0000000
       1808.7652      0.99867123      0.99894738       0.0000000
       1808.7860       1.0011533       1.0020292       0.0000000
       1808.8069      0.99971640       1.0002987       0.0000000
       1808.8277      0.99956334      0.99955308       0.0000000
       1808.8485      0.99973100       1.0003595       0.0000000
       1808.8694      0.99973816       1.0003939       0.0000000
       1808.8902       1.0001041       1.0004139       0.0000000
       1808.9110       1.0007439       1.0012460       0.0000000
       1808.9319      0.99998152       1.0002488       0.0000000
       1808.9527      0.99969488      0.99998611       0.0000000
       1808.9735      0.99950373      0.99998683       0.0000000
       1808.9944       1.0008857       1.0011952       0.0000000
       1809.0152       1.0005697       1.0007149       0.0000000
       1809.0360       1.0007561       1.0012980       0.0000000
       1809.0569      0.99990374      0.99960124       0.0000000
       1809.0777       1.0010860       1.0004761       0.0000000
       1809.0985       1.0007471       1.0005333       0.0000000
       1809.1194      0.99929637      0.99937373       0.0000000
       1809.1402       1.0002996      0.99944639       0.0000000
       1809.1610      0.99987471       1.0004537       0.0000000
       1809.1819       1.0006089       1.0014335       0.0000000
       1809.2027      0.99972355      0.99949831       0.0000000
       1809.2235      0.99826360      0.99801052       0.0000000
       1809.2444      0.99987280       1.0003263       0.0000000
       1809.2652       1.0005814       1.0010272       0.0000000
       1809.2860       1.0006098       1.0005637       0.0000000
       1809.3069       1.0010244      0.99997759       0.0000000
       1809.3277      0.99914831      0.99930632       0.0000000
       1809.3485      0.99898010      0.99861646       0.0000000
       1809.3694       1.0010414       1.0003383       0.0000000
       1809.3902       1.0008110       1.0009116       0.0000000
       1809.4110      0.99942112      0.99932534       0.0000000
       1809.4319      0.99965751      0.99979031       0.0000000
       1809.4527       1.0004766       1.0000590       0.0000000
       1809.4735       1.0003585       1.0003003       0.0000000
       1809.4944       1.0004462       1.0008143       0.0000000
       1809.5152       1.0002995       1.0003365       0.0000000
       1809.5360       1.0000578      0.99912989       0.0000000
       1809.5569       1.0013793       1.0013802       0.0000000
       1809.5777      0.99994057       1.0000165       0.0000000
       1809.5985       1.0018070       1.0010602       0.0000000
       1809.6194      0.99973530      0.99904287       0.0000000
       1809.6402       1.0007336       1.0000190       0.0000000
       1809.6610       1.0007497       1.0000882       0.0000000
       1809.6819       1.0010635       1.0006564       0.0000000
       1809.7027       1.0008286       1.0004917       0.0000000
       1809.7235       1.0002427      0.99999136       0.0000000
       1809.7444       1.0007041      0.99901998       0.0000000
       1809.7652       1.0004408      0.99944943       0.0000000
       1809.7860       1.0030051       1.0007290       0.0000000
       1809.8069       1.0000693      0.99832177       0.0000000
       1809.8277       1.0003601      0.99973947       0.0000000
       1809.8485       1.0015304       1.0014292       0.0000000
       1809.8694       1.0007176       1.0008014       128.00000
       1809.8902       1.0004667      0.99997616       0.0000000
       1809.9110       1.0010352       1.0009217       0.0000000
       1809.9319       1.0040717      0.99944061       128.00000
       1809.9527       1.0008619      0.99983412       0.0000000
       1809.9735       1.0010827       1.0001956       0.0000000
       1809.9944       1.0000902      0.99930942       0.0000000
       1810.0152       1.0006356      0.99986988       0.0000000
       1810.0360      0.99983019      0.99929148       0.0000000
       1810.0569       1.0005101      0.99918056       0.0000000
       1810.0777      0.99915498      0.99825507       0.0000000
       1810.0985       1.0004405      0.99968374       0.0000000
       1810.1194      0.99964386      0.99882984       0.0000000
       1810.1402       1.0010208       1.0011483       0.0000000
       1810.1610       1.0009309       1.0005996       0.0000000
       1810.1819      0.99994528      0.99963242       0.0000000
       1810.2027       1.0008183      0.99997711       0.0000000
       1810.2235       1.0001262      0.99947047       0.0000000
       1810.2444       1.0012349       1.0008264       0.0000000
       1810.2652       1.0004221       1.0005366       0.0000000
       1810.2860       1.0013222       1.0012143       0.0000000
       1810.3069      0.99965680       1.0002444       0.0000000
       1810.3277       1.0004923       1.0001838       0.0000000
       1810.3485       1.0007583       1.0003877       0.0000000
       1810.3694       1.0012490       1.0007634       0.0000000
       1810.3902       1.0007108       1.0001018       0.0000000
       1810.4110       1.0005320       1.0008467       0.0000000
       1810.4319       1.0002625       1.0002234       0.0000000
       1810.4527      0.99920064      0.99902141       0.0000000
       1810.4735       1.0013564       1.0011550       0.0000000
       1810.4944       1.0007341       1.0000197       0.0000000
       1810.5152       1.0013953       1.0009501       0.0000000
       1810.5360       1.0009059       1.0014441       0.0000000
       1810.5569      0.99979579       1.0009639       0.0000000
       1810.5777       1.0002198       1.0009862       0.0000000
       1810.5985      0.99863487      0.99934047       0.0000000
       1810.6194      0.99908268      0.99924511       0.0000000
       1810.6402      0.99866909      0.99913698       0.0000000
       1810.6610      0.99741608      0.99824518       0.0000000
       1810.6819      0.99917060      0.99968010       0.0000000
       1810.7027      0.99826586      0.99883223       0.0000000
       1810.7235      0.99904615      0.99886322       0.0000000
       1810.7444      0.99779952      0.99771202       0.0000000
       1810.7652      0.99795634      0.99807739       0.0000000
       1810.7860      0.99678165      0.99771035       0.0000000
       1810.8069      0.99681234      0.99747539       0.0000000
       1810.8277      0.99500144      0.99555165       0.0000000
       1810.8485      0.99609452      0.99666458       0.0000000
       1810.8694      0.99541181      0.99614769       128.00000
       1810.8902      0.99468964      0.99508405       0.0000000
       1810.9110      0.99382746      0.99440199       0.0000000
       1810.9319      0.99558526      0.99576026       0.0000000
       1810.9527      0.99441987      0.99450988       0.0000000
       1810.9735      0.99430782      0.99516028       0.0000000
       1810.9944      0.99388874      0.99435753       0.0000000
       1811.0152      0.99603683      0.99618083       0.0000000
       1811.0360      0.99773061      0.99719739       0.0000000
       1811.0569      0.99807584      0.99828207       0.0000000
       1811.0777      0.99979454      0.99949610       0.0000000
       1811.0985       1.0022442       1.0020475       0.0000000
       1811.1194       1.0026780       1.0031800       0.0000000
       1811.1402       1.0039480       1.0036243       0.0000000
       1811.1610       1.0063710       1.0063808       0.0000000
       1811.1819       1.0054890       1.0052699       0.0000000
       1811.2027       1.0065606       1.0063350       0.0000000
       1811.2235       1.0072699       1.0072390       0.0000000
       1811.2444       1.0065128       1.0063206       0.0000000
       1811.2652       1.0063910       1.0064870       0.0000000
       1811.2860       1.0056461       1.0052919       0.0000000
       1811.3069       1.0054673       1.0055026       0.0000000
       1811.3277       1.0050024       1.0050056       0.0000000
       1811.3485       1.0055252       1.0056183       0.0000000
       1811.3694       1.0028096       1.0028633       0.0000000
       1811.3902       1.0038077       1.0037409       0.0000000
       1811.4110       1.0035582       1.0030435       0.0000000
       1811.4319       1.0031688       1.0032290       0.0000000
       1811.4527       1.0036380       1.0030942       0.0000000
       1811.4735       1.0024841       1.0027457       0.0000000
       1811.4944       1.0027287       1.0027674       0.0000000
       1811.5152       1.0020037       1.0018959       0.0000000
       1811.5360       1.0021228       1.0013951       0.0000000
       1811.5569       1.0008525       1.0008124       0.0000000
       1811.5777       1.0019913       1.0021663       0.0000000
       1811.5985       1.0013808       1.0011324       0.0000000
       1811.6194       1.0019294       1.0019321       0.0000000
       1811.6402       1.0018055       1.0016614       0.0000000
       1811.6610       1.0009563       1.0014484       0.0000000
       1811.6819       1.0006113       1.0006694       0.0000000
       1811.7027       1.0007101       1.0008996       0.0000000
       1811.7235       1.0016617       1.0015631       0.0000000
       1811.7444       1.0006288      0.99978030       0.0000000
       1811.7652       1.0015665       1.0010818       0.0000000
       1811.7860       1.0019040       1.0012686       0.0000000
       1811.8069       1.0030317       1.0022256       0.0000000
       1811.8277       1.0014597       1.0008345       0.0000000
       1811.8485       1.0025808       1.0025907       0.0000000
       1811.8694       1.0017917       1.0016233       0.0000000
       1811.8902       1.0018507       1.0017581       0.0000000
       1811.9110       1.0013589       1.0010304       0.0000000
       1811.9319       1.0009438       1.0008206       0.0000000
       1811.9527       1.0019598       1.0017197       0.0000000
       1811.9735       1.0010483       1.0008622       0.0000000
       1811.9944       1.0000554       1.0003937       0.0000000
       1812.0152       1.0004636       1.0009017       0.0000000
       1812.0360       1.0008726       1.0006928       0.0000000
       1812.0569       1.0003399       1.0006145       0.0000000
       1812.0777       1.0003433       1.0006077       0.0000000
       1812.0985       1.0017562       1.0021113       0.0000000
       1812.1194      0.99901950      0.99906069       0.0000000
       1812.1402       1.0015600       1.0019505       0.0000000
       1812.1610      0.99998283       1.0000528       0.0000000
       1812.1819       1.0007151       1.0010599       0.0000000
       1812.2027      0.99908429      0.99921823       0.0000000
       1812.2235      0.99940193      0.99974847       0.0000000
       1812.2444      0.99813592      0.99890226       0.0000000
       1812.2652      0.99994129       1.0000497       0.0000000
       1812.2860      0.99993354       1.0002289       0.0000000
       1812.3069       1.0002903       1.0005904       0.0000000
       1812.3277      0.99999124      0.99997681       0.0000000
       1812.3485      0.99936283      0.99966818       0.0000000
       1812.3694      0.99968982      0.99973828       0.0000000
       1812.3902      0.99952024      0.99949551       0.0000000
       1812.4110      0.99974453      0.99959958       0.0000000
       1812.4319      0.99925190      0.99985856       0.0000000
       1812.4527      0.99979150      0.99993235       0.0000000
       1812.4735      0.99950022      0.99940741       0.0000000
       1812.4944  -4.6309710e-15      0.84668010       128.00000
       1812.5152      0.99746257      0.99728066       0.0000000
       1812.5360      0.99857259      0.99824327       0.0000000
       1812.5569      0.99837261      0.99775821       0.0000000
       1812.5777      0.99760067      0.99684060       0.0000000
       1812.5985      0.99762046      0.99688703       0.0000000
       1812.6194      0.99759555      0.99673295       0.0000000
       1812.6402      0.99892342      0.99925888       0.0000000
       1812.6610      0.99933612      0.99951446       0.0000000
       1812.6819       1.0000089       1.0006024       0.0000000
       1812.7027      0.99875528      0.99899971       0.0000000
       1812.7235      0.99874598      0.99882138       0.0000000
       1812.7444      0.99900305      0.99944329       0.0000000
       1812.7652      0.99907845      0.99919695       0.0000000
       1812.7860      0.99920905      0.99954534       0.0000000
       1812.8069      0.99995965      0.99982405       0.0000000
       1812.8277       1.0002863       1.0000892       0.0000000
       1812.8485      0.99746847      0.99682462       0.0000000
       1812.8694       1.0005627      0.99928170       0.0000000
       1812.8902      0.99979752      0.99942547       0.0000000
       1812.9110      0.99943024      0.99965221       0.0000000
       1812.9319      0.99739993      0.99748117       0.0000000
       1812.9527      0.99917471      0.99895024       0.0000000
       1812.9735      0.99911213      0.99917299       0.0000000
       1812.9943      0.99924952       1.0001570       0.0000000
       1813.0152      0.99794596      0.99852306       0.0000000
       1813.0360      0.99967104       1.0003574       0.0000000
       1813.0568       1.0002424       1.0009590       0.0000000
       1813.0777      0.99962550       1.0003194       0.0000000
       1813.0985      0.99974716       1.0005333       0.0000000
       1813.1193      0.99982584       1.0003834       0.0000000
       1813.1402       1.0010502       1.0013022       0.0000000
       1813.1610       1.0009336       1.0012546       0.0000000
       1813.1818       1.0003898       1.0009800       0.0000000
       1813.2027       1.0000283       1.0012221       0.0000000
       1813.2235       1.0000378       1.0010469       0.0000000
       1813.2443      0.99983025       1.0007905       0.0000000
       1813.2652      0.99980175       1.0010732       0.0000000
       1813.2860       1.0000479       1.0011506       0.0000000
       1813.3068      0.99982643       1.0008309       0.0000000
       1813.3277      0.99813145      0.99736410       0.0000000
       1813.3485       1.0009581       1.0007440       0.0000000
       1813.3693       1.0000646      0.99993491       0.0000000
       1813.3902      0.99826676      0.99818206       0.0000000
       1813.4110      0.99766380      0.99768251       0.0000000
       1813.4318      0.99908620      0.99889302       0.0000000
       1813.4527      0.99926186      0.99992448       0.0000000
       1813.4735      0.99838310      0.99910414       0.0000000
       1813.4943      0.99691343      0.99739367       0.0000000
       1813.5152      0.99729061      0.99710977       0.0000000
       1813.5360      0.99642670      0.99738389       0.0000000
       1813.5568      0.99695492      0.99723631       0.0000000
       1813.5777      0.99463654      0.99445260       0.0000000
       1813.5985      0.99355465      0.99331510       0.0000000
       1813.6193      0.99509227      0.99549758       0.0000000
       1813.6402      0.99622548      0.99652332       0.0000000
       1813.6610      0.99520350      0.99490660       0.0000000
       1813.6818      0.99430001      0.99470526       0.0000000
       1813.7027      0.99569267      0.99610925       0.0000000
       1813.7235      0.99507338      0.99585009       0.0000000
       1813.7443      0.99582362      0.99685401       0.0000000
       1813.7652      0.99690801      0.99840444       0.0000000
       1813.7860      0.99824601       1.0000602       0.0000000
       1813.8068      0.99949807       1.0008043       0.0000000
       1813.8277       1.0019301       1.0030909       0.0000000
       1813.8485       1.0028944       1.0046560       0.0000000
       1813.8693       1.0033841       1.0050144       0.0000000
       1813.8902       1.0044686       1.0052862       0.0000000
       1813.9110       1.0049167       1.0057722       0.0000000
       1813.9318       1.0054466       1.0067103       128.00000
       1813.9527       1.0048223       1.0054744       0.0000000
       1813.9735       1.0065933       1.0079986       0.0000000
       1813.9943       1.0050238       1.0066420       0.0000000
       1814.0152       1.0041147       1.0069283       0.0000000
       1814.0360       1.0051546       1.0074478       0.0000000
       1814.0568       1.0035622       1.0059034       0.0000000
       1814.0777       1.0034523       1.0052588       0.0000000
       1814.0985       1.0021898       1.0041009       0.0000000
       1814.1193       1.0017121       1.0036941       0.0000000
       1814.1402       1.0015215       1.0035627       0.0000000
       1814.1610       1.0044550       1.0036333       128.00000
       1814.1818       1.0019896       1.0041561       0.0000000
       1814.2027       1.0024750       1.0047116       0.0000000
       1814.2235      0.99965930       1.0019439       0.0000000
       1814.2443       1.0007420       1.0030985       0.0000000
       1814.2652      0.99958825       1.0020390       0.0000000
       1814.2860       1.0004319       1.0029618       0.0000000
       1814.3068       1.0006412       1.0033169       0.0000000
       1814.3277      0.99897045       1.0017917       0.0000000
       1814.3485       1.0020056       1.0049945       0.0000000
       1814.3693       1.0021204       1.0052793       0.0000000
       1814.3902       1.0004076       1.0037374       0.0000000
       1814.4110       1.0000275       1.0034499       0.0000000
       1814.4318      0.99908400       1.0026666       0.0000000
       1814.4527       1.0007411       1.0044684       0.0000000
       1814.4735      0.99998552       1.0038372       0.0000000
       1814.4943      0.99939257       1.0033696       0.0000000
       1814.5152       1.0001181       1.0042870       0.0000000
       1814.5360      0.99747807       1.0018623       0.0000000
       1814.5568      0.99625379       1.0008467       0.0000000
       1814.5777      0.99831218       1.0032055       0.0000000
       1814.5985      0.99717951       1.0030292       0.0000000
       1814.6193      0.99775594       1.0032881       0.0000000
       1814.6402      0.99705458       1.0029846       0.0000000
       1814.6610      0.99725711       1.0036631       0.0000000
       1814.6818      0.99582785       1.0027822       0.0000000
       1814.7027      0.99573749       1.0033553       0.0000000
       1814.7235      0.99411511       1.0024816       0.0000000
       1814.7443      0.99510455       1.0043319       0.0000000
       1814.7652      0.99512285       1.0052544       0.0000000
       1814.7860      0.99615651       1.0071998       0.0000000
       1814.8068      0.99703699       1.0089594       0.0000000
       1814.8277       1.0019357       1.0146745       0.0000000
       1814.8485       1.0059556       1.0195827       0.0000000
       1814.8693       1.0083412       1.0227107       0.0000000
       1814.8902       1.0149223       1.0301973       0.0000000
       1814.9110       1.0181315       1.0341866       0.0000000
       1814.9318       1.0227180       1.0395784       0.0000000
       1814.9527       1.0280011       1.0460047       128.00000
       1814.9735       1.0344269       1.0536977       128.00000
       1814.9943       1.0427737       1.0636979       128.00000
       1815.0152       1.0500032       1.0727725       128.00000
