    1288
       1624.9946       1.0160711       1.0051280       0.0000000
       1625.0154       1.0160087       1.0048335       0.0000000
       1625.0362       1.0154138       1.0044725       0.0000000
       1625.0571       1.0138741       1.0023916       0.0000000
       1625.0779       1.0143288       1.0031310       0.0000000
       1625.0987       1.0117294       1.0008469       0.0000000
       1625.1196       1.0118333       1.0009452       0.0000000
       1625.1404       1.0085185      0.99744624       0.0000000
       1625.1612       1.0077419      0.99429250       0.0000000
       1625.1821       1.0133935      0.99440444       128.00000
       1625.2029       1.0058726      0.99346375       0.0000000
       1625.2237       1.0058469      0.99248093       128.00000
       1625.2446       1.0040239      0.99240351       128.00000
       1625.2654       1.0032876      0.99019849       128.00000
       1625.2862       1.0022255      0.98870820       0.0000000
       1625.3071      0.99624234      0.98473322       128.00000
       1625.3279       1.0014845      0.98955590       128.00000
       1625.3487      0.99362487      0.98014593       0.0000000
       1625.3696      0.95972049      0.94702131       0.0000000
       1625.3904      0.91671902      0.90660262       0.0000000
       1625.4112      0.87274504      0.86318481       0.0000000
       1625.4321      0.83757579      0.82897693       0.0000000
       1625.4529      0.82346421      0.81420159       0.0000000
       1625.4737      0.83424354      0.82403481       128.00000
       1625.4946      0.86351168      0.85301131       0.0000000
       1625.5154      0.90695101      0.89779389       0.0000000
       1625.5362      0.95187998      0.94259405       0.0000000
       1625.5571      0.98786694      0.97818917       0.0000000
       1625.5779      0.99733263      0.98850971       0.0000000
       1625.5987      0.99770761      0.98937881       0.0000000
       1625.6196      0.99849659      0.99055219       0.0000000
       1625.6404      0.99748909      0.98963070       0.0000000
       1625.6612      0.99731493      0.99023575       0.0000000
       1625.6821      0.99762976      0.98959470       0.0000000
       1625.7029      0.99809772      0.98916572       0.0000000
       1625.7237      0.99783474      0.98946530       0.0000000
       1625.7446      0.99666685      0.98868561       0.0000000
       1625.7654      0.99718755      0.99050736       0.0000000
       1625.7862      0.99821794      0.99101192       0.0000000
       1625.8071      0.99733877      0.98955470       0.0000000
       1625.8279       1.0008228      0.99297500       0.0000000
       1625.8487      0.99890763      0.98947686       0.0000000
       1625.8696      0.99973607      0.99181730       0.0000000
       1625.8904       1.0010693      0.99161488       0.0000000
       1625.9112       1.0002532      0.99354988       0.0000000
       1625.9321       1.0021811      0.99428546       0.0000000
       1625.9529       1.0029616      0.99565619       0.0000000
       1625.9737       1.0013133      0.99363905       0.0000000
       1625.9946       1.0025589      0.99526274       0.0000000
       1626.0154       1.0031954      0.99683666       0.0000000
       1626.0362       1.0041714      0.99819613       0.0000000
       1626.0571       1.0036265      0.99731094       0.0000000
       1626.0779       1.0039698      0.99812353       0.0000000
       1626.0987       1.0047076      0.99859655       0.0000000
       1626.1196       1.0030348      0.99685627       0.0000000
       1626.1404       1.0028095      0.99602520       0.0000000
       1626.1612       1.0026468      0.99585509       0.0000000
       1626.1821       1.0040048      0.99792904       0.0000000
       1626.2029       1.0028616      0.99677092       0.0000000
       1626.2237       1.0020278      0.99679279       0.0000000
       1626.2446       1.0023502      0.99709213       0.0000000
       1626.2654       1.0033281      0.99734437       0.0000000
       1626.2862       1.0018426      0.99535763       0.0000000
       1626.3071       1.0026082      0.99684036       0.0000000
       1626.3279       1.0008562      0.99521548       0.0000000
       1626.3487       1.0008253      0.99509549       0.0000000
       1626.3696       1.0011829      0.99667567       0.0000000
       1626.3904      0.98468375      0.99569887       128.00000
       1626.4112       1.0019084      0.99704170       0.0000000
       1626.4321       1.0012573      0.99622983       0.0000000
       1626.4529       1.0008118      0.99575382       0.0000000
       1626.4737       1.0005608      0.99576902       0.0000000
       1626.4946       1.0007769      0.99545532       0.0000000
       1626.5154      0.99905431      0.99308443       0.0000000
       1626.5362       1.0001247      0.99540132       0.0000000
       1626.5571      0.99759007      0.99126095       0.0000000
       1626.5779       1.0004642      0.99527258       0.0000000
       1626.5987      0.99910045      0.99453622       0.0000000
       1626.6196       1.0003893      0.99590510       0.0000000
       1626.6404      0.99795091      0.99306220       0.0000000
       1626.6612      0.99833524      0.99382615       0.0000000
       1626.6821      0.99935997      0.99381685       0.0000000
       1626.7029       1.0007195      0.99508667       0.0000000
       1626.7237      0.99786776      0.99253225       0.0000000
       1626.7446      0.99782699      0.99201471       0.0000000
       1626.7654      0.99745846      0.99238479       0.0000000
       1626.7862      0.99925154      0.99434334       0.0000000
       1626.8071      0.99889737      0.99379039       0.0000000
       1626.8279      0.99897659      0.99367392       0.0000000
       1626.8487      0.99789935      0.99276912       0.0000000
       1626.8696      0.99851751      0.99417335       0.0000000
       1626.8904      0.99966228      0.99434686       0.0000000
       1626.9112      0.99872237      0.99436593       0.0000000
       1626.9321      0.99095911      0.98480666       0.0000000
       1626.9529      0.97836351      0.97275299       0.0000000
       1626.9737      0.95903987      0.95316494       0.0000000
       1626.9946      0.94519985      0.94011849       0.0000000
       1627.0154      0.93361592      0.92934752       0.0000000
       1627.0362      0.92919117      0.92469448       0.0000000
       1627.0571      0.92826074      0.92504150       0.0000000
       1627.0779      0.93466634      0.93103862       0.0000000
       1627.0987      0.94842863      0.94456130       0.0000000
       1627.1196      0.96384269      0.95921671       0.0000000
       1627.1404      0.97929674      0.97398579       0.0000000
       1627.1612      0.99357736      0.98907006       0.0000000
       1627.1821      0.99874520      0.99382162       0.0000000
       1627.2029      0.99974328      0.99434292       128.00000
       1627.2237      0.99935889      0.99368906       0.0000000
       1627.2446      0.99882638      0.99338365       0.0000000
       1627.2654       1.0000304      0.99580187       0.0000000
       1627.2862      0.99804646      0.99235308       0.0000000
       1627.3071      0.99871594      0.99465132       0.0000000
       1627.3279      0.99873322      0.99290919       0.0000000
       1627.3487      0.99879056      0.99389565       0.0000000
       1627.3696      0.99833179      0.99265063       0.0000000
       1627.3904      0.99906921      0.99297577       0.0000000
       1627.4112      0.99823374      0.99268782       0.0000000
       1627.4321      0.99881870      0.99423236       0.0000000
       1627.4529      0.99765784      0.99199510       0.0000000
       1627.4737       1.0001727      0.99522072       0.0000000
       1627.4946      0.99938339      0.99329561       0.0000000
       1627.5154       1.0003450      0.99624228       0.0000000
       1627.5362      0.99990511      0.99556667       0.0000000
       1627.5571       1.0013177      0.99638122       0.0000000
       1627.5779       1.0005534      0.99462295       0.0000000
       1627.5987      0.99911380      0.99510413       0.0000000
       1627.6196       1.0022094      0.99948287       0.0000000
       1627.6404       1.0026888      0.99943292       0.0000000
       1627.6612       1.0004658      0.99607188       0.0000000
       1627.6821       1.0017214      0.99835628       0.0000000
       1627.7029       1.0000237      0.99586153       0.0000000
       1627.7237       1.0014101      0.99734509       0.0000000
       1627.7446       1.0006040      0.99768829       0.0000000
       1627.7654       1.0015136      0.99830955       0.0000000
       1627.7862       1.0011526      0.99841243       0.0000000
       1627.8071       1.0017136      0.99809957       0.0000000
       1627.8279       1.0005147      0.99635220       0.0000000
       1627.8487       1.0009511      0.99741864       0.0000000
       1627.8696       1.0010524      0.99716443       0.0000000
       1627.8904       1.0009331      0.99775058       0.0000000
       1627.9112       1.0007901      0.99781340       0.0000000
       1627.9321       1.0012039      0.99698651       0.0000000
       1627.9529       1.0013620      0.99777687       0.0000000
       1627.9737       1.0006441      0.99698114       0.0000000
       1627.9946       1.0009817      0.99644774       0.0000000
       1628.0154       1.0009241      0.99797451       0.0000000
       1628.0362       1.0011321      0.99765861       0.0000000
       1628.0571       1.0016782      0.99816108       0.0000000
       1628.0779       1.0021058      0.99928135       0.0000000
       1628.0987       1.0016643      0.99796164       0.0000000
       1628.1196      0.85200322      0.84825593       128.00000
       1628.1404      0.99732560      0.99169105       128.00000
       1628.1612      0.99929655      0.99438477       128.00000
       1628.1821      0.99931824      0.99294013       128.00000
       1628.2029      0.99813998      0.99382800       128.00000
       1628.2237       1.0028259      0.99782449       128.00000
       1628.2446       1.0025256      0.99848169       0.0000000
       1628.2654      0.99979138      0.99617559       0.0000000
       1628.2862       1.0000000      0.99456131       128.00000
       1628.3071      0.99972922      0.99411702       128.00000
       1628.3279       1.0008074      0.99641085       128.00000
       1628.3487       1.0010048      0.99688548       128.00000
       1628.3696       1.0012920      0.99604142       128.00000
       1628.3904      0.99608499      0.99157113       128.00000
       1628.4112       1.0003190      0.99533147       128.00000
       1628.4321       1.0012985      0.99707884       0.0000000
       1628.4529       1.0006008      0.99510956       128.00000
       1628.4737      0.99870431      0.99326575       128.00000
       1628.4946       1.0002221      0.99566746       128.00000
       1628.5154      0.99958581      0.99283391       128.00000
       1628.5362      0.99858814      0.99059093       128.00000
       1628.5571       1.0009255      0.99580026       128.00000
       1628.5779       1.0005902      0.99615526       0.0000000
       1628.5987      0.99900597      0.99393409       128.00000
       1628.6196      0.99726790      0.99276263       128.00000
       1628.6404       1.0021591      0.99727291       0.0000000
       1628.6612      0.99895322      0.99354023       0.0000000
       1628.6821      0.99881482      0.99444753       0.0000000
       1628.7029      0.99965030      0.99467653       0.0000000
       1628.7237       1.0001974      0.99355662       128.00000
       1628.7446       1.0008854      0.99745709       0.0000000
       1628.7654       1.0019648      0.99674696       0.0000000
       1628.7862       1.0011426      0.99646914       128.00000
       1628.8071       1.0007586      0.99629962       128.00000
       1628.8279      0.99774909      0.99251395       128.00000
       1628.8487       1.0003726      0.99684381       0.0000000
       1628.8696       1.0018662      0.99850112       0.0000000
       1628.8904      0.99987870      0.99453449       128.00000
       1628.9112      0.99973094      0.99456906       128.00000
       1628.9321      0.99936694      0.99648249       128.00000
       1628.9529      0.99992359      0.99637944       0.0000000
       1628.9737       1.0006678      0.99722713       128.00000
       1628.9946       1.0007720      0.99683809       128.00000
       1629.0154       1.0002040      0.99573237       0.0000000
       1629.0362      0.99983537      0.99763262       0.0000000
       1629.0571       1.0008171      0.99866450       0.0000000
       1629.0779      0.99873126      0.99516833       0.0000000
       1629.0987      0.99976623      0.99564743       0.0000000
       1629.1196      0.99941486      0.99702466       0.0000000
       1629.1404      0.99881399      0.99563724       0.0000000
       1629.1612       1.0001922      0.99719203       0.0000000
       1629.1821      0.99995375      0.99749720       0.0000000
       1629.2029       1.0000482      0.99623603       128.00000
       1629.2237      0.99952692      0.99721521       0.0000000
       1629.2446       1.0007868      0.99894553       0.0000000
       1629.2654       1.0012794      0.99909872       0.0000000
       1629.2862      0.99986279      0.99743801       0.0000000
       1629.3071       1.0000753      0.99539745       0.0000000
       1629.3279       1.0008514      0.99865341       0.0000000
       1629.3487       1.0004849      0.99837339       0.0000000
       1629.3696       1.0003188      0.99773109       0.0000000
       1629.3904       1.0012887      0.99943572       0.0000000
       1629.4112       1.0005360      0.99908876       0.0000000
       1629.4321       1.0006492      0.99837357       0.0000000
       1629.4529       1.0001118      0.99810302       0.0000000
       1629.4737      0.99977940      0.99889404       0.0000000
       1629.4946       1.0008632      0.99957663       0.0000000
       1629.5154       1.0000576      0.99717802       0.0000000
       1629.5362       1.0003514      0.99937707       128.00000
       1629.5571       1.0113297      0.99826026       128.00000
       1629.5779      0.99892616      0.99772346       128.00000
       1629.5987       1.0006579       1.0006033       0.0000000
       1629.6196       1.0001471      0.99848735       128.00000
       1629.6404      0.99528664       1.0007057       128.00000
       1629.6612       1.0003374      0.99931234       0.0000000
       1629.6821      0.99975550      0.99700147       0.0000000
       1629.7029      0.99965757      0.99899411       0.0000000
       1629.7237       1.0008922       1.0004777       0.0000000
       1629.7446       1.0015650       1.0000846       0.0000000
       1629.7654      0.99934947      0.99844140       0.0000000
       1629.7862      0.99874747      0.99785423       0.0000000
       1629.8071       1.0002335       1.0006884       0.0000000
       1629.8279       1.0003296      0.99927455       0.0000000
       1629.8487      0.99957639      0.99891073       0.0000000
       1629.8696      0.99815536      0.99737471       0.0000000
       1629.8904      0.99812084      0.99733359       0.0000000
       1629.9112       1.0013740       1.0007342       0.0000000
       1629.9321      0.99797171      0.99681431       0.0000000
       1629.9529      0.99803942      0.99713010       0.0000000
       1629.9737      0.99835569      0.99723125       0.0000000
       1629.9946      0.99855506      0.99831951       0.0000000
       1630.0154      0.99902993      0.99788332       0.0000000
       1630.0362      0.99800664      0.99715805       0.0000000
       1630.0571      0.99895525      0.99798435       0.0000000
       1630.0779      0.99839801      0.99893528       0.0000000
       1630.0987      0.99929148      0.99910855       0.0000000
       1630.1196      0.99886107      0.99839360       0.0000000
       1630.1404      0.99841464      0.99848318       0.0000000
       1630.1612      0.99985790      0.99961346       0.0000000
       1630.1821      0.99838990      0.99745840       0.0000000
       1630.2029      0.99801844      0.99764210       0.0000000
       1630.2237      0.99895936      0.99751097       0.0000000
       1630.2446      0.99893028      0.99879235       0.0000000
       1630.2654      0.99815696      0.99848098       0.0000000
       1630.2862      0.99894029      0.99783653       0.0000000
       1630.3071      0.99875331      0.99846041       0.0000000
       1630.3279      0.99921113      0.99771017       0.0000000
       1630.3487      0.99870563      0.99839628       0.0000000
       1630.3696      0.99915087      0.99830407       0.0000000
       1630.3904      0.99903309      0.99715340       0.0000000
       1630.4112      0.99989241      0.99934918       0.0000000
       1630.4321      0.99890566      0.99828064       0.0000000
       1630.4529      0.99869472      0.99861449       0.0000000
       1630.4737      0.99779385      0.99757260       0.0000000
       1630.4946      0.99943078      0.99877739       0.0000000
       1630.5154      0.99957150      0.99937433       0.0000000
       1630.5362      0.99929017      0.99904746       0.0000000
       1630.5571      0.99823564      0.99789959       0.0000000
       1630.5779      0.99658316      0.99608898       0.0000000
       1630.5987      0.99749237      0.99673647       0.0000000
       1630.6196      0.99829155      0.99856162       0.0000000
       1630.6404      0.99923605      0.99862808       0.0000000
       1630.6612      0.99701780      0.99687248       0.0000000
       1630.6821      0.97938204      0.97948146       0.0000000
       1630.7029      0.94023019      0.94040066       0.0000000
       1630.7237      0.89358473      0.89283919       0.0000000
       1630.7446      0.85328543      0.85294533       0.0000000
       1630.7654      0.82872558      0.82890534       0.0000000
       1630.7862      0.82681328      0.82719254       0.0000000
       1630.8071      0.84607100      0.84601259       0.0000000
       1630.8279      0.88359439      0.88400543       0.0000000
       1630.8487      0.92962098      0.93058240       0.0000000
       1630.8696      0.97145373      0.97143078       0.0000000
       1630.8904      0.99514681      0.99453843       0.0000000
       1630.9112      0.99813396      0.99852693       0.0000000
       1630.9321      0.99817532      0.99922860       0.0000000
       1630.9529      0.99875307      0.99963522       0.0000000
       1630.9737      0.99722427      0.99750662       0.0000000
       1630.9946      0.99867302      0.99891382       0.0000000
       1631.0154      0.99885798      0.99944001       0.0000000
       1631.0362      0.99952954      0.99996436       0.0000000
       1631.0571      0.99968159       1.0007963       0.0000000
       1631.0779      0.99988490       1.0002720       0.0000000
       1631.0987       1.0003488       1.0007828       128.00000
       1631.1196       1.0022339       1.0034927       0.0000000
       1631.1404       1.0011930       1.0019623       0.0000000
       1631.1612       1.0022681       1.0029728       0.0000000
       1631.1821       1.0032297       1.0032921       0.0000000
       1631.2029       1.0034711       1.0041059       0.0000000
       1631.2237       1.0033584       1.0039564       0.0000000
       1631.2446      0.84652734      0.84678203       128.00000
       1631.2654       1.0011617      0.99875563       128.00000
       1631.2862       1.0026243       1.0016463       0.0000000
       1631.3071       1.0040859       1.0031786       0.0000000
       1631.3279       1.0042566       1.0037349       128.00000
       1631.3487       1.0057933       1.0066231       0.0000000
       1631.3696       1.0059298       1.0067365       0.0000000
       1631.3904       1.0051173       1.0056914       0.0000000
       1631.4112       1.0044781       1.0049295       128.00000
       1631.4321       1.0045196       1.0051423       128.00000
       1631.4529       1.0055144       1.0058800       0.0000000
       1631.4737       1.0062944       1.0053136       0.0000000
       1631.4946       1.0044371       1.0040596       0.0000000
       1631.5154       1.0031356       1.0017396       128.00000
       1631.5362       1.0037001       1.0039128       0.0000000
       1631.5571       1.0047723       1.0051284       0.0000000
       1631.5779       1.0034863       1.0021052       128.00000
       1631.5987       1.0037782       1.0023569       0.0000000
       1631.6196       1.0033215       1.0029227       0.0000000
       1631.6404       1.0029329       1.0020825       0.0000000
       1631.6612       1.0026420       1.0009966       0.0000000
       1631.6821       1.0014533       1.0008539       128.00000
       1631.7029       1.0024726       1.0007961       0.0000000
       1631.7237       1.0010715       1.0011314       0.0000000
       1631.7446      0.99988961      0.99819720       128.00000
       1631.7654       1.0009261      0.99990278       128.00000
       1631.7862       1.0011424       1.0018263       0.0000000
       1631.8071       1.0009778      0.99989587       128.00000
       1631.8279       1.0011040       1.0001003       128.00000
       1631.8487       1.0020199       1.0020616       0.0000000
       1631.8696      0.99889261      0.99781400       0.0000000
       1631.8904      0.99959296      0.99971622       128.00000
       1631.9112       1.0015072       1.0012270       0.0000000
       1631.9321      0.99682587      0.99854964       128.00000
       1631.9529      0.99934381      0.99816149       0.0000000
       1631.9737       1.0004081       1.0007640       0.0000000
       1631.9946       1.0003644      0.99814188       0.0000000
       1632.0154      0.99848759      0.99842489       128.00000
       1632.0362       1.0016152       1.0014960       0.0000000
       1632.0571      0.98944914      0.99993271       128.00000
       1632.0779      0.99959719      0.99981314       128.00000
       1632.0987       1.0009288       1.0018132       128.00000
       1632.1196      0.99974597       1.0002798       0.0000000
       1632.1404       1.0018538       1.0021034       0.0000000
       1632.1612      0.99908221      0.99836069       128.00000
       1632.1821      0.99890083      0.99968272       0.0000000
       1632.2029       1.0008509       1.0011324       128.00000
       1632.2237       1.0011100       1.0027808       0.0000000
       1632.2446      0.99839628       1.0002128       128.00000
       1632.2654      0.98654330      0.98721832       128.00000
       1632.2862      0.97362798      0.97511446       0.0000000
       1632.3071      0.95614648      0.95650756       0.0000000
       1632.3279      0.94268739      0.94479364       0.0000000
       1632.3487      0.93136889      0.93302184       0.0000000
       1632.3696      0.92840767      0.92880392       0.0000000
       1632.3904      0.93379557      0.93573880       0.0000000
       1632.4112      0.94419080      0.94671983       0.0000000
       1632.4321      0.95913696      0.96172637       0.0000000
       1632.4529      0.97548282      0.97817200       0.0000000
       1632.4737      0.99000746      0.99225855       0.0000000
       1632.4946       1.0007303       1.0018401       0.0000000
       1632.5154       1.0006443       1.0025687       0.0000000
       1632.5362       1.0011050       1.0029595       0.0000000
       1632.5571      0.99909323       1.0000000       0.0000000
       1632.5779       1.0007795       1.0026548       128.00000
       1632.5987       1.0011656       1.0035319       0.0000000
       1632.6196       1.0005970       1.0023049       0.0000000
       1632.6404      0.99999535       1.0020211       0.0000000
       1632.6612       1.0009309       1.0040431       0.0000000
       1632.6821       1.0016948       1.0047468       0.0000000
       1632.7029       1.0004154       1.0033814       0.0000000
       1632.7237       1.0011375       1.0037043       0.0000000
       1632.7446       1.0016774       1.0042926       0.0000000
       1632.7654       1.0012069       1.0035697       0.0000000
       1632.7862       1.0001227       1.0025856       0.0000000
       1632.8071       1.0002365       1.0022138       128.00000
       1632.8279      0.99986953       1.0024463       0.0000000
       1632.8487       1.0013770       1.0037428       0.0000000
       1632.8696       1.0017551       1.0040766       0.0000000
       1632.8904       1.0013099       1.0044770       0.0000000
       1632.9112       1.0006782       1.0034590       0.0000000
       1632.9321       1.0003904       1.0034426       0.0000000
       1632.9529       1.0011270       1.0035818       0.0000000
       1632.9737       1.0007359       1.0037879       0.0000000
       1632.9946      0.99967521       1.0010972       0.0000000
       1633.0154      0.99882036       1.0021361       0.0000000
       1633.0362      0.97850651       1.0030737       128.00000
       1633.0571      0.98896325       1.0040540       128.00000
       1633.0779      0.99923372       1.0019778       0.0000000
       1633.0987      0.99925327       1.0011852       0.0000000
       1633.1196      0.99918878       1.0026057       0.0000000
       1633.1404       1.0006828       1.0030599       0.0000000
       1633.1612      0.99951589       1.0025035       0.0000000
       1633.1821      0.99938792       1.0027306       0.0000000
       1633.2029      0.99841052       1.0013062       0.0000000
       1633.2237      0.99960929       1.0020163       0.0000000
       1633.2446      0.99914360       1.0019368       0.0000000
       1633.2654      0.99903381       1.0019294       0.0000000
       1633.2862      0.99979568       1.0026298       0.0000000
       1633.3071      0.99968702       1.0028253       0.0000000
       1633.3279      0.99889809       1.0026056       0.0000000
       1633.3487       1.0009435       1.0038574       0.0000000
       1633.3695      0.99972737       1.0026017       0.0000000
       1633.3904      0.99938887       1.0024588       0.0000000
       1633.4112      0.99995553       1.0026231       0.0000000
       1633.4320      0.99905986       1.0018697       0.0000000
       1633.4529       1.0006930       1.0039898       0.0000000
       1633.4737       1.0002189       1.0032275       0.0000000
       1633.4945      0.99953848       1.0020231       0.0000000
       1633.5154      0.99897629       1.0017343       0.0000000
       1633.5362       1.0018765       1.0032254       0.0000000
       1633.5570      0.99963427       1.0024339       0.0000000
       1633.5779      0.99891078       1.0016007       0.0000000
       1633.5987       1.0004479       1.0033693       0.0000000
       1633.6195      0.99961191       1.0033418       0.0000000
       1633.6404       1.0001411       1.0029993       0.0000000
       1633.6612      0.99941188       1.0014824       0.0000000
       1633.6820       1.0009385       1.0042979       0.0000000
       1633.7029      0.99935681       1.0026454       0.0000000
       1633.7237       1.0007763       1.0033679       0.0000000
       1633.7445       1.0010293       1.0050237       0.0000000
       1633.7654      0.99936503       1.0027560       0.0000000
       1633.7862      0.99999046       1.0030607       0.0000000
       1633.8070      0.99876028       1.0028312       0.0000000
       1633.8279      0.99967939       1.0029346       0.0000000
       1633.8487      0.99988651       1.0030195       0.0000000
       1633.8695      0.99992579       1.0035077       0.0000000
       1633.8904      0.99917489       1.0022247       0.0000000
       1633.9112       1.0000317       1.0029743       0.0000000
       1633.9320       1.0004933       1.0050489       0.0000000
       1633.9529       1.0004227       1.0042315       0.0000000
       1633.9737       1.0002460       1.0035433       0.0000000
       1633.9945      0.99875063       1.0018138       0.0000000
       1634.0154       1.0001286       1.0044091       0.0000000
       1634.0362      0.99911618       1.0027803       0.0000000
       1634.0570       1.0004526       1.0040845       0.0000000
       1634.0779      0.99927646       1.0029508       0.0000000
       1634.0987       1.0008676       1.0040426       0.0000000
       1634.1195       1.0004489       1.0044904       0.0000000
       1634.1404      0.99990445       1.0029914       0.0000000
       1634.1612       1.0001792       1.0039843       0.0000000
       1634.1820       1.0010649       1.0051657       0.0000000
       1634.2029       1.0005219       1.0042306       0.0000000
       1634.2237       1.0002940       1.0043964       0.0000000
       1634.2445       1.0011535       1.0044293       0.0000000
       1634.2654       1.0008652       1.0046424       0.0000000
       1634.2862      0.99950105       1.0033271       0.0000000
       1634.3070       1.0013793       1.0048440       0.0000000
       1634.3279       1.0015317       1.0054814       0.0000000
       1634.3487      0.99983037       1.0032295       0.0000000
       1634.3695      0.84986615      0.85222155       128.00000
       1634.3904      0.99973530       1.0036590       128.00000
       1634.4112      0.99947244       1.0023333       0.0000000
       1634.4320       1.0013912       1.0043327       0.0000000
       1634.4529      0.99961358       1.0027992       0.0000000
       1634.4737       1.0012035       1.0033805       0.0000000
       1634.4945       1.0007401       1.0033369       0.0000000
       1634.5154       1.0008439       1.0033318       0.0000000
       1634.5362       1.0006750       1.0037078       0.0000000
       1634.5570       1.0001971       1.0028609       0.0000000
       1634.5779       1.0002432       1.0019801       0.0000000
       1634.5987       1.0005324       1.0026063       0.0000000
       1634.6195      0.99969453       1.0019255       0.0000000
       1634.6404      0.99987060       1.0025895       0.0000000
       1634.6612      0.99937552       1.0023143       0.0000000
       1634.6820       1.0014321       1.0044138       0.0000000
       1634.7029       1.0009346       1.0036045       0.0000000
       1634.7237       1.0009363       1.0038695       0.0000000
       1634.7445       1.0000700       1.0022949       0.0000000
       1634.7654       1.0004259       1.0025935       0.0000000
       1634.7862       1.0008729       1.0040191       0.0000000
       1634.8070       1.0011026       1.0037360       0.0000000
       1634.8279       1.0004944       1.0029938       0.0000000
       1634.8487       1.0010006       1.0045896       0.0000000
       1634.8695       1.0026580       1.0058542       0.0000000
       1634.8904       1.0014075       1.0048927       0.0000000
       1634.9112       1.0032870       1.0072570       0.0000000
       1634.9320       1.0017878       1.0055293       0.0000000
       1634.9529       1.0022227       1.0051949       0.0000000
       1634.9737       1.0020093       1.0052276       0.0000000
       1634.9945       1.0028564       1.0063424       0.0000000
       1635.0154       1.0013908       1.0046608       128.00000
       1635.0362       1.0020993       1.0052447       0.0000000
       1635.0570       1.0013767       1.0041653       0.0000000
       1635.0779       1.0032083       1.0060668       0.0000000
       1635.0987       1.0025412       1.0062509       128.00000
       1635.1195       1.0022433       1.0058372       0.0000000
       1635.1404       1.0017320       1.0046784       128.00000
       1635.1612       1.0020515       1.0056999       0.0000000
       1635.1820       1.0023814       1.0062059       0.0000000
       1635.2029       1.0021302       1.0061646       0.0000000
       1635.2237       1.0018278       1.0056255       128.00000
       1635.2445       1.0029027       1.0068161       0.0000000
       1635.2654       1.0022210       1.0062584       0.0000000
       1635.2862       1.0023719       1.0057034       0.0000000
       1635.3070       1.0024921       1.0069398       128.00000
       1635.3279       1.0017045       1.0060456       128.00000
       1635.3487       1.0030622       1.0063710       0.0000000
       1635.3695       1.0009767       1.0042480       128.00000
       1635.3904       1.0029830       1.0065988       0.0000000
       1635.4112       1.0019310       1.0058523       0.0000000
       1635.4320       1.0018417       1.0057746       0.0000000
       1635.4529       1.0005327       1.0039237       0.0000000
       1635.4737       1.0021133       1.0064843       0.0000000
       1635.4945       1.0022279       1.0060458       0.0000000
       1635.5154       1.0022150       1.0056236       0.0000000
       1635.5362       1.0020628       1.0064285       0.0000000
       1635.5570       1.0015023       1.0050459       0.0000000
       1635.5779       1.0027465       1.0066469       0.0000000
       1635.5987       1.0010920       1.0056374       128.00000
       1635.6195       1.0018216       1.0059865       0.0000000
       1635.6404       1.0010707       1.0062100       0.0000000
       1635.6612       1.0008636       1.0057303       0.0000000
       1635.6820       1.0007923       1.0049924       0.0000000
       1635.7029       1.0013120       1.0063373       0.0000000
       1635.7237       1.0015024       1.0055244       128.00000
       1635.7445      0.99978662       1.0045530       0.0000000
       1635.7654       1.0014004       1.0061144       0.0000000
       1635.7862       1.0001271       1.0049640       0.0000000
       1635.8070       1.0000566       1.0048658       0.0000000
       1635.8279       1.0003414       1.0045685       0.0000000
       1635.8487      0.99861282       1.0027994       128.00000
       1635.8695      0.99942565       1.0045260       0.0000000
       1635.8904      0.99927276       1.0040512       0.0000000
       1635.9112      0.99834466       1.0030154       0.0000000
       1635.9320      0.99853611       1.0034744       0.0000000
       1635.9529      0.99888158       1.0037483       0.0000000
       1635.9737      0.99863064       1.0038103       0.0000000
       1635.9945      0.99350381      0.99825943       0.0000000
       1636.0154      0.96327114      0.96787655       0.0000000
       1636.0362      0.92045069      0.92458916       0.0000000
       1636.0570      0.87544441      0.87948471       0.0000000
       1636.0779      0.84121156      0.84550703       0.0000000
       1636.0987      0.82584065      0.83006215       0.0000000
       1636.1195      0.83397162      0.83806348       0.0000000
       1636.1404      0.86230916      0.86634904       0.0000000
       1636.1612      0.90485102      0.90963876       0.0000000
       1636.1820      0.94969243      0.95440727       0.0000000
       1636.2029      0.98556679      0.98954195       0.0000000
       1636.2237      0.99808478       1.0027375       0.0000000
       1636.2445      0.99761015       1.0026677       0.0000000
       1636.2654      0.99776006       1.0023590       0.0000000
       1636.2862      0.99711889       1.0027957       0.0000000
       1636.3070      0.99763650       1.0030985       0.0000000
       1636.3279      0.99793428       1.0034205       0.0000000
       1636.3487      0.99837482       1.0031481       0.0000000
       1636.3695      0.99785680       1.0029038       0.0000000
       1636.3904      0.99763173       1.0026700       0.0000000
       1636.4112      0.99874544       1.0036041       0.0000000
       1636.4320      0.99670720       1.0018702       0.0000000
       1636.4529      0.99875265       1.0036583       0.0000000
       1636.4737      0.99862891       1.0035726       0.0000000
       1636.4945       1.0002391       1.0056294       0.0000000
       1636.5154       1.0002518       1.0053238       0.0000000
       1636.5362      0.99989688       1.0040413       0.0000000
       1636.5570       1.0011395       1.0061561       0.0000000
       1636.5779       1.0015919       1.0065438       0.0000000
       1636.5987       1.0018169       1.0068868       0.0000000
       1636.6195       1.0021684       1.0070384       0.0000000
       1636.6404       1.0021722       1.0058613       0.0000000
       1636.6612       1.0032235       1.0084493       0.0000000
       1636.6820       1.0028629       1.0079957       0.0000000
       1636.7029       1.0028430       1.0074524       0.0000000
       1636.7237       1.0023476       1.0066411       0.0000000
       1636.7445       1.0036674       1.0080221       0.0000000
       1636.7654       1.0028936       1.0072001       0.0000000
       1636.7862       1.0048021       1.0091931       0.0000000
       1636.8070       1.0028577       1.0078214       0.0000000
       1636.8278       1.0021726       1.0066969       0.0000000
       1636.8487       1.0030476       1.0075467       0.0000000
       1636.8695       1.0019801       1.0064434       0.0000000
       1636.8903       1.0014201       1.0057538       0.0000000
       1636.9112       1.0016196       1.0064021       0.0000000
       1636.9320       1.0008308       1.0050106       0.0000000
       1636.9528       1.0003245       1.0047956       0.0000000
       1636.9737      0.99949551       1.0041246       0.0000000
       1636.9945      0.99999136       1.0048138       0.0000000
       1637.0153      0.99978107       1.0046020       0.0000000
       1637.0362       1.0000730       1.0039741       128.00000
       1637.0570      0.99906009       1.0035489       0.0000000
       1637.0778      0.99912322       1.0038226       0.0000000
       1637.0987      0.99857670       1.0026765       0.0000000
       1637.1195      0.99781805       1.0022933       0.0000000
       1637.1403      0.99916869       1.0033048       0.0000000
       1637.1612      0.99794090       1.0020490       0.0000000
       1637.1820      0.99788624       1.0018616       0.0000000
       1637.2028      0.99686897       1.0007379       0.0000000
       1637.2237      0.99730897       1.0012555       0.0000000
       1637.2445      0.99784803       1.0019153       0.0000000
       1637.2653      0.99583572      0.99967933       0.0000000
       1637.2862      0.99705446      0.99991453       0.0000000
       1637.3070      0.99640459      0.99982637       0.0000000
       1637.3278      0.99654812       1.0003792       0.0000000
       1637.3487      0.99702567       1.0008739       0.0000000
       1637.3695      0.99784404       1.0029665       0.0000000
       1637.3903      0.99778509       1.0020840       0.0000000
       1637.4112       1.0017377       1.0019964       128.00000
       1637.4320      0.99662620      0.99987710       0.0000000
       1637.4528      0.99796849       1.0018249       0.0000000
       1637.4737      0.99642611      0.99897772       0.0000000
       1637.4945      0.83767849      0.83957583       128.00000
       1637.5153      0.99100691      0.99395382       128.00000
       1637.5362      0.99059492      0.99388093       128.00000
       1637.5570      0.99649847       1.0004840       128.00000
       1637.5778      0.98796403      0.99128997       128.00000
       1637.5987      0.97838485      0.98174083       0.0000000
       1637.6195      0.95711988      0.96062583       128.00000
       1637.6403      0.94683766      0.94974083       0.0000000
       1637.6612      0.93446529      0.93721831       128.00000
       1637.6820      0.92954266      0.93353736       0.0000000
       1637.7028      0.92852890      0.93306953       128.00000
       1637.7237      0.93691337      0.94128883       128.00000
       1637.7445      0.94742745      0.95169187       128.00000
       1637.7653      0.96264732      0.96654391       128.00000
       1637.7862      0.97992581      0.98475641       0.0000000
       1637.8070      0.99134815      0.99521083       128.00000
       1637.8278       1.0007207       1.0046211       0.0000000
       1637.8487      0.99894637       1.0032885       128.00000
       1637.8695      0.99961191       1.0031404       128.00000
       1637.8903      0.99921101       1.0035994       0.0000000
       1637.9112      0.99849534       1.0031991       0.0000000
       1637.9320      0.99935073       1.0037003       0.0000000
       1637.9528      0.99827516       1.0023708       128.00000
       1637.9737      0.99919999       1.0038773       0.0000000
       1637.9945       1.0005211       1.0050517       0.0000000
       1638.0153      0.99984556       1.0050752       128.00000
       1638.0362      0.99877721       1.0028353       128.00000
       1638.0570      0.99810553       1.0019033       128.00000
       1638.0778      0.99778771       1.0012642       128.00000
       1638.0987      0.99947810       1.0031682       0.0000000
       1638.1195      0.99934471       1.0018831       128.00000
       1638.1403       1.0005046       1.0048491       0.0000000
       1638.1612       1.0007235       1.0050426       0.0000000
       1638.1820      0.99993181       1.0038804       0.0000000
       1638.2028      0.99985886       1.0044647       0.0000000
       1638.2237       1.0011908       1.0042102       128.00000
       1638.2445      0.99993640       1.0038989       128.00000
       1638.2653       1.0000610       1.0045986       128.00000
       1638.2862       1.0003176       1.0036151       0.0000000
       1638.3070       1.0008302       1.0050153       0.0000000
       1638.3278       1.0014430       1.0050361       128.00000
       1638.3487       1.0006177       1.0052465       0.0000000
       1638.3695       1.0003477       1.0044867       128.00000
       1638.3903      0.99853373       1.0012552       128.00000
       1638.4112       1.0009459       1.0049646       0.0000000
       1638.4320       1.0008346       1.0050092       0.0000000
       1638.4528       1.0004488       1.0049410       0.0000000
       1638.4737       1.0000033       1.0041816       128.00000
       1638.4945       1.0005578       1.0042862       128.00000
       1638.5153      0.99946010       1.0040258       128.00000
       1638.5362       1.0010401       1.0056649       0.0000000
       1638.5570       1.0008634       1.0043355       0.0000000
       1638.5778      0.98884618       1.0045002       128.00000
       1638.5987       1.0010679       1.0053865       0.0000000
       1638.6195       1.0019656       1.0055250       0.0000000
       1638.6403       1.0005554       1.0052614       0.0000000
       1638.6612       1.0019640       1.0070527       0.0000000
       1638.6820       1.0013167       1.0065976       0.0000000
       1638.7028       1.0002522       1.0047112       0.0000000
       1638.7237       1.0011388       1.0060780       0.0000000
       1638.7445       1.0009049       1.0055146       0.0000000
       1638.7653       1.0009301       1.0054467       0.0000000
       1638.7862       1.0027786       1.0075508       0.0000000
       1638.8070       1.0012007       1.0067054       0.0000000
       1638.8278       1.0001736       1.0052826       0.0000000
       1638.8487      0.99929851       1.0036936       0.0000000
       1638.8695       1.0003064       1.0052283       0.0000000
       1638.8903      0.99965268       1.0047226       0.0000000
       1638.9112      0.99868649       1.0044750       0.0000000
       1638.9320      0.99958122       1.0053556       0.0000000
       1638.9528       1.0088136       1.0055321       128.00000
       1638.9737      0.99982816       1.0058671       0.0000000
       1640.0570       1.0034285      0.99453485       0.0000000
       1640.0778       1.0054790      0.99444652       0.0000000
       1640.0986       1.0053716      0.99399972       0.0000000
       1640.1195       1.0034722      0.99148190       128.00000
       1640.1403       1.0038223      0.99128753       128.00000
       1640.1611       1.0083925      0.99447697       0.0000000
       1640.1820       1.0067886      0.99355441       0.0000000
       1640.2028       1.0080326      0.99496388       0.0000000
       1640.2236       1.0076325      0.99461240       0.0000000
       1640.2445       1.0049545      0.99197948       128.00000
       1640.2653       1.0064642      0.99280030       0.0000000
       1640.2861       1.0061289      0.99401116       0.0000000
       1640.3070       1.0043305      0.99244493       0.0000000
       1640.3278       1.0034112      0.99020946       128.00000
       1640.3486       1.0033609      0.99222350       0.0000000
       1640.3695       1.0040079      0.99290121       128.00000
       1640.3903       1.0053902      0.99397755       0.0000000
       1640.4111       1.0048057      0.99332923       0.0000000
       1640.4320       1.0048957      0.99344558       128.00000
       1640.4528       1.0049000      0.99337399       0.0000000
       1640.4736       1.0030081      0.99208409       0.0000000
       1640.4945       1.0020725      0.99119097       128.00000
       1640.5153       1.0020880      0.99148476       0.0000000
       1640.5361       1.0017556      0.99141032       0.0000000
       1640.5570       1.0033658      0.99333268       0.0000000
       1640.5778       1.0025599      0.99243772       0.0000000
       1640.5986       1.0037413      0.99358869       0.0000000
       1640.6195       1.0033957      0.99324542       0.0000000
       1640.6403       1.0021693      0.99255115       0.0000000
       1640.6611       1.0022515      0.99330705       0.0000000
       1640.6820       1.0026203      0.99382740       0.0000000
       1640.7028       1.0024903      0.99405104       0.0000000
       1640.7236       1.0017767      0.99301827       0.0000000
       1640.7445      0.99993986      0.99115849       128.00000
       1640.7653      0.99887389      0.99128616       128.00000
       1640.7861      0.99980253      0.99182391       0.0000000
       1640.8070       1.0007540      0.99248350       0.0000000
       1640.8278      0.99990606      0.99152422       0.0000000
       1640.8486      0.99854594      0.99070770       0.0000000
       1640.8695       1.0007445      0.99275547       0.0000000
       1640.8903       1.0001917      0.99234432       128.00000
       1640.9111       1.0010152      0.99356365       0.0000000
       1640.9320      0.99812770      0.99124789       0.0000000
       1640.9528      0.99884278      0.99205875       0.0000000
       1640.9736      0.99858868      0.99201548       128.00000
       1640.9945      0.99900138      0.99284810       0.0000000
       1641.0153      0.99886858      0.99354386       0.0000000
       1641.0361      0.99780130      0.99197263       0.0000000
       1641.0570      0.99764192      0.99245358       0.0000000
       1641.0778      0.99845856      0.99309856       0.0000000
       1641.0986      0.99816227      0.99323589       0.0000000
       1641.1195      0.99606526      0.99094683       0.0000000
       1641.1403      0.99730819      0.99258053       0.0000000
       1641.1611      0.99687237      0.99119258       0.0000000
       1641.1820      0.99792993      0.99348390       0.0000000
       1641.2028      0.99765342      0.99317306       0.0000000
       1641.2236      0.99846846      0.99390191       0.0000000
       1641.2445      0.99878985      0.99440342       0.0000000
       1641.2653      0.99802655      0.99378085       0.0000000
       1641.2861      0.99814135      0.99426848       0.0000000
       1641.3069      0.99656659      0.99316102       0.0000000
       1641.3278      0.98158181      0.97819418       0.0000000
       1641.3486      0.94293106      0.93905377       0.0000000
       1641.3694      0.89878070      0.89606035       0.0000000
       1641.3903      0.85938334      0.85548693       0.0000000
       1641.4111      0.83114582      0.82885033       0.0000000
       1641.4319      0.82777172      0.82478124       0.0000000
       1641.4528      0.84544611      0.84259409       0.0000000
       1641.4736      0.88207299      0.87910569       0.0000000
       1641.4944      0.92592096      0.92270535       0.0000000
       1641.5153      0.96938920      0.96602166       0.0000000
       1641.5361      0.99538398      0.99208260       0.0000000
       1641.5569      0.99823874      0.99528825       0.0000000
       1641.5778      0.99984390      0.99527186       0.0000000
       1641.5986      0.99995732      0.99665260       0.0000000
       1641.6194      0.99977160      0.99638468       0.0000000
       1641.6403       1.0013363      0.99830121       0.0000000
       1641.6611       1.0006816      0.99704063       0.0000000
       1641.6819       1.0001600      0.99715364       0.0000000
       1641.7028       1.0026255      0.99803579       0.0000000
       1641.7236      0.99991828      0.99709773       0.0000000
       1641.7444       1.0022389      0.99904019       0.0000000
       1641.7653       1.0027924      0.99980462       0.0000000
       1641.7861       1.0047266       1.0015241       0.0000000
       1641.8069       1.0015750      0.99906981       0.0000000
       1641.8278       1.0040953      0.99986506       0.0000000
       1641.8486       1.0029039       1.0002424       0.0000000
       1641.8694       1.0050673       1.0019107       0.0000000
       1641.8903       1.0055102       1.0022929       0.0000000
       1641.9111       1.0056462       1.0028141       0.0000000
       1641.9319       1.0054868       1.0028520       0.0000000
       1641.9528       1.0061293       1.0040743       0.0000000
       1641.9736       1.0058291       1.0035652       0.0000000
       1641.9944       1.0059299       1.0035778       0.0000000
       1642.0153       1.0075090       1.0046607       0.0000000
       1642.0361       1.0067627       1.0050545       0.0000000
       1642.0569       1.0061260       1.0040574       0.0000000
       1642.0778       1.0082133       1.0066710       0.0000000
       1642.0986       1.0061287       1.0042379       0.0000000
       1642.1194       1.0058631       1.0043275       0.0000000
       1642.1403       1.0060853       1.0042186       128.00000
       1642.1611       1.0058937       1.0043488       0.0000000
       1642.1819       1.0063961       1.0045962       0.0000000
       1642.2028       1.0075285       1.0052878       0.0000000
       1642.2236       1.0063035       1.0042788       0.0000000
       1642.2444       1.0043633       1.0029256       0.0000000
       1642.2653       1.0056870       1.0039636       0.0000000
       1642.2861       1.0041963       1.0024754       0.0000000
       1642.3069       1.0046718       1.0028534       0.0000000
       1642.3278       1.0039886       1.0027466       0.0000000
       1642.3486       1.0056134       1.0040425       0.0000000
       1642.3694       1.0029669       1.0019300       0.0000000
       1642.3903       1.0041909       1.0025818       0.0000000
       1642.4111       1.0032653       1.0021664       0.0000000
       1642.4319       1.0033654       1.0020170       0.0000000
       1642.4528       1.0029438       1.0016559       0.0000000
       1642.4736       1.0028142       1.0014791       0.0000000
       1642.4944       1.0031619       1.0018910       0.0000000
       1642.5153       1.0023760       1.0010812       0.0000000
       1642.5361       1.0010160      0.99960929       0.0000000
       1642.5569      0.99991971      0.99852663       0.0000000
       1642.5778       1.0004679      0.99920714       0.0000000
       1642.5986      0.99996597      0.99854344       0.0000000
       1642.6194      0.99970263      0.99813539       0.0000000
       1642.6403       1.0010555      0.99958843       0.0000000
       1642.6611       1.0001423      0.99842161       0.0000000
       1642.6819       1.0003453      0.99898916       0.0000000
       1642.7028      0.99930418      0.99766135       0.0000000
       1642.7236       1.0002192      0.99879563       0.0000000
       1642.7444       1.0000883      0.99855161       0.0000000
       1642.7653      0.99937981      0.99805743       0.0000000
       1642.7861      0.99997407      0.99830681       0.0000000
       1642.8069       1.0000783      0.99869770       0.0000000
       1642.8278       1.0005263      0.99803704       0.0000000
       1642.8486      0.99966246      0.99848229       0.0000000
       1642.8694      0.99895322      0.99736416       0.0000000
       1642.8903      0.99921608      0.99780160       0.0000000
       1642.9111      0.98885912      0.98714292       0.0000000
       1642.9319      0.97209799      0.97095901       0.0000000
       1642.9528      0.95636666      0.95508569       0.0000000
       1642.9736      0.94312990      0.94208264       0.0000000
       1642.9944      0.93182832      0.93075514       0.0000000
       1643.0153      0.92755610      0.92655277       0.0000000
       1643.0361      0.93183470      0.93081325       0.0000000
       1643.0569      0.93989354      0.93911409       0.0000000
       1643.0777      0.95535308      0.95506358       0.0000000
       1643.0986      0.97053701      0.96963650       0.0000000
       1643.1194      0.98592484      0.98506236       0.0000000
       1643.1402      0.99752861      0.99649328       0.0000000
       1643.1611      0.99762195      0.99679828       0.0000000
       1643.1819      0.99881828      0.99834037       0.0000000
       1643.2027      0.85977501      0.85857320       128.00000
       1643.2236      0.99512875      0.99386162       128.00000
       1643.2444      0.99658012      0.99549365       128.00000
       1643.2652      0.99854147      0.99701309       0.0000000
       1643.2861      0.99731636      0.99647433       0.0000000
       1643.3069      0.99556875      0.99493724       128.00000
       1643.3277      0.99683154      0.99610370       0.0000000
       1643.3486      0.99556988      0.99464291       128.00000
       1643.3694      0.99660033      0.99612343       0.0000000
       1643.3902      0.99678254      0.99543726       0.0000000
       1643.4111      0.99681687      0.99643648       0.0000000
       1643.4319      0.99735761      0.99626857       0.0000000
       1643.4527      0.99899340      0.99831772       0.0000000
       1643.4736      0.99696064      0.99585962       0.0000000
       1643.4944      0.99702322      0.99668837       0.0000000
       1643.5152      0.99846387      0.99745965       0.0000000
       1643.5361      0.99744755      0.99665678       0.0000000
       1643.5569      0.99829078      0.99712253       0.0000000
       1643.5777      0.99759763      0.99685049       0.0000000
       1643.5986      0.99638480      0.99533045       0.0000000
       1643.6194      0.99746495      0.99623615       0.0000000
       1643.6402      0.99846035      0.99722850       0.0000000
       1643.6611      0.99546045      0.99470478       0.0000000
       1643.6819      0.99759716      0.99654543       0.0000000
       1643.7027      0.99640250      0.99526954       0.0000000
       1643.7236      0.99708015      0.99590498       0.0000000
       1643.7444      0.99716938      0.99597335       0.0000000
       1643.7652      0.99706036      0.99631703       0.0000000
       1643.7861      0.99703532      0.99586457       0.0000000
       1643.8069      0.99584633      0.99512267       0.0000000
       1643.8277      0.99656332      0.99544722       0.0000000
       1643.8486      0.99544930      0.99477357       0.0000000
       1643.8694      0.99582517      0.99469912       0.0000000
       1643.8902      0.99807137      0.99737811       0.0000000
       1643.9111      0.99571592      0.99500626       0.0000000
       1643.9319      0.99593681      0.99509245       0.0000000
       1643.9527      0.99734604      0.99649799       0.0000000
       1643.9736      0.99674338      0.99594939       0.0000000
       1643.9944      0.99603355      0.99507624       0.0000000
       1644.0152      0.99762434      0.99725598       0.0000000
       1644.0361      0.99633092      0.99592638       0.0000000
       1644.0569      0.99588919      0.99564701       0.0000000
       1644.0777      0.99766892      0.99720132       0.0000000
       1644.0986      0.99776691      0.99675614       0.0000000
       1644.1194      0.99706596      0.99644297       0.0000000
       1644.1402      0.99779838      0.99762243       0.0000000
       1644.1611      0.99744892      0.99674898       0.0000000
       1644.1819      0.99754739      0.99745375       0.0000000
       1644.2027      0.99611336      0.99649590       0.0000000
       1644.2236      0.99754304      0.99754512       0.0000000
       1644.2444      0.99719441      0.99678767       0.0000000
       1644.2652      0.99835533      0.99822456       0.0000000
       1644.2861      0.99689186      0.99607760       0.0000000
       1644.3069      0.99650228      0.99655712       0.0000000
       1644.3277      0.99867886      0.99804544       0.0000000
       1644.3486      0.99798524      0.99791533       0.0000000
       1644.3694      0.99811596      0.99785638       0.0000000
       1644.3902      0.99834001      0.99818045       0.0000000
       1644.4111      0.99953532      0.99929571       0.0000000
       1644.4319      0.99920535      0.99917221       0.0000000
       1644.4527      0.99856913      0.99737889       0.0000000
       1644.4736      0.99755722      0.99776959       0.0000000
       1644.4944      0.99983180      0.99951333       0.0000000
       1644.5152      0.99891233      0.99889678       0.0000000
       1644.5361      0.99925911      0.99879974       0.0000000
       1644.5569      0.99823087      0.99811631       0.0000000
       1644.5777      0.99868834      0.99845892       0.0000000
       1644.5986      0.99959075      0.99930060       0.0000000
       1644.6194      0.99819189      0.99797601       0.0000000
       1644.6402      0.99953830      0.99851143       0.0000000
       1644.6611      0.99926388      0.99870527       0.0000000
       1644.6819      0.99913359      0.99854863       0.0000000
       1644.7027      0.99929035      0.99896675       0.0000000
       1644.7235      0.99895203      0.99920291       0.0000000
       1644.7444       1.0004487       1.0000546       0.0000000
       1644.7652      0.99985039      0.99937397       0.0000000
       1644.7860       1.0000219      0.99973518       0.0000000
       1644.8069      0.99927074      0.99901211       0.0000000
       1644.8277      0.99983084      0.99904734       0.0000000
       1644.8485      0.99946332      0.99854112       0.0000000
       1644.8694       1.0000441      0.99955726       0.0000000
       1644.8902      0.99857926      0.99832308       0.0000000
       1644.9110       1.0008597       1.0003371       0.0000000
       1644.9319       1.0017883       1.0009493       0.0000000
       1644.9527       1.0005133       1.0000796       0.0000000
       1644.9735       1.0003954      0.99988437       0.0000000
       1644.9944       1.0000845      0.99993110       0.0000000
       1645.0152      0.99984521      0.99931562       0.0000000
       1645.0360      0.99898553      0.99839735       0.0000000
       1645.0569       1.0016437       1.0012338       0.0000000
       1645.0777       1.0000050      0.99996233       0.0000000
       1645.0985       1.0005759      0.99978262       0.0000000
       1645.1194       1.0014225       1.0011028       0.0000000
       1645.1402       1.0002637       1.0009180       0.0000000
       1645.1610       1.0008701       1.0003551       0.0000000
       1645.1819       1.0026186       1.0024043       0.0000000
       1645.2027       1.0024960       1.0024387       0.0000000
       1645.2235       1.0031495       1.0026746       0.0000000
       1645.2444       1.0018373       1.0017756       0.0000000
       1645.2652       1.0015402       1.0010903       0.0000000
       1645.2860       1.0018097       1.0015655       0.0000000
       1645.3069       1.0020207       1.0019739       0.0000000
       1645.3277       1.0015595       1.0012850       0.0000000
       1645.3485       1.0019957       1.0020404       0.0000000
       1645.3694       1.0028596       1.0028405       0.0000000
       1645.3902      0.97575504       1.0029516       128.00000
       1645.4110       1.0011580       1.0007117       0.0000000
       1645.4319       1.0018888       1.0015887       0.0000000
       1645.4527       1.0032893       1.0031488       0.0000000
       1645.4735       1.0044855       1.0044434       0.0000000
       1645.4944       1.0037065       1.0037261       0.0000000
       1645.5152       1.0035890       1.0037450       0.0000000
       1645.5360       1.0017917       1.0015192       0.0000000
       1645.5569       1.0037309       1.0036775       0.0000000
       1645.5777       1.0033447       1.0033263       0.0000000
       1645.5985       1.0015032       1.0014670       0.0000000
       1645.6194       1.0017911       1.0014045       0.0000000
       1645.6402       1.0023246       1.0023234       0.0000000
       1645.6610       1.0021067       1.0019996       0.0000000
       1645.6819       1.0029541       1.0025995       0.0000000
       1645.7027       1.0021148       1.0016938       0.0000000
       1645.7235       1.0026702       1.0023183       0.0000000
       1645.7444       1.0003979      0.99996620       0.0000000
       1645.7652       1.0009418       1.0007445       0.0000000
       1645.7860       1.0000775      0.99987727       0.0000000
       1645.8069       1.0019748       1.0018423       0.0000000
       1645.8277       1.0026090       1.0022126       0.0000000
       1645.8485       1.0021265       1.0020155       0.0000000
       1645.8694       1.0024298       1.0022708       0.0000000
       1645.8902       1.0026760       1.0026790       0.0000000
       1645.9110       1.0014508       1.0012951       0.0000000
       1645.9319       1.0022732       1.0020080       0.0000000
       1645.9527       1.0006510       1.0004586       0.0000000
       1645.9735       1.0020378       1.0017686       0.0000000
       1645.9944       1.0015780       1.0013390       0.0000000
       1646.0152       1.0027503       1.0025406       0.0000000
       1646.0360       1.0021172       1.0018833       0.0000000
       1646.0569       1.0023485       1.0021008       0.0000000
       1646.0777       1.0015234       1.0016140       0.0000000
       1646.0985       1.0016733       1.0013684       0.0000000
       1646.1194       1.0014657       1.0014850       0.0000000
       1646.1402       1.0026569       1.0025448       0.0000000
       1646.1610       1.0005766       1.0007166       0.0000000
       1646.1818       1.0021229       1.0018984       0.0000000
       1646.2027       1.0008898       1.0008171       0.0000000
       1646.2235       1.0008270       1.0007023       0.0000000
       1646.2443       1.0001260       1.0000718       0.0000000
       1646.2652      0.99779844      0.99679554       0.0000000
       1646.2860      0.99802989      0.99796283       0.0000000
       1646.3068      0.99892008      0.99911702       0.0000000
       1646.3277      0.85622001      0.85613960       128.00000
       1646.3485       1.0009377       1.0003337       0.0000000
       1646.3693      0.99961609      0.99966508       0.0000000
       1646.3902       1.0010574       1.0009300       0.0000000
       1646.4110       1.0000000       1.0001739       0.0000000
       1646.4318       1.0016712       1.0015756       0.0000000
       1646.4527       1.0006636       1.0010631       0.0000000
       1646.4735       1.0002208       1.0006055       0.0000000
       1646.4943      0.99947590       1.0000110       0.0000000
       1646.5152      0.99960303      0.99956506       0.0000000
       1646.5360       1.0014681       1.0012664       0.0000000
       1646.5568      0.99991137       1.0000000       0.0000000
       1646.5777      0.99879944      0.99929786       0.0000000
       1646.5985      0.99988377      0.99990016       0.0000000
       1646.6193      0.99885374      0.99917686       0.0000000
       1646.6402      0.99402118      0.99406785       0.0000000
       1646.6610      0.96631187      0.96667391       0.0000000
       1646.6818      0.92279792      0.92293715       0.0000000
       1646.7027      0.87708485      0.87744880       0.0000000
       1646.7235      0.84294361      0.84288406       0.0000000
       1646.7443      0.80029792      0.82671773       128.00000
       1646.7652      0.83304006      0.83303547       0.0000000
       1646.7860      0.85944366      0.85983753       0.0000000
       1646.8068      0.90243953      0.90249032       0.0000000
       1646.8277      0.94738489      0.94774556       0.0000000
       1646.8485      0.98453784      0.98456120       0.0000000
       1646.8693      0.99743462      0.99773842       0.0000000
       1646.8902      0.99718153      0.99705356       0.0000000
       1646.9110      0.99720120      0.99763513       0.0000000
       1646.9318      0.99869162      0.99784380       0.0000000
       1646.9527      0.99757361      0.99804235       0.0000000
       1646.9735      0.99812794      0.99822009       0.0000000
       1646.9943      0.99712604      0.99812752       0.0000000
       1647.0152      0.99863631      0.99896127       0.0000000
       1647.0360      0.99756807      0.99812680       0.0000000
       1647.0568      0.99841410      0.99846792       0.0000000
       1647.0777      0.99857396      0.99954957       0.0000000
       1647.0985       1.0000789      0.99979931       0.0000000
       1647.1193       1.0005392       1.0008410       0.0000000
       1647.1402      0.99958366       1.0000377       0.0000000
       1647.1610       1.0004212       1.0010787       0.0000000
       1647.1818       1.0010905       1.0011679       0.0000000
       1647.2027       1.0016857       1.0020646       0.0000000
       1647.2235       1.0002236       1.0005648       0.0000000
       1647.2443       1.0030355       1.0032035       0.0000000
       1647.2652       1.0018258       1.0022876       0.0000000
       1647.2860       1.0027866       1.0030068       0.0000000
       1647.3068       1.0022955       1.0029470       0.0000000
       1647.3277       1.0027121       1.0030644       0.0000000
       1647.3485       1.0019302       1.0024370       0.0000000
       1647.3693       1.0021465       1.0027869       0.0000000
       1647.3902       1.0033252       1.0037450       0.0000000
       1647.4110       1.0034713       1.0038109       0.0000000
       1647.4318       1.0032139       1.0037298       0.0000000
       1647.4527       1.0043187       1.0042129       0.0000000
       1647.4735       1.0018930       1.0024248       0.0000000
       1647.4943       1.0027651       1.0031406       0.0000000
       1647.5151       1.0019752       1.0022552       0.0000000
       1647.5360       1.0028573       1.0033040       0.0000000
       1647.5568       1.0013647       1.0020182       0.0000000
       1647.5776       1.0017804       1.0021944       0.0000000
       1647.5985       1.0004041       1.0010201       0.0000000
       1647.6193       1.0018519       1.0019315       0.0000000
       1647.6401       1.0012127       1.0018485       0.0000000
       1647.6610       1.0021416       1.0022426       0.0000000
       1647.6818       1.0004469       1.0010090       0.0000000
       1647.7026       1.0000046       1.0004241       0.0000000
       1647.7235      0.99937844      0.99980766       0.0000000
       1647.7443      0.99966478       1.0000089       0.0000000
       1647.7651      0.99990773       1.0003254       0.0000000
       1647.7860      0.99913085      0.99958807       0.0000000
       1647.8068      0.99930692      0.99993187       0.0000000
       1647.8276      0.99894315      0.99899703       0.0000000
       1647.8485       1.0002606       1.0010864       0.0000000
       1647.8693       1.0001130       1.0007554       0.0000000
       1647.8901       1.0005270       1.0011784       0.0000000
       1647.9110      0.99864757      0.99895054       0.0000000
       1647.9318      0.99916822      0.99979651       0.0000000
       1647.9526      0.99889714      0.99903780       0.0000000
       1647.9735      0.99886674      0.99956644       0.0000000
       1647.9943      0.99993521      0.99941128       0.0000000
       1648.0151       1.0000547       1.0006899       0.0000000
       1648.0360       1.0001448       1.0007256       0.0000000
       1648.0568      0.99936259       1.0004742       0.0000000
       1648.0776      0.99955946      0.99964494       0.0000000
       1648.0985      0.99915558      0.99972701       0.0000000
       1648.1193       1.0000091       1.0001652       0.0000000
       1648.1401      0.99999821       1.0007343       0.0000000
       1648.1610      0.99988341       1.0000402       0.0000000
       1648.1818      0.99993646       1.0006047       0.0000000
       1648.2026       1.0012313       1.0010999       0.0000000
       1648.2235      0.99457258      0.99495780       0.0000000
       1648.2443      0.98126251      0.98194265       0.0000000
       1648.2651      0.96624470      0.96642375       0.0000000
       1648.2860      0.95048040      0.95044971       0.0000000
       1648.3068      0.93699193      0.93759519       0.0000000
       1648.3276      0.93114781      0.93138951       0.0000000
       1648.3485      0.93083668      0.93114787       0.0000000
       1648.3693      0.93675852      0.93703985       0.0000000
       1648.3901      0.94960403      0.95027936       0.0000000
       1648.4110      0.96559918      0.96573943       0.0000000
       1648.4318      0.98257041      0.98334837       0.0000000
       1648.4526      0.99644840      0.99648798       0.0000000
       1648.4735       1.0017209       1.0023681       0.0000000
       1648.4943       1.0019701       1.0013378       0.0000000
       1648.5151       1.0024195       1.0033052       0.0000000
       1648.5360       1.0036148       1.0038127       0.0000000
       1648.5568       1.0021780       1.0024507       0.0000000
       1648.5776       1.0014369       1.0017343       0.0000000
       1648.5985       1.0020694       1.0028239       0.0000000
       1648.6193       1.0021191       1.0022730       0.0000000
       1648.6401       1.0016565       1.0023391       0.0000000
       1648.6610       1.0032016       1.0031550       0.0000000
       1648.6818       1.0024755       1.0029202       0.0000000
       1648.7026       1.0041487       1.0044103       0.0000000
       1648.7235       1.0022358       1.0025318       0.0000000
       1648.7443       1.0024512       1.0024744       0.0000000
       1648.7651       1.0039337       1.0038472       0.0000000
       1648.7859       1.0025765       1.0032238       0.0000000
       1648.8068       1.0024917       1.0028764       0.0000000
       1648.8276       1.0037967       1.0042863       0.0000000
       1648.8484       1.0033454       1.0037130       0.0000000
       1648.8693       1.0021944       1.0029714       0.0000000
       1648.8901       1.0037675       1.0041972       0.0000000
       1648.9109       1.0018700       1.0024874       0.0000000
       1648.9318       1.0028502       1.0032096       0.0000000
       1648.9526       1.0023825       1.0026534       0.0000000
       1648.9734       1.0031835       1.0035603       0.0000000
       1648.9943       1.0036271       1.0038950       0.0000000
       1649.0151       1.0033885       1.0036526       0.0000000
       1649.0359       1.0010318       1.0013436       0.0000000
       1649.0568       1.0000898       1.0025233       0.0000000
       1649.0776       1.0022724       1.0029659       0.0000000
       1649.0984       1.0018131       1.0016249       0.0000000
       1649.1193       1.0025301       1.0033053       0.0000000
       1649.1401       1.0025604       1.0025560       0.0000000
       1649.1609       1.0008867       1.0012970       0.0000000
       1649.1818       1.0025938       1.0022987       0.0000000
       1649.2026       1.0013490       1.0019734       0.0000000
       1649.2234       1.0015905       1.0013131       0.0000000
       1649.2443       1.0024756       1.0030702       0.0000000
       1649.2651       1.0049914       1.0052425       0.0000000
       1649.2859      0.97801220       1.0034089       128.00000
       1649.3068       1.0007027       1.0011642       0.0000000
       1649.3276       1.0033339       1.0036589       0.0000000
       1649.3484       1.0028138       1.0035750       0.0000000
       1649.3693       1.0024109       1.0023894       0.0000000
       1649.3901       1.0023781       1.0021925       0.0000000
       1649.4109       1.0025915       1.0029452       0.0000000
       1649.4318       1.0015880       1.0019373       0.0000000
       1649.4526      0.85766304      0.85902947       128.00000
       1649.4734       1.0021853       1.0027725       0.0000000
       1649.4943       1.0024608       1.0028704       0.0000000
       1649.5151       1.0022640       1.0029674       0.0000000
       1649.5359       1.0038136       1.0045264       0.0000000
       1649.5568       1.0025084       1.0034101       0.0000000
       1649.5776       1.0022496       1.0033914       0.0000000
       1649.5984       1.0032899       1.0039558       0.0000000
       1649.6193       1.0026276       1.0040444       0.0000000
       1649.6401       1.0028589       1.0035306       0.0000000
       1649.6609       1.0015851       1.0023382       0.0000000
       1649.6818       1.0035735       1.0041474       0.0000000
       1649.7026       1.0024195       1.0029285       0.0000000
       1649.7234       1.0020845       1.0029470       0.0000000
       1649.7443       1.0024469       1.0035015       0.0000000
       1649.7651       1.0030341       1.0038005       0.0000000
       1649.7859       1.0024002       1.0031111       0.0000000
       1649.8068       1.0025498       1.0031167       0.0000000
       1649.8276       1.0020121       1.0027745       0.0000000
       1649.8484       1.0012190       1.0019333       0.0000000
       1649.8693       1.0008341       1.0024340       0.0000000
       1649.8901       1.0021257       1.0029348       0.0000000
       1649.9109       1.0016100       1.0020617       0.0000000
       1649.9318       1.0014211       1.0021367       0.0000000
       1649.9526       1.0019149       1.0021690       0.0000000
       1649.9734       1.0005907       1.0012282       0.0000000
       1649.9942       1.0002904       1.0006469       0.0000000
       1650.0151       1.0003639       1.0007036       0.0000000
       1650.0359       1.0003784       1.0008546       0.0000000
       1650.0567      0.99963033      0.99992621       0.0000000
       1650.0776      0.99948066      0.99991047       0.0000000
       1650.0984       1.0010909       1.0014029       0.0000000
       1650.1192      0.99995440       1.0003743       0.0000000
       1650.1401       1.0009435       1.0012295       0.0000000
       1650.1609       1.0012007       1.0017514       0.0000000
       1650.1817       1.0006187       1.0010481       0.0000000
       1650.2026      0.99955219       1.0001969       0.0000000
       1650.2234       1.0000867       1.0002029       0.0000000
       1650.2442       1.0006992       1.0014440       0.0000000
       1650.2651       1.0003642       1.0007628       0.0000000
       1650.2859      0.99965972       1.0004855       0.0000000
       1650.3067      0.99997211       1.0004208       0.0000000
       1650.3276       1.0002433       1.0011336       0.0000000
       1650.3484       1.0001013       1.0006245       0.0000000
       1650.3692      0.99994141       1.0005546       0.0000000
       1650.3901       1.0005803       1.0008478       0.0000000
       1650.4109      0.99895906      0.99968952       0.0000000
       1650.4317      0.99966133       1.0000424       0.0000000
       1650.4526      0.99822390      0.99886346       0.0000000
       1650.4734      0.99929190      0.99977392       0.0000000
       1650.4942      0.99763721      0.99945295       0.0000000
       1650.5151      0.99956721      0.99994111       0.0000000
       1650.5359      0.99921280       1.0002476       0.0000000
       1650.5567      0.99919826      0.99975145       0.0000000
       1650.5776      0.99722856      0.99804884       0.0000000
       1650.5984      0.99980932       1.0003420       0.0000000
       1650.6192      0.99876070      0.99936163       0.0000000
       1650.6401       1.0001112       1.0006843       0.0000000
       1650.6609      0.99981791       1.0004193       0.0000000
       1650.6817      0.99905252      0.99950194       0.0000000
       1650.7026      0.99886292      0.99954617       0.0000000
       1650.7234      0.99906552      0.99953592       0.0000000
       1650.7442      0.99988025       1.0005778       0.0000000
       1650.7651      0.99886227      0.99961454       0.0000000
       1650.7859      0.99950480       1.0001075       0.0000000
       1650.8067      0.99903297      0.99967343       0.0000000
       1650.8276      0.99955690      0.99993426       0.0000000
       1650.8484      0.99788874      0.99939334       0.0000000
       1650.8692      0.99949247       1.0000069       0.0000000
       1650.8901      0.99956441       1.0004066       0.0000000
       1650.9109      0.99887228      0.99941516       0.0000000
       1650.9317      0.99947077       1.0004448       0.0000000
       1650.9526      0.99966288       1.0002018       0.0000000
       1650.9734      0.99884146      0.99980187       0.0000000
       1650.9942      0.99871445      0.99927980       0.0000000
       1651.0151      0.99958187       1.0004339       0.0000000
       1651.0359      0.99902487      0.99961519       0.0000000
       1651.0567      0.99868041      0.99963838       0.0000000
       1651.0776      0.99963170       1.0001723       0.0000000
       1651.0984      0.99850106      0.99935639       0.0000000
       1651.1192      0.99923629      0.99997717       0.0000000
       1651.1401       1.0007120       1.0016450       0.0000000
       1651.1609      0.99893796      0.99922192       0.0000000
       1651.1817      0.99944800       1.0004352       0.0000000
       1651.2025      0.99891639      0.99967283       0.0000000
       1651.2234       1.0000508       1.0009676       0.0000000
       1651.2442      0.99961936       1.0008059       0.0000000
       1651.2650       1.0002588       1.0011220       0.0000000
       1651.2859      0.99953103       1.0003928       0.0000000
       1651.3067       1.0005366       1.0005864       0.0000000
       1651.3275      0.99919730      0.99958962       0.0000000
       1651.3484       1.0004336       1.0007486       0.0000000
       1651.3692      0.99924749       1.0001184       0.0000000
       1651.3900      0.99977928       1.0004849       0.0000000
       1651.4109       1.0000806       1.0010149       0.0000000
       1651.4317       1.0002829       1.0008965       0.0000000
       1651.4525       1.0001506       1.0012159       0.0000000
       1651.4734      0.99996585       1.0006993       0.0000000
       1651.4942      0.99848962      0.99959016       0.0000000
       1651.5150      0.99881160      0.99973541       0.0000000
       1651.5359      0.99998838       1.0010555       0.0000000
       1651.5567       1.0001777       1.0009631       0.0000000
       1651.5775      0.99889570      0.99985820       0.0000000
       1651.5984      0.99924290       1.0001283       0.0000000
       1651.6192      0.99886620      0.99992484       0.0000000
       1651.6400      0.99944991       1.0000414       0.0000000
       1651.6609      0.99974579       1.0011526       0.0000000
       1651.6817      0.99963725       1.0004703       0.0000000
       1651.7025      0.99999195       1.0011203       0.0000000
       1651.7234       1.0003840       1.0010953       0.0000000
       1651.7442      0.99974662       1.0009316       0.0000000
       1651.7650      0.99896294      0.99982810       0.0000000
       1651.7859      0.99892789       1.0008423       0.0000000
       1651.8067       1.0001028       1.0010995       0.0000000
       1651.8275      0.99981129       1.0014180       0.0000000
       1651.8484       1.0007720       1.0017775       0.0000000
       1651.8692      0.99938899       1.0011641       0.0000000
       1651.8900       1.0008274       1.0019541       0.0000000
       1651.9109       1.0000607       1.0016122       0.0000000
       1651.9317       1.0012472       1.0023667       0.0000000
       1651.9525      0.99912554       1.0005498       0.0000000
       1651.9734      0.98649675      0.98779148       0.0000000
       1651.9942      0.94804287      0.94931298       0.0000000
       1652.0150      0.90220064      0.90351230       0.0000000
       1652.0359      0.86240089      0.86353064       0.0000000
       1652.0567      0.83518589      0.83630323       0.0000000
       1652.0775      0.83014679      0.83135140       0.0000000
       1652.0984      0.84503859      0.84636521       0.0000000
       1652.1192      0.88154095      0.88287848       0.0000000
       1652.1400      0.92535025      0.92693692       0.0000000
       1652.1609      0.96804684      0.96930408       0.0000000
       1652.1817      0.99509877      0.99672985       0.0000000
       1652.2025      0.99833465      0.99962556       0.0000000
       1652.2234      0.99789250      0.99958271       0.0000000
       1652.2442      0.99994576       1.0012062       0.0000000
       1652.2650      0.99838758       1.0001608       0.0000000
       1652.2858      0.99936724       1.0012827       0.0000000
       1652.3067      0.99855602       1.0000917       0.0000000
       1652.3275       1.0005759       1.0020142       0.0000000
       1652.3483       1.0007873       1.0024085       0.0000000
       1652.3692       1.0007166       1.0021056       0.0000000
       1652.3900       1.0007545       1.0024927       0.0000000
       1652.4108       1.0005631       1.0019034       0.0000000
       1652.4317       1.0004948       1.0022380       0.0000000
       1652.4525       1.0012765       1.0028671       0.0000000
       1652.4733       1.0017349       1.0033194       0.0000000
       1652.4942       1.0021889       1.0038940       0.0000000
       1652.5150       1.0025365       1.0041314       0.0000000
       1652.5358       1.0032580       1.0049864       0.0000000
       1652.5567      0.99785888       1.0047961       128.00000
       1652.5775      0.99949825       1.0061774       128.00000
       1652.5983      0.99552768       1.0047350       128.00000
       1652.6192      0.99943811       1.0072947       128.00000
       1652.6400      0.99802995       1.0051562       128.00000
       1652.6608       1.0002190       1.0064199       128.00000
       1652.6817      0.99675995       1.0066433       128.00000
       1652.7025      0.99909753       1.0048718       128.00000
       1652.7233      0.99888718       1.0053784       128.00000
       1652.7442      0.99819070       1.0029471       128.00000
       1652.7650      0.99375117      0.99939668       128.00000
       1652.7858      0.99635506       1.0014514       128.00000
       1652.8067      0.99771756       1.0028678       128.00000
       1652.8275      0.99628735       1.0018015       128.00000
       1652.8483      0.99791342       1.0034485       128.00000
       1652.8692      0.99802923       1.0034626       128.00000
