    1106
       1790.7028       1.0160784       1.0034652       0.0000000
       1790.7236       1.0150311       1.0029359       0.0000000
       1790.7445       1.0162622       1.0036293       0.0000000
       1790.7653       1.0151572       1.0031587       0.0000000
       1790.7861       1.0156976       1.0033399       0.0000000
       1790.8070       1.0163294       1.0037783       0.0000000
       1790.8278       1.0156317       1.0036645       0.0000000
       1790.8486       1.0160905       1.0027264       0.0000000
       1790.8695       1.0156542       1.0014145       0.0000000
       1790.8903       1.0164078       1.0005543       0.0000000
       1790.9111       1.0163038       1.0004452       0.0000000
       1790.9320       1.0160832       1.0016351       0.0000000
       1790.9528       1.0160500      0.99936861       0.0000000
       1790.9736       1.0170794      0.99964434       128.00000
       1790.9945       1.0157037      0.99917221       0.0000000
       1791.0153       1.0166459      0.99958479       0.0000000
       1791.0361       1.0161270       1.0005760       0.0000000
       1791.0570       1.0165596      0.99991858       128.00000
       1791.0778       1.0166142       1.0002615       0.0000000
       1791.0987       1.0164427       1.0003357       0.0000000
       1791.3903       1.0244288       1.0043112       0.0000000
       1791.4112       1.0187112       1.0039821       0.0000000
       1791.4320       1.0148864       1.0041914       0.0000000
       1791.4528       1.0110137       1.0044453       0.0000000
       1791.4737       1.0087382       1.0048066       0.0000000
       1791.4945       1.0062330       1.0049813       0.0000000
       1791.5153       1.0053236       1.0051622       0.0000000
       1791.5362       1.0045773       1.0051597       0.0000000
       1791.5570       1.0033481       1.0045986       0.0000000
       1791.5778       1.0028255       1.0045131       0.0000000
       1791.5987       1.0022478       1.0052093       0.0000000
       1791.6195       1.0014676       1.0032513       0.0000000
       1791.6403       1.0014101       1.0048180       0.0000000
       1791.6612       1.0002820       1.0028665       0.0000000
       1791.6820       1.0008346       1.0041903       0.0000000
       1791.7028       1.0005018       1.0045780       0.0000000
       1791.7237       1.0006514       1.0038334       0.0000000
       1791.7445       1.0002052       1.0046176       0.0000000
       1791.7653      0.99988484       1.0041163       0.0000000
       1791.7862      0.99962407       1.0037936       0.0000000
       1791.8070       1.0000173       1.0043293       0.0000000
       1791.8278      0.99977547       1.0041578       128.00000
       1791.8487      0.99978936       1.0042795       0.0000000
       1791.8695      0.99958849       1.0038433       0.0000000
       1791.8903       1.0002823       1.0044632       0.0000000
       1791.9112      0.99971968       1.0039774       0.0000000
       1791.9320       1.0001200       1.0043874       0.0000000
       1791.9528      0.99928886       1.0032846       0.0000000
       1791.9737      0.99939269       1.0033689       0.0000000
       1791.9945      0.99982470       1.0038610       0.0000000
       1792.0153      0.99936968       1.0034039       0.0000000
       1792.0362      0.99889219       1.0028422       0.0000000
       1792.0570      0.99974209       1.0033630       0.0000000
       1792.0778      0.99992955       1.0034184       0.0000000
       1792.0987       1.0096699       1.0017639       128.00000
       1792.1195       1.0002816       1.0022619       0.0000000
       1792.1403      0.99957669       1.0012196       0.0000000
       1792.1612       1.0002215       1.0029268       0.0000000
       1792.1820      0.99979734       1.0018526       0.0000000
       1792.2029       1.0000399       1.0027362       0.0000000
       1792.2237       1.0091865       1.0026641       128.00000
       1792.2445       1.0006186       1.0034381       0.0000000
       1792.2654      0.99931467       1.0023932       0.0000000
       1792.2862       1.0002711       1.0032054       0.0000000
       1792.3070      0.99956858       1.0024422       0.0000000
       1792.3279       1.0001320       1.0025703       0.0000000
       1792.3487      0.99951476       1.0021359       0.0000000
       1792.3695       1.0000099       1.0023985       0.0000000
       1792.3904       1.0004082       1.0027711       0.0000000
       1792.4112      0.99945766       1.0020947       0.0000000
       1792.4320      0.99993730       1.0023479       0.0000000
       1792.4529      0.99956739       1.0015633       0.0000000
       1792.4737       1.0007447       1.0026009       0.0000000
       1792.4945      0.99998838       1.0019733       0.0000000
       1792.5154       1.0005052       1.0021093       0.0000000
       1792.5362       1.0008453       1.0026000       0.0000000
       1792.5570       1.0004848       1.0019947       0.0000000
       1792.5779       1.0008973       1.0025733       0.0000000
       1792.5987       1.0012962       1.0030667       0.0000000
       1792.6195       1.0009693       1.0028644       0.0000000
       1792.6404       1.0016452       1.0030353       0.0000000
       1792.6612       1.0005798       1.0018042       0.0000000
       1792.6820       1.0012257       1.0026842       0.0000000
       1792.7029       1.0012119       1.0002567       0.0000000
       1792.7237       1.0019099       1.0026761       0.0000000
       1792.7445       1.0021293       1.0025843       0.0000000
       1792.7654       1.0013448       1.0019765       0.0000000
       1792.7862       1.0014666       1.0021704       0.0000000
       1792.8070       1.0015800       1.0025237       0.0000000
       1792.8279       1.0010616       1.0019683       0.0000000
       1792.8487       1.0012838       1.0023844       0.0000000
       1792.8695       1.0009586       1.0015101       0.0000000
       1792.8904      0.99992478       1.0008293       0.0000000
       1792.9112      0.99975753       1.0001212       0.0000000
       1792.9320      0.99919224       1.0007303       0.0000000
       1792.9529       1.0000542       1.0001967       0.0000000
       1792.9737      0.99906826      0.99991125       0.0000000
       1792.9945      0.99880755      0.99924839       0.0000000
       1793.0154      0.99814862      0.99885368       0.0000000
       1793.0362      0.99868441      0.99920708       0.0000000
       1793.0570      0.99943459      0.99951494       0.0000000
       1793.0779      0.99969530      0.99987149       0.0000000
       1793.0987      0.99867970      0.99911731       0.0000000
       1793.1195      0.99863166      0.99945790       0.0000000
       1793.1404      0.99962729       1.0003246       0.0000000
       1793.1612      0.99893832      0.99950367       0.0000000
       1793.1820      0.99987423      0.99963224       0.0000000
       1793.2029      0.99868715      0.99953514       0.0000000
       1793.2237      0.99933332      0.99974799       0.0000000
       1793.2445      0.99945837       1.0002720       128.00000
       1793.2654      0.99959689       1.0000625       0.0000000
       1793.2862      0.99935311      0.99977058       0.0000000
       1793.3070      0.99953336      0.99976093       0.0000000
       1793.3279      0.99939513      0.99919921       0.0000000
       1793.3487      0.99959534       1.0003968       0.0000000
       1793.3696      0.99928206      0.99957627       0.0000000
       1793.3904      0.99975365       1.0001920       0.0000000
       1793.4112      0.99902904      0.99976283       0.0000000
       1793.4321       1.0001965       1.0001017       0.0000000
       1793.4529      0.99873304      0.99897254       0.0000000
       1793.4737       1.0000813       1.0002604       0.0000000
       1793.4946      0.99904078      0.99913663       0.0000000
       1793.5154      0.99964309      0.99956506       0.0000000
       1793.5362      0.99975961       1.0000451       0.0000000
       1793.5571      0.99956626      0.99965453       0.0000000
       1793.5779      0.99991518      0.99998337       0.0000000
       1793.5987       1.0000917       1.0003822       0.0000000
       1793.6196       1.0002124       1.0004125       0.0000000
       1793.6404      0.99945939      0.99970090       0.0000000
       1793.6612       1.0002513       1.0001441       0.0000000
       1793.6821      0.99958503      0.99885941       0.0000000
       1793.7029      0.99990714      0.99972558       0.0000000
       1793.7237      0.99946392      0.99928594       0.0000000
       1793.7446      0.99974859      0.99945354       0.0000000
       1793.7654       1.0000554       1.0001854       0.0000000
       1793.7862       1.0001273       1.0000000       0.0000000
       1793.8071      0.99986446      0.99934131       0.0000000
       1793.8279       1.0007584       1.0003674       0.0000000
       1793.8487       1.0000602      0.99979115       0.0000000
       1793.8696      0.99966842      0.99983615       0.0000000
       1793.8904       1.0001353      0.99965900       0.0000000
       1793.9112       1.0002018      0.99949890       0.0000000
       1793.9321       1.0005450      0.99976087       128.00000
       1793.9529      0.99945056      0.99878472       0.0000000
       1793.9737       1.0005071      0.99973625       0.0000000
       1793.9946      0.99891013      0.99897939       0.0000000
       1794.0154      0.99962348      0.99912572       0.0000000
       1794.0362      0.99946976      0.99920654       0.0000000
       1794.0571       1.0004596      0.99993026       0.0000000
       1794.0779      0.99984038      0.99975878       0.0000000
       1794.0987       1.0002372      0.99981248       0.0000000
       1794.1196      0.99944448      0.99947810       0.0000000
       1794.1404       1.0000000      0.99982744       0.0000000
       1794.1612      0.99991399      0.99994075       0.0000000
       1794.1821      0.99890840      0.99834228       0.0000000
       1794.2029      0.99989772      0.99965125       0.0000000
       1794.2237      0.99971628      0.99946344       0.0000000
       1794.2446      0.99975270      0.99952030       0.0000000
       1794.2654       1.0001523      0.99943697       0.0000000
       1794.2862       1.0006828       1.0001872       0.0000000
       1794.3071      0.99922544      0.99914593       0.0000000
       1794.3279       1.0004805       1.0001134       0.0000000
       1794.3487      0.99981469      0.99945247       0.0000000
       1794.3696       1.0004137      0.99952340       0.0000000
       1794.3904      0.99968308      0.99884111       0.0000000
       1794.4112       1.0002787      0.99946553       0.0000000
       1794.4321      0.99939942      0.99901587       0.0000000
       1794.4529      0.99986190      0.99921143       0.0000000
       1794.4737      0.99972177      0.99932992       0.0000000
       1794.4946      0.99952108      0.99919945       0.0000000
       1794.5154      0.99921423      0.99894959       0.0000000
       1794.5363      0.99954647      0.99854141       0.0000000
       1794.5571      0.99989766      0.99854738       0.0000000
       1794.5779       1.0004371      0.99937320       0.0000000
       1794.5988      0.99962515      0.99895906       0.0000000
       1794.6196      0.99978966      0.99892849       0.0000000
       1794.6404      0.99951190      0.99865443       0.0000000
       1794.6613      0.99991792      0.99897069       0.0000000
       1794.6821      0.99950314      0.99731731       0.0000000
       1794.7029      0.99981797      0.99864089       0.0000000
       1794.7238       1.0003214      0.99831814       0.0000000
       1794.7446      0.99961632      0.99842107       0.0000000
       1794.7654       1.0000185      0.99858677       0.0000000
       1794.7863       1.0002092      0.99886930       0.0000000
       1794.8071       1.0004171      0.99930584       0.0000000
       1794.8279      0.99998105      0.99841470       0.0000000
       1794.8488      0.99935198      0.99669588       0.0000000
       1794.8696       1.0002471      0.99790883       0.0000000
       1794.8904      0.99969786      0.99820292       0.0000000
       1794.9113       1.0006144      0.99841726       0.0000000
       1794.9321      0.99975914      0.99735713       0.0000000
       1794.9529  -7.5408743e-15      0.87244552       128.00000
       1794.9738      0.99957174      0.99965394       0.0000000
       1794.9946       1.0010388      0.99967968       0.0000000
       1795.0154       1.0001495      0.99988258       0.0000000
       1795.0363      0.99991179      0.99951845       0.0000000
       1795.0571      0.99980044      0.99990225       0.0000000
       1795.0779       1.0000784      0.99978352       0.0000000
       1795.0988       1.0005840       1.0002402       0.0000000
       1795.1196       1.0000944       1.0002108       0.0000000
       1795.1404       1.0006350       1.0002362       128.00000
       1795.1613      0.99953842      0.99943334       0.0000000
       1795.1821       1.0003802       1.0000064       0.0000000
       1795.2029      0.99973047      0.99937743       0.0000000
       1795.2238       1.0002128      0.99962693       0.0000000
       1795.2446       1.0000136      0.99933606       0.0000000
       1795.2654       1.0004218      0.99978989       0.0000000
       1795.2863       1.0002500      0.99946237       0.0000000
       1795.3071      0.99982113      0.99954510       0.0000000
       1795.3279      0.99931192      0.99965769       128.00000
       1795.3488      0.99996668      0.99966288       0.0000000
       1795.3696       1.0005269       1.0003202       0.0000000
       1795.3904       1.0001272       1.0001611       0.0000000
       1795.4113       1.0002304       1.0001328       0.0000000
       1795.4321      0.99969620      0.99973249       0.0000000
       1795.4529       1.0006779       1.0002922       0.0000000
       1795.4738      0.99987155       1.0001863       0.0000000
       1795.4946       1.0007554       1.0007421       0.0000000
       1795.5154      0.99967486       1.0000483       0.0000000
       1795.5363       1.0000088      0.99991697       0.0000000
       1795.5571      0.99985927       1.0000046       0.0000000
       1795.5779       1.0001858       1.0002370       0.0000000
       1795.5988      0.99992073       1.0000830       0.0000000
       1795.6196       1.0002292       1.0000019       0.0000000
       1795.6404      0.99975091      0.99947494       0.0000000
       1795.6613       1.0004400       1.0005761       0.0000000
       1795.6821       1.0001518       1.0001922       0.0000000
       1795.7029       1.0001278       1.0002769       0.0000000
       1795.7238      0.99996918      0.99996352       0.0000000
       1795.7446       1.0000402       1.0002415       0.0000000
       1795.7654       1.0004296       1.0003583       0.0000000
       1795.7863       1.0003364       1.0008709       0.0000000
       1795.8071       1.0007038       1.0006521       0.0000000
       1795.8280      0.99968666       1.0001773       0.0000000
       1795.8488       1.0007639       1.0009018       0.0000000
       1795.8696       1.0004790       1.0007883       0.0000000
       1795.8905      0.99990982       1.0003650       0.0000000
       1795.9113       1.0001752       1.0003093       0.0000000
       1795.9321       1.0002362       1.0003972       0.0000000
       1795.9530       1.0000030       1.0000660       0.0000000
       1795.9738      0.99948561      0.99997520       0.0000000
       1795.9946      0.99995285       1.0001783       0.0000000
       1796.0155       1.0002203       1.0006247       0.0000000
       1796.0363       1.0005153       1.0006495       0.0000000
       1796.0571      0.99985313       1.0001744       0.0000000
       1796.0780      0.99959970       1.0000007       0.0000000
       1796.0988      0.99986219       1.0002829       0.0000000
       1796.1196       1.0006726       1.0008862       0.0000000
       1796.1405      0.99992090       1.0005744       0.0000000
       1796.1613      0.99964786      0.99978471       0.0000000
       1796.1821       1.0001752       1.0004153       0.0000000
       1796.2030       1.0005757       1.0007660       0.0000000
       1796.2238       1.0006456       1.0006860       0.0000000
       1796.2446      0.99977672       1.0002842       0.0000000
       1796.2655       1.0003185       1.0003527       0.0000000
       1796.2863       1.0000032       1.0004207       0.0000000
       1796.3071       1.0006452       1.0007401       0.0000000
       1796.3280       1.0001358       1.0005827       0.0000000
       1796.3488       1.0003784       1.0005188       0.0000000
       1796.3696       1.0004013       1.0006672       0.0000000
       1796.3905       1.0001241       1.0003651       0.0000000
       1796.4113       1.0001945       1.0000390       0.0000000
       1796.4321      0.99995106       1.0003335       0.0000000
       1796.4530       1.0005391       1.0004554       0.0000000
       1796.4738      0.99976170       1.0001194       0.0000000
       1796.4946       1.0008279       1.0008411       0.0000000
       1796.5155      0.99987078       1.0004669       0.0000000
       1796.5363       1.0004095       1.0004900       0.0000000
       1796.5571      0.99992502       1.0003961       0.0000000
       1796.5780       1.0003598       1.0005213       0.0000000
       1796.5988      0.99990505       1.0003799       0.0000000
       1796.6196      0.99992073       1.0003287       0.0000000
       1796.6405       1.0004426       1.0003501       0.0000000
       1796.6613      0.99996316       1.0005230       0.0000000
       1796.6821       1.0001459       1.0003115       0.0000000
       1796.7030      0.99970937       1.0001695       0.0000000
       1796.7238       1.0010407       1.0008793       0.0000000
       1796.7446       1.0001256       1.0007638       0.0000000
       1796.7655      0.99999893      0.99991632       0.0000000
       1796.7863      0.99997234       1.0002193       0.0000000
       1796.8071      0.99965400      0.99987084       0.0000000
       1796.8280       1.0007083       1.0006444       0.0000000
       1796.8488      0.99943113      0.99975520       0.0000000
       1796.8696      0.99974793       1.0000988       0.0000000
       1796.8905      0.99974692       1.0001374       0.0000000
       1796.9113       1.0011309       1.0012769       0.0000000
       1796.9321       1.0004532       1.0011022       0.0000000
       1796.9530       1.0006946       1.0009768       0.0000000
       1796.9738      0.99965107       1.0000193       0.0000000
       1796.9946       1.0006454       1.0006691       0.0000000
       1797.0155      0.99994749       1.0002390       0.0000000
       1797.0363       1.0001724       1.0005603       0.0000000
       1797.0571      0.99962533      0.99939060       0.0000000
       1797.0780       1.0001130       1.0004002       0.0000000
       1797.0988       1.0000236       1.0003216       0.0000000
       1797.1196      0.99960631       1.0003763       0.0000000
       1797.1405       1.0002075       1.0003392       0.0000000
       1797.1613      0.99980783       1.0003104       0.0000000
       1797.1821      0.99698102       1.0007387       128.00000
       1797.2030       1.0001817       1.0004399       0.0000000
       1797.2238      0.99959856      0.99973172       0.0000000
       1797.2447       1.0006028       1.0007286       0.0000000
       1797.2655      0.99995172       1.0000242       0.0000000
       1797.2863       1.0003519       1.0008763       0.0000000
       1797.3072      0.99930626      0.99948841       0.0000000
       1797.3280      0.99990696       1.0000154       0.0000000
       1797.3488       1.0000684       1.0006173       0.0000000
       1797.3697       1.0000511       1.0003310       0.0000000
       1797.3905       1.0002234       1.0001295       0.0000000
       1797.4113       1.0000069       1.0001744       0.0000000
       1797.4322       1.0001922       1.0003697       0.0000000
       1797.4530       1.0002396       1.0004873       0.0000000
       1797.4738      0.99992359       1.0001231       0.0000000
       1797.4947      0.99987811       1.0001591       0.0000000
       1797.5155       1.0003990       1.0007718       0.0000000
       1797.5363      0.99993509       1.0001872       0.0000000
       1797.5572       1.0007190       1.0006529       0.0000000
       1797.5780      0.99980617       1.0003620       0.0000000
       1797.5988       1.0006076       1.0008382       0.0000000
       1797.6197       1.0002711       1.0005609       0.0000000
       1797.6405       1.0006620       1.0006989       0.0000000
       1797.6613      0.99983752      0.99982631       0.0000000
       1797.6822      0.99984461      0.99972165       0.0000000
       1797.7030       1.0005821       1.0001293       0.0000000
       1797.7238       1.0000560      0.99964076       0.0000000
       1797.7447       1.0005176       1.0002545       0.0000000
       1797.7655      0.99963140      0.99968058       0.0000000
       1797.7863       1.0005903       1.0003794       0.0000000
       1797.8072       1.0002353       1.0004047       0.0000000
       1797.8280      0.99998045      0.99994749       0.0000000
       1797.8488      0.99985671      0.99971300       0.0000000
       1797.8697      0.99995196      0.99957967       0.0000000
       1797.8905      0.99987042      0.99948853       0.0000000
       1797.9113      0.99943531      0.99961787       0.0000000
       1797.9322      0.99981958      0.99954665       0.0000000
       1797.9530       1.0001670       1.0000982       0.0000000
       1797.9738      0.99996591      0.99997514       0.0000000
       1797.9947       1.0000365      0.99977261       0.0000000
       1798.0155       1.0001136       1.0000901       0.0000000
       1798.0363      0.99973595      0.99987072       0.0000000
       1798.0572      0.99977428      0.99960482       0.0000000
       1798.0780       1.0005125       1.0001932       0.0000000
       1798.0988       1.0034863      0.99974477       128.00000
       1798.1197      0.99954426      0.99934644       0.0000000
       1798.1405      0.99979746      0.99913394       0.0000000
       1798.1613      0.99982345      0.99996001       0.0000000
       1798.1822       1.0001186      0.99987626       0.0000000
       1798.2030      0.99991882      0.99981493       0.0000000
       1798.2238       1.0000278       1.0000632       0.0000000
       1798.2447      0.99965447      0.99942523       0.0000000
       1798.2655      0.99964315      0.99977344       0.0000000
       1798.2863      0.99986237      0.99972510       0.0000000
       1798.3072       1.0002933       1.0006576       0.0000000
       1798.3280      0.99977487      0.99961197       0.0000000
       1798.3488       1.0000471       1.0000937       0.0000000
       1798.3697       1.0001895      0.99974352       0.0000000
       1798.3905      0.99981958      0.99942291       0.0000000
       1798.4113      0.99936694      0.99901384       0.0000000
       1798.4322      0.99960375      0.99936390       0.0000000
       1798.4530      0.99966663      0.99918485       0.0000000
       1798.4738      0.99967480      0.99897695       0.0000000
       1798.4947      0.99946451      0.99960697       0.0000000
       1798.5155      0.99988782      0.99965227       0.0000000
       1798.5363      0.99916923      0.99886459       0.0000000
       1798.5572       1.0003431      0.99950701       0.0000000
       1798.5780      0.99980140      0.99923915       0.0000000
       1798.5988      0.99974376      0.99900299       0.0000000
       1798.6197      0.99960881      0.99849057       0.0000000
       1798.6405      0.99992847      0.99913442       0.0000000
       1798.6613       1.0003473      0.99882239       0.0000000
       1798.6822      0.99984831      0.99912679       0.0000000
       1798.7030       1.0001464      0.99885815       0.0000000
       1798.7238      0.99984473      0.99918121       0.0000000
       1798.7447      0.99748284      0.99928582       128.00000
       1798.7655       1.0002235      0.99937952       0.0000000
       1798.7864      0.99894953      0.99812394       0.0000000
       1798.8072      0.99981523      0.99844128       0.0000000
       1798.8280      0.99878365      0.99776155       0.0000000
       1798.8489       1.0001947      0.99887401       0.0000000
       1798.8697      0.99995571      0.99824232       0.0000000
       1798.8905      0.99962515      0.99843311       0.0000000
       1798.9114      0.99985880      0.99809283       0.0000000
       1798.9322       1.0000657      0.99842739       0.0000000
       1798.9530       1.0000813      0.99822003       0.0000000
       1798.9739      0.99969488      0.99775255       0.0000000
       1798.9947       1.0000129      0.99764395       0.0000000
       1799.0155      0.99987733      0.99815464       0.0000000
       1799.0364      0.99966359      0.99677479       0.0000000
       1799.0572       1.0000201      0.99766129       0.0000000
       1799.0780       1.0021468      0.99845213       128.00000
       1799.0989       1.0000629      0.99781001       0.0000000
       1799.1197      0.99963993      0.99680555       0.0000000
       1799.1405       1.0001628      0.99669349       0.0000000
       1799.1614      0.99929023      0.99734694       0.0000000
       1799.1822       1.0002352      0.99695283       0.0000000
       1799.2030  -7.3418546e-15      0.84941995       128.00000
       1799.2239      0.99969459       1.0002283       0.0000000
       1799.2447      0.99986970      0.99991512       0.0000000
       1799.2655      0.99978787       1.0000194       0.0000000
       1799.2864       1.0002182       1.0003644       0.0000000
       1799.3072      0.99981576      0.99991232       0.0000000
       1799.3280       1.0004168       1.0001545       0.0000000
       1799.3489       1.0007496       1.0004607       0.0000000
       1799.3697       1.0000303       1.0003749       0.0000000
       1799.3905       1.0000460      0.99980205       0.0000000
       1799.4114      0.99976087       1.0001047       0.0000000
       1799.4322       1.0003908       1.0003923       0.0000000
       1799.4530      0.99987704       1.0001141       0.0000000
       1799.4739      0.99922544      0.99978614       0.0000000
       1799.4947      0.99980646       1.0000861       0.0000000
       1799.5155      0.99938399      0.99990886       0.0000000
       1799.5364       1.0023501      0.99991518       128.00000
       1799.5572      0.99996990       1.0002037       0.0000000
       1799.5780       1.0002050       1.0007453       0.0000000
       1799.5989      0.99959809      0.99996442       0.0000000
       1799.6197      0.99975294       1.0001193       0.0000000
       1799.6405      0.99999338       1.0002046       0.0000000
       1799.6614      0.99965161       1.0002538       0.0000000
       1799.6822      0.99950874      0.99991041       0.0000000
       1799.7030      0.99990648       1.0003897       0.0000000
       1799.7239      0.99928308      0.99987996       0.0000000
       1799.7447      0.99479616       1.0004810       128.00000
       1799.7655      0.99947554      0.99995553       0.0000000
       1799.7864      0.99992806       1.0001081       0.0000000
       1799.8072      0.99954587       1.0001475       0.0000000
       1799.8280       1.0000526       1.0002024       0.0000000
       1799.8489       1.0002030       1.0004976       0.0000000
       1799.8697      0.99977058      0.99982524       0.0000000
       1799.8905       1.0000259       1.0003535       0.0000000
       1799.9114      0.99999249       1.0005352       0.0000000
       1799.9322       1.0002387       1.0004950       0.0000000
       1799.9530      0.99955666       1.0001093       0.0000000
       1799.9739       1.0002340       1.0005476       0.0000000
       1799.9947      0.99944359      0.99991691       0.0000000
       1800.0155      0.99976504       1.0000786       0.0000000
       1800.0364       1.0002745       1.0006683       0.0000000
       1800.0572      0.99993253       1.0004120       0.0000000
       1800.0780      0.99967211      0.99986041       0.0000000
       1800.0989       1.0004904       1.0009916       0.0000000
       1800.1197      0.99972659       1.0000379       0.0000000
       1800.1405      0.99920619      0.99976414       0.0000000
       1800.1614      0.99981183       1.0001242       0.0000000
       1800.1822      0.99978983       1.0002964       0.0000000
       1800.2030      0.99996048       1.0004417       0.0000000
       1800.2239       1.0005423       1.0006864       0.0000000
       1800.2447       1.0002285       1.0006495       0.0000000
       1800.2655       1.0007883       1.0012134       0.0000000
       1800.2864       1.0004166       1.0010979       0.0000000
       1800.3072       1.0008762       1.0013345       0.0000000
       1800.3280       1.0005912       1.0009618       0.0000000
       1800.3489       1.0012131       1.0019270       0.0000000
       1800.3697       1.0007600       1.0010376       0.0000000
       1800.3905       1.0009733       1.0016891       128.00000
       1800.4114      0.99768794       1.0014346       128.00000
       1800.4322       1.0010850       1.0014187       128.00000
       1800.4531       1.0016980       1.0021793       128.00000
       1800.4739       1.0020133       1.0023195       128.00000
       1800.4947       1.0014709       1.0016297       128.00000
       1800.5156       1.0013993       1.0014745       128.00000
       1800.5364       1.0014266       1.0017560       128.00000
       1800.5572       1.0019586       1.0020326       128.00000
       1800.5781       1.0006100       1.0006166       128.00000
       1800.5989       1.0013471       1.0012395       128.00000
       1800.6197       1.0004544       1.0005748       128.00000
       1800.6406      0.99911422      0.99947453       128.00000
       1800.6614      0.99932075      0.99908054       128.00000
       1800.6822      0.99934375      0.99935633       128.00000
       1800.7031      0.99874890      0.99871272       128.00000
       1800.7239      0.99874640      0.99844909       128.00000
       1800.7447      0.99798679      0.99770975       128.00000
       1800.7656      0.99769843      0.99684656       128.00000
       1800.7864      0.99734002      0.99672282       128.00000
       1800.8072      0.99824125      0.99742055       128.00000
       1800.8281      0.99811214      0.99693340       128.00000
       1800.8489      0.99870181      0.99789035       128.00000
       1800.8697      0.99830359      0.99728966       128.00000
       1800.8906      0.99808407      0.99712533       128.00000
       1800.9114      0.99849522      0.99732929       128.00000
       1800.9322      0.99852473      0.99757868       128.00000
       1800.9531      0.99945015      0.99800968       128.00000
       1800.9739      0.99877071      0.99748415       128.00000
       1800.9947      0.99865425      0.99741101       128.00000
       1801.0156      0.99854821      0.99722922       128.00000
       1801.0364      0.99803859      0.99647248       128.00000
       1801.0572      0.99870825      0.99687886       128.00000
       1801.0781      0.99894392      0.99685448       128.00000
       1801.0989      0.99849474      0.99620956       128.00000
       1801.1197      0.99951959      0.99710155       128.00000
       1801.1406      0.99879390      0.99633157       128.00000
       1801.1614      0.99894190      0.99647760       128.00000
       1801.1822      0.99766570      0.99524105       128.00000
       1801.2031      0.99841833      0.99601930       128.00000
       1801.2239      0.99869794      0.99632567       128.00000
       1801.2447      0.99801832      0.99564594       128.00000
       1801.2656      0.99789107      0.99548686       128.00000
       1801.2864      0.99834776      0.99586457       128.00000
       1801.3072      0.99767137      0.99505234       128.00000
       1801.3281      0.99780595      0.99497056       128.00000
       1801.3489      0.99836582      0.99523669       128.00000
       1801.3697      0.99806398      0.99461907       128.00000
       1801.3906      0.99840307      0.99463654       128.00000
       1801.4114      0.99850166      0.99437588       128.00000
       1801.4322      0.99815130      0.99365139       128.00000
       1801.4531      0.99838322      0.99348980       128.00000
       1801.4739      0.99880892      0.99346560       128.00000
       1801.4947      0.99857110      0.99263364       128.00000
       1801.5156      0.99829483      0.99194115       128.00000
       1801.5364      0.99831301      0.99140024       128.00000
       1801.5572      0.99852961      0.99105072       128.00000
       1801.5781      0.99927992      0.99127740       128.00000
       1801.5989      0.99890751      0.99044770       128.00000
       1801.6197      0.99888140      0.98974532       128.00000
       1801.6406      0.99995142      0.99013305       128.00000
       1801.6614       1.0004498      0.98982555       128.00000
       1801.6822       1.0004107      0.98882765       128.00000
       1801.7031       1.0009418      0.98817128       128.00000
       1801.7239       1.0020399      0.98779118       128.00000
       1801.7447       1.0032645      0.98740304       128.00000
       1801.7656       1.0047032      0.98709202       128.00000
       1801.7864       1.0054313      0.98588759       128.00000
       1801.8072       1.0076725      0.98610067       128.00000
       1801.8281       1.0082166      0.98463839       128.00000
       1801.8489       1.0109503      0.98533326       128.00000
       1801.8697       1.0123776      0.98478049       128.00000
       1801.8906       1.0138198      0.98429811       128.00000
       1801.9114       1.0163954      0.98495078       128.00000
       1801.9322       1.0163301      0.98297691       128.00000
       1801.9531       1.0199265      0.98441124       128.00000
       1801.9739       1.0227765      0.98490185       128.00000
       1801.9947       1.0265602      0.98613858       128.00000
       1802.0156       1.0296761      0.98667777       128.00000
       1802.0364       1.0329651      0.98738402       128.00000
       1802.0572       1.0362471      0.98790479       128.00000
       1802.0781       1.0396529      0.98821163       128.00000
       1802.0989       1.0450926      0.99007726       128.00000
       1802.1197       1.0493096      0.99057293       128.00000
       1802.1406       1.0541954      0.99174917       128.00000
       1802.1614       1.0619643      0.99586952       128.00000
       1802.1822       1.0671469      0.99784523       128.00000
       1802.2031       1.0712264      0.99922788       128.00000
       1802.2239       1.0750695       1.0010146       128.00000
       1802.2447       1.0758232       1.0006301       128.00000
       1802.2656       1.0748639      0.99959540       128.00000
       1802.2864       1.0738194      0.99956697       128.00000
       1802.3072       1.0675095      0.99577850       128.00000
       1802.3281       1.0630212      0.99475718       128.00000
       1802.3489       1.0562853      0.99266458       128.00000
       1802.3697       1.0493301      0.99154055       128.00000
       1802.3906       1.0423340      0.99094391       128.00000
       1802.4114       1.0369549      0.99176043       128.00000
       1802.4323       1.0312396      0.99211019       128.00000
       1803.4739      0.99763769       1.0000578       0.0000000
       1803.4948      0.99778968       1.0003353       0.0000000
       1803.5156      0.99769539       1.0001668       0.0000000
       1803.5364      0.99825066       1.0003586       0.0000000
       1803.5573      0.99780267      0.99986351       0.0000000
       1803.5781      0.99780971       1.0001574       0.0000000
       1803.5989      0.99801803      0.99989307       0.0000000
       1803.6198      0.99876606       1.0009071       0.0000000
       1803.6406      0.99830467       1.0006678       128.00000
       1803.6614      0.99775630      0.99975103       0.0000000
       1803.6823      0.99928486       1.0006423       0.0000000
       1803.7031      0.99872047       1.0002017       0.0000000
       1803.7239      0.99841678       1.0004786       0.0000000
       1803.7448      0.99863595       1.0006300       0.0000000
       1803.7656      0.99827206       1.0001456       128.00000
       1803.7864      0.99850786       1.0004981       0.0000000
       1803.8073      0.99844623       1.0005326       0.0000000
       1803.8281      0.99855828       1.0003165       0.0000000
       1803.8489      0.99797314      0.99981213       0.0000000
       1803.8698      0.99766940      0.99967873       0.0000000
       1803.8906      0.99860752       1.0004760       0.0000000
       1803.9114      0.99866855       1.0004510       0.0000000
       1803.9323      0.99835491       1.0002551       0.0000000
       1803.9531      0.99794519      0.99972779       0.0000000
       1803.9739      0.99836713       1.0000584       0.0000000
       1803.9948      0.99890107       1.0004089       0.0000000
       1804.0156      0.99816406      0.99986762       0.0000000
       1804.0364      0.99908370       1.0003607       0.0000000
       1804.0573      0.99873060       1.0004381       0.0000000
       1804.0781      0.99859434       1.0002096       0.0000000
       1804.0989      0.99869025       1.0005538       0.0000000
       1804.1198      0.99854511       1.0001009       0.0000000
       1804.1406      0.99833173      0.99997395       0.0000000
       1804.1614      0.99870282       1.0004487       0.0000000
       1804.1823      0.99838179       1.0001419       0.0000000
       1804.2031      0.99896246       1.0003275       0.0000000
       1804.2239      0.99911129       1.0008786       0.0000000
       1804.2448      0.99876803       1.0001229       0.0000000
       1804.2656      0.99916285       1.0009376       0.0000000
       1804.2864      0.99871641       1.0000833       0.0000000
       1804.3073      0.99863380       1.0001634       0.0000000
       1804.3281      0.99890363       1.0004129       0.0000000
       1804.3489      0.99940860       1.0009624       0.0000000
       1804.3698      0.99885267       1.0003189       0.0000000
       1804.3906      0.99941337       1.0010098       0.0000000
       1804.4114      0.99864292      0.99996877       0.0000000
       1804.4323      0.99936330       1.0002468       0.0000000
       1804.4531      0.99849117       1.0000862       0.0000000
       1804.4739       1.0004337      0.99985123       128.00000
       1804.4948      0.99869663      0.99881661       0.0000000
       1804.5156      0.99905610      0.99979919       0.0000000
       1804.5364      0.99907869      0.99929291       0.0000000
       1804.5573      0.99892461      0.99903852       0.0000000
       1804.5781      0.99861503      0.99852890       0.0000000
       1804.5989       1.0013185       1.0000119       128.00000
       1804.6198      0.99927384      0.99994719       0.0000000
       1804.6406      0.99893504      0.99920458       0.0000000
       1804.6614      0.99832231      0.99800277       0.0000000
       1804.6823      0.99920672      0.99951380       0.0000000
       1804.7031      0.99856353      0.99915397       0.0000000
       1804.7239      0.99970925      0.99950981       0.0000000
       1804.7448      0.99959904      0.99937969       0.0000000
       1804.7656      0.99924380      0.99939734       0.0000000
       1804.7864      0.99892431      0.99846566       0.0000000
       1804.8073      0.99878174      0.99848503       0.0000000
       1804.8281      0.99925721      0.99872392       0.0000000
       1804.8490      0.99987036       1.0004039       0.0000000
       1804.8698      0.99999690      0.99918270       128.00000
       1804.8906      0.99988842       1.0003217       0.0000000
       1804.9115      0.99877310      0.99849510       0.0000000
       1804.9323       1.0001662      0.99969786       0.0000000
       1804.9531      0.99892312      0.99818563       0.0000000
       1804.9740      0.99922258      0.99907416       0.0000000
       1804.9948      0.99986035      0.99932939       0.0000000
       1805.0156      0.99902582      0.99878776       0.0000000
       1805.0365      0.99980271      0.99932134       0.0000000
       1805.0573      0.99916947      0.99935651       0.0000000
       1805.0781      0.99915701      0.99891990       0.0000000
       1805.0990       1.0002092      0.99957860       0.0000000
       1805.1198      0.99919575      0.99819911       0.0000000
       1805.1406      0.99939930      0.99836349       0.0000000
       1805.1615      0.99955326      0.99917525       0.0000000
       1805.1823      0.99955118      0.99890399       0.0000000
       1805.2031      0.99953991      0.99888885       0.0000000
       1805.2240      0.99981004      0.99951726       0.0000000
       1805.2448      0.99935824      0.99901682       0.0000000
       1805.2656      0.99920535      0.99900711       0.0000000
       1805.2865      0.99953634      0.99878806       0.0000000
       1805.3073      0.99980962      0.99971199       0.0000000
       1805.3281      0.99912053      0.99891222       0.0000000
       1805.3490       1.0000302      0.99983668       0.0000000
       1805.3698       1.0002806       1.0004212       0.0000000
       1805.3906      0.99994844      0.99935907       0.0000000
       1805.4115      0.99991626      0.99918735       0.0000000
       1805.4323       1.0002142      0.99961430       0.0000000
       1805.4531      0.99890399      0.99889410       0.0000000
       1805.4740      0.99961531      0.99936384       0.0000000
       1805.4948       1.0000238      0.99918634       0.0000000
       1805.5156      0.99981499      0.99940181       0.0000000
       1805.5365      0.99927282      0.99993014       0.0000000
       1805.5573      0.99923962      0.99911004       0.0000000
       1805.5781       1.0003474      0.99981081       0.0000000
       1805.5990      0.99947155      0.99941611       0.0000000
       1805.6198      0.99990052      0.99967110       0.0000000
       1805.6406      0.99934953      0.99917287       0.0000000
       1805.6615      0.99990940      0.99968755       0.0000000
       1805.6823       1.0005529      0.99979061       0.0000000
       1805.7031       1.0000000      0.99871731       0.0000000
       1805.7240       1.0004274      0.99933839       0.0000000
       1805.7448       1.0001332      0.99937671       128.00000
       1805.7656       1.0004684      0.99908775       0.0000000
       1805.7865       1.0000268      0.99985915       0.0000000
       1805.8073      0.99973422      0.99937499       0.0000000
       1805.8281       1.0002117       1.0004042       0.0000000
       1805.8490      0.99979717      0.99976790       0.0000000
       1805.8698      0.99989825      0.99970734       0.0000000
       1805.8906      0.99998188      0.99889439       0.0000000
       1805.9115      0.99975729       1.0002743       0.0000000
       1805.9323      0.99949044      0.99956602       0.0000000
       1805.9531      0.99954814      0.99846190       0.0000000
       1805.9740      0.99981529       1.0003335       0.0000000
       1805.9948      0.99945867      0.99971765       0.0000000
       1806.0156      0.99909222      0.99988663       0.0000000
       1806.0365      0.99992728      0.99989563       0.0000000
       1806.0573      0.99921936      0.99933958       0.0000000
       1806.0781       1.0035064      0.99964195       128.00000
       1806.0990       1.0000484       1.0004216       0.0000000
       1806.1198      0.99999028       1.0006472       0.0000000
       1806.1406      0.99963969       1.0001588       0.0000000
       1806.1615      0.99982309      0.99994022       0.0000000
       1806.1823      0.99998897       1.0001153       0.0000000
       1806.2031       1.0001929       1.0007535       0.0000000
       1806.2240      0.99933034      0.99926776       0.0000000
       1806.2448       1.0000631       1.0005507       0.0000000
       1806.2656       1.0003408       1.0011613       0.0000000
       1806.2865      0.99915373      0.99981475       0.0000000
       1806.3073       1.0000142       1.0007528       0.0000000
       1806.3281       1.0000104       1.0006300       0.0000000
       1806.3490       1.0009328       1.0015159       0.0000000
       1806.3698      0.99985451       1.0000354       0.0000000
       1806.3906       1.0006250       1.0006129       128.00000
       1806.4115      0.99966753      0.99996740       0.0000000
       1806.4323       1.0000777       1.0004069       0.0000000
       1806.4531      0.99978548      0.99961865       0.0000000
       1806.4740      0.99947828      0.99981892       0.0000000
       1806.4948      0.99999547       1.0001196       0.0000000
       1806.5156       1.0002973       1.0001942       0.0000000
       1806.5365      0.99980283       1.0005279       0.0000000
       1806.5573      0.99937451      0.99962372       0.0000000
       1806.5781      0.99965042      0.99969941       0.0000000
       1806.5990      0.99935758      0.99949104       0.0000000
       1806.6198      0.99947828       1.0000498       0.0000000
       1806.6406      0.99971503       1.0003916       0.0000000
       1806.6615       1.0000403       1.0000427       0.0000000
       1806.6823      0.99964762      0.99960023       0.0000000
       1806.7031      0.99970686       1.0002209       0.0000000
       1806.7240      0.99955100      0.99975890       0.0000000
       1806.7448       1.0001107       1.0003021       0.0000000
       1806.7656      0.99904960      0.99987584       0.0000000
       1806.7865       1.0002092       1.0000473       0.0000000
       1806.8073      0.99996662       1.0003797       0.0000000
       1806.8281      0.99951780      0.99986500       0.0000000
       1806.8490       1.0003871       1.0005141       0.0000000
       1806.8698      0.99940503       1.0000447       0.0000000
       1806.8906       1.0004761       1.0000380       0.0000000
       1806.9115      0.99942595       1.0003904       0.0000000
       1806.9323      0.99993759      0.99954593       0.0000000
       1806.9531      0.99993002       1.0003430       0.0000000
       1806.9740       1.0035181      0.99993706       128.00000
       1806.9948       1.0000347       1.0004019       0.0000000
       1807.0156       1.0002228       1.0000809       0.0000000
       1807.0365       1.0005952       1.0006537       0.0000000
       1807.0573       1.0005957       1.0006231       0.0000000
       1807.0781       1.0003386       1.0010036       0.0000000
       1807.0990       1.0002511       1.0008082       0.0000000
       1807.1198      0.99983126       1.0003268       0.0000000
       1807.1406       1.0007097       1.0007442       0.0000000
       1807.1615      0.99954247       1.0001382       0.0000000
       1807.1823       1.0005882       1.0009183       0.0000000
       1807.2031       1.0001854       1.0000639       0.0000000
       1807.2240      0.99991894      0.99912202       0.0000000
       1807.2448      0.99968392      0.99961746       0.0000000
       1807.2656       1.0004566      0.99999237       0.0000000
       1807.2865       1.0009377       1.0005220       0.0000000
       1807.3073      0.99997890      0.99957186       0.0000000
       1807.3281       1.0000778      0.99981624       0.0000000
       1807.3490       1.0004138      0.99998146       0.0000000
       1807.3698      0.99981874       1.0000000       0.0000000
       1807.3906       1.0004095       1.0000644       0.0000000
       1807.4115       1.0062157       1.0002600       128.00000
       1807.4323       1.0007979       1.0001012       0.0000000
       1807.4531      0.99975818      0.99956006       0.0000000
       1807.4740      0.99982470      0.99938071       0.0000000
       1807.4948       1.0006087      0.99997753       0.0000000
       1807.5156       1.0007333       1.0005708       0.0000000
       1807.5365       1.0000194      0.99971485       0.0000000
       1807.5573       1.0007052      0.99988890       0.0000000
       1807.5781       1.0003837      0.99942750       0.0000000
       1807.5990       1.0004977       1.0009181       0.0000000
       1807.6198       1.0007138       1.0005225       0.0000000
       1807.6406       1.0002798       1.0001631       0.0000000
       1807.6615       1.0008272       1.0005815       0.0000000
       1807.6823       1.0008013       1.0012140       0.0000000
       1807.7031       1.0003027       1.0005462       0.0000000
       1807.7240       1.0006369       1.0000281       0.0000000
       1807.7448       1.0002946      0.99949449       0.0000000
       1807.7656       1.0007252       1.0005434       0.0000000
       1807.7865       1.0003344       1.0007238       0.0000000
       1807.8073       1.0006757       1.0004524       0.0000000
       1807.8281       1.0006574       1.0001488       0.0000000
       1807.8490       1.0001112       1.0003290       0.0000000
       1807.8698      0.99966717      0.99955481       0.0000000
       1807.8906       1.0001636      0.99979001       0.0000000
       1807.9115       1.0008858       1.0010309       0.0000000
       1807.9323       1.0002507       1.0007060       0.0000000
       1807.9531       1.0005813      0.99970251       0.0000000
       1807.9740      0.99997199      0.99938208       0.0000000
       1807.9948  -8.5060726e-15      0.86582571       128.00000
       1808.0156       1.0010394       1.0009234       0.0000000
       1808.0365       1.0006138       1.0009828       0.0000000
       1808.0573       1.0013793       1.0017270       0.0000000
       1808.0781       1.0014333       1.0013858       0.0000000
       1808.0990       1.0011497       1.0012752       0.0000000
       1808.1198       1.0012690       1.0018890       0.0000000
       1808.1406       1.0016953       1.0022739       0.0000000
       1808.1615       1.0020022       1.0023365       0.0000000
       1808.1823       1.0024203       1.0029957       0.0000000
       1808.2031       1.0026147       1.0027499       0.0000000
       1808.2240       1.0023456       1.0018547       0.0000000
       1808.2448       1.0026660       1.0016949       0.0000000
       1808.2656       1.0020610       1.0027518       0.0000000
       1808.2865       1.0025779       1.0029746       0.0000000
       1808.3073       1.0027027       1.0032035       0.0000000
       1808.3282       1.0028685       1.0026531       0.0000000
       1808.3490       1.0028673       1.0036104       0.0000000
       1808.3698       1.0026146       1.0034595       0.0000000
       1808.3907       1.0020187       1.0028071       0.0000000
       1808.4115       1.0022638       1.0030289       0.0000000
       1808.4323       1.0014488       1.0022938       0.0000000
       1808.4532       1.0010610       1.0021101       0.0000000
       1808.4740       1.0013443       1.0018344       0.0000000
       1808.4948       1.0001645       1.0010500       0.0000000
       1808.5157      0.99981874       1.0008223       0.0000000
       1808.5365      0.99990475      0.99919242       0.0000000
       1808.5573      0.99970800       1.0003313       0.0000000
       1808.5782      0.99994093       1.0005124       0.0000000
       1808.5990      0.99968565       1.0006375       0.0000000
       1808.6198      0.99955100       1.0004488       0.0000000
       1808.6407      0.99978763       1.0006548       0.0000000
       1808.6615       1.0007209       1.0013484       0.0000000
       1808.6823      0.99977934       1.0007424       0.0000000
       1808.7032       1.0001619       1.0011557       0.0000000
       1808.7240       1.0005165       1.0007635       0.0000000
       1808.7448       1.0004985       1.0013835       0.0000000
       1808.7657       1.0003110       1.0008512       0.0000000
       1808.7865       1.0002509       1.0011382       0.0000000
       1808.8073       1.0003772       1.0012602       0.0000000
       1808.8282       1.0006959       1.0010562       0.0000000
       1808.8490       1.0004754       1.0015960       0.0000000
       1808.8698       1.0009652       1.0019177       0.0000000
       1808.8907       1.0006181       1.0013496       0.0000000
       1808.9115       1.0005093       1.0012683       0.0000000
       1808.9323       1.0010893       1.0014219       0.0000000
       1808.9532       1.0002823       1.0006721       0.0000000
       1808.9740       1.0004232       1.0011215       0.0000000
       1808.9948       1.0006170       1.0010742       0.0000000
       1809.0157       1.0015028       1.0017476       0.0000000
       1809.0365       1.0003580       1.0008951       0.0000000
       1809.0573       1.0006464       1.0006696       0.0000000
       1809.0782       1.0007600       1.0003833       0.0000000
       1809.0990       1.0014262       1.0013436       0.0000000
       1809.1198       1.0012286       1.0010082       0.0000000
       1809.1407       1.0010616      0.99985808       0.0000000
       1809.1615       1.0016251       1.0017915       0.0000000
       1809.1823       1.0004138       1.0008436       0.0000000
       1809.2032       1.0008438      0.99971884       0.0000000
       1809.2240       1.0012176       1.0004994       0.0000000
       1809.2448       1.0002712       1.0005549       0.0000000
       1809.2657       1.0007249       1.0008863       0.0000000
       1809.2865       1.0007943       1.0009192       0.0000000
       1809.3073       1.0003779       1.0000573       0.0000000
       1809.3282       1.0000679       1.0002476       0.0000000
       1809.3490       1.0008564       1.0007226       0.0000000
       1809.3698       1.0010711       1.0008193       0.0000000
       1809.3907       1.0003403       1.0007888       0.0000000
       1809.4115       1.0004183       1.0005801       0.0000000
       1809.4323       1.0004483       1.0008259       0.0000000
       1809.4532       1.0008491       1.0004997       0.0000000
       1809.4740       1.0010420       1.0009629       0.0000000
       1809.4948       1.0003995       1.0006826       0.0000000
       1809.5157       1.0001491       1.0008253       0.0000000
       1809.5365       1.0009457       1.0000050       0.0000000
       1809.5573       1.0008464       1.0007941       0.0000000
       1809.5782       1.0004504       1.0004470       0.0000000
       1809.5990       1.0001434      0.99994451       0.0000000
       1809.6198       1.0009195       1.0001819       0.0000000
       1809.6407      0.99970549      0.99949980       0.0000000
       1809.6615       1.0008966       1.0008826       0.0000000
       1809.6823       1.0004073       1.0006104       0.0000000
       1809.7032       1.0006775       1.0009485       0.0000000
       1809.7240       1.0006475       1.0011204       0.0000000
       1809.7448       1.0008718      0.99975652       0.0000000
       1809.7657       1.0007143       1.0004081       0.0000000
       1809.7865       1.0012193       1.0003552       0.0000000
       1809.8073       1.0011401       1.0006557       0.0000000
       1809.8282       1.0002357       1.0000635       0.0000000
       1809.8490       1.0012394       1.0012687       0.0000000
       1809.8698       1.0002688       1.0001386       128.00000
       1809.8907       1.0005611       1.0003986       0.0000000
       1809.9115       1.0009375       1.0013840       0.0000000
       1809.9323       1.0012914      0.99950397       128.00000
       1809.9532       1.0009025       1.0001737       0.0000000
       1809.9740       1.0005037      0.99990320       0.0000000
       1809.9948       1.0003363      0.99992180       0.0000000
       1810.0157       1.0006793      0.99995244       0.0000000
       1810.0365      0.99952602      0.99934769       0.0000000
       1810.0573       1.0003597      0.99959147       0.0000000
       1810.0782       1.0004106      0.99960715       0.0000000
       1810.0990       1.0010796       1.0002524       0.0000000
       1810.1198       1.0003939      0.99984896       0.0000000
       1810.1407       1.0002986       1.0001872       0.0000000
       1810.1615      0.99965274      0.99957275       0.0000000
       1810.1823       1.0004988       1.0001655       0.0000000
       1810.2032       1.0002930      0.99964571       0.0000000
       1810.2240       1.0003191      0.99979079       0.0000000
       1810.2448       1.0003115       1.0004268       0.0000000
       1810.2657       1.0004535       1.0004386       0.0000000
       1810.2865       1.0005401       1.0003563       0.0000000
       1810.3073       1.0001311       1.0007153       0.0000000
       1810.3282       1.0009583       1.0005020       0.0000000
       1810.3490       1.0003389       1.0000190       0.0000000
       1810.3698       1.0008153       1.0006760       0.0000000
       1810.3907       1.0008495       1.0004838       0.0000000
       1810.4115       1.0004327       1.0008551       0.0000000
       1810.4323       1.0009130       1.0011749       0.0000000
       1810.4532      0.99997878       1.0000613       0.0000000
       1810.4740       1.0008831       1.0009433       0.0000000
       1810.4948       1.0010068       1.0003930       0.0000000
       1810.5157       1.0004220       1.0003307       0.0000000
       1810.5365       1.0004550       1.0008358       0.0000000
       1810.5573       1.0002980       1.0013794       0.0000000
       1810.5782       1.0001906       1.0006943       0.0000000
       1810.5990       1.0007634       1.0012165       0.0000000
       1810.6198      0.99988210       1.0003097       0.0000000
       1810.6407       1.0002887       1.0008912       0.0000000
       1810.6615       1.0001795       1.0006232       0.0000000
       1810.6823       1.0004178       1.0011719       0.0000000
       1810.7032       1.0002378       1.0007325       0.0000000
       1810.7240       1.0007806       1.0005600       0.0000000
       1810.7448      0.99996638      0.99988377       0.0000000
       1810.7657       1.0001901       1.0002227       0.0000000
       1810.7865       1.0003544       1.0012273       0.0000000
       1810.8073       1.0002567       1.0008163       0.0000000
       1810.8282      0.99956262      0.99979573       0.0000000
       1810.8490       1.0006001       1.0013199       0.0000000
       1810.8698       1.0012083       1.0011108       128.00000
       1810.8907       1.0002073       1.0005978       0.0000000
       1810.9115       1.0000119       1.0004992       0.0000000
       1810.9323       1.0007757       1.0006199       0.0000000
       1810.9532       1.0003779       1.0005769       0.0000000
       1810.9740       1.0000499       1.0008354       0.0000000
       1810.9948      0.99995899       1.0002435       0.0000000
       1811.0157       1.0004723       1.0006616       0.0000000
       1811.0365      0.99971825       1.0003095       0.0000000
       1811.0573      0.99977148       1.0001482       0.0000000
       1811.0782       1.0006112       1.0002503       0.0000000
       1811.0990       1.0000502      0.99987322       0.0000000
       1811.1198       1.0002766       1.0007566       0.0000000
       1811.1407       1.0002973      0.99985063       0.0000000
       1811.1615      0.99947381      0.99961102       0.0000000
       1811.1823       1.0000918      0.99972379       0.0000000
       1811.2032       1.0000094      0.99991262       0.0000000
       1811.2240      0.99996454      0.99988711       0.0000000
       1811.2448       1.0007533       1.0005057       0.0000000
       1811.2657       1.0004603       1.0002961       0.0000000
       1811.2865       1.0006788       1.0000359       0.0000000
       1811.3073       1.0000376      0.99991608       0.0000000
       1811.3282       1.0009800       1.0007350       0.0000000
       1811.3490       1.0001371       1.0000727       0.0000000
       1811.3698      0.99953860      0.99964422       0.0000000
       1811.3907       1.0004609       1.0004972       0.0000000
       1811.4115       1.0007654       1.0003934       0.0000000
       1811.4323      0.99935430      0.99953610       0.0000000
       1811.4532      0.99979633      0.99935782       0.0000000
       1811.4740      0.99999702       1.0004971       0.0000000
       1811.4948      0.99995422       1.0000340       0.0000000
       1811.5157      0.99999535      0.99988872       0.0000000
       1811.5365       1.0007209       1.0000221       0.0000000
       1811.5573       1.0003964       1.0005045       0.0000000
       1811.5782      0.99972510       1.0001162       0.0000000
       1811.5990       1.0005279       1.0007859       0.0000000
       1811.6198       1.0006086       1.0009233       0.0000000
       1811.6407      0.99940664      0.99964750       0.0000000
       1811.6615       1.0000496       1.0005847       0.0000000
       1811.6823      0.99946845      0.99975306       0.0000000
       1811.7032       1.0002184       1.0003912       0.0000000
       1811.7240      0.99938375      0.99942225       0.0000000
       1811.7448       1.0005430      0.99957484       0.0000000
       1811.7657       1.0002443      0.99977505       0.0000000
       1811.7865       1.0005131      0.99969506       0.0000000
       1811.8073      0.99958318      0.99927843       0.0000000
       1811.8282      0.99974531      0.99946195       0.0000000
       1811.8490      0.99987525      0.99967545       0.0000000
       1811.8698      0.99990118      0.99968505       0.0000000
       1811.8907       1.0000764       1.0000324       0.0000000
       1811.9115       1.0001224      0.99985647       0.0000000
       1811.9323       1.0000650       1.0000261       0.0000000
       1811.9532      0.99962783      0.99952215       0.0000000
       1811.9740       1.0002158       1.0003988       0.0000000
       1811.9948       1.0003786       1.0005541       0.0000000
       1812.0157       1.0000641       1.0003383       0.0000000
       1812.0365      0.99992687       1.0000615       0.0000000
       1812.0573      0.99960947      0.99980420       0.0000000
       1812.0782      0.99974585       1.0000341       0.0000000
       1812.0990       1.0000861       1.0002122       0.0000000
       1812.1198      0.99995273       1.0000442       0.0000000
       1812.1407      0.99987990       1.0001342       0.0000000
       1812.1615       1.0002608       1.0003338       0.0000000
       1812.1823      0.99973679      0.99978894       0.0000000
       1812.2032       1.0009366       1.0009133       0.0000000
       1812.2240       1.0002978       1.0008575       0.0000000
       1812.2448      0.99940515       1.0000426       0.0000000
       1812.2657      0.99989003      0.99978465       0.0000000
       1812.2865      0.99971002       1.0001069       0.0000000
       1812.3073       1.0003347       1.0005285       0.0000000
       1812.3282      0.99968278      0.99978840       0.0000000
       1812.3490      0.99976206      0.99996054       0.0000000
       1812.3698      0.99970955      0.99991113       0.0000000
       1812.3907      0.99939543      0.99956226       0.0000000
       1812.4115      0.99917346      0.99897081       0.0000000
       1812.4323      0.99999106       1.0000986       0.0000000
       1812.4532      0.99916476      0.99931550       0.0000000
       1812.4740      0.99999923      0.99994618       0.0000000
       1812.4948  -8.4310339e-15      0.85818756       128.00000
       1812.5157       1.0007057      0.99988008       0.0000000
       1812.5365      0.99959433      0.99901849       0.0000000
       1812.5573       1.0007027      0.99982685       0.0000000
       1812.5782      0.99946046      0.99805510       0.0000000
       1812.5990       1.0003759      0.99940521       0.0000000
       1812.6198       1.0004002      0.99926418       0.0000000
       1812.6407       1.0004234       1.0006531       0.0000000
       1812.6615      0.99981511       1.0001172       0.0000000
       1812.6823       1.0002217       1.0006059       0.0000000
       1812.7032      0.99989682       1.0002329       0.0000000
       1812.7240      0.99935699      0.99958211       0.0000000
       1812.7448       1.0001370       1.0004696       0.0000000
       1812.7657       1.0002779       1.0003116       0.0000000
       1812.7865      0.99985069      0.99992168       0.0000000
       1812.8073      0.99982780      0.99988407       0.0000000
       1812.8282      0.99986404      0.99969256       0.0000000
       1812.8490       1.0007565      0.99998057       0.0000000
       1812.8698       1.0006633      0.99967909       0.0000000
       1812.8907      0.99979538      0.99961734       0.0000000
       1812.9115       1.0002453       1.0002606       0.0000000
       1812.9323       1.0002238      0.99966592       0.0000000
       1812.9532       1.0001317      0.99937087       0.0000000
       1812.9740       1.0000337      0.99938142       0.0000000
       1812.9948       1.0004275       1.0000861       0.0000000
       1813.0157      0.99993449      0.99956763       0.0000000
       1813.0365      0.99983889      0.99980080       0.0000000
       1813.0573      0.99944663      0.99911708       0.0000000
       1813.0782      0.99993807      0.99974251       0.0000000
       1813.0990      0.99960756      0.99951935       0.0000000
       1813.1198       1.0001289      0.99990398       0.0000000
       1813.1407      0.99985957      0.99923867       0.0000000
       1813.1615      0.99988532      0.99960744       0.0000000
       1813.1823       1.0004246       1.0003053       0.0000000
       1813.2032      0.99961096      0.99991566       0.0000000
       1813.2240      0.99933100      0.99967337       0.0000000
       1813.2448      0.99985880      0.99973935       0.0000000
       1813.2657      0.99969441       1.0001719       0.0000000
       1813.2865      0.99976039      0.99975324       0.0000000
       1813.3073      0.99969625      0.99962103       0.0000000
       1813.3282      0.99935639      0.99781084       0.0000000
       1813.3490       1.0000627      0.99930352       0.0000000
       1813.3698       1.0002589      0.99909925       0.0000000
       1813.3907       1.0000746      0.99896389       0.0000000
       1813.4115       1.0001292      0.99902773       0.0000000
       1813.4323       1.0002749      0.99915582       0.0000000
       1813.4532       1.0002017      0.99982381       0.0000000
       1813.4740      0.99958402      0.99916118       0.0000000
       1813.4948      0.99960726      0.99918133       0.0000000
       1813.5157      0.99944496      0.99811226       0.0000000
       1813.5365      0.99896497      0.99829763       0.0000000
       1813.5573      0.99925721      0.99829060       0.0000000
       1813.5782      0.99956995      0.99793363       0.0000000
       1813.5990       1.0001718      0.99842435       0.0000000
       1813.6198      0.99959874      0.99850798       0.0000000
       1813.6407      0.99928254      0.99795550       0.0000000
       1813.6615      0.99964821      0.99802786       0.0000000
       1813.6823      0.99840540      0.99728954       0.0000000
       1813.7032      0.99911159      0.99767375       0.0000000
       1813.7240      0.99917275      0.99811774       0.0000000
       1813.7448      0.99790913      0.99711955       0.0000000
       1813.7657      0.99912113      0.99826151       0.0000000
       1813.7865      0.99835575      0.99758130       0.0000000
       1813.8073      0.99868470      0.99778616       0.0000000
       1813.8282      0.99789000      0.99681818       0.0000000
       1813.8490      0.99890608      0.99775511       0.0000000
       1813.8698      0.99898171      0.99820584       0.0000000
       1813.8907      0.99855995      0.99691683       0.0000000
       1813.9115      0.99896526      0.99711680       0.0000000
       1813.9323      0.99795139      0.99682295       128.00000
       1813.9532      0.99878210      0.99696010       0.0000000
       1813.9740      0.99852717      0.99710160       0.0000000
       1813.9948      0.99870110      0.99733669       0.0000000
       1814.0157      0.99831945      0.99775523       0.0000000
       1814.0365      0.99870563      0.99753571       0.0000000
       1814.0573      0.99854290      0.99689192       0.0000000
       1814.0782      0.99852467      0.99568200       0.0000000
       1814.0990      0.99909812      0.99554193       0.0000000
       1814.1198      0.99965972      0.99603957       0.0000000
       1814.1407      0.99858838      0.99492019       0.0000000
       1814.1615       1.0004455      0.99560618       128.00000
       1814.1823       1.0001100      0.99635547       0.0000000
       1814.2032       1.0013493      0.99754995       0.0000000
       1814.2240       1.0011325      0.99728030       0.0000000
       1814.2448       1.0013322      0.99741596       0.0000000
       1814.2657       1.0008029      0.99681038       0.0000000
       1814.2865      0.99978733      0.99569786       0.0000000
       1814.3073      0.99944913      0.99523115       0.0000000
       1814.3282      0.99989396      0.99552011       0.0000000
       1814.3490       1.0000360      0.99549842       0.0000000
       1814.3698       1.0007714      0.99606955       0.0000000
       1814.3907       1.0002296      0.99536288       0.0000000
       1814.4115      0.99886775      0.99382764       0.0000000
       1814.4323      0.99966097      0.99447191       0.0000000
       1814.4532      0.99920774      0.99388534       0.0000000
       1814.4740      0.99898005      0.99353909       0.0000000
       1814.4948      0.99908507      0.99351174       0.0000000
       1814.5157      0.99930513      0.99357116       0.0000000
       1814.5365      0.99931020      0.99338645       0.0000000
       1814.5573      0.99749470      0.99135625       0.0000000
       1814.5782      0.99832809      0.99192905       0.0000000
       1814.5990      0.99869424      0.99136049       0.0000000
       1814.6198      0.99833304      0.99130249       0.0000000
       1814.6407      0.99792516      0.99050415       0.0000000
       1814.6615      0.99685889      0.98898190       0.0000000
       1814.6823      0.99675953      0.98833746       0.0000000
       1814.7032      0.99736905      0.98829234       0.0000000
       1814.7240      0.99758476      0.98774731       0.0000000
       1814.7448      0.99778831      0.98711938       0.0000000
       1814.7657      0.99887931      0.98733306       0.0000000
       1814.7865      0.99939710      0.98702049       0.0000000
       1814.8073       1.0004284      0.98724699       0.0000000
       1814.8282       1.0004872      0.98658222       0.0000000
       1814.8490       1.0023389      0.98773944       0.0000000
       1814.8698       1.0030632      0.98782557       0.0000000
       1814.8907       1.0035475      0.98770171       0.0000000
       1814.9115       1.0060631      0.98961091       0.0000000
       1814.9323       1.0069766      0.98990697       0.0000000
       1814.9532       1.0080408      0.99013984       128.00000
       1814.9740       1.0110592      0.99207550       128.00000
       1814.9948       1.0139132      0.99354839       128.00000
       1815.0157       1.0168549      0.99478740       128.00000
