    1106
       1790.7026      0.94583023      0.99855465       128.00000
       1790.7235      0.98962051      0.99842584       0.0000000
       1790.7443      0.99672920      0.99865127       0.0000000
       1790.7651      0.99387467      0.99833888       0.0000000
       1790.7860      0.99243677      0.99822092       0.0000000
       1790.8068      0.98391891      0.99782431       0.0000000
       1790.8276      0.99401325      0.99806571       0.0000000
       1790.8485      0.98866761      0.99759752       0.0000000
       1790.8693      0.99238396      0.99631792       0.0000000
       1790.8901      0.90899867      0.99554014       128.00000
       1790.9110      0.99232501      0.99457556       0.0000000
       1790.9318      0.99028909      0.99579251       0.0000000
       1790.9526      0.99173242      0.99475104       0.0000000
       1790.9735      0.99050957      0.99360222       0.0000000
       1790.9943      0.99112624      0.99439389       0.0000000
       1791.0151      0.99090469      0.99384546       0.0000000
       1791.0360      0.99130076      0.99499714       0.0000000
       1791.0568      0.99038970      0.99409026       0.0000000
       1791.0776      0.99157065      0.99501383       0.0000000
       1791.0985      0.99093705      0.99522614       0.0000000
       1791.3901       1.0129870      0.99928880       0.0000000
       1791.4110       1.0186133      0.99957716       0.0000000
       1791.4318       1.0210724      0.99891233       0.0000000
       1791.4526       1.0230918      0.99964541       0.0000000
       1791.4735       1.0209477      0.99951494       0.0000000
       1791.4943       1.0189928      0.99981666       0.0000000
       1791.5151      0.99485517      0.99877679       128.00000
       1791.5360       1.0133892      0.99862671       0.0000000
       1791.5568       1.0122228      0.99905849       0.0000000
       1791.5776       1.0105277      0.99921662       0.0000000
       1791.5985       1.0092607      0.99945831       128.00000
       1791.6193       1.0068033      0.99972326       0.0000000
       1791.6402       1.0054578       1.0003636       0.0000000
       1791.6610       1.0050960       1.0001203       0.0000000
       1791.6818       1.0038892       1.0005482       0.0000000
       1791.7027      0.99900347       1.0001930       0.0000000
       1791.7235       1.0001446      0.99967480       0.0000000
       1791.7443       1.0003554       1.0009508       0.0000000
       1791.7652       1.0003421       1.0007906       0.0000000
       1791.7860      0.99868298       1.0005537       0.0000000
       1791.8068      0.99921632       1.0011562       0.0000000
       1791.8277      0.99747539       1.0006235       0.0000000
       1791.8485      0.99731600       1.0008092       0.0000000
       1791.8693      0.99712485       1.0004796       0.0000000
       1791.8902      0.99781078       1.0012383       0.0000000
       1791.9110      0.99757993       1.0012076       0.0000000
       1791.9318      0.99689913       1.0008576       0.0000000
       1791.9527      0.99803835       1.0013653       0.0000000
       1791.9735      0.97296214       1.0002682       128.00000
       1791.9943      0.99576074       1.0000376       0.0000000
       1792.0152      0.99674720       1.0010506       0.0000000
       1792.0360      0.99672198       1.0007950       0.0000000
       1792.0568      0.99651688       1.0005206       0.0000000
       1792.0777      0.99626446       1.0000910       0.0000000
       1792.0985      0.99701917       1.0005896       0.0000000
       1792.1193      0.99681371       1.0004406       128.00000
       1792.1402      0.99662119       1.0002004       128.00000
       1792.1610      0.99772328       1.0010996       0.0000000
       1792.1818      0.99834049       1.0022233       0.0000000
       1792.2027      0.99973476       1.0027651       0.0000000
       1792.2235      0.99935812       1.0033333       0.0000000
       1792.2443       1.0008289       1.0046793       0.0000000
       1792.2652       1.0008652       1.0048746       0.0000000
       1792.2860       1.0020299       1.0059412       0.0000000
       1792.3068       1.0023022       1.0063368       0.0000000
       1792.3277       1.0033164       1.0071276       0.0000000
       1792.3485       1.0037938       1.0071913       0.0000000
       1792.3693       1.0042374       1.0076524       0.0000000
       1792.3902       1.0048695       1.0083226       0.0000000
       1792.4110       1.0056397       1.0090487       0.0000000
       1792.4318       1.0058687       1.0092350       0.0000000
       1792.4527       1.0056250       1.0091108       0.0000000
       1792.4735       1.0061519       1.0093777       0.0000000
       1792.4943       1.0064760       1.0094585       0.0000000
       1792.5152       1.0069445       1.0095170       0.0000000
       1792.5360       1.0070416       1.0098219       0.0000000
       1792.5568       1.0070753       1.0096109       0.0000000
       1792.5777       1.0064741       1.0094849       0.0000000
       1792.5985       1.0071721       1.0098097       0.0000000
       1792.6193       1.0058682       1.0085852       0.0000000
       1792.6402       1.0058800       1.0083838       0.0000000
       1792.6610       1.0045875       1.0071681       0.0000000
       1792.6818       1.0047394       1.0069891       0.0000000
       1792.7027       1.0026582       1.0046877       128.00000
       1792.7235       1.0029818       1.0055865       0.0000000
       1792.7443       1.0040001       1.0049658       0.0000000
       1792.7652       1.0025390       1.0044799       0.0000000
       1792.7860       1.0015931       1.0039862       0.0000000
       1792.8068       1.0010087       1.0031192       0.0000000
       1792.8277      0.99989182       1.0020871       128.00000
       1792.8485      0.99945784       1.0014422       128.00000
       1792.8693      0.99918664       1.0009171       128.00000
       1792.8902      0.99879783       1.0008209       0.0000000
       1792.9110      0.99861157       1.0001888       0.0000000
       1792.9318      0.99775976      0.99988025       0.0000000
       1792.9527      0.99827886      0.99997348       0.0000000
       1792.9735      0.99772912      0.99986458       0.0000000
       1792.9943      0.99786961      0.99927831       0.0000000
       1793.0152      0.99854684       1.0002720       0.0000000
       1793.0360      0.94699609      0.99972725       128.00000
       1793.0568      0.99830294      0.99985152       0.0000000
       1793.0777      0.99867129      0.99990094       0.0000000
       1793.0985      0.99895000       1.0003638       0.0000000
       1793.1193      0.99917799       1.0006057       0.0000000
       1793.1402      0.99996996       1.0013287       0.0000000
       1793.1610       1.0002674       1.0016682       128.00000
       1793.1818       1.0008730       1.0017899       0.0000000
       1793.2027       1.0024519       1.0034746       0.0000000
       1793.2235       1.0017377       1.0028569       0.0000000
       1793.2443       1.0018928       1.0033557       0.0000000
       1793.2652       1.0023445       1.0034095       0.0000000
       1793.2860       1.0022001       1.0036241       0.0000000
       1793.3068       1.0014791       1.0026600       0.0000000
       1793.3277       1.0006447       1.0017227       0.0000000
       1793.3485       1.0002388       1.0014377       0.0000000
       1793.3693       1.0000048       1.0010201       0.0000000
       1793.3902       1.0003593       1.0015184       0.0000000
       1793.4110       1.0001197       1.0008363       128.00000
       1793.4318      0.99975169       1.0005374       0.0000000
       1793.4527      0.99916118       1.0004690       128.00000
       1793.4735      0.99947149       1.0001224       0.0000000
       1793.4943      0.99894601      0.99987072       0.0000000
       1793.5152      0.99985158       1.0003588       0.0000000
       1793.5360      0.99883032       1.0000569       0.0000000
       1793.5568      0.99902999      0.99958295       0.0000000
       1793.5777      0.99930650      0.99966574       0.0000000
       1793.5985      0.99883276      0.99972457       0.0000000
       1793.6193      0.99900538      0.99970776       0.0000000
       1793.6402      0.99989533       1.0004569       0.0000000
       1793.6610      0.94679606      0.99999303       128.00000
       1793.6818      0.99932677      0.99996132       0.0000000
       1793.7027      0.99969345       1.0005010       128.00000
       1793.7235      0.99894702      0.99985772       0.0000000
       1793.7443       1.0003334       1.0002352       0.0000000
       1793.7652      0.99987233       1.0008035       0.0000000
       1793.7860       1.0008949       1.0008328       0.0000000
       1793.8068      0.99928516      0.99995887       128.00000
       1793.8277       1.0001513       1.0006055       0.0000000
       1793.8485       1.0001099       1.0007033       0.0000000
       1793.8693      0.99997234       1.0005069       0.0000000
       1793.8902      0.99949861      0.99997753       0.0000000
       1793.9110      0.99939847      0.99948817       0.0000000
       1793.9318      0.99862266      0.99917084       128.00000
       1793.9527      0.99835598      0.99839675       0.0000000
       1793.9735      0.99799180      0.99808782       0.0000000
       1793.9943      0.99750823      0.99827456       0.0000000
       1794.0152      0.99715424      0.99745399       0.0000000
       1794.0360      0.99683750      0.99735481       0.0000000
       1794.0568      0.99755663      0.99805385       0.0000000
       1794.0777      0.99757117      0.99833661       0.0000000
       1794.0985      0.99772757      0.99802500       0.0000000
       1794.1193      0.99783081      0.99835873       0.0000000
       1794.1402      0.99832690      0.99877453       0.0000000
       1794.1610      0.99820459      0.99869263       0.0000000
       1794.1818      0.99778318      0.99824572       0.0000000
       1794.2027      0.99819273      0.99854136       0.0000000
       1794.2235      0.99853289      0.99862576       0.0000000
       1794.2443      0.99850625      0.99886191       0.0000000
       1794.2652      0.99881935      0.99880064       0.0000000
       1794.2860      0.99827576      0.99858075       0.0000000
       1794.3068      0.99916935      0.99955142       0.0000000
       1794.3277      0.99953663      0.99975884       0.0000000
       1794.3485      0.99963653       1.0000896       0.0000000
       1794.3693      0.99966103      0.99982232       0.0000000
       1794.3902      0.99968714       1.0003082       0.0000000
       1794.4110      0.99937451      0.99961334       0.0000000
       1794.4318      0.99991292       1.0004339       0.0000000
       1794.4527      0.99957973       1.0000000       0.0000000
       1794.4735      0.99903452      0.99971813       0.0000000
       1794.4943      0.99896306      0.99928349       0.0000000
       1794.5152      0.99788254      0.99841374       0.0000000
       1794.5360      0.99801779      0.99829310       0.0000000
       1794.5568      0.99722451      0.99775034       0.0000000
       1794.5777      0.99752390      0.99795169       0.0000000
       1794.5985      0.98592353      0.99749815       128.00000
       1794.6193      0.99672741      0.99712861       0.0000000
       1794.6402      0.99661988      0.99694443       0.0000000
       1794.6610      0.99800408      0.99832243       0.0000000
       1794.6818      0.99702567      0.99717772       0.0000000
       1794.7027      0.99754965      0.99815494       0.0000000
       1794.7235      0.98738396      0.99748600       128.00000
       1794.7443      0.99694282      0.99763227       0.0000000
       1794.7652      0.99743980      0.99774051       0.0000000
       1794.7860      0.99683684      0.99726087       0.0000000
       1794.8068      0.95759386      0.99794006       128.00000
       1794.8277      0.99737859      0.99771297       0.0000000
       1794.8485      0.99814057      0.99845445       0.0000000
       1794.8693      0.99854940      0.99860692       0.0000000
       1794.8902      0.99855733      0.99903482       0.0000000
       1794.9110      0.99854100      0.99864775       0.0000000
       1794.9318      0.99787056      0.99873120       0.0000000
       1794.9527   8.9244800e-16      0.89283991       128.00000
       1794.9735      0.99880409      0.99957108       0.0000000
       1794.9943      0.99885219      0.99895865       0.0000000
       1795.0152      0.99886686      0.99976403       0.0000000
       1795.0360      0.99969655       1.0000048       0.0000000
       1795.0568      0.99914140      0.99984586       0.0000000
       1795.0777      0.99846792      0.99973619       0.0000000
       1795.0985      0.99948698       1.0000519       0.0000000
       1795.1193      0.99956203       1.0005845       0.0000000
       1795.1402      0.99975044       1.0003494       0.0000000
       1795.1610      0.99914330       1.0001565       0.0000000
       1795.1818       1.0002034       1.0008967       0.0000000
       1795.2027       1.0002698       1.0010453       0.0000000
       1795.2235       1.0008209       1.0014622       0.0000000
       1795.2443       1.0016336       1.0019178       0.0000000
       1795.2652       1.0017298       1.0023625       0.0000000
       1795.2860       1.0020945       1.0025524       0.0000000
       1795.3068       1.0031070       1.0034823       0.0000000
       1795.3277       1.0032707       1.0046090       0.0000000
       1795.3485       1.0044227       1.0048783       0.0000000
       1795.3693       1.0043525       1.0054972       0.0000000
       1795.3902       1.0049249       1.0060241       0.0000000
       1795.4110       1.0034457       1.0054684       0.0000000
       1795.4318       1.0056820       1.0064912       0.0000000
       1795.4527       1.0062279       1.0073252       0.0000000
       1795.4735       1.0070033       1.0083491       0.0000000
       1795.4943       1.0083367       1.0090603       0.0000000
       1795.5152       1.0077808       1.0087050       0.0000000
       1795.5360       1.0087864       1.0097783       0.0000000
       1795.5568       1.0060803       1.0102459       128.00000
       1795.5777       1.0099696       1.0111009       0.0000000
       1795.5985       1.0107306       1.0120399       0.0000000
       1795.6193       1.0109370       1.0118080       0.0000000
       1795.6402       1.0104024       1.0115751       0.0000000
       1795.6610       1.0104856       1.0111547       0.0000000
       1795.6818       1.0092633       1.0100290       128.00000
       1795.7027       1.0085264       1.0097353       0.0000000
       1795.7235       1.0068555       1.0080501       0.0000000
       1795.7443       1.0050477       1.0064949       0.0000000
       1795.7652       1.0053170       1.0056660       0.0000000
       1795.7860       1.0031918       1.0049323       0.0000000
       1795.8068       1.0029244       1.0035264       0.0000000
       1795.8277       1.0020556       1.0036386       0.0000000
       1795.8485       1.0011036       1.0024527       0.0000000
       1795.8693       1.0003895       1.0017593       0.0000000
       1795.8902      0.99965775       1.0010568       0.0000000
       1795.9110      0.99963230       1.0008678       0.0000000
       1795.9318      0.99843884      0.99987984       0.0000000
       1795.9527      0.99871749      0.99991649       0.0000000
       1795.9735      0.99811560       1.0001006       0.0000000
       1795.9943      0.99797171      0.99930042       0.0000000
       1796.0152      0.99778992      0.99944770       0.0000000
       1796.0360      0.99849975      0.99974614       0.0000000
       1796.0568      0.99804842      0.99976814       0.0000000
       1796.0777      0.99975598       1.0011139       0.0000000
       1796.0985      0.99838614       1.0011789       0.0000000
       1796.1193       1.0004069       1.0017357       0.0000000
       1796.1402       1.0002787       1.0021734       0.0000000
       1796.1610       1.0019726       1.0032837       0.0000000
       1796.1818       1.0009412       1.0027438       0.0000000
       1796.2027       1.0020931       1.0036898       0.0000000
       1796.2235       1.0019385       1.0033605       0.0000000
       1796.2443       1.0019193       1.0035954       0.0000000
       1796.2652       1.0020431       1.0037557       0.0000000
       1796.2860       1.0018640       1.0036179       0.0000000
       1796.3068       1.0021999       1.0034435       0.0000000
       1796.3277       1.0016124       1.0034633       0.0000000
       1796.3485       1.0012788       1.0026616       0.0000000
       1796.3693       1.0001206       1.0017873       0.0000000
       1796.3902      0.99956554       1.0016773       0.0000000
       1796.4110      0.99962777       1.0014867       0.0000000
       1796.4318      0.99875659       1.0005301       0.0000000
       1796.4527      0.99822426      0.99988902       0.0000000
       1796.4735      0.99825960      0.99966997       0.0000000
       1796.4943      0.99804699      0.99960750       0.0000000
       1796.5152      0.99736774      0.99939597       0.0000000
       1796.5360      0.99819142      0.99932224       0.0000000
       1796.5568      0.99631774      0.99913323       0.0000000
       1796.5777      0.99762326      0.99919707       0.0000000
       1796.5985      0.99823570      0.99940103       0.0000000
       1796.6193      0.99800354      0.99935472       0.0000000
       1796.6402      0.99700314      0.99875629       0.0000000
       1796.6610      0.99798036      0.99995512       0.0000000
       1796.6818      0.99881804      0.99983567       0.0000000
       1796.7027      0.99850416       1.0003110       0.0000000
       1796.7235      0.99858111       1.0000682       0.0000000
       1796.7443      0.99792463      0.99959075       0.0000000
       1796.7652      0.99910241       1.0003736       0.0000000
       1796.7860      0.99829155       1.0000026       0.0000000
       1796.8068      0.99847519       1.0001922       0.0000000
       1796.8277      0.99808794      0.99994934       0.0000000
       1796.8485      0.99848396      0.99997312       0.0000000
       1796.8693      0.99769014      0.99932784       0.0000000
       1796.8902      0.99771696      0.99916112       0.0000000
       1796.9110      0.99793184      0.99930698       0.0000000
       1796.9318      0.99770749      0.99928772       0.0000000
       1796.9527      0.99747229      0.99914926       0.0000000
       1796.9735      0.99709320      0.99902707       0.0000000
       1796.9943      0.99756676      0.99862957       0.0000000
       1797.0152      0.99761695      0.99905902       0.0000000
       1797.0360      0.99749619      0.99890703       0.0000000
       1797.0568      0.99698395      0.99895388       0.0000000
       1797.0777      0.99663591      0.99832022       0.0000000
       1797.0985      0.99755067      0.99848926       0.0000000
       1797.1193      0.99771112      0.99916875       0.0000000
       1797.1402      0.99711066      0.99872226       0.0000000
       1797.1610      0.99695086      0.99854535       0.0000000
       1797.1818      0.99757141      0.99871904       0.0000000
       1797.2027      0.99652463      0.99828172       0.0000000
       1797.2235      0.99782097      0.99918377       0.0000000
       1797.2443      0.99817926      0.99926835       0.0000000
       1797.2652      0.99713999      0.99862498       0.0000000
       1797.2860      0.99813271      0.99944496       0.0000000
       1797.3068      0.99829024      0.99948561       0.0000000
       1797.3277      0.99751133      0.99871576       0.0000000
       1797.3485      0.99782121      0.99928594       0.0000000
       1797.3693      0.99795580      0.99952209       0.0000000
       1797.3902      0.99900371       1.0002880       0.0000000
       1797.4110      0.99851835      0.99956977       0.0000000
       1797.4318      0.99798411      0.99958247       0.0000000
       1797.4527      0.99878895      0.99995446       0.0000000
       1797.4735      0.99850661       1.0000021       0.0000000
       1797.4943      0.99837166      0.99962616       0.0000000
       1797.5152      0.99835318      0.99981236       0.0000000
       1797.5360      0.99781907      0.99920988       0.0000000
       1797.5568      0.99764007      0.99934620       0.0000000
       1797.5777      0.99753118      0.99897742       0.0000000
       1797.5985      0.99793267      0.99913788       0.0000000
       1797.6193      0.99755985      0.99930376       0.0000000
       1797.6402      0.99760091      0.99881732       0.0000000
       1797.6610      0.99736279      0.99891311       0.0000000
       1797.6818      0.99754620      0.99875343       0.0000000
       1797.7027      0.99789900      0.99913990       0.0000000
       1797.7235      0.99739605      0.99852943       0.0000000
       1797.7443      0.99764317      0.99887872       0.0000000
       1797.7652      0.99795610      0.99938315       0.0000000
       1797.7860      0.99814862      0.99904758       0.0000000
       1797.8068      0.99821758      0.99928838       0.0000000
       1797.8277      0.99818039      0.99919939       0.0000000
       1797.8485      0.99784946      0.99920624       0.0000000
       1797.8693      0.99756002      0.99879104       0.0000000
       1797.8902      0.99752378      0.99874538       0.0000000
       1797.9110      0.99795645      0.99929613       0.0000000
       1797.9318      0.99826425      0.99935967       0.0000000
       1797.9527      0.99736011      0.99953538       0.0000000
       1797.9735      0.99785912      0.99919939       0.0000000
       1797.9943      0.99851322      0.99984032       0.0000000
       1798.0152      0.99830538      0.99959540       0.0000000
       1798.0360      0.99851966      0.99976933       0.0000000
       1798.0568      0.99867415      0.99995005       0.0000000
       1798.0777      0.99818712      0.99963057       0.0000000
       1798.0985      0.99890536       1.0001291       0.0000000
       1798.1193      0.99834424      0.99974382       0.0000000
       1798.1402      0.99924439       1.0004075       0.0000000
       1798.1610      0.99854088       1.0007201       0.0000000
       1798.1818       1.0005474       1.0016277       0.0000000
       1798.2027      0.99966848       1.0014055       0.0000000
       1798.2235       1.0002463       1.0020361       0.0000000
       1798.2443       1.0008248       1.0023617       0.0000000
       1798.2652       1.0022520       1.0032197       0.0000000
       1798.2860       1.0025436       1.0037496       0.0000000
       1798.3068       1.0028620       1.0043298       0.0000000
       1798.3277       1.0031881       1.0045136       0.0000000
       1798.3485       1.0035772       1.0046128       0.0000000
       1798.3693       1.0030944       1.0042862       0.0000000
       1798.3902       1.0017254       1.0044404       0.0000000
       1798.4110       1.0036168       1.0045223       0.0000000
       1798.4318       1.0045781       1.0055312       0.0000000
       1798.4527       1.0038575       1.0057588       0.0000000
       1798.4735       1.0046835       1.0058331       0.0000000
       1798.4943       1.0047513       1.0060004       0.0000000
       1798.5152       1.0055116       1.0067657       0.0000000
       1798.5360       1.0054449       1.0067736       0.0000000
       1798.5568       1.0062569       1.0071641       0.0000000
       1798.5777       1.0066600       1.0076985       0.0000000
       1798.5985       1.0062867       1.0073705       0.0000000
       1798.6193       1.0062579       1.0071889       0.0000000
       1798.6402       1.0067065       1.0080214       0.0000000
       1798.6610       1.0067571       1.0075814       0.0000000
       1798.6818       1.0061203       1.0073223       0.0000000
       1798.7027       1.0071839       1.0077858       0.0000000
       1798.7235       1.0059499       1.0066708       0.0000000
       1798.7443       1.0055988       1.0067067       0.0000000
       1798.7652       1.0053111       1.0060134       0.0000000
       1798.7860       1.0039858       1.0049142       0.0000000
       1798.8068       1.0048612       1.0053627       0.0000000
       1798.8277       1.0049887       1.0055482       0.0000000
       1798.8485       1.0054089       1.0059516       0.0000000
       1798.8693       1.0051590       1.0058208       0.0000000
       1798.8902       1.0043602       1.0050117       0.0000000
       1798.9110       1.0029149       1.0034163       0.0000000
       1798.9318       1.0022192       1.0025364       0.0000000
       1798.9527       1.0021217       1.0027503       0.0000000
       1798.9735       1.0007188       1.0015726       0.0000000
       1798.9943       1.0004721       1.0009365       0.0000000
       1799.0152      0.99962735       1.0003397       0.0000000
       1799.0360      0.99944842      0.99972922       0.0000000
       1799.0568      0.99897903      0.99943519       0.0000000
       1799.0777       1.0001866       1.0005931       0.0000000
       1799.0985      0.99913579      0.99962199       0.0000000
       1799.1193       1.0000000       1.0002191       0.0000000
       1799.1402      0.99976760      0.99971330       0.0000000
       1799.1610      0.99929124      0.99978507       0.0000000
       1799.1818      0.99911994      0.99933594       0.0000000
       1799.2027   8.6581389e-16      0.86619431       128.00000
       1799.2235       1.0009254       1.0015682       0.0000000
       1799.2443       1.0009118       1.0012184       0.0000000
       1799.2652       1.0013276       1.0018870       0.0000000
       1799.2860       1.0009723       1.0014228       0.0000000
       1799.3068       1.0012343       1.0018113       0.0000000
       1799.3277       1.0000826       1.0011857       0.0000000
       1799.3485       1.0006131       1.0008918       0.0000000
       1799.3693       1.0003788       1.0009377       0.0000000
       1799.3902       1.0008737       1.0012112       0.0000000
       1799.4110       1.0003889       1.0012195       0.0000000
       1799.4318       1.0006891       1.0010718       0.0000000
       1799.4526       1.0011715       1.0015050       0.0000000
       1799.4735       1.0004965       1.0012269       0.0000000
       1799.4943       1.0007533       1.0010899       0.0000000
       1799.5151       1.0003600       1.0013340       0.0000000
       1799.5360       1.0005517       1.0008645       0.0000000
       1799.5568       1.0001873       1.0010278       0.0000000
       1799.5776       1.0006237       1.0009624       0.0000000
       1799.5985      0.99968845       1.0005033       0.0000000
       1799.6193       1.0004833       1.0011020       0.0000000
       1799.6401       1.0001013       1.0003057       0.0000000
       1799.6610      0.99935097       1.0002352       0.0000000
       1799.6818       1.0006520       1.0010632       0.0000000
       1799.7026      0.99967587       1.0001999       0.0000000
       1799.7235       1.0001044       1.0005659       0.0000000
       1799.7443       1.0001166       1.0002691       0.0000000
       1799.7651      0.99946588      0.99996471       0.0000000
       1799.7860      0.99951935      0.99991971       0.0000000
       1799.8068       1.0001564       1.0004056       0.0000000
       1799.8276       1.0000619      0.99993002       0.0000000
       1799.8485      0.99940562      0.99916786       0.0000000
       1799.8693      0.99935836      0.99933350       0.0000000
       1799.8901      0.99909389      0.99919802       0.0000000
       1799.9110      0.99932897      0.99916953       0.0000000
       1799.9318      0.99927270      0.99868375       0.0000000
       1799.9526      0.99799502      0.99824280       0.0000000
       1799.9735      0.99848795      0.99825430       0.0000000
       1799.9943      0.99880266      0.99852198       0.0000000
       1800.0151      0.93933147      0.99851757       128.00000
       1800.0360      0.99983943      0.99952441       0.0000000
       1800.0568      0.99951845      0.99906743       0.0000000
       1800.0776      0.99945372      0.99865901       0.0000000
       1800.0985      0.99927223      0.99891055       0.0000000
       1800.1193      0.99945104      0.99898195       0.0000000
       1800.1401       1.0002407      0.99972898       0.0000000
       1800.1610       1.0004901      0.99971783       0.0000000
       1800.1818       1.0008024      0.99984860       0.0000000
       1800.2026       1.0000113      0.99937594       0.0000000
       1800.2235       1.0002011      0.99921918       0.0000000
       1800.2443      0.99938166      0.99887770       0.0000000
       1800.2651       1.0002359      0.99931335       0.0000000
       1800.2860      0.99956048      0.99895221       0.0000000
       1800.3068       1.0002700      0.99913180       0.0000000
       1800.3276      0.99922043      0.99914122       0.0000000
       1800.3485      0.99997193      0.99927032       0.0000000
       1800.3693       1.0001558      0.99918312       0.0000000
       1800.3901      0.99938589      0.99860293       128.00000
       1800.4110      0.99980307      0.99840814       128.00000
       1800.4318      0.99972075      0.99841487       128.00000
       1800.4526      0.99970019      0.99839365       128.00000
       1800.4735      0.99959880      0.99802256       128.00000
       1800.4943      0.99975497      0.99833214       128.00000
       1800.5151       1.0002806      0.99863833       128.00000
       1800.5360       1.0001895      0.99876076       128.00000
       1800.5568       1.0004436      0.99844331       128.00000
       1800.5776       1.0005674      0.99892241       128.00000
       1800.5985       1.0009078      0.99905783       128.00000
       1800.6193       1.0007902      0.99874336       128.00000
       1800.6401       1.0008420      0.99875009       128.00000
       1800.6610       1.0010024      0.99868733       128.00000
       1800.6818       1.0020733      0.99992943       128.00000
       1800.7026       1.0018750      0.99968743       128.00000
       1800.7235       1.0025644      0.99980205       128.00000
       1800.7443       1.0033998       1.0004387       128.00000
       1800.7651       1.0034187       1.0001527       128.00000
       1800.7860       1.0035602       1.0000868       128.00000
       1800.8068       1.0041165       1.0004144       128.00000
       1800.8276       1.0041149      0.99994087       128.00000
       1800.8485       1.0043693       1.0002546       128.00000
       1800.8693       1.0044811       1.0002588       128.00000
       1800.8901       1.0035958      0.99945456       128.00000
       1800.9110       1.0042316      0.99966908       128.00000
       1800.9318       1.0038301      0.99944204       128.00000
       1800.9526       1.0036198      0.99896628       128.00000
       1800.9735       1.0035275      0.99894130       128.00000
       1800.9943       1.0030000      0.99834508       128.00000
       1801.0151       1.0035559      0.99825442       128.00000
       1801.0360       1.0031151      0.99786532       128.00000
       1801.0568       1.0037991      0.99787283       128.00000
       1801.0776       1.0046655      0.99822825       128.00000
       1801.0985       1.0036056      0.99726182       128.00000
       1801.1193       1.0047565      0.99776548       128.00000
       1801.1401       1.0049253      0.99818796       128.00000
       1801.1610       1.0055298      0.99829787       128.00000
       1801.1818       1.0065390      0.99929857       128.00000
       1801.2026       1.0070782      0.99980283       128.00000
       1801.2235       1.0073873       1.0002785       128.00000
       1801.2443       1.0079743       1.0002810       128.00000
       1801.2651       1.0089070       1.0015510       128.00000
       1801.2860       1.0101211       1.0020607       128.00000
       1801.3068       1.0125020       1.0037835       128.00000
       1801.3276       1.0129236       1.0040175       128.00000
       1801.3485       1.0143213       1.0049479       128.00000
       1801.3693       1.0157545       1.0058655       128.00000
       1801.3901       1.0158288       1.0057887       128.00000
       1801.4110       1.0162551       1.0060313       128.00000
       1801.4318       1.0172551       1.0063182       128.00000
       1801.4526       1.0177588       1.0060409       128.00000
       1801.4735       1.0181520       1.0062671       128.00000
       1801.4943       1.0195813       1.0071466       128.00000
       1801.5151       1.0211290       1.0077612       128.00000
       1801.5360       1.0218854       1.0080882       128.00000
       1801.5568       1.0230416       1.0084690       128.00000
       1801.5776       1.0235004       1.0076096       128.00000
       1801.5985       1.0242550       1.0084176       128.00000
       1801.6193       1.0244619       1.0078249       128.00000
       1801.6401       1.0256203       1.0078624       128.00000
       1801.6610       1.0265749       1.0075868       128.00000
       1801.6818       1.0268421       1.0067127       128.00000
       1801.7026       1.0272738       1.0054237       128.00000
       1801.7235       1.0281496       1.0042174       128.00000
       1801.7443       1.0294704       1.0029982       128.00000
       1801.7651       1.0328603       1.0039788       128.00000
       1801.7860       1.0337093       1.0017682       128.00000
       1801.8068       1.0356710       1.0007275       128.00000
       1801.8276       1.0381509      0.99999058       128.00000
       1801.8485       1.0419376       1.0001122       128.00000
       1801.8693       1.0446362      0.99958557       128.00000
       1801.8901       1.0469607      0.99844748       128.00000
       1801.9110       1.0507103      0.99846339       128.00000
       1801.9318       1.0518011      0.99608439       128.00000
       1801.9526       1.0571200      0.99702722       128.00000
       1801.9735       1.0623029      0.99754643       128.00000
       1801.9943       1.0675756      0.99759918       128.00000
       1802.0151       1.0731798      0.99782509       128.00000
       1802.0360       1.0808791      0.99981040       128.00000
       1802.0568       1.0859146      0.99921995       128.00000
       1802.0776       1.0935090       1.0002077       128.00000
       1802.0985       1.0995668      0.99921173       128.00000
       1802.1193       1.1092908       1.0009599       128.00000
       1802.1401       1.1163285       1.0011739       128.00000
       1802.1610       1.1222556       1.0005845       128.00000
       1802.1818       1.1277353       1.0003278       128.00000
       1802.2026       1.1306305      0.99845368       128.00000
       1802.2235       1.1307914      0.99528253       128.00000
       1802.2443       1.1297175      0.99266857       128.00000
       1802.2651       1.1254951      0.98866779       128.00000
       1802.2860       1.1230356      0.98844135       128.00000
       1802.3068       1.1158324      0.98547518       128.00000
       1802.3276       1.1088526      0.98445773       128.00000
       1802.3485       1.1001288      0.98368001       128.00000
       1802.3693       1.0892205      0.98148805       128.00000
       1802.3901       1.0769441      0.97931314       128.00000
       1802.4110       1.0661644      0.97800863       128.00000
       1802.4318       1.0531453      0.97499657       128.00000
       1803.4735      0.99967045      0.99974966       0.0000000
       1803.4943      0.99869555       1.0001513       0.0000000
       1803.5151      0.99869770      0.99971676       0.0000000
       1803.5360      0.99833459      0.99855477       0.0000000
       1803.5568      0.99740213      0.99860138       0.0000000
       1803.5776      0.99770093      0.99832952       0.0000000
       1803.5985      0.99722165      0.99863946       0.0000000
       1803.6193      0.99739766      0.99902016       0.0000000
       1803.6401      0.99687290      0.99864775       0.0000000
       1803.6609      0.99751544      0.99841762       0.0000000
       1803.6818      0.99720258      0.99868625       0.0000000
       1803.7026      0.99700308      0.99841213       0.0000000
       1803.7234      0.99831617      0.99949342       0.0000000
       1803.7443      0.99728763      0.99915689       0.0000000
       1803.7651      0.99751931      0.99937540       0.0000000
       1803.7859      0.99740732      0.99879813       0.0000000
       1803.8068      0.99717873      0.99929899       0.0000000
       1803.8276      0.99783540      0.99937010       0.0000000
       1803.8484      0.99799430      0.99936885       0.0000000
       1803.8693      0.99804395       1.0000820       0.0000000
       1803.8901      0.99866331       1.0002711       0.0000000
       1803.9109      0.99842948       1.0002633       0.0000000
       1803.9318      0.99807149       1.0006166       0.0000000
       1803.9526      0.99834633      0.99952632       0.0000000
       1803.9734      0.99777102       1.0001817       0.0000000
       1803.9943      0.99833107      0.99971533       0.0000000
       1804.0151      0.99698120      0.99896598       0.0000000
       1804.0359      0.99777865      0.99931264       0.0000000
       1804.0568      0.99810934      0.99945301       0.0000000
       1804.0776      0.99706423      0.99881703       0.0000000
       1804.0984      0.99673259      0.99869722       0.0000000
       1804.1193      0.99740785      0.99879098       0.0000000
       1804.1401      0.99668139      0.99873620       0.0000000
       1804.1609      0.99767959      0.99869359       0.0000000
       1804.1818      0.99861431      0.99979651       0.0000000
       1804.2026      0.99702722      0.99943346       0.0000000
       1804.2234      0.99927586       1.0001460       128.00000
       1804.2443      0.99800640      0.99979156       0.0000000
       1804.2651      0.99893188       1.0006143       0.0000000
       1804.2859      0.99972284       1.0011822       0.0000000
       1804.3068       1.0002515       1.0021362       0.0000000
       1804.3276       1.0012113       1.0027684       0.0000000
       1804.3484       1.0017319       1.0027329       0.0000000
       1804.3693       1.0012640       1.0033747       0.0000000
       1804.3901       1.0033793       1.0045186       0.0000000
       1804.4109       1.0023308       1.0044669       0.0000000
       1804.4318       1.0034604       1.0045294       0.0000000
       1804.4526       1.0055498       1.0063324       0.0000000
       1804.4734       1.0035615       1.0053748       0.0000000
       1804.4943       1.0051345       1.0061693       0.0000000
       1804.5151       1.0062557       1.0074989       0.0000000
       1804.5359       1.0063958       1.0076689       0.0000000
       1804.5568       1.0076152       1.0085034       0.0000000
       1804.5776       1.0082353       1.0090113       0.0000000
       1804.5984       1.0082550       1.0103890       0.0000000
       1804.6193       1.0096056       1.0103723       0.0000000
       1804.6401       1.0091389       1.0099990       0.0000000
       1804.6609       1.0095159       1.0103564       0.0000000
       1804.6818       1.0099149       1.0102323       0.0000000
       1804.7026       1.0092757       1.0104523       0.0000000
       1804.7234       1.0085797       1.0094687       0.0000000
       1804.7443       1.0080235       1.0082380       0.0000000
       1804.7651       1.0066810       1.0079420       0.0000000
       1804.7859       1.0060494       1.0068798       0.0000000
       1804.8068       1.0035536       1.0055430       128.00000
       1804.8276       1.0029528       1.0045625       0.0000000
       1804.8484       1.0034038       1.0041796       0.0000000
       1804.8693       1.0023175       1.0031726       0.0000000
       1804.8901       1.0017978       1.0030715       0.0000000
       1804.9109       1.0010333       1.0018467       0.0000000
       1804.9318       1.0007927       1.0015800       0.0000000
       1804.9526      0.99874645       1.0004781       0.0000000
       1804.9734       1.0002517       1.0005176       0.0000000
       1804.9943       1.0000000       1.0003016       0.0000000
       1805.0151      0.99857593      0.99943167       0.0000000
       1805.0359      0.99943024       1.0000162       0.0000000
       1805.0568      0.99964011       1.0005089       0.0000000
       1805.0776      0.99932694      0.99995738       0.0000000
       1805.0984       1.0004388      0.99998176       0.0000000
       1805.1193      0.99913806       1.0009646       0.0000000
       1805.1401       1.0006812       1.0015122       0.0000000
       1805.1609       1.0013102       1.0016508       0.0000000
       1805.1818       1.0007259       1.0017447       0.0000000
       1805.2026       1.0016561       1.0020627       0.0000000
       1805.2234       1.0015693       1.0020697       0.0000000
       1805.2443       1.0010440       1.0024405       0.0000000
       1805.2651       1.0005863       1.0019329       0.0000000
       1805.2859       1.0010911       1.0019072       0.0000000
       1805.3068       1.0021318       1.0027606       0.0000000
       1805.3276       1.0010288       1.0019927       0.0000000
       1805.3484       1.0016682       1.0021986       0.0000000
       1805.3693       1.0018167       1.0022045       0.0000000
       1805.3901      0.99949163       1.0006758       0.0000000
       1805.4109      0.99965078       1.0002314       0.0000000
       1805.4318       1.0003582      0.99991423       0.0000000
       1805.4526      0.99864513       1.0000360       0.0000000
       1805.4734      0.99885726      0.99969208       0.0000000
       1805.4943      0.99866551      0.99878663       0.0000000
       1805.5151      0.99743307      0.99848777       0.0000000
       1805.5359      0.99878967      0.99948812       0.0000000
       1805.5568      0.99808002      0.99849439       0.0000000
       1805.5776      0.99819529      0.99810779       0.0000000
       1805.5984      0.99720562      0.99866354       0.0000000
       1805.6193      0.99851996      0.99827695       0.0000000
       1805.6401      0.99786216      0.99862432       0.0000000
       1805.6609      0.99847639      0.99931508       0.0000000
       1805.6818      0.99923491      0.99946737       0.0000000
       1805.7026      0.99831027      0.99889266       0.0000000
       1805.7234      0.99851477      0.99940312       0.0000000
       1805.7443      0.99890834      0.99969810       0.0000000
       1805.7651      0.99952400      0.99956119       0.0000000
       1805.7859      0.99975449       1.0004857       0.0000000
       1805.8068       1.0000211       1.0009917       0.0000000
       1805.8276       1.0010320       1.0011749       0.0000000
       1805.8484      0.99980372       1.0005435       0.0000000
       1805.8693       1.0001239       1.0010904       0.0000000
       1805.8901      0.99923867      0.99926984       0.0000000
       1805.9109       1.0001961       1.0005957       0.0000000
       1805.9318      0.99813646      0.99998397       0.0000000
       1805.9526      0.99893856      0.99934149       0.0000000
       1805.9734      0.99887586      0.99938720       0.0000000
       1805.9943      0.99885595      0.99956244       0.0000000
       1806.0151      0.99875563      0.99949318       0.0000000
       1806.0359      0.99820524      0.99862522       0.0000000
       1806.0568      0.99878019      0.99924576       0.0000000
       1806.0776      0.99718559      0.99861473       0.0000000
       1806.0984      0.99920440      0.99936390       0.0000000
       1806.1193      0.99816066      0.99852133       0.0000000
       1806.1401      0.99699569      0.99887043       0.0000000
       1806.1609      0.99854672      0.99895418       0.0000000
       1806.1818      0.99806446      0.99855435       0.0000000
       1806.2026      0.99840438      0.99912184       0.0000000
       1806.2234      0.99981189      0.99834025       128.00000
       1806.2443      0.99822026      0.99894744       0.0000000
       1806.2651      0.99976432      0.99941504       0.0000000
       1806.2859      0.99830520      0.99965829       0.0000000
       1806.3068      0.99907911      0.99964291       0.0000000
       1806.3276      0.99889022      0.99933410       0.0000000
       1806.3484       1.0006665      0.99965018       0.0000000
       1806.3692      0.99884796      0.99917585       0.0000000
       1806.3901      0.99930537      0.99972826       0.0000000
       1806.4109      0.99841249      0.99963629       0.0000000
       1806.4317       1.0001727       1.0000000       128.00000
       1806.4526      0.99857622      0.99898785       0.0000000
       1806.4734      0.99896675      0.99982023       0.0000000
       1806.4942      0.99847031      0.99993098       0.0000000
       1806.5151      0.99876744      0.99933577       0.0000000
       1806.5359      0.99988234      0.99997348       0.0000000
       1806.5567      0.99754113      0.99930537       0.0000000
       1806.5776      0.99900192      0.99952722       0.0000000
       1806.5984      0.99931133      0.99960184       0.0000000
       1806.6192      0.99859077      0.99924511       0.0000000
       1806.6401      0.99835783      0.99908853       0.0000000
       1806.6609      0.99908507      0.99868625       0.0000000
       1806.6817      0.99787575      0.99864465       0.0000000
       1806.7026      0.99844611      0.99947751       0.0000000
       1806.7234      0.99856251      0.99905628       0.0000000
       1806.7442      0.99811065      0.99845719       0.0000000
       1806.7651      0.99844873      0.99972749       0.0000000
       1806.7859      0.99762946      0.99780351       0.0000000
       1806.8067      0.99929219      0.99936259       0.0000000
       1806.8276      0.99906194      0.99937218       0.0000000
       1806.8484      0.99768829      0.99881017       0.0000000
       1806.8692      0.99879533      0.99907762       0.0000000
       1806.8901      0.99807471      0.99832886       0.0000000
       1806.9109      0.99812436      0.99896109       0.0000000
       1806.9317      0.99875408      0.99877638       0.0000000
       1806.9526      0.99874425      0.99881935       0.0000000
       1806.9734      0.99823129      0.99877006       0.0000000
       1806.9942      0.99885428      0.99947089       0.0000000
       1807.0151      0.99872619      0.99858898       0.0000000
       1807.0359      0.99886400      0.99900472       0.0000000
       1807.0567      0.99783176      0.99857754       0.0000000
       1807.0776      0.99943513      0.99943006       0.0000000
       1807.0984      0.99836135      0.99982280       128.00000
       1807.1192      0.99941444      0.99962902       0.0000000
       1807.1401      0.99908054      0.99904865       0.0000000
       1807.1609      0.99887913      0.99976027       0.0000000
       1807.1817      0.99894869      0.99925679       0.0000000
       1807.2026       1.0001093       1.0000358       0.0000000
       1807.2234       1.0000918       1.0003357       0.0000000
       1807.2442       1.0006144       1.0010896       0.0000000
       1807.2651       1.0005153       1.0012358       0.0000000
       1807.2859       1.0022280       1.0020535       0.0000000
       1807.3067       1.0007880       1.0024565       0.0000000
       1807.3276       1.0024691       1.0031095       0.0000000
       1807.3484       1.0039446       1.0039364       0.0000000
       1807.3692       1.0036527       1.0042433       0.0000000
       1807.3901       1.0031474       1.0044953       0.0000000
       1807.4109       1.0039493       1.0044760       0.0000000
       1807.4317       1.0057170       1.0052931       0.0000000
       1807.4526       1.0055548       1.0057747       0.0000000
       1807.4734       1.0049937       1.0062075       0.0000000
       1807.4942       1.0050335       1.0056210       0.0000000
       1807.5151       1.0054955       1.0061274       0.0000000
       1807.5359       1.0060916       1.0069544       0.0000000
       1807.5567       1.0071026       1.0072688       0.0000000
       1807.5776       1.0061218       1.0070493       0.0000000
       1807.5984       1.0073887       1.0079161       0.0000000
       1807.6192       1.0065634       1.0077471       0.0000000
       1807.6401       1.0073717       1.0079675       0.0000000
       1807.6609       1.0090102       1.0088723       0.0000000
       1807.6817       1.0086211       1.0088471       0.0000000
       1807.7026       1.0074589       1.0089823       0.0000000
       1807.7234       1.0085067       1.0087531       0.0000000
       1807.7442       1.0074836       1.0072821       0.0000000
       1807.7651       1.0072578       1.0071356       0.0000000
       1807.7859       1.0063099       1.0074623       0.0000000
       1807.8067       1.0060976       1.0060545       0.0000000
       1807.8276       1.0049173       1.0051593       0.0000000
       1807.8484       1.0041590       1.0047097       0.0000000
       1807.8692       1.0019380       1.0033512       0.0000000
       1807.8901       1.0028257       1.0030606       0.0000000
       1807.9109       1.0026917       1.0028780       0.0000000
       1807.9317       1.0018269       1.0018090       0.0000000
       1807.9526       1.0006226       1.0005223       0.0000000
       1807.9734      0.99940157       1.0003648       0.0000000
       1807.9942  -1.8433652e-15      0.88816845       128.00000
       1808.0151      0.99982828       1.0001626       0.0000000
       1808.0359      0.99985301       1.0003593       0.0000000
       1808.0567      0.99943399      0.99941081       0.0000000
       1808.0776      0.99983907      0.99934113       0.0000000
       1808.0984      0.99995232       1.0001079       0.0000000
       1808.1192      0.99992436       1.0000581       0.0000000
       1808.1401       1.0008457       1.0004679       0.0000000
       1808.1609       1.0015266       1.0008569       0.0000000
       1808.1817       1.0010862       1.0005949       0.0000000
       1808.2026       1.0011301       1.0011736       0.0000000
       1808.2234       1.0013732       1.0007982       0.0000000
       1808.2442       1.0017040       1.0010993       0.0000000
       1808.2651       1.0028859       1.0024464       0.0000000
       1808.2859       1.0013043       1.0023355       0.0000000
       1808.3067       1.0029325       1.0025047       0.0000000
       1808.3276      0.99944746       1.0019673       0.0000000
       1808.3484       1.0031186       1.0028738       0.0000000
       1808.3692       1.0017464       1.0022842       0.0000000
       1808.3901       1.0059692       1.0028814       128.00000
       1808.4109       1.0030556       1.0028191       0.0000000
       1808.4317       1.0018009       1.0025117       0.0000000
       1808.4526       1.0027466       1.0031984       0.0000000
       1808.4734       1.0007284       1.0012039       0.0000000
       1808.4942       1.0010440       1.0018964       0.0000000
       1808.5150       1.0000191       1.0018232       0.0000000
       1808.5359       1.0007236       1.0006416       0.0000000
       1808.5567       1.0008440       1.0003748       0.0000000
       1808.5775       1.0000920       1.0003768       0.0000000
       1808.5984      0.99917501      0.99992293       0.0000000
       1808.6192       1.0002064       1.0004959       0.0000000
       1808.6400       1.0000662       1.0002891       0.0000000
       1808.6609       1.0001446       1.0001900       0.0000000
       1808.6817      0.99985725       1.0006438       0.0000000
       1808.7025       1.0003122       1.0010951       0.0000000
       1808.7234      0.99992543       1.0000026       0.0000000
       1808.7442       1.0011435       1.0011212       0.0000000
       1808.7650       1.0004264       1.0009730       0.0000000
       1808.7859       1.0004265       1.0006468       0.0000000
       1808.8067       1.0003083       1.0005870       0.0000000
       1808.8275       1.0008388       1.0008446       0.0000000
       1808.8484       1.0004367       1.0007787       0.0000000
       1808.8692       1.0016972       1.0014130       0.0000000
       1808.8900       1.0002272       1.0004998       0.0000000
       1808.9109       1.0011678       1.0005962       0.0000000
       1808.9317       1.0000116       1.0001701       0.0000000
       1808.9525      0.99910951       1.0001813       0.0000000
       1808.9734      0.99997467      0.99996215       0.0000000
       1808.9942       1.0004194      0.99916947       0.0000000
       1809.0150      0.99949890      0.99884528       0.0000000
       1809.0359      0.99909049      0.99992138       0.0000000
       1809.0567      0.99939394      0.99930638       0.0000000
       1809.0775      0.99961293      0.99862492       0.0000000
       1809.0984      0.99945897      0.99909317       0.0000000
       1809.1192      0.99802250      0.99856496       0.0000000
       1809.1400      0.99709433      0.99793780       0.0000000
       1809.1609      0.99985224      0.99938524       0.0000000
       1809.1817      0.99916637      0.99941790       0.0000000
       1809.2025      0.99800062      0.99773061       0.0000000
       1809.2234      0.99663007      0.99812502       128.00000
       1809.2442      0.99880803      0.99864233       0.0000000
       1809.2650      0.99860591      0.99857551       0.0000000
       1809.2859      0.99887550      0.99859893       0.0000000
       1809.3067      0.99818975      0.99853027       0.0000000
       1809.3275      0.99674362      0.99820673       0.0000000
       1809.3484      0.99892437      0.99807173       0.0000000
       1809.3692      0.99822569      0.99780697       0.0000000
       1809.3900      0.99850136      0.99837732       0.0000000
       1809.4109      0.99801743      0.99879241       0.0000000
       1809.4317      0.99792564      0.99834710       0.0000000
       1809.4525      0.99857014      0.99814713       0.0000000
       1809.4734      0.99836820      0.99844700       0.0000000
       1809.4942      0.99840218      0.99907130       0.0000000
       1809.5150      0.99907017      0.99954975       0.0000000
       1809.5359      0.99848878      0.99857700       0.0000000
       1809.5567      0.99936688      0.99920744       0.0000000
       1809.5775      0.99958110      0.99937296       0.0000000
       1809.5984      0.99865234      0.99923760       0.0000000
       1809.6192      0.99924445      0.99918580       0.0000000
       1809.6400      0.99962103      0.99979419       0.0000000
       1809.6609      0.99903321      0.99903166       0.0000000
       1809.6817       1.0006253      0.99992281       0.0000000
       1809.7025      0.99980545       1.0000507       0.0000000
       1809.7234      0.99836975      0.99982357       0.0000000
       1809.7442      0.99943995      0.99881274       0.0000000
       1809.7650      0.99892783      0.99912453       0.0000000
       1809.7859      0.99850833      0.99857849       0.0000000
       1809.8067      0.99936974      0.99861008       0.0000000
       1809.8275      0.99790162      0.99914926       0.0000000
       1809.8484      0.99884176      0.99867129       0.0000000
       1809.8692      0.99786526      0.99813032       0.0000000
       1809.8900      0.99934882      0.99872869       0.0000000
       1809.9109      0.99916327      0.99900240       0.0000000
       1809.9317      0.99725103      0.99824220       0.0000000
       1809.9525      0.99784732      0.99794650       0.0000000
       1809.9734      0.99761343      0.99819946       0.0000000
       1809.9942      0.99840915      0.99853134       0.0000000
       1810.0150      0.99813378      0.99806255       0.0000000
       1810.0359      0.99808091      0.99855411       0.0000000
       1810.0567      0.99752927      0.99765348       0.0000000
       1810.0775      0.99813354      0.99859542       0.0000000
       1810.0984      0.99885142      0.99851692       0.0000000
       1810.1192      0.99990678      0.99966300       0.0000000
       1810.1400       1.0000122      0.99985147       0.0000000
       1810.1609      0.99923104      0.99964964       0.0000000
       1810.1817      0.99887145      0.99963152       0.0000000
       1810.2025       1.0010042       1.0012807       0.0000000
       1810.2234       1.0007991       1.0010078       0.0000000
       1810.2442       1.0024213       1.0018667       0.0000000
       1810.2650       1.0029685       1.0022813       0.0000000
       1810.2859       1.0018398       1.0017171       0.0000000
       1810.3067       1.0024685       1.0037055       0.0000000
       1810.3275       1.0031337       1.0033606       0.0000000
       1810.3483       1.0029740       1.0034097       0.0000000
       1810.3692       1.0030262       1.0032157       0.0000000
       1810.3900       1.0035105       1.0035901       0.0000000
       1810.4108       1.0054142       1.0043623       0.0000000
       1810.4317       1.0034177       1.0042174       0.0000000
       1810.4525       1.0026474       1.0035418       0.0000000
       1810.4733       1.0037073       1.0038239       0.0000000
       1810.4942       1.0041554       1.0039705       0.0000000
       1810.5150       1.0039136       1.0040131       0.0000000
       1810.5358       1.0048966       1.0051584       0.0000000
       1810.5567       1.0064168       1.0061011       0.0000000
       1810.5775       1.0077330       1.0069659       0.0000000
       1810.5983       1.0067900       1.0065594       0.0000000
       1810.6192       1.0080146       1.0069714       128.00000
       1810.6400       1.0084218       1.0080807       0.0000000
       1810.6608       1.0072978       1.0082345       0.0000000
       1810.6817       1.0090375       1.0093455       0.0000000
       1810.7025       1.0092142       1.0094054       0.0000000
       1810.7233       1.0082951       1.0084125       0.0000000
       1810.7442       1.0089514       1.0092062       0.0000000
       1810.7650       1.0097650       1.0097591       0.0000000
       1810.7858       1.0107669       1.0107615       0.0000000
       1810.8067       1.0105690       1.0108589       0.0000000
       1810.8275       1.0094835       1.0103141       0.0000000
       1810.8483       1.0097297       1.0098989       0.0000000
       1810.8692       1.0082470       1.0088924       0.0000000
       1810.8900       1.0060133       1.0072162       0.0000000
       1810.9108       1.0068511       1.0068622       0.0000000
       1810.9317       1.0059575       1.0059423       0.0000000
       1810.9525       1.0038232       1.0045019       0.0000000
       1810.9733       1.0040997       1.0041445       0.0000000
       1810.9942       1.0026003       1.0032426       0.0000000
       1811.0150       1.0019573       1.0023533       0.0000000
       1811.0358       1.0012875       1.0017595       0.0000000
       1811.0567       1.0017374       1.0018344       0.0000000
       1811.0775      0.99995464       1.0002633       0.0000000
       1811.0983       1.0002185       1.0001966       0.0000000
       1811.1192       1.0007056       1.0005891       0.0000000
       1811.1400      0.99987715      0.99989563       0.0000000
       1811.1608       1.0000095       1.0003940       0.0000000
       1811.1817      0.99856806      0.99981529       0.0000000
       1811.2025      0.99912500      0.99940175       0.0000000
       1811.2233      0.99956548      0.99963385       0.0000000
       1811.2442       1.0013189       1.0005318       0.0000000
       1811.2650       1.0000257       1.0000165       0.0000000
       1811.2858      0.99999505       1.0002373       0.0000000
       1811.3067       1.0014372       1.0013806       0.0000000
       1811.3275       1.0014983       1.0016621       0.0000000
       1811.3483       1.0020189       1.0024366       0.0000000
       1811.3692       1.0014544       1.0021211       0.0000000
       1811.3900       1.0015686       1.0021939       0.0000000
       1811.4108       1.0023645       1.0020051       0.0000000
       1811.4317       1.0020819       1.0024658       0.0000000
       1811.4525       1.0027045       1.0023837       0.0000000
       1811.4733       1.0027039       1.0023760       0.0000000
       1811.4942       1.0021926       1.0020175       0.0000000
       1811.5150       1.0020170       1.0018123       0.0000000
       1811.5358       1.0010890       1.0006522       0.0000000
       1811.5567       1.0007390       1.0009770       0.0000000
       1811.5775       1.0008227       1.0008639       0.0000000
       1811.5983       1.0012552       1.0006645       0.0000000
       1811.6192       1.0019881       1.0005786       0.0000000
       1811.6400       1.0008177       1.0006908       0.0000000
       1811.6608      0.99980426       1.0000485       0.0000000
       1811.6817      0.99975926       1.0003413       0.0000000
       1811.7025      0.99979377      0.99956352       0.0000000
       1811.7233      0.99947870      0.99995685       0.0000000
       1811.7442      0.99901330      0.99907106       0.0000000
       1811.7650      0.99960387      0.99946284       0.0000000
       1811.7858       1.0001236      0.99947542       0.0000000
       1811.8067      0.99885714      0.99871099       0.0000000
       1811.8275      0.99964565      0.99968004       0.0000000
       1811.8483      0.99899250      0.99881279       0.0000000
       1811.8692      0.99873859      0.99864286       0.0000000
       1811.8900      0.99973059      0.99902904       0.0000000
       1811.9108      0.99912554      0.99940223       0.0000000
       1811.9317      0.99903464      0.99891055       0.0000000
       1811.9525      0.99915707      0.99911082       0.0000000
       1811.9733       1.0001215      0.99950778       0.0000000
       1811.9941      0.99908376      0.99863064       0.0000000
       1812.0150       1.0003886      0.99959534       0.0000000
       1812.0358      0.99942601      0.99937099       0.0000000
       1812.0566      0.99972254      0.99931312       0.0000000
       1812.0775       1.0000544      0.99965882       0.0000000
       1812.0983       1.0006859       1.0001695       0.0000000
       1812.1191      0.99956250      0.99931753       0.0000000
       1812.1400      0.99963593      0.99945611       0.0000000
       1812.1608      0.99940789      0.99910003       0.0000000
       1812.1816       1.0001676      0.99978292       0.0000000
       1812.2025       1.0018247      0.99942762       0.0000000
       1812.2233      0.99984205      0.99970728       0.0000000
       1812.2441       1.0003787      0.99978137       0.0000000
       1812.2650      0.99969465      0.99902767       0.0000000
       1812.2858       1.0000544      0.99894357       0.0000000
       1812.3066      0.99882096      0.99849468       0.0000000
       1812.3275      0.99948198      0.99919021       0.0000000
       1812.3483      0.99913329      0.99904084       0.0000000
       1812.3691      0.99933326      0.99874246       0.0000000
       1812.3900      0.99896312      0.99905199       0.0000000
       1812.4108      0.99990469      0.99911678       0.0000000
       1812.4316      0.99960971      0.99856436       128.00000
       1812.4525      0.99984139      0.99940312       0.0000000
       1812.4733      0.99884468      0.99847484       0.0000000
       1812.4941  -1.8050092e-15      0.86968750       128.00000
       1812.5150      0.99913639      0.99828833       0.0000000
       1812.5358      0.99954504      0.99849117       0.0000000
       1812.5566       1.0001119      0.99853414       0.0000000
       1812.5775      0.99936664      0.99877518       0.0000000
       1812.5983      0.99964279      0.99890602       0.0000000
       1812.6191      0.99954391      0.99850321       0.0000000
       1812.6400       1.0002629       1.0002234       0.0000000
       1812.6608       1.0022001       1.0013732       0.0000000
       1812.6816       1.0019556       1.0010647       0.0000000
       1812.7025       1.0022848       1.0010949       0.0000000
       1812.7233       1.0017930       1.0006908       0.0000000
       1812.7441       1.0012892       1.0002128       0.0000000
       1812.7650       1.0007367      0.99993992       0.0000000
       1812.7858       1.0005174      0.99951905       0.0000000
       1812.8066       1.0000113      0.99893028       0.0000000
       1812.8275       1.0004258      0.99942064       128.00000
       1812.8483      0.99905610      0.99813563       0.0000000
       1812.8691      0.99908572      0.99736607       0.0000000
       1812.8900       1.0003939      0.99800450       0.0000000
       1812.9108      0.99881715      0.99824858       0.0000000
       1812.9316      0.99827355      0.99724042       0.0000000
       1812.9525      0.99909979      0.99754173       0.0000000
       1812.9733      0.99805284      0.99727726       0.0000000
       1812.9941      0.99911118      0.99822992       0.0000000
       1813.0150      0.99891710      0.99803329       0.0000000
       1813.0358      0.99869215      0.99785483       0.0000000
       1813.0566      0.99869877      0.99753541       0.0000000
       1813.0775      0.99945003      0.99804950       0.0000000
       1813.0983      0.99842560      0.99831992       0.0000000
       1813.1191      0.99969500      0.99804115       0.0000000
       1813.1400      0.99923617      0.99789393       0.0000000
       1813.1608      0.99971104      0.99864995       0.0000000
       1813.1816       1.0003188      0.99894607       0.0000000
       1813.2025      0.99852031      0.99915409       0.0000000
       1813.2233       1.0005575      0.99957556       0.0000000
       1813.2441       1.0018650       1.0002738       0.0000000
       1813.2650       1.0002073       1.0001314       0.0000000
       1813.2858       1.0006052       1.0002956       0.0000000
       1813.3066       1.0009820       1.0006301       0.0000000
       1813.3275      0.99986452      0.99957931       0.0000000
       1813.3483       1.0013605       1.0004928       0.0000000
       1813.3691       1.0009645       1.0005764       0.0000000
       1813.3900       1.0008739       1.0005341       0.0000000
       1813.4108       1.0018119       1.0018079       0.0000000
       1813.4316       1.0015749       1.0015750       0.0000000
       1813.4524       1.0025854       1.0021877       0.0000000
       1813.4733       1.0020702       1.0022210       0.0000000
       1813.4941       1.0017393       1.0024409       0.0000000
       1813.5149       1.0037025       1.0030419       0.0000000
       1813.5358       1.0035180       1.0029359       0.0000000
       1813.5566       1.0035295       1.0038368       0.0000000
       1813.5774       1.0040849       1.0036246       0.0000000
       1813.5983       1.0049970       1.0040374       0.0000000
       1813.6191       1.0039009       1.0043920       0.0000000
       1813.6399       1.0039908       1.0051515       0.0000000
       1813.6608       1.0048591       1.0057662       0.0000000
       1813.6816       1.0047054       1.0059775       0.0000000
       1813.7024       1.0057311       1.0069581       0.0000000
       1813.7233       1.0065000       1.0072144       0.0000000
       1813.7441       1.0062426       1.0075490       0.0000000
       1813.7649       1.0069417       1.0076083       0.0000000
       1813.7858       1.0056562       1.0073447       0.0000000
       1813.8066       1.0051714       1.0069879       0.0000000
       1813.8274       1.0054177       1.0067790       0.0000000
       1813.8483       1.0047116       1.0060602       0.0000000
       1813.8691       1.0045226       1.0059421       0.0000000
       1813.8899       1.0039440       1.0048651       0.0000000
       1813.9108       1.0023026       1.0034159       0.0000000
       1813.9316       1.0024559       1.0044144       0.0000000
       1813.9524       1.0009596       1.0022769       0.0000000
       1813.9733       1.0004935       1.0022060       0.0000000
       1813.9941      0.99966002       1.0016423       0.0000000
       1814.0149       1.0010411       1.0025811       0.0000000
       1814.0358      0.99928945       1.0013564       0.0000000
       1814.0566      0.99974263       1.0007508       0.0000000
       1814.0774      0.99742919      0.99963433       0.0000000
       1814.0983      0.99682516      0.99906778       0.0000000
       1814.1191      0.99793530      0.99934602       0.0000000
       1814.1399      0.99678135      0.99877161       0.0000000
       1814.1608      0.99934572      0.99893945       0.0000000
       1814.1816      0.99742049      0.99952060       0.0000000
       1814.2024      0.99913031       1.0005845       0.0000000
       1814.2233      0.99875939       1.0005341       0.0000000
       1814.2441      0.99866605       1.0003853       0.0000000
       1814.2649      0.99795759       1.0013045       0.0000000
       1814.2858       1.0007871       1.0013819       0.0000000
       1814.3066       1.0009143       1.0015264       0.0000000
       1814.3274       1.0012983       1.0017067       0.0000000
       1814.3483       1.0010549       1.0014703       0.0000000
       1814.3691       1.0007555       1.0010200       0.0000000
       1814.3899       1.0014155       1.0014673       0.0000000
       1814.4108       1.0007358       1.0006797       0.0000000
       1814.4316       1.0006473       1.0004557       128.00000
       1814.4524       1.0006365       1.0003836       0.0000000
       1814.4733       1.0003575       1.0001862       0.0000000
       1814.4941      0.99985135      0.99940252       0.0000000
       1814.5149       1.0004294      0.99984562       0.0000000
       1814.5358       1.0010864      0.99981505       0.0000000
       1814.5566      0.99860966      0.99801046       0.0000000
       1814.5774      0.99992645      0.99874008       0.0000000
       1814.5983      0.99989682      0.99889773       0.0000000
       1814.6191       1.0001185      0.99896264       0.0000000
       1814.6399      0.99976093      0.99816102       0.0000000
       1814.6608       1.0000805      0.99841732       0.0000000
       1814.6816      0.99897838      0.99695820       0.0000000
       1814.7024      0.99940234      0.99712348       0.0000000
       1814.7233      0.99898237      0.99620438       0.0000000
       1814.7441      0.99954748      0.99621212       0.0000000
       1814.7649       1.0000552      0.99622458       0.0000000
       1814.7858       1.0000651      0.99567944       0.0000000
       1814.8066       1.0006269      0.99589920       0.0000000
       1814.8274       1.0003279      0.99511170       0.0000000
       1814.8482       1.0015006      0.99578059       0.0000000
       1814.8691       1.0023303      0.99612540       0.0000000
       1814.8899       1.0023882      0.99565244       0.0000000
       1814.9107       1.0031745      0.99634272       0.0000000
       1814.9316       1.0042697      0.99672121       0.0000000
       1814.9524       1.0037947      0.99570107       128.00000
       1814.9732       1.0048771      0.99620116       128.00000
       1814.9941       1.0068043      0.99696302       128.00000
       1815.0149       1.0083286      0.99737400       128.00000
