    1106
       1790.7038       1.0071598      0.97720951       0.0000000
       1790.7246       1.0066723      0.97771955       0.0000000
       1790.7454       1.0069215      0.97780406       0.0000000
       1790.7663       1.0064688      0.97856116       0.0000000
       1790.7871       1.0065401      0.97839558       0.0000000
       1790.8079       1.0065615      0.97836512       0.0000000
       1790.8288       1.0078284      0.98010057       0.0000000
       1790.8496       1.0076209      0.97880226       0.0000000
       1790.8704       1.0072753      0.97763240       0.0000000
       1790.8913       1.0080638      0.97680831       0.0000000
       1790.9121       1.0073022      0.97622752       0.0000000
       1790.9329       1.0077052      0.97835475       128.00000
       1790.9538       1.0071279      0.97484583       0.0000000
       1790.9746       1.0071415      0.97473288       0.0000000
       1790.9954       1.0073382      0.97589254       0.0000000
       1791.0163       1.0075353      0.97462642       128.00000
       1791.0371       1.0072531      0.97651446       0.0000000
       1791.0579       1.0070733      0.97585285       0.0000000
       1791.0788       1.0067083      0.97553819       0.0000000
       1791.0996       1.0057824      0.97620249       0.0000000
       1791.3913      0.99743462      0.99079031       0.0000000
       1791.4121      0.99664140      0.99242789       0.0000000
       1791.4329      0.99673325      0.99374986       0.0000000
       1791.4538      0.99690354      0.99538803       0.0000000
       1791.4746      0.99720985      0.99721420       0.0000000
       1791.4954      0.99861443      0.99881291       0.0000000
       1791.5163      0.99842554      0.99827492       0.0000000
       1791.5371      0.99883223      0.99839801       0.0000000
       1791.5579      0.99874687      0.99803400       0.0000000
       1791.5788      0.99948728      0.99815571       0.0000000
       1791.5996      0.99894732      0.99789333       0.0000000
       1791.6204      0.99968344      0.99637431       0.0000000
       1791.6413       1.0002437      0.99731302       0.0000000
       1791.6621      0.99960506      0.99485242       0.0000000
       1791.6829       1.0009569      0.99624604       0.0000000
       1791.7038       1.0002233      0.99647701       0.0000000
       1791.7246       1.0005318      0.99522769       0.0000000
       1791.7454       1.0011981      0.99675840       0.0000000
       1791.7663       1.0013108      0.99566793       0.0000000
       1791.7871       1.0008959      0.99542832       0.0000000
       1791.8079      0.99995041      0.99425215       0.0000000
       1791.8288       1.0000963      0.99447054       0.0000000
       1791.8496      0.99955815      0.99350727       0.0000000
       1791.8704      0.99974102      0.99372721       0.0000000
       1791.8913      0.99977416      0.99357069       0.0000000
       1791.9121      0.99992710      0.99341303       0.0000000
       1791.9329      0.99954772      0.99325812       0.0000000
       1791.9538      0.99883556      0.99242306       0.0000000
       1791.9746      0.99922639      0.99239349       0.0000000
       1791.9955      0.99918038      0.99278659       0.0000000
       1792.0163      0.99975455      0.99298984       0.0000000
       1792.0371       1.0003260      0.99358660       0.0000000
       1792.0580       1.0000629      0.99331081       0.0000000
       1792.0788       1.0004056      0.99347025       0.0000000
       1792.0996       1.0009177      0.99261034       0.0000000
       1792.1205      0.99954897      0.99162781       0.0000000
       1792.1413       1.0009246      0.99220920       0.0000000
       1792.1621       1.0000728      0.99311900       0.0000000
       1792.1830       1.0011513      0.99334115       0.0000000
       1792.2038       1.0004253      0.99316871       0.0000000
       1792.2246       1.0007024      0.99361092       0.0000000
       1792.2455       1.0006051      0.99397963       0.0000000
       1792.2663       1.0007465      0.99405611       0.0000000
       1792.2871       1.0004387      0.99416345       0.0000000
       1792.3080       1.0003394      0.99383795       0.0000000
       1792.3288      0.99975824      0.99346048       0.0000000
       1792.3496      0.99977082      0.99320936       0.0000000
       1792.3705      0.99962038      0.99324805       0.0000000
       1792.3913      0.99935263      0.99302834       0.0000000
       1792.4121      0.99942011      0.99306476       0.0000000
       1792.4330      0.99892831      0.99291086       0.0000000
       1792.4538      0.99921566      0.99267429       0.0000000
       1792.4746      0.99947566      0.99301398       0.0000000
       1792.4955      0.99813324      0.99171764       0.0000000
       1792.5163      0.99904454      0.99239272       0.0000000
       1792.5371      0.99883527      0.99217159       0.0000000
       1792.5580      0.99858522      0.99240452       0.0000000
       1792.5788      0.99837351      0.99166846       0.0000000
       1792.5996      0.99836385      0.99247390       0.0000000
       1792.6205      0.99833685      0.99233711       0.0000000
       1792.6413      0.99852347      0.99255908       0.0000000
       1792.6621      0.99820000      0.99194300       0.0000000
       1792.6830      0.99829245      0.99196023       0.0000000
       1792.7038      0.99735981      0.98813760       0.0000000
       1792.7246      0.99787718      0.99124050       0.0000000
       1792.7455      0.99816173      0.99104190       0.0000000
       1792.7663      0.99813688      0.99149793       0.0000000
       1792.7871      0.99850780      0.99201417       0.0000000
       1792.8080      0.99771422      0.99188662       0.0000000
       1792.8288      0.99792129      0.99205059       0.0000000
       1792.8496      0.99759060      0.99176735       0.0000000
       1792.8705      0.99774629      0.99121594       0.0000000
       1792.8913      0.99733841      0.99166560       0.0000000
       1792.9121      0.99816960      0.99163049       0.0000000
       1792.9330      0.99782372      0.99319506       0.0000000
       1792.9538      0.99964899      0.99195206       0.0000000
       1792.9746      0.99819940      0.99294996       0.0000000
       1792.9955      0.99869239      0.99245596       0.0000000
       1793.0163      0.99864048      0.99277890       0.0000000
       1793.0371      0.99936777      0.99329627       0.0000000
       1793.0580      0.99985296      0.99317449       0.0000000
       1793.0788       1.0000744      0.99385905       0.0000000
       1793.0996      0.99948907      0.99370182       0.0000000
       1793.1205      0.99976319      0.99463713       0.0000000
       1793.1413      0.99972892      0.99485350       0.0000000
       1793.1621      0.99977809      0.99447769       0.0000000
       1793.1830       1.0000232      0.99428242       0.0000000
       1793.2038      0.99920326      0.99428302       0.0000000
       1793.2246      0.99957454      0.99440444       0.0000000
       1793.2455      0.99906331      0.99442381       0.0000000
       1793.2663      0.99961662      0.99426877       0.0000000
       1793.2871      0.99900347      0.99393862       0.0000000
       1793.3080       1.0001037      0.99442935       0.0000000
       1793.3288      0.99940771      0.99379480       0.0000000
       1793.3497      0.99975264      0.99522245       0.0000000
       1793.3705       1.0010386      0.99550408       0.0000000
       1793.3913       1.0013225      0.99522424       0.0000000
       1793.4122       1.0004292      0.99563968       0.0000000
       1793.4330       1.0008421      0.99539304       0.0000000
       1793.4538       1.0006286      0.99493384       0.0000000
       1793.4747       1.0000120      0.99494934       0.0000000
       1793.4955       1.0008715      0.99500489       0.0000000
       1793.5163      0.99965304      0.99463820       0.0000000
       1793.5372      0.99981463      0.99526781       0.0000000
       1793.5580       1.0003030      0.99532861       0.0000000
       1793.5788       1.0005372      0.99571460       0.0000000
       1793.5997       1.0005635      0.99588937       0.0000000
       1793.6205       1.0001135      0.99567574       0.0000000
       1793.6413       1.0011823      0.99507618       0.0000000
       1793.6622      0.99949139      0.99495608       0.0000000
       1793.6830      0.99958092      0.99401319       0.0000000
       1793.7038      0.99951154      0.99560881       0.0000000
       1793.7247       1.0003312      0.99558538       0.0000000
       1793.7455       1.0010967      0.99574357       0.0000000
       1793.7663       1.0007054      0.99663359       0.0000000
       1793.7872       1.0003390      0.99576998       0.0000000
       1793.8080       1.0006272      0.99574345       0.0000000
       1793.8288       1.0006543      0.99586523       0.0000000
       1793.8497       1.0009321      0.99624050       0.0000000
       1793.8705      0.99989522      0.99616110       0.0000000
       1793.8913       1.0005977      0.99578381       0.0000000
       1793.9122       1.0004905      0.99536049       0.0000000
       1793.9330      0.99904621      0.99552315       0.0000000
       1793.9538      0.99988145      0.99477357       0.0000000
       1793.9747       1.0000453      0.99561846       0.0000000
       1793.9955      0.99959326      0.99665493       0.0000000
       1794.0163       1.0002279      0.99577087       0.0000000
       1794.0372       1.0000887      0.99620801       0.0000000
       1794.0580       1.0001732      0.99583215       0.0000000
       1794.0788       1.0005330      0.99643648       0.0000000
       1794.0997       1.0008466      0.99678385       0.0000000
       1794.1205       1.0009923      0.99716121       0.0000000
       1794.1413       1.0014528      0.99776715       0.0000000
       1794.1622       1.0019326      0.99857944       0.0000000
       1794.1830       1.0028683      0.99900323       0.0000000
       1794.2038       1.0034584      0.99951446       0.0000000
       1794.2247       1.0035923      0.99992484       0.0000000
       1794.2455       1.0037135       1.0002911       0.0000000
       1794.2663       1.0043869      0.99990052       0.0000000
       1794.2872       1.0042874       1.0003699       0.0000000
       1794.3080       1.0045151       1.0011127       0.0000000
       1794.3288       1.0050137       1.0012475       0.0000000
       1794.3497       1.0062124       1.0024929       0.0000000
       1794.3705       1.0073991       1.0034838       0.0000000
       1794.3913       1.0073518       1.0037817       0.0000000
       1794.4122       1.0065280       1.0026585       0.0000000
       1794.4330       1.0048341       1.0013298       0.0000000
       1794.4538       1.0034438      0.99996090       0.0000000
       1794.4747       1.0008943      0.99766684       0.0000000
       1794.4955      0.99971783      0.99624389       0.0000000
       1794.5163      0.99956560      0.99634683       0.0000000
       1794.5372      0.99864411      0.99508327       0.0000000
       1794.5580      0.99918675      0.99494082       0.0000000
       1794.5788      0.99896884      0.99508977       0.0000000
       1794.5997      0.99864525      0.99549383       0.0000000
       1794.6205      0.99854648      0.99517095       0.0000000
       1794.6413      0.99859643      0.99521154       0.0000000
       1794.6622      0.99792993      0.99452353       0.0000000
       1794.6830      0.99764919      0.99364376       0.0000000
       1794.7038      0.99772513      0.99366176       0.0000000
       1794.7247      0.99680895      0.99274993       0.0000000
       1794.7455      0.99797440      0.99410456       0.0000000
       1794.7663      0.99692780      0.99285585       0.0000000
       1794.7872      0.99810934      0.99410588       0.0000000
       1794.8080      0.99716854      0.99418229       0.0000000
       1794.8288      0.99810302      0.99379349       0.0000000
       1794.8497      0.99841613      0.99275124       0.0000000
       1794.8705      0.99859250      0.99319255       0.0000000
       1794.8914      0.99755883      0.99320185       0.0000000
       1794.9122      0.99826616      0.99329484       0.0000000
       1794.9330      0.99796665      0.99345332       0.0000000
       1794.9539   1.4322674e-13      0.87785918       128.00000
       1794.9747      0.99774557      0.99619973       0.0000000
       1794.9955       1.0000111      0.99589008       0.0000000
       1795.0164      0.99834198      0.99624205       0.0000000
       1795.0372      0.99844706      0.99654299       0.0000000
       1795.0580      0.99871749      0.99714404       0.0000000
       1795.0789      0.99915105      0.99689651       0.0000000
       1795.0997      0.99817044      0.99635762       0.0000000
       1795.1205      0.99992961      0.99761379       0.0000000
       1795.1414      0.99902189      0.99686921       0.0000000
       1795.1622      0.99835777      0.99672902       0.0000000
       1795.1830      0.99922258      0.99705946       0.0000000
       1795.2039      0.99913239      0.99652439       0.0000000
       1795.2247      0.99956626      0.99652702       0.0000000
       1795.2455      0.99876964      0.99566424       0.0000000
       1795.2664      0.99979460      0.99667394       0.0000000
       1795.2872      0.99925077      0.99645060       0.0000000
       1795.3080      0.99947751      0.99645972       0.0000000
       1795.3289      0.99948865      0.99708337       0.0000000
       1795.3497      0.99993306      0.99689692       0.0000000
       1795.3705      0.99940741      0.99744135       0.0000000
       1795.3914       1.0003915      0.99848652       0.0000000
       1795.4122       1.0001014      0.99813950       0.0000000
       1795.4330      0.99961370      0.99734414       0.0000000
       1795.4539      0.99959588      0.99799114       0.0000000
       1795.4747      0.99961054      0.99762696       0.0000000
       1795.4955      0.99937880      0.99787003       0.0000000
       1795.5164      0.99887258      0.99760342       0.0000000
       1795.5372      0.99984777      0.99741858       0.0000000
       1795.5580      0.99970531      0.99807692       0.0000000
       1795.5789      0.99898851      0.99734706       0.0000000
       1795.5997      0.99932617      0.99773669       0.0000000
       1795.6205      0.99843371      0.99703997       0.0000000
       1795.6414      0.99967921      0.99788105       0.0000000
       1795.6622      0.99972278      0.99797934       0.0000000
       1795.6830       1.0008560      0.99825692       128.00000
       1795.7039      0.99981707      0.99843097       0.0000000
       1795.7247      0.99971217      0.99814284       128.00000
       1795.7455      0.99987358      0.99809694       128.00000
       1795.7664      0.99933863      0.99793005       0.0000000
       1795.7872      0.99994242      0.99798024       0.0000000
       1795.8080      0.99962896      0.99803114       0.0000000
       1795.8289      0.99939066      0.99820650       128.00000
       1795.8497      0.99925929      0.99819767       0.0000000
       1795.8705      0.99934870      0.99813420       0.0000000
       1795.8914      0.99975556      0.99853045       0.0000000
       1795.9122       1.0000948      0.99857748       0.0000000
       1795.9330      0.99997258      0.99869227       0.0000000
       1795.9539       1.0000378      0.99901396       0.0000000
       1795.9747      0.99987990      0.99953717       0.0000000
       1795.9955       1.0004346      0.99933541       0.0000000
       1796.0164       1.0003060      0.99946731       0.0000000
       1796.0372       1.0004499      0.99940538       0.0000000
       1796.0580       1.0008460      0.99998862       0.0000000
       1796.0789       1.0006646      0.99999553       0.0000000
       1796.0997      0.99993294      0.99937958       0.0000000
       1796.1205       1.0004461      0.99948341       0.0000000
       1796.1414      0.99951935      0.99964082       0.0000000
       1796.1622       1.0001692      0.99925697       0.0000000
       1796.1830       1.0005955      0.99957609       0.0000000
       1796.2039       1.0002043      0.99981648       0.0000000
       1796.2247       1.0002831      0.99966401       0.0000000
       1796.2455       1.0004175      0.99999267       0.0000000
       1796.2664       1.0000541      0.99931514       0.0000000
       1796.2872      0.99997240      0.99998045       0.0000000
       1796.3080       1.0003511       1.0000441       0.0000000
       1796.3289      0.99999774      0.99999136       0.0000000
       1796.3497      0.99956149      0.99969059       0.0000000
       1796.3705       1.0002713       1.0001906       0.0000000
       1796.3914       1.0004402       1.0003172       0.0000000
       1796.4122      0.99963289      0.99956590       0.0000000
       1796.4330      0.99992377      0.99971193       0.0000000
       1796.4539      0.99976140      0.99917310       0.0000000
       1796.4747      0.99966276      0.99973685       0.0000000
       1796.4955      0.99982136      0.99979025       0.0000000
       1796.5164      0.99964964       1.0003047       0.0000000
       1796.5372       1.0003314      0.99995697       0.0000000
       1796.5580       1.0003092       1.0006410       0.0000000
       1796.5789       1.0003281       1.0001342       0.0000000
       1796.5997      0.99941987       1.0002954       0.0000000
       1796.6206      0.99975413       1.0000000       0.0000000
       1796.6414      0.99969214      0.99983972       0.0000000
       1796.6622       1.0005056       1.0009809       0.0000000
       1796.6831       1.0007132       1.0011374       0.0000000
       1796.7039       1.0002930       1.0001779       0.0000000
       1796.7247       1.0001081       1.0002688       0.0000000
       1796.7456      0.99932140       1.0004810       0.0000000
       1796.7664      0.99959016      0.99983019       0.0000000
       1796.7872      0.99911022      0.99985611       0.0000000
       1796.8081      0.99921417      0.99997187       0.0000000
       1796.8289      0.99853295      0.99953282       0.0000000
       1796.8497      0.99915916       1.0001446       0.0000000
       1796.8706      0.99837947      0.99948817       0.0000000
       1796.8914      0.99867874      0.99968892       0.0000000
       1796.9122      0.99849230      0.99975324       0.0000000
       1796.9331      0.99879926      0.99998891       0.0000000
       1796.9539      0.99980003      0.99976826       0.0000000
       1796.9747      0.99919218       1.0004561       0.0000000
       1796.9956      0.99946207       1.0007553       0.0000000
       1797.0164      0.99987471       1.0009822       0.0000000
       1797.0372      0.99893212       1.0005705       0.0000000
       1797.0581      0.99969357       1.0005774       0.0000000
       1797.0789      0.99950415       1.0005366       0.0000000
       1797.0997      0.99916792       1.0006673       0.0000000
       1797.1206      0.99934870       1.0011762       0.0000000
       1797.1414      0.99964625       1.0008031       0.0000000
       1797.1622      0.99834877       1.0001874       0.0000000
       1797.1831      0.99932945       1.0003775       0.0000000
       1797.2039      0.99947268       1.0007740       0.0000000
       1797.2247      0.99958009       1.0007474       0.0000000
       1797.2456      0.99956006       1.0009733       0.0000000
       1797.2664      0.99906343       1.0008856       0.0000000
       1797.2872      0.99945849       1.0013876       0.0000000
       1797.3081      0.99946004       1.0009816       0.0000000
       1797.3289       1.0008041       1.0020000       0.0000000
       1797.3497      0.99974650       1.0020176       0.0000000
       1797.3706      0.99965686       1.0018944       0.0000000
       1797.3914       1.0001104       1.0018556       0.0000000
       1797.4122       1.0009155       1.0025009       0.0000000
       1797.4331       1.0007218       1.0026864       0.0000000
       1797.4539       1.0010345       1.0028285       0.0000000
       1797.4747       1.0001905       1.0025095       0.0000000
       1797.4956       1.0005590       1.0026653       0.0000000
       1797.5164       1.0005821       1.0029455       0.0000000
       1797.5372      0.99989635       1.0020424       0.0000000
       1797.5581      0.99960506       1.0017147       0.0000000
       1797.5789      0.99892300       1.0017030       0.0000000
       1797.5997       1.0001171       1.0021113       0.0000000
       1797.6206      0.99940044       1.0019530       0.0000000
       1797.6414      0.99928975       1.0019792       0.0000000
       1797.6622      0.99938619       1.0014358       0.0000000
       1797.6831      0.99951565       1.0015453       0.0000000
       1797.7039      0.99917024       1.0014300       0.0000000
       1797.7247       1.0003021       1.0017164       0.0000000
       1797.7456       1.0001049       1.0020084       0.0000000
       1797.7664      0.99938148       1.0015446       0.0000000
       1797.7872      0.99991268       1.0020744       0.0000000
       1797.8081       1.0000920       1.0021780       0.0000000
       1797.8289      0.99996936       1.0023487       0.0000000
       1797.8497       1.0000000       1.0020002       0.0000000
       1797.8706      0.99852884       1.0007564       0.0000000
       1797.8914       1.0003996       1.0015075       0.0000000
       1797.9122      0.99906099       1.0013930       0.0000000
       1797.9331      0.99880958       1.0009969       0.0000000
       1797.9539      0.99865830       1.0014091       0.0000000
       1797.9747      0.99840069       1.0011801       0.0000000
       1797.9956      0.99883860       1.0010545       0.0000000
       1798.0164       1.0003200       1.0013915       0.0000000
       1798.0372      0.99875289       1.0017207       0.0000000
       1798.0581      0.99913687       1.0015033       0.0000000
       1798.0789      0.99864942       1.0009307       0.0000000
       1798.0997      0.99962670       1.0014575       0.0000000
       1798.1206      0.99938446       1.0021185       0.0000000
       1798.1414       1.0000538       1.0019042       0.0000000
       1798.1622       1.0004493       1.0034124       0.0000000
       1798.1831       1.0011047       1.0030677       0.0000000
       1798.2039      0.99929309       1.0026077       0.0000000
       1798.2247       1.0002966       1.0030528       0.0000000
       1798.2456       1.0001891       1.0029402       0.0000000
       1798.2664       1.0002326       1.0031513       0.0000000
       1798.2872       1.0010740       1.0030180       0.0000000
       1798.3081      0.99968576       1.0026395       0.0000000
       1798.3289      0.99979639       1.0024724       0.0000000
       1798.3497       1.0005094       1.0031782       0.0000000
       1798.3706      0.99971825       1.0019933       0.0000000
       1798.3914      0.99993670       1.0022563       0.0000000
       1798.4122       1.0000873       1.0020894       0.0000000
       1798.4331      0.99985170       1.0023817       0.0000000
       1798.4539      0.99904174       1.0020061       0.0000000
       1798.4747      0.99948686       1.0021706       0.0000000
       1798.4956       1.0002381       1.0030066       0.0000000
       1798.5164       1.0009093       1.0038686       0.0000000
       1798.5372      0.99997127       1.0029925       0.0000000
       1798.5581       1.0002956       1.0030923       0.0000000
       1798.5789       1.0009381       1.0037693       0.0000000
       1798.5997       1.0009043       1.0035467       0.0000000
       1798.6206       1.0014056       1.0032753       0.0000000
       1798.6414       1.0009688       1.0036858       0.0000000
       1798.6622       1.0000476       1.0024630       0.0000000
       1798.6831       1.0005139       1.0034488       0.0000000
       1798.7039       1.0014999       1.0033914       0.0000000
       1798.7248      0.99909496       1.0019581       0.0000000
       1798.7456      0.99963075       1.0030706       0.0000000
       1798.7664       1.0001878       1.0027107       0.0000000
       1798.7873      0.99912268       1.0020819       0.0000000
       1798.8081      0.99937552       1.0014894       0.0000000
       1798.8289      0.99840438       1.0011235       0.0000000
       1798.8498      0.99940962       1.0016646       0.0000000
       1798.8706       1.0002401       1.0018754       0.0000000
       1798.8914       1.0002561       1.0023175       0.0000000
       1798.9123      0.99973148       1.0022335       0.0000000
       1798.9331       1.0001240       1.0017960       0.0000000
       1798.9539       1.0005182       1.0027061       0.0000000
       1798.9748       1.0000702       1.0019643       0.0000000
       1798.9956       1.0008684       1.0027032       0.0000000
       1799.0164       1.0005977       1.0025018       0.0000000
       1799.0373       1.0014228       1.0023808       0.0000000
       1799.0581       1.0005957       1.0022489       0.0000000
       1799.0789       1.0004025       1.0024165       0.0000000
       1799.0998       1.0002624       1.0026842       0.0000000
       1799.1206      0.99986327       1.0005566       0.0000000
       1799.1414      0.99892384       1.0004003       0.0000000
       1799.1623      0.99892271       1.0008751       0.0000000
       1799.1831      0.99901146       1.0004884       0.0000000
       1799.2039   1.3958509e-13      0.85553908       128.00000
       1799.2248      0.99869627       1.0037667       0.0000000
       1799.2456      0.99943471       1.0037333       0.0000000
       1799.2664      0.99993551       1.0047116       0.0000000
       1799.2873       1.0001315       1.0047834       0.0000000
       1799.3081      0.99994332       1.0052562       0.0000000
       1799.3289       1.0002061       1.0046585       0.0000000
       1799.3498       1.0002104       1.0051177       0.0000000
       1799.3706       1.0000544       1.0054591       0.0000000
       1799.3914       1.0007641       1.0058421       0.0000000
       1799.4123       1.0005329       1.0061072       0.0000000
       1799.4331       1.0010170       1.0062954       0.0000000
       1799.4539       1.0009228       1.0061733       0.0000000
       1799.4748       1.0004239       1.0061924       0.0000000
       1799.4956       1.0012106       1.0065328       0.0000000
       1799.5164       1.0004433       1.0059261       0.0000000
       1799.5373       1.0006448       1.0057032       0.0000000
       1799.5581       1.0002989       1.0056766       0.0000000
       1799.5789       1.0005851       1.0063022       0.0000000
       1799.5998      0.99985898       1.0058973       0.0000000
       1799.6206      0.99911338       1.0047520       0.0000000
       1799.6414      0.99997520       1.0054586       0.0000000
       1799.6623      0.99913466       1.0051460       0.0000000
       1799.6831      0.99955523       1.0053911       0.0000000
       1799.7039      0.99878508       1.0046835       0.0000000
       1799.7248      0.99863511       1.0050406       0.0000000
       1799.7456      0.99927157       1.0050128       0.0000000
       1799.7664      0.99909490       1.0052005       0.0000000
       1799.7873      0.99924386       1.0053788       0.0000000
       1799.8081      0.99909139       1.0053602       0.0000000
       1799.8289      0.99868351       1.0045971       0.0000000
       1799.8498      0.99846023       1.0049578       0.0000000
       1799.8706      0.99963820       1.0055605       0.0000000
       1799.8914      0.99900931       1.0049664       0.0000000
       1799.9123      0.99893135       1.0053294       0.0000000
       1799.9331       1.0002834       1.0055180       0.0000000
       1799.9539      0.99943227       1.0056801       0.0000000
       1799.9748       1.0000103       1.0059668       0.0000000
       1799.9956      0.99959344       1.0059115       0.0000000
       1800.0164       1.0006971       1.0067006       0.0000000
       1800.0373       1.0000752       1.0060828       0.0000000
       1800.0581       1.0000755       1.0062201       0.0000000
       1800.0789      0.99945641       1.0056039       0.0000000
       1800.0998       1.0007417       1.0062393       128.00000
       1800.1206      0.99939734       1.0058663       0.0000000
       1800.1414      0.99929047       1.0056978       0.0000000
       1800.1623      0.99914092       1.0055338       0.0000000
       1800.1831      0.99949157       1.0058250       0.0000000
       1800.2039      0.99967730       1.0061617       0.0000000
       1800.2248      0.99991149       1.0060990       0.0000000
       1800.2456       1.0001453       1.0065356       0.0000000
       1800.2664       1.0000670       1.0060905       0.0000000
       1800.2873       1.0006200       1.0069282       0.0000000
       1800.3081       1.0003211       1.0065312       0.0000000
       1800.3289       1.0001218       1.0065010       0.0000000
       1800.3498       1.0001428       1.0066669       0.0000000
       1800.3706       1.0004420       1.0065923       0.0000000
       1800.3914      0.99997050       1.0065519       128.00000
       1800.4123       1.0003614       1.0062972       128.00000
       1800.4331       1.0003537       1.0064225       128.00000
       1800.4539      0.99937981       1.0062619       128.00000
       1800.4748       1.0001312       1.0062231       128.00000
       1800.4956      0.99988461       1.0060169       128.00000
       1800.5164       1.0005034       1.0065595       128.00000
       1800.5373      0.99955755       1.0057075       128.00000
       1800.5581       1.0003496       1.0063180       128.00000
       1800.5789       1.0000373       1.0065615       128.00000
       1800.5998      0.99985319       1.0058203       128.00000
       1800.6206       1.0013891       1.0077215       128.00000
       1800.6414       1.0009590       1.0068419       128.00000
       1800.6623       1.0015497       1.0070275       128.00000
       1800.6831       1.0016354       1.0080497       128.00000
       1800.7039       1.0005338       1.0065626       128.00000
       1800.7248       1.0008683       1.0065571       128.00000
       1800.7456       1.0007609       1.0048749       128.00000
       1800.7664       1.0038668       1.0066473       128.00000
       1800.7873       1.0024586       1.0049782       128.00000
       1800.8081       1.0022831       1.0044767       128.00000
       1800.8289      0.99435902      0.99532622       128.00000
       1800.8498      0.98916924      0.98789370       128.00000
       1800.8706       1.0186245       1.0162475       128.00000
       1800.8914       1.0135114       1.0091249       128.00000
       1800.9123       1.0098599       1.0067737       128.00000
       1800.9331       1.0137736       1.0119067       128.00000
       1800.9539       1.0309956       1.0242952       128.00000
       1800.9748       1.1003402       1.0719310       128.00000
       1800.9956       1.0834721       1.0592455       128.00000
       1801.0164       1.0204104       1.0165825       128.00000
       1801.0373       1.0193468       1.0161955       128.00000
       1801.0581       1.0263791       1.0217968       128.00000
       1801.0789       1.0332733       1.0274097       128.00000
       1801.0998       1.0333121       1.0264251       128.00000
       1801.1206       1.0369333       1.0292884       128.00000
       1801.1414       1.0407525       1.0320835       128.00000
       1801.1623       1.0417856       1.0318912       128.00000
       1801.1831       1.0450171       1.0318779       128.00000
       1801.2039       1.0411880       1.0280761       128.00000
       1801.2248       1.0377461       1.0297163       128.00000
       1801.2456       1.0508651       1.0382630       128.00000
       1801.2664       1.0628030       1.0475357       128.00000
       1801.2873       1.0611194       1.0439706       128.00000
       1801.3081       1.0665221       1.0497783       128.00000
       1801.3289       1.0870219       1.0661545       128.00000
       1801.3498       1.0989386       1.0767629       128.00000
       1801.3706       1.0872242       1.0625337       128.00000
       1801.3914       1.1080993       1.0806352       128.00000
       1801.4123       1.1979961       1.1325803       128.00000
       1801.4331       1.2852833       1.1811138       128.00000
       1801.4539       1.2272476       1.1357614       128.00000
       1801.4748       1.1820253       1.1269507       128.00000
       1801.4956       1.1285917       1.0816256       128.00000
       1801.5164       1.1150061       1.0696036       128.00000
       1801.5373       1.1272241       1.0783374       128.00000
       1801.5581       1.1422536       1.0869784       128.00000
       1801.5790       1.1893425       1.1240461       128.00000
       1801.5998       1.2387685       1.1625791       128.00000
       1801.6206       1.2739534       1.1895338       128.00000
       1801.6415       1.2842324       1.1966239       128.00000
       1801.6623       1.2689698       1.1795523       128.00000
       1801.6831       1.2956619       1.1950716       128.00000
       1801.7040       1.5240232       1.3804393       128.00000
       1801.7248       1.5220048       1.3833128       128.00000
       1801.7456       1.4545020       1.3270342       128.00000
       1801.7665       1.4001685       1.2785190       128.00000
       1801.7873       1.6518705       1.4943565       128.00000
       1801.8081       1.7581054       1.5905708       128.00000
       1801.8290       1.5523874       1.4145672       128.00000
       1801.8498       1.4341708       1.3205191       128.00000
       1801.8706       1.3061150       1.2207485       128.00000
       1801.8915       1.2475914       1.1737468       128.00000
       1801.9123       1.2472098       1.1756188       128.00000
       1801.9331       1.1244049       1.0673681       128.00000
       1801.9540       1.0920653       1.0480772       128.00000
       1801.9748       1.1133678       1.0723146       128.00000
       1801.9956       2.4685607       1.5021688       128.00000
       1802.0165      -3.3917820      -3.2189476       128.00000
       1802.0373       1.3439561       1.2141153       128.00000
       1802.0581       1.2740949       1.1868281       128.00000
       1802.0790       1.1273311       1.0736376       128.00000
       1802.0998       1.1630075       1.1158742       128.00000
       1802.1206       1.1666369       1.1221427       128.00000
       1802.1415       1.1479697       1.0946046       128.00000
       1802.1623       1.3196344       1.1958158       128.00000
       1802.1831       2.0207732       1.5091717       128.00000
       1802.2040       3.4757497       1.6017737       128.00000
       1802.2248     -0.18540247     -0.17544322       128.00000
       1802.2456   9.6069460e-16    0.0058882488       128.00000
       1802.2665  -4.0892362e-15    -0.025063576       128.00000
       1802.2873   3.9903053e-15     0.024457198       128.00000
       1802.3081   1.8073489e-15     0.011077516       128.00000
       1802.3290      -10.687940      -8.3666019       128.00000
       1802.3498       25.923742       3.4354680       128.00000
       1802.3706       2.7850649       1.8141617       128.00000
       1802.3915       1.3776975       1.2875687       128.00000
       1802.4123       1.1554816       1.1225647       128.00000
       1802.4331       1.1254230       1.1019492       128.00000
       1803.4748       1.0010662      0.99386913       0.0000000
       1803.4956       1.0012616      0.99430597       0.0000000
       1803.5165       1.0014077      0.99463362       0.0000000
       1803.5373       1.0015807      0.99436921       0.0000000
       1803.5581       1.0005894      0.99357182       0.0000000
       1803.5790       1.0002669      0.99369884       0.0000000
       1803.5998       1.0011349      0.99388945       0.0000000
       1803.6206       1.0006015      0.99401176       0.0000000
       1803.6415       1.0012760      0.99467075       0.0000000
       1803.6623       1.0013808      0.99393028       0.0000000
       1803.6831       1.0006236      0.99396002       0.0000000
       1803.7040       1.0016190      0.99391305       0.0000000
       1803.7248       1.0010108      0.99429202       0.0000000
       1803.7456       1.0012347      0.99488211       0.0000000
       1803.7665       1.0007682      0.99433202       0.0000000
       1803.7873       1.0013863      0.99490190       0.0000000
       1803.8081       1.0007609      0.99436116       0.0000000
       1803.8290       1.0012244      0.99440879       0.0000000
       1803.8498       1.0011090      0.99456793       0.0000000
       1803.8706       1.0011092      0.99466711       0.0000000
       1803.8915       1.0007492      0.99416524       0.0000000
       1803.9123       1.0011897      0.99456662       0.0000000
       1803.9331       1.0009532      0.99481297       0.0000000
       1803.9540       1.0008743      0.99445444       0.0000000
       1803.9748       1.0007414      0.99444187       0.0000000
       1803.9956       1.0011516      0.99422371       0.0000000
       1804.0165       1.0005877      0.99392581       0.0000000
       1804.0373      0.99955952      0.99272269       0.0000000
       1804.0581      0.99974024      0.99353266       0.0000000
       1804.0790      0.99937975      0.99258536       0.0000000
       1804.0998      0.99887538      0.99293947       0.0000000
       1804.1206      0.99899584      0.99283016       0.0000000
       1804.1415      0.99906176      0.99266303       0.0000000
       1804.1623      0.99925709      0.99282819       0.0000000
       1804.1831      0.99966371      0.99357486       0.0000000
       1804.2040      0.99985886      0.99325556       0.0000000
       1804.2248      0.99933326      0.99348408       0.0000000
       1804.2456       1.0001094      0.99371469       0.0000000
       1804.2665      0.99987799      0.99396861       0.0000000
       1804.2873       1.0008912      0.99441558       0.0000000
       1804.3081       1.0001725      0.99391323       0.0000000
       1804.3290       1.0009193      0.99462885       0.0000000
       1804.3498       1.0002265      0.99397641       0.0000000
       1804.3706       1.0005387      0.99461359       0.0000000
       1804.3915       1.0006009      0.99425852       0.0000000
       1804.4123      0.99994689      0.99387282       0.0000000
       1804.4331      0.99935263      0.99312103       0.0000000
       1804.4540      0.99982810      0.99395090       0.0000000
       1804.4748       1.0002410      0.99213713       0.0000000
       1804.4956      0.99928093      0.99156260       0.0000000
       1804.5165      0.99979287      0.99267614       0.0000000
       1804.5373      0.99987328      0.99213076       0.0000000
       1804.5581       1.0000000      0.99233538       0.0000000
       1804.5790      0.99966079      0.99205625       0.0000000
       1804.5998      0.99913710      0.99275833       0.0000000
       1804.6206      0.99958229      0.99282354       0.0000000
       1804.6415       1.0003073      0.99339777       0.0000000
       1804.6623       1.0002677      0.99214160       0.0000000
       1804.6831       1.0007468      0.99387181       0.0000000
       1804.7040       1.0009681      0.99445522       0.0000000
       1804.7248       1.0008206      0.99312717       0.0000000
       1804.7456       1.0003555      0.99321264       0.0000000
       1804.7665      0.99998319      0.99294752       0.0000000
       1804.7873       1.0003567      0.99218494       0.0000000
       1804.8081       1.0001312      0.99280953       0.0000000
       1804.8290      0.99933940      0.99204969       0.0000000
       1804.8498      0.99963790      0.99278331       0.0000000
       1804.8706      0.99900609      0.99147713       0.0000000
       1804.8915      0.99907196      0.99262524       0.0000000
       1804.9123      0.99860018      0.99171972       0.0000000
       1804.9331      0.99992526      0.99248278       0.0000000
       1804.9540      0.99987614      0.99196696       0.0000000
       1804.9748      0.99948519      0.99257380       0.0000000
       1804.9956      0.99938554      0.99257880       0.0000000
       1805.0165      0.99987859      0.99223298       0.0000000
       1805.0373      0.99939322      0.99306285       0.0000000
       1805.0581      0.99963355      0.99341255       0.0000000
       1805.0790      0.99971038      0.99304098       0.0000000
       1805.0998       1.0001993      0.99292946       0.0000000
       1805.1206      0.99988204      0.99221808       0.0000000
       1805.1415      0.99999171      0.99242455       0.0000000
       1805.1623       1.0007272      0.99336684       0.0000000
       1805.1831      0.99955237      0.99227023       0.0000000
       1805.2040      0.99971020      0.99250877       0.0000000
       1805.2248      0.99923486      0.99271351       0.0000000
       1805.2456      0.99921322      0.99279124       0.0000000
       1805.2665      0.99909681      0.99237871       0.0000000
       1805.2873      0.99976456      0.99238014       0.0000000
       1805.3081      0.99937636      0.99317884       0.0000000
       1805.3290      0.99915963      0.99253500       0.0000000
       1805.3498      0.99929571      0.99282783       0.0000000
       1805.3706      0.99994427      0.99405479       0.0000000
       1805.3915      0.99969834      0.99279177       0.0000000
       1805.4123      0.99959487      0.99330312       0.0000000
       1805.4331       1.0003933      0.99359632       0.0000000
       1805.4540      0.99983871      0.99401319       0.0000000
       1805.4748       1.0003265      0.99419439       0.0000000
       1805.4956      0.99994951      0.99384236       0.0000000
       1805.5165      0.99974436      0.99338979       0.0000000
       1805.5373      0.99894196      0.99425560       0.0000000
       1805.5581      0.99845153      0.99366754       0.0000000
       1805.5790       1.0001298      0.99348921       0.0000000
       1805.5998      0.99851447      0.99350405       0.0000000
       1805.6206      0.99950689      0.99368149       0.0000000
       1805.6415      0.99881107      0.99342293       0.0000000
       1805.6623      0.99855047      0.99229437       0.0000000
       1805.6831      0.99877292      0.99306464       0.0000000
       1805.7040      0.99961919      0.99281925       0.0000000
       1805.7248      0.99914110      0.99321038       0.0000000
       1805.7456       1.0000553      0.99384290       0.0000000
       1805.7665      0.99994785      0.99375284       0.0000000
       1805.7873       1.0000362      0.99465734       0.0000000
       1805.8081      0.99972874      0.99450284       0.0000000
       1805.8290       1.0001993      0.99590993       0.0000000
       1805.8498       1.0008276      0.99573046       0.0000000
       1805.8706       1.0007205      0.99587506       0.0000000
       1805.8915       1.0010464      0.99543560       0.0000000
       1805.9123       1.0010303      0.99670798       0.0000000
       1805.9331       1.0005348      0.99568290       0.0000000
       1805.9540       1.0016160      0.99517041       0.0000000
       1805.9748       1.0000808      0.99577373       0.0000000
       1805.9956       1.0002334      0.99616390       0.0000000
       1806.0165      0.99953580      0.99618715       0.0000000
       1806.0373       1.0002091      0.99569595       0.0000000
       1806.0581      0.99943328      0.99493766       0.0000000
       1806.0790      0.99961835      0.99506992       0.0000000
       1806.0998      0.99915689      0.99552381       0.0000000
       1806.1206       1.0000693      0.99610800       0.0000000
       1806.1415      0.99961489      0.99568391       0.0000000
       1806.1623      0.99988723      0.99582374       0.0000000
       1806.1831       1.0006295      0.99632347       0.0000000
       1806.2040       1.0003462      0.99669349       0.0000000
       1806.2248       1.0002306      0.99617237       0.0000000
       1806.2456       1.0007238      0.99686563       0.0000000
       1806.2665       1.0004658      0.99716228       0.0000000
       1806.2873      0.99997622      0.99632168       0.0000000
       1806.3081       1.0001580      0.99701905       0.0000000
       1806.3290       1.0008446      0.99751908       0.0000000
       1806.3498       1.0005755      0.99745959       0.0000000
       1806.3706      0.99958259      0.99607599       0.0000000
       1806.3915       1.0000925      0.99755275       0.0000000
       1806.4123      0.99963200      0.99622542       0.0000000
       1806.4331      0.99986839      0.99657208       0.0000000
       1806.4540       1.0001223      0.99581319       0.0000000
       1806.4748       1.0002904      0.99713451       0.0000000
       1806.4956      0.99990207      0.99570292       0.0000000
       1806.5165      0.99944252      0.99592954       0.0000000
       1806.5373      0.99984145      0.99693221       0.0000000
       1806.5581      0.99958044      0.99611127       0.0000000
       1806.5790      0.99952632      0.99602801       0.0000000
       1806.5998       1.0002801      0.99661893       0.0000000
       1806.6206      0.99960166      0.99675006       0.0000000
       1806.6415       1.0002778      0.99764729       0.0000000
       1806.6623       1.0001307      0.99658340       0.0000000
       1806.6831       1.0003957      0.99626213       0.0000000
       1806.7040      0.99963903      0.99686223       0.0000000
       1806.7248      0.99937105      0.99604946       0.0000000
       1806.7456      0.99987918      0.99641901       0.0000000
       1806.7665       1.0001676      0.99734765       0.0000000
       1806.7873       1.0002817      0.99638587       0.0000000
       1806.8081      0.99967194      0.99680096       0.0000000
       1806.8290      0.99952626      0.99654901       0.0000000
       1806.8498       1.0010595      0.99736100       0.0000000
       1806.8706      0.99991602      0.99745339       0.0000000
       1806.8915      0.99998164      0.99642301       0.0000000
       1806.9123       1.0001881      0.99805743       0.0000000
       1806.9331       1.0002940      0.99683350       0.0000000
       1806.9540       1.0008529      0.99768704       0.0000000
       1806.9748       1.0004795      0.99764127       0.0000000
       1806.9956       1.0000130      0.99727428       0.0000000
       1807.0165       1.0008023      0.99742472       0.0000000
       1807.0373       1.0008025      0.99717963       0.0000000
       1807.0581       1.0007281      0.99779135       0.0000000
       1807.0790       1.0009108      0.99879009       0.0000000
       1807.0998       1.0013961      0.99947888       0.0000000
       1807.1206       1.0007125      0.99820238       0.0000000
       1807.1415       1.0005177      0.99754292       0.0000000
       1807.1623       1.0004582      0.99805588       0.0000000
       1807.1831       1.0007638      0.99843389       0.0000000
       1807.2040       1.0013802      0.99835008       0.0000000
       1807.2248       1.0006220      0.99682230       0.0000000
       1807.2456       1.0010674      0.99829566       0.0000000
       1807.2665       1.0013289      0.99752289       0.0000000
       1807.2873       1.0009655      0.99812913       0.0000000
       1807.3081       1.0009426      0.99723059       0.0000000
       1807.3290       1.0002580      0.99745882       0.0000000
       1807.3498       1.0000368      0.99648285       0.0000000
       1807.3706      0.99942476      0.99672949       0.0000000
       1807.3915      0.99971020      0.99622798       0.0000000
       1807.4123      0.99886292      0.99560046       0.0000000
       1807.4331      0.99968112      0.99587470       0.0000000
       1807.4540      0.99989396      0.99632114       0.0000000
       1807.4748       1.0004416      0.99680775       0.0000000
       1807.4956      0.99982947      0.99611902       0.0000000
       1807.5165      0.99962300      0.99657524       0.0000000
       1807.5373      0.99896204      0.99609417       0.0000000
       1807.5581      0.99956226      0.99581349       0.0000000
       1807.5790      0.99944443      0.99592471       0.0000000
       1807.5998      0.99862617      0.99684548       0.0000000
       1807.6206      0.99954545      0.99726921       0.0000000
       1807.6415      0.99948364      0.99699110       0.0000000
       1807.6623      0.99948013      0.99718624       0.0000000
       1807.6831       1.0000174      0.99798763       0.0000000
       1807.7040      0.99945670      0.99733222       0.0000000
       1807.7248      0.99911851      0.99667329       0.0000000
       1807.7456      0.99954325      0.99623120       0.0000000
       1807.7665      0.99966180      0.99770015       0.0000000
       1807.7873      0.99943107      0.99755889       0.0000000
       1807.8081      0.99978954      0.99755573       0.0000000
       1807.8290       1.0001856      0.99765188       0.0000000
       1807.8498       1.0002850      0.99823987       0.0000000
       1807.8706       1.0008494      0.99828237       0.0000000
       1807.8915       1.0003610      0.99781460       0.0000000
       1807.9123       1.0003020      0.99849892       0.0000000
       1807.9331       1.0001431      0.99855679       0.0000000
       1807.9540       1.0005358      0.99723119       0.0000000
       1807.9748       1.0013059      0.99795753       0.0000000
       1807.9956   3.2438252e-14      0.86716986       128.00000
       1808.0165       1.0001470      0.99857533       0.0000000
       1808.0373       1.0008008      0.99898446       0.0000000
       1808.0581      0.99969959      0.99869680       0.0000000
       1808.0790       1.0001204      0.99818826       0.0000000
       1808.0998       1.0001397      0.99870622       0.0000000
       1808.1206      0.99945945      0.99907267       0.0000000
       1808.1415      0.99968058      0.99884319       0.0000000
       1808.1623      0.99955362      0.99862927       0.0000000
       1808.1831      0.99947828      0.99853033       0.0000000
       1808.2040      0.99904293      0.99850553       0.0000000
       1808.2248       1.0002013      0.99759966       0.0000000
       1808.2456      0.99965608      0.99725771       0.0000000
       1808.2665      0.99989122      0.99937838       0.0000000
       1808.2873      0.99926817      0.99905956       0.0000000
       1808.3081      0.99977851      0.99905372       0.0000000
       1808.3290       1.0002089      0.99927759       0.0000000
       1808.3498       1.0001352      0.99973208       0.0000000
       1808.3706      0.99994445      0.99963814       0.0000000
       1808.3915      0.99897575      0.99949145       0.0000000
       1808.4123      0.99971092      0.99982888       0.0000000
       1808.4331      0.99926794      0.99975461       0.0000000
       1808.4540       1.0001496       1.0001667       0.0000000
       1808.4748      0.99998540       1.0001072       0.0000000
       1808.4956      0.99993658       1.0000774       0.0000000
       1808.5165      0.99980479       1.0003424       0.0000000
       1808.5373       1.0003589      0.99919987       0.0000000
       1808.5581       1.0005926       1.0003130       0.0000000
       1808.5790      0.99998462       1.0003924       0.0000000
       1808.5998      0.99988550       1.0001731       0.0000000
       1808.6206       1.0003810       1.0007254       0.0000000
       1808.6415       1.0001332       1.0007635       0.0000000
       1808.6623       1.0003902       1.0008678       0.0000000
       1808.6831      0.99993336       1.0004997       0.0000000
       1808.7040      0.99990857       1.0010066       0.0000000
       1808.7248      0.99979496      0.99965805       0.0000000
       1808.7456       1.0001959       1.0009594       0.0000000
       1808.7665       1.0001514       1.0003419       0.0000000
       1808.7873      0.99973387       1.0001278       0.0000000
       1808.8081      0.99929386       1.0005324       0.0000000
       1808.8290      0.99981529       1.0003653       0.0000000
       1808.8498      0.99975884       1.0007620       0.0000000
       1808.8706      0.99923885       1.0003073       0.0000000
       1808.8915      0.99905336      0.99970120       0.0000000
       1808.9123      0.99985623       1.0000355       0.0000000
       1808.9331      0.99935150      0.99952710       0.0000000
       1808.9540      0.99928600      0.99973750       0.0000000
       1808.9748      0.99877924      0.99946910       0.0000000
       1808.9956      0.99959350      0.99999291       0.0000000
       1809.0165      0.99961358      0.99967378       0.0000000
       1809.0373      0.99892801      0.99981356       0.0000000
       1809.0581      0.99923599      0.99883658       0.0000000
       1809.0790      0.99982303      0.99882662       0.0000000
       1809.0998      0.99944413      0.99942827       0.0000000
       1809.1206      0.99959481      0.99907357       0.0000000
       1809.1415      0.99898362      0.99779451       0.0000000
       1809.1623      0.99900848      0.99960643       0.0000000
       1809.1831      0.99910790       1.0000000       0.0000000
       1809.2040      0.99910825      0.99811953       0.0000000
       1809.2248      0.99959630      0.99824053       0.0000000
       1809.2456      0.99885964      0.99920213       0.0000000
       1809.2665      0.99899024      0.99967319       0.0000000
       1809.2873      0.99930882      0.99925923       0.0000000
       1809.3081      0.99899721      0.99934542       0.0000000
       1809.3290      0.99843800      0.99938059       0.0000000
       1809.3498       1.0002478      0.99979514       0.0000000
       1809.3706       1.0003614      0.99979079       0.0000000
       1809.3915       1.0001755       1.0005449       0.0000000
       1809.4123       1.0002134       1.0005958       0.0000000
       1809.4331       1.0008042       1.0010200       0.0000000
       1809.4540       1.0008724       1.0007683       0.0000000
       1809.4748       1.0004536       1.0003161       0.0000000
       1809.4956       1.0011262       1.0013535       0.0000000
       1809.5165       1.0001380       1.0009536       0.0000000
       1809.5373       1.0008121      0.99975991       0.0000000
       1809.5581      0.99994302       1.0004101       0.0000000
       1809.5790       1.0000769       1.0007290       0.0000000
       1809.5998       1.0001247      0.99934530       0.0000000
       1809.6206      0.99997383      0.99927104       0.0000000
       1809.6415       1.0000275      0.99925071       0.0000000
       1809.6623      0.99935168      0.99918360       0.0000000
       1809.6831      0.99888778      0.99919379       0.0000000
       1809.7040      0.99945879      0.99986023       0.0000000
       1809.7248      0.99964631       1.0001073       0.0000000
       1809.7456       1.0000272      0.99840569       0.0000000
       1809.7665      0.99976420      0.99947089       0.0000000
       1809.7873      0.99933380      0.99880332       0.0000000
       1809.8081       1.0001659      0.99952346       0.0000000
       1809.8290       1.0009725       1.0007830       0.0000000
       1809.8498      0.99996382       1.0003890       0.0000000
       1809.8706       1.0008876       1.0009148       0.0000000
       1809.8915       1.0015953       1.0017622       0.0000000
       1809.9123       1.0018392       1.0023369       0.0000000
       1809.9331       1.0012332       1.0005416       0.0000000
       1809.9540       1.0014935       1.0006797       0.0000000
       1809.9748       1.0009128       1.0006286       0.0000000
       1809.9956       1.0013154       1.0005052       0.0000000
       1810.0165       1.0004846       1.0004476       0.0000000
       1810.0373       1.0011045       1.0008979       0.0000000
       1810.0581       1.0006877      0.99966288       0.0000000
       1810.0790       1.0004798       1.0002992       0.0000000
       1810.0998       1.0000712      0.99991053       0.0000000
       1810.1206       1.0004630       1.0002824       0.0000000
       1810.1415       1.0013174       1.0015329       0.0000000
       1810.1623       1.0014805       1.0011259       0.0000000
       1810.1831       1.0008968       1.0010225       0.0000000
       1810.2040       1.0009958       1.0006464       0.0000000
       1810.2248       1.0009484       1.0009754       0.0000000
       1810.2456       1.0019095       1.0019644       0.0000000
       1810.2665       1.0017366       1.0025034       0.0000000
       1810.2873       1.0014156       1.0017771       0.0000000
       1810.3081       1.0010202       1.0023021       0.0000000
       1810.3290       1.0010569       1.0014575       0.0000000
       1810.3498       1.0008243       1.0011026       0.0000000
       1810.3706       1.0012599       1.0012304       0.0000000
       1810.3915       1.0012100       1.0011762       0.0000000
       1810.4123       1.0005277       1.0016886       0.0000000
       1810.4331       1.0005766       1.0020105       0.0000000
       1810.4540       1.0014354       1.0018251       0.0000000
       1810.4748       1.0012591       1.0019743       0.0000000
       1810.4956       1.0010601       1.0013926       0.0000000
       1810.5165       1.0014964       1.0021822       0.0000000
       1810.5373       1.0009964       1.0025967       0.0000000
       1810.5581       1.0004759       1.0030774       0.0000000
       1810.5790       1.0008007       1.0028485       0.0000000
       1810.5998       1.0006649       1.0025964       0.0000000
       1810.6206       1.0005848       1.0017341       0.0000000
       1810.6415       1.0014622       1.0030560       0.0000000
       1810.6623       1.0006427       1.0028087       0.0000000
       1810.6831       1.0012711       1.0028559       0.0000000
       1810.7040       1.0006155       1.0024418       0.0000000
       1810.7248       1.0012654       1.0018167       0.0000000
       1810.7456       1.0004244       1.0017811       0.0000000
       1810.7665       1.0013940       1.0022360       0.0000000
       1810.7873       1.0011194       1.0032958       0.0000000
       1810.8081       1.0010952       1.0031202       0.0000000
       1810.8290       1.0008844       1.0023854       0.0000000
       1810.8498       1.0007030       1.0027475       0.0000000
       1810.8706       1.0006765       1.0020491       0.0000000
       1810.8915       1.0003259       1.0017731       0.0000000
       1810.9123       1.0003654       1.0019616       0.0000000
       1810.9331       1.0003277       1.0015159       0.0000000
       1810.9540       1.0007908       1.0021729       0.0000000
       1810.9748       1.0000391       1.0022968       0.0000000
       1810.9956       1.0007815       1.0023010       0.0000000
       1811.0165      0.99986327       1.0013262       0.0000000
       1811.0373       1.0004960       1.0014069       0.0000000
       1811.0581      0.99996018       1.0016618       0.0000000
       1811.0790       1.0002328       1.0010686       0.0000000
       1811.0998       1.0002024       1.0014074       0.0000000
       1811.1206       1.0006763       1.0025654       0.0000000
       1811.1415       1.0007771       1.0018966       0.0000000
       1811.1623       1.0002724       1.0015203       0.0000000
       1811.1831       1.0010453       1.0021179       0.0000000
       1811.2040       1.0002298       1.0017372       0.0000000
       1811.2248       1.0003084       1.0018265       0.0000000
       1811.2456      0.99984235       1.0013775       0.0000000
       1811.2665       1.0001320       1.0017033       0.0000000
       1811.2873       1.0001489       1.0009472       0.0000000
       1811.3081      0.99961716       1.0010655       0.0000000
       1811.3290      0.99969918       1.0009694       0.0000000
       1811.3498      0.99937195       1.0008552       0.0000000
       1811.3706      0.99982142       1.0013486       0.0000000
       1811.3915      0.99960136       1.0011278       0.0000000
       1811.4123      0.99965483       1.0005107       0.0000000
       1811.4331      0.99955088       1.0011412       0.0000000
       1811.4540      0.99939966       1.0009321       0.0000000
       1811.4748      0.99952453       1.0013961       0.0000000
       1811.4956      0.99927622       1.0010114       0.0000000
       1811.5165      0.99979234       1.0007972       0.0000000
       1811.5373       1.0000058       1.0005804       0.0000000
       1811.5581       1.0001246       1.0017810       0.0000000
       1811.5790       1.0002617       1.0021055       0.0000000
       1811.5998      0.99991012       1.0023466       0.0000000
       1811.6206       1.0007527       1.0024040       0.0000000
       1811.6415       1.0004767       1.0020308       0.0000000
       1811.6623       1.0001743       1.0025673       0.0000000
       1811.6831       1.0008554       1.0030259       0.0000000
       1811.7040      0.99978274       1.0019494       0.0000000
       1811.7248      0.99998403       1.0014414       0.0000000
       1811.7456      0.99978274       1.0005069       0.0000000
       1811.7665      0.99988002       1.0008779       0.0000000
       1811.7873      0.99970895       1.0004213       0.0000000
       1811.8081      0.99986738       1.0011541       0.0000000
       1811.8290       1.0002532       1.0013717       0.0000000
       1811.8498      0.99973661       1.0014302       0.0000000
       1811.8706       1.0000123       1.0015528       0.0000000
       1811.8915      0.99979573       1.0012848       0.0000000
       1811.9123      0.99985790       1.0012643       0.0000000
       1811.9331       1.0001189       1.0021579       0.0000000
       1811.9540       1.0011404       1.0024509       0.0000000
       1811.9748       1.0009999       1.0027535       0.0000000
       1811.9956       1.0003943       1.0022298       0.0000000
       1812.0165       1.0003169       1.0024515       0.0000000
       1812.0373       1.0001162       1.0020514       0.0000000
       1812.0581      0.99881595       1.0010467       0.0000000
       1812.0790      0.99984521       1.0016341       0.0000000
       1812.0998      0.99849969       1.0002424       0.0000000
       1812.1206      0.99910057       1.0011396       0.0000000
       1812.1415      0.99909848       1.0016223       0.0000000
       1812.1623      0.99885356       1.0009152       0.0000000
       1812.1831      0.99921954       1.0015603       0.0000000
       1812.2040      0.99874246       1.0010332       0.0000000
       1812.2248      0.99999112       1.0026042       0.0000000
       1812.2456      0.99961758       1.0025926       0.0000000
       1812.2665       1.0000817       1.0018997       0.0000000
       1812.2873      0.99944472       1.0020192       0.0000000
       1812.3081      0.99978018       1.0023000       0.0000000
       1812.3290      0.99953657       1.0020161       0.0000000
       1812.3498      0.99977350       1.0025272       0.0000000
       1812.3706      0.99931288       1.0016977       0.0000000
       1812.3915      0.99939471       1.0018005       0.0000000
       1812.4123      0.99939585       1.0012730       0.0000000
       1812.4331      0.99982119       1.0019492       0.0000000
       1812.4539      0.99959046       1.0022612       0.0000000
       1812.4748      0.99960363       1.0016255       0.0000000
       1812.4956   3.2273172e-14      0.86275679       128.00000
       1812.5164      0.99964911       1.0008280       0.0000000
       1812.5373      0.99904162       1.0005033       0.0000000
       1812.5581      0.99981225       1.0006020       0.0000000
       1812.5789       1.0005753       1.0005169       0.0000000
       1812.5998       1.0001816       1.0009915       0.0000000
       1812.6206      0.99980396       1.0006876       0.0000000
       1812.6414      0.99924195       1.0022181       0.0000000
       1812.6623      0.99927485       1.0022831       0.0000000
       1812.6831      0.99889225       1.0022627       0.0000000
       1812.7039      0.99887419       1.0021340       0.0000000
       1812.7248      0.99990547       1.0031159       0.0000000
       1812.7456      0.99944955       1.0028156       0.0000000
       1812.7664      0.99834806       1.0018030       0.0000000
       1812.7873      0.99981970       1.0022190       0.0000000
       1812.8081      0.99943501       1.0020242       0.0000000
       1812.8289      0.99931139       1.0019897       0.0000000
       1812.8498      0.99999195       1.0014831       0.0000000
       1812.8706       1.0006646       1.0017294       0.0000000
       1812.8914       1.0000510       1.0026164       0.0000000
       1812.9123      0.99994177       1.0023568       0.0000000
       1812.9331       1.0000263       1.0018157       0.0000000
       1812.9539       1.0008649       1.0020118       0.0000000
       1812.9748       1.0002993       1.0020839       0.0000000
       1812.9956       1.0003119       1.0030235       0.0000000
       1813.0164      0.99939895       1.0016123       0.0000000
       1813.0373      0.99974048       1.0021720       0.0000000
       1813.0581      0.99984384       1.0024607       0.0000000
       1813.0789      0.99995142       1.0027307       0.0000000
       1813.0998       1.0000956       1.0025899       0.0000000
       1813.1206       1.0003624       1.0028410       0.0000000
       1813.1414      0.99974042       1.0022399       0.0000000
       1813.1623      0.99986023       1.0024139       0.0000000
       1813.1831      0.99977762       1.0026143       0.0000000
       1813.2039      0.99987811       1.0035005       0.0000000
       1813.2248      0.99988109       1.0035812       0.0000000
       1813.2456      0.99985027       1.0030537       0.0000000
       1813.2664       1.0001873       1.0036783       0.0000000
       1813.2873      0.99947065       1.0028049       0.0000000
       1813.3081      0.99874192       1.0021565       0.0000000
       1813.3289      0.99960470       1.0011277       0.0000000
       1813.3498      0.99970061       1.0017332       0.0000000
       1813.3706      0.99968845       1.0013388       0.0000000
       1813.3914       1.0003529       1.0015776       0.0000000
       1813.4123      0.99916548       1.0013483       0.0000000
       1813.4331       1.0003701       1.0017323       0.0000000
       1813.4539       1.0002577       1.0026144       0.0000000
       1813.4748       1.0001680       1.0027025       0.0000000
       1813.4956       1.0004628       1.0028602       0.0000000
       1813.5164       1.0017283       1.0029256       0.0000000
       1813.5373       1.0001856       1.0035490       0.0000000
       1813.5581       1.0005653       1.0022751       0.0000000
       1813.5789       1.0000058       1.0016837       0.0000000
       1813.5998      0.99919581       1.0017065       0.0000000
       1813.6206       1.0007268       1.0021199       0.0000000
       1813.6414      0.99972677       1.0020509       0.0000000
       1813.6623       1.0003177       1.0018686       0.0000000
       1813.6831      0.99983013       1.0020399       0.0000000
       1813.7039      0.99858868       1.0013072       0.0000000
       1813.7248      0.99961209       1.0029353       0.0000000
       1813.7456      0.99892378       1.0022911       0.0000000
       1813.7664      0.99851227       1.0023602       0.0000000
       1813.7873      0.99884719       1.0026035       0.0000000
       1813.8081      0.99803346       1.0020154       0.0000000
       1813.8289      0.99875814       1.0023071       0.0000000
       1813.8498      0.99862283       1.0026277       0.0000000
       1813.8706      0.99856150       1.0025671       0.0000000
       1813.8914      0.99833953       1.0019085       0.0000000
       1813.9123      0.99959379       1.0020640       0.0000000
       1813.9331      0.99862611       1.0025625       0.0000000
       1813.9539      0.99951053       1.0021440       0.0000000
       1813.9748      0.99874592       1.0027070       0.0000000
       1813.9956      0.99847597       1.0023136       0.0000000
       1814.0164      0.99733317       1.0032592       0.0000000
       1814.0373      0.99760473       1.0029871       0.0000000
       1814.0581      0.99680954       1.0021756       0.0000000
       1814.0789      0.99749023       1.0020028       0.0000000
       1814.0998      0.99902648       1.0018228       0.0000000
       1814.1206      0.99941194       1.0024797       0.0000000
       1814.1414      0.99838370       1.0015563       0.0000000
       1814.1623      0.99899417       1.0022776       0.0000000
       1814.1831       1.0006330       1.0039831       0.0000000
       1814.2039       1.0014379       1.0048280       0.0000000
       1814.2248       1.0019801       1.0054710       0.0000000
       1814.2456       1.0012617       1.0049204       0.0000000
       1814.2664       1.0011446       1.0050160       0.0000000
       1814.2873       1.0014778       1.0055388       0.0000000
       1814.3081       1.0011712       1.0056114       0.0000000
       1814.3289       1.0008531       1.0056750       0.0000000
       1814.3498       1.0014936       1.0068260       0.0000000
       1814.3706       1.0011369       1.0068756       0.0000000
       1814.3914       1.0009109       1.0071349       0.0000000
       1814.4123       1.0013276       1.0079788       0.0000000
       1814.4331       1.0006696       1.0077639       0.0000000
       1814.4539       1.0008278       1.0082664       0.0000000
       1814.4748       1.0010779       1.0095636       0.0000000
       1814.4956       1.0005057       1.0087003       0.0000000
       1814.5164       1.0011744       1.0098163       0.0000000
       1814.5373       1.0016830       1.0109130       0.0000000
       1814.5581      0.99947351       1.0093929       0.0000000
       1814.5789       1.0011232       1.0117912       0.0000000
       1814.5998       1.0007244       1.0127335       0.0000000
       1814.6206       1.0013353       1.0140738       0.0000000
       1814.6414      0.99968308       1.0135469       0.0000000
       1814.6623       1.0005621       1.0159649       0.0000000
       1814.6831      0.99990207       1.0171043       0.0000000
       1814.7039       1.0008466       1.0201447       0.0000000
       1814.7248       1.0001007       1.0220034       0.0000000
       1814.7456      0.99929929       1.0241493       0.0000000
       1814.7664       1.0004836       1.0285486       0.0000000
       1814.7873       1.0001858       1.0313817       0.0000000
       1814.8081      0.99988532       1.0350797       0.0000000
       1814.8289       1.0003173       1.0378395       0.0000000
       1814.8498       1.0003827       1.0410398       0.0000000
       1814.8706       1.0010003       1.0447640       0.0000000
       1814.8914      0.99967974       1.0469239       0.0000000
       1814.9123      0.99929494       1.0502889       0.0000000
       1814.9331      0.99969989       1.0551596       0.0000000
       1814.9539       1.0001748       1.0614619       128.00000
       1814.9748       1.0010189       1.0699472       128.00000
       1814.9956      0.99947935       1.0783427       128.00000
       1815.0164      0.99950355       1.0918541       128.00000
