    1129
       1764.7241       1.0009230       1.0028435       0.0000000
       1764.7450      0.99808282       1.0005459       128.00000
       1764.7658      0.99754226      0.99914044       0.0000000
       1764.7866      0.99770552      0.99928212       0.0000000
       1764.8075      0.99556422      0.99712539       0.0000000
       1764.8283      0.99684674      0.99805242       0.0000000
       1764.8491      0.99609941      0.99744391       0.0000000
       1764.8700      0.99545437      0.99673849       0.0000000
       1764.8908      0.99667019      0.99718803       0.0000000
       1764.9116      0.99343777      0.99477500       0.0000000
       1764.9325      0.98687541      0.98827720       0.0000000
       1764.9533      0.98500353      0.98599648       0.0000000
       1764.9741      0.98964602      0.99111003       0.0000000
       1764.9950      0.99791807      0.99914533       0.0000000
       1765.0158      0.99790990      0.99904472       0.0000000
       1765.0366      0.99795592      0.99910539       0.0000000
       1765.0575      0.99825698      0.99960083       0.0000000
       1765.0783      0.99881232      0.99949485       0.0000000
       1765.0991      0.99920535       1.0001848       0.0000000
       1765.1200      0.99812007      0.99913442       0.0000000
       1765.1408       1.0002120       1.0010487       128.00000
       1765.1616       1.0000715       1.0010227       0.0000000
       1765.1825      0.99951702      0.99986005       0.0000000
       1765.2033       1.0008304       1.0016083       0.0000000
       1765.2241       1.0004219       1.0017518       0.0000000
       1765.2450      0.99989885       1.0008188       0.0000000
       1765.2658       1.0008622       1.0020672       0.0000000
       1765.2866       1.0004628       1.0006057       0.0000000
       1765.3075      0.99981582       1.0009046       0.0000000
       1765.3283       1.0002642       1.0010138       0.0000000
       1765.3491      0.99860388      0.99902469       0.0000000
       1765.3700      0.99964666       1.0012863       128.00000
       1765.3908      0.99960434       1.0004299       0.0000000
       1765.4116       1.0008694       1.0006661       0.0000000
       1765.4325       1.0002674       1.0006183       0.0000000
       1765.4533       1.0003617      0.99972111       0.0000000
       1765.4741       1.0016613       1.0017204       0.0000000
       1765.4950       1.0012112       1.0008138       0.0000000
       1765.5158       1.0003736      0.99978012       0.0000000
       1765.5366       1.0032123       1.0023049       0.0000000
       1765.5575       1.0022887       1.0004176       0.0000000
       1765.5783       1.0020649       1.0013913       0.0000000
       1765.5991       1.0033878       1.0026754       0.0000000
       1765.6200       1.0040562       1.0033036       0.0000000
       1765.6408       1.0022655       1.0013676       0.0000000
       1765.6616       1.0024438       1.0009676       0.0000000
       1765.6825       1.0033615       1.0030946       0.0000000
       1765.7033       1.0021118       1.0024009       0.0000000
       1765.7241       1.0004553      0.99976337       0.0000000
       1765.7450       1.0021228       1.0010664       0.0000000
       1765.7658      0.99856514      0.99757570       0.0000000
       1765.7866      0.99962753      0.99937880       0.0000000
       1765.8075       1.0001653      0.99908423       0.0000000
       1765.8283      0.99627191      0.99479640       0.0000000
       1765.8491      0.99724168      0.99595195       0.0000000
       1765.8700      0.99794930      0.99719429       0.0000000
       1765.8908      0.99500644      0.99320889       0.0000000
       1765.9116      0.99601865      0.99444836       0.0000000
       1765.9325      0.99615270      0.99527055       0.0000000
       1765.9533      0.99648666      0.99584889       0.0000000
       1765.9741      0.99466759      0.99268401       0.0000000
       1765.9950      0.98608732      0.98474747       0.0000000
       1766.0158      0.98013800      0.97862399       0.0000000
       1766.0366      0.98131949      0.97994775       0.0000000
       1766.0575      0.98894662      0.98797137       0.0000000
       1766.0783      0.99575907      0.99463242       0.0000000
       1766.0991      0.99698663      0.99700165       0.0000000
       1766.1200      0.99695998      0.99736899       0.0000000
       1766.1408      0.99875933      0.99846959       0.0000000
       1766.1616      0.99873477      0.99924868       0.0000000
       1766.1825       1.0014696       1.0016626       0.0000000
       1766.2033       1.0011474       1.0014440       0.0000000
       1766.2241       1.0035684       1.0039878       0.0000000
       1766.2450       1.0057174       1.0058579       0.0000000
       1766.2658       1.0068257       1.0066625       0.0000000
       1766.2866       1.0069239       1.0074197       0.0000000
       1766.3075       1.0084040       1.0087372       0.0000000
       1766.3283       1.0091405       1.0095127       0.0000000
       1766.3491       1.0102640       1.0104370       0.0000000
       1766.3700       1.0082192       1.0085365       0.0000000
       1766.3908       1.0068414       1.0077298       0.0000000
       1766.4116       1.0068499       1.0078053       0.0000000
       1766.4325       1.0050392       1.0056374       0.0000000
       1766.4533       1.0020492       1.0024143       0.0000000
       1766.4741       1.0008904       1.0004138       0.0000000
       1766.4950       1.0022237       1.0027905       0.0000000
       1766.5158      0.99904829      0.99936801       0.0000000
       1766.5366      0.99887764      0.99939144       0.0000000
       1766.5575      0.99780494      0.99783552       0.0000000
       1766.5783      0.99701113      0.99799770       0.0000000
       1766.5991      0.99795049      0.99798793       0.0000000
       1766.6200      0.99451756      0.99487531       0.0000000
       1766.6408      0.98897451      0.98887450       0.0000000
       1766.6616      0.98571515      0.98565942       0.0000000
       1766.6825      0.98992103      0.99040681       0.0000000
       1766.7033      0.99668360      0.99764532       0.0000000
       1766.7241      0.99800766      0.99791020       0.0000000
       1766.7450      0.99762160      0.99766630       0.0000000
       1766.7658      0.99898481      0.99949598       0.0000000
       1766.7866      0.99754882      0.99828118       0.0000000
       1766.8075      0.99967140      0.99982291       0.0000000
       1766.8283      0.99786603      0.99812371       0.0000000
       1766.8491      0.99684048      0.99706709       0.0000000
       1766.8700       1.0015359       1.0022212       0.0000000
       1766.8908       1.0000000       1.0004922       0.0000000
       1766.9116      0.99784070      0.99806869       0.0000000
       1766.9325       1.0000405       1.0002483       0.0000000
       1766.9533       1.0020977       1.0027801       0.0000000
       1766.9741       1.0002093       1.0006372       0.0000000
       1766.9950       1.0015934       1.0022756       0.0000000
       1767.0158       1.0002419       1.0006508       0.0000000
       1767.0366       1.0005114       1.0008943       0.0000000
       1767.0575       1.0001258       1.0002185       0.0000000
       1767.0783      0.99989247       1.0000634       0.0000000
       1767.0991      0.99930894      0.99950773       0.0000000
       1767.1200       1.0013539       1.0018635       0.0000000
       1767.1408       1.0013175       1.0010389       0.0000000
       1767.1616      0.99882114      0.99896407       0.0000000
       1767.1825      0.99890149      0.99966395       0.0000000
       1767.2033       1.0004071       1.0005193       0.0000000
       1767.2241      0.99976534      0.99998277       0.0000000
       1767.2450       1.0002011       1.0001296       0.0000000
       1767.2658       1.0002868       1.0007299       0.0000000
       1767.2866       1.0022599       1.0026337       0.0000000
       1767.3075       1.0008274       1.0008994       0.0000000
       1767.3283       1.0020546       1.0021899       0.0000000
       1767.3491       1.0010781       1.0013524       0.0000000
       1767.3700       1.0015942       1.0011380       0.0000000
       1767.3908       1.0010031       1.0011514       0.0000000
       1767.4116      0.99306202       1.0000526       128.00000
       1767.4325      0.99993426       1.0002797       0.0000000
       1767.4533       1.0012146       1.0009848       0.0000000
       1767.4741      0.99743015      0.99725741       0.0000000
       1767.4950      0.99965948      0.99966532       0.0000000
       1767.5158      0.99924636      0.99971211       0.0000000
       1767.5366      0.99656934      0.99637067       0.0000000
       1767.5575      0.99718791      0.99728185       0.0000000
       1767.5783      0.99776649      0.99731964       0.0000000
       1767.5991      0.99651730      0.99674207       0.0000000
       1767.6200      0.99763596      0.99715704       0.0000000
       1767.6408      0.99500108      0.99451393       0.0000000
       1767.6616      0.99657536      0.99650598       0.0000000
       1767.6825      0.99544054      0.99498010       0.0000000
       1767.7033      0.98891592      0.98876947       0.0000000
       1767.7241      0.98092216      0.98097104       0.0000000
       1767.7450      0.98186547      0.98132521       0.0000000
       1767.7658      0.99149275      0.99077839       0.0000000
       1767.7866      0.99623466      0.99566823       0.0000000
       1767.8075      0.99425566      0.99440235       0.0000000
       1767.8283      0.99940491      0.99944896       0.0000000
       1767.8491      0.99694920      0.99686873       0.0000000
       1767.8700      0.99694455      0.99602944       0.0000000
       1767.8908       1.0010842       1.0008385       0.0000000
       1767.9116       1.0000708      0.99966502       0.0000000
       1767.9325       1.0018375       1.0008621       0.0000000
       1767.9533       1.0042546       1.0034385       0.0000000
       1767.9741       1.0044198       1.0040563       0.0000000
       1767.9950       1.0068934       1.0060912       0.0000000
       1768.0158       1.0071503       1.0063509       0.0000000
       1768.0366       1.0082622       1.0066816       0.0000000
       1768.0575       1.0083332       1.0075444       0.0000000
       1768.0783       1.0073451       1.0062896       0.0000000
       1768.0991       1.0074238       1.0066811       0.0000000
       1768.1200       1.0030812       1.0030808       0.0000000
       1768.1408       1.0046190       1.0043144       0.0000000
       1768.1616       1.0034268       1.0023569       0.0000000
       1768.1825       1.0009120       1.0000868       0.0000000
       1768.2033       1.0005726      0.99955714       0.0000000
       1768.2241       1.0003123      0.99961060       0.0000000
       1768.2450      0.99577016      0.99720824       0.0000000
       1768.2658      0.99851859      0.99775302       0.0000000
       1768.2866      0.99734652      0.99660802       0.0000000
       1768.3075      0.99852693      0.99776596       0.0000000
       1768.3283      0.99472255      0.99389291       0.0000000
       1768.3491      0.99998188      0.98697996       0.0000000
       1768.3700      0.98557043      0.98536104       0.0000000
       1768.3908      0.98840690      0.98763287       0.0000000
       1768.4116      0.99415946      0.99373704       0.0000000
       1768.4325      0.99730486      0.99604690       0.0000000
       1768.4533      0.99685860      0.99667114       0.0000000
       1768.4741      0.99875760      0.99728507       0.0000000
       1768.4950      0.99705583      0.99651432       0.0000000
       1768.5158      0.99759018      0.99692726       0.0000000
       1768.5366      0.99922389      0.99913967       0.0000000
       1768.5575      0.99817246      0.99730116       0.0000000
       1768.5783      0.99870086      0.99788451       0.0000000
       1768.5991  -2.7244709e-15      0.89822817       128.00000
       1768.6200       1.0005132       1.0000722       0.0000000
       1768.6408       1.0013435       1.0005283       0.0000000
       1768.6616       1.0003083      0.99980968       0.0000000
       1768.6825       1.0018424       1.0008527       0.0000000
       1768.7033       1.0034761       1.0018979       0.0000000
       1768.7241       1.0025396       1.0009899       0.0000000
       1768.7450       1.0021895       1.0013661       0.0000000
       1768.7658       1.0025557       1.0015470       0.0000000
       1768.7866       1.0035472       1.0021195       0.0000000
       1768.8075       1.0025109       1.0015460       0.0000000
       1768.8283       1.0022596       1.0009265       0.0000000
       1768.8491       1.0035092       1.0017512       0.0000000
       1768.8700       1.0035918       1.0016110       0.0000000
       1768.8908       1.0007839      0.99966496       0.0000000
       1768.9116       1.0038592       1.0019230       0.0000000
       1768.9325       1.0027103       1.0009658       0.0000000
       1768.9533       1.0033189       1.0008330       0.0000000
       1768.9741       1.0023931       1.0015833       0.0000000
       1768.9950       1.0021389       1.0012214       0.0000000
       1769.0158       1.0026363       1.0012932       0.0000000
       1769.0366       1.0035824       1.0016834       0.0000000
       1769.0575       1.0022124       1.0015041       0.0000000
       1769.0783      0.99502754       1.0015413       128.00000
       1769.0991       1.0020087       1.0008581       0.0000000
       1769.1200       1.0021063       1.0004711       0.0000000
       1769.1408       1.0005947      0.99915946       0.0000000
       1769.1616       1.0010277       1.0002985       0.0000000
       1769.1825       1.0009474       1.0006292       0.0000000
       1769.2033      0.99862152      0.99823129       0.0000000
       1769.2241      0.99924082      0.99846792       0.0000000
       1769.2450      0.99980390      0.99913096       0.0000000
       1769.2658      0.99856842      0.99721622       0.0000000
       1769.2866      0.99871755      0.99640137       0.0000000
       1769.3075      0.99728316      0.99599975       0.0000000
       1769.3283      0.99726421      0.99640280       0.0000000
       1769.3491      0.99710333      0.99611425       0.0000000
       1769.3700      0.99543983      0.99483222       0.0000000
       1769.3908      0.99645758      0.99541157       0.0000000
       1769.4117      0.98895848      0.98849618       0.0000000
       1769.4325      0.98137540      0.98121786       0.0000000
       1769.4533      0.99769807      0.98176831       128.00000
       1769.4742      0.98869383      0.98859525       0.0000000
       1769.4950      0.99643236      0.99655050       0.0000000
       1769.5158      0.99637491      0.99664807       0.0000000
       1769.5367      0.99683750      0.99711901       0.0000000
       1769.5575      0.99919963      0.99961704       0.0000000
       1769.5783      0.99992687       1.0002397       0.0000000
       1769.5992      0.99994797       1.0001199       0.0000000
       1769.6200       1.0008905       1.0010513       0.0000000
       1769.6408       1.0034419       1.0037266       0.0000000
       1769.6617       1.0049493       1.0047020       0.0000000
       1769.6825       1.0150759       1.0050004       128.00000
       1769.7033       1.0063932       1.0062852       0.0000000
       1769.7242       1.0076685       1.0075530       0.0000000
       1769.7450       1.0085939       1.0087743       0.0000000
       1769.7658       1.0066499       1.0072073       0.0000000
       1769.7867       1.0071696       1.0082008       0.0000000
       1769.8075       1.0074146       1.0075556       0.0000000
       1769.8283       1.0047563       1.0046974       0.0000000
       1769.8492       1.0026597       1.0028812       0.0000000
       1769.8700       1.0041493       1.0043591       0.0000000
       1769.8908       1.0008696       1.0010539       0.0000000
       1769.9117       1.0001856       1.0006653       0.0000000
       1769.9325      0.99943811      0.99984330       0.0000000
       1769.9533      0.99920344      0.99987292       0.0000000
       1769.9742      0.99838513      0.99890924       0.0000000
       1769.9950      0.99670571      0.99739659       0.0000000
       1770.0158      0.99774235      0.99821335       0.0000000
       1770.0367      0.99724048      0.99760312       0.0000000
       1770.0575      0.99021327      0.99087089       0.0000000
       1770.0783      0.98652804      0.98650235       0.0000000
       1770.0992      0.98850948      0.98880666       0.0000000
       1770.1200      0.99656850      0.99709284       0.0000000
       1770.1408      0.99935234      0.99957502       0.0000000
       1770.1617      0.99826890      0.99824142       0.0000000
       1770.1825       1.0000255      0.99982244       0.0000000
       1770.2033       1.0007300       1.0014714       0.0000000
       1770.2242      0.99818492      0.99912840       0.0000000
       1770.2450       1.0009744       1.0015140       0.0000000
       1770.2658       1.0016071       1.0015372       0.0000000
       1770.2867       1.0003648       1.0012407       0.0000000
       1770.3075       1.0006567       1.0008252       0.0000000
       1770.3283       1.0002973       1.0012273       0.0000000
       1770.3492       1.0016180       1.0021584       0.0000000
       1770.3700       1.0010637       1.0017666       0.0000000
       1770.3908       1.0002102       1.0006921       0.0000000
       1770.4117       1.0016648       1.0021670       0.0000000
       1770.4325       1.0018693       1.0025209       0.0000000
       1770.4533       1.0016034       1.0017138       0.0000000
       1770.4742      0.99793303       1.0003016       0.0000000
       1770.4950       1.0011271       1.0016974       0.0000000
       1770.5158       1.0003287       1.0010053       0.0000000
       1770.5367       1.0018834       1.0020609       0.0000000
       1770.5575       1.0003654       1.0013757       0.0000000
       1770.5783       1.0016437       1.0019723       0.0000000
       1770.5992       1.0014114       1.0024309       0.0000000
       1770.6200       1.0013992       1.0016334       0.0000000
       1770.6408       1.0004153       1.0011246       0.0000000
       1770.6617       1.0033478       1.0040413       0.0000000
       1770.6825       1.0024074       1.0028117       0.0000000
       1770.7033       1.0018777       1.0024906       0.0000000
       1770.7242       1.0033334       1.0038044       0.0000000
       1770.7450       1.0032482       1.0041131       0.0000000
       1770.7658       1.0039668       1.0048043       0.0000000
       1770.7867       1.0022019       1.0030885       0.0000000
       1770.8075       1.0020486       1.0027988       0.0000000
       1770.8283       1.0045480       1.0050926       0.0000000
       1770.8492       1.0007511       1.0012228       0.0000000
       1770.8700       1.0006548       1.0012025       0.0000000
       1770.8908       1.0019553       1.0020869       0.0000000
       1770.9117      0.99947113       1.0000000       0.0000000
       1770.9325      0.99907601      0.99980044       0.0000000
       1770.9533      0.99756640      0.99832064       0.0000000
       1770.9742      0.99728590      0.99813306       0.0000000
       1770.9950      0.99850136      0.99932736       0.0000000
       1771.0158      0.99537289      0.99599326       0.0000000
       1771.0367      0.99896348      0.99620324       128.00000
       1771.0575      0.99603701      0.99644041       0.0000000
       1771.0783      0.99505669      0.99584031       0.0000000
       1771.0992      0.99501640      0.99527329       0.0000000
       1771.1200      0.98977971      0.99025959       0.0000000
       1771.1408      0.98181969      0.98261005       0.0000000
       1771.1617      0.98126346      0.98192865       0.0000000
       1771.1825      0.98581070      0.98638678       0.0000000
       1771.2033      0.99675107      0.99633163       0.0000000
       1771.2242      0.99765831      0.99826944       0.0000000
       1771.2450      0.99595922      0.99634063       0.0000000
       1771.2658      0.99871767      0.99919552       0.0000000
       1771.2867      0.99937272       1.0001746       0.0000000
       1771.3075       1.0002073       1.0010002       0.0000000
       1771.3283       1.0007215       1.0015854       0.0000000
       1771.3492       1.0028844       1.0035292       0.0000000
       1771.3700       1.0050920       1.0058756       0.0000000
       1771.3908       1.0056425       1.0062184       0.0000000
       1771.4117       1.0071564       1.0081506       0.0000000
       1771.4325       1.0087281       1.0093732       0.0000000
       1771.4533       1.0080963       1.0089494       0.0000000
       1771.4742       1.0098099       1.0104736       0.0000000
       1771.4950       1.0077630       1.0083325       0.0000000
       1771.5158       1.0068499       1.0073208       0.0000000
       1771.5367       1.0074657       1.0080248       0.0000000
       1771.5575       1.0044333       1.0054173       0.0000000
       1771.5783       1.0032644       1.0036908       0.0000000
       1771.5992       1.0013858       1.0020902       0.0000000
       1771.6200       1.0020416       1.0025991       0.0000000
       1771.6408      0.99939364       1.0002031       0.0000000
       1771.6617      0.99720013      0.99774820       0.0000000
       1771.6825      0.99930650       1.0001503       0.0000000
       1771.7033      0.99817747      0.99867254       0.0000000
       1771.7242      0.99616569      0.99691331       0.0000000
       1771.7450      0.99730706      0.99764258       0.0000000
       1771.7658      0.99058604      0.99082446       0.0000000
       1771.7867      0.98566419      0.98629528       0.0000000
       1771.8075      0.98739159      0.98802793       0.0000000
       1771.8283      0.99395120      0.99423432       0.0000000
       1771.8491      0.99918151      0.99948120       0.0000000
       1771.8700      0.99807578      0.99863714       0.0000000
       1771.8908      0.99876976      0.99912637       0.0000000
       1771.9116      0.99975473       1.0006653       0.0000000
       1771.9325      0.99860781      0.99899477       0.0000000
       1771.9533       1.0004569       1.0011727       0.0000000
       1771.9741      0.99911338      0.99948734       0.0000000
       1771.9950      0.99922180      0.99984568       0.0000000
       1772.0158       1.0016278       1.0020369       0.0000000
       1772.0366      0.99957287       1.0000880       0.0000000
       1772.0575       1.0000585       1.0002797       0.0000000
       1772.0783       1.0016352       1.0022193       0.0000000
       1772.0991       1.0001268       1.0007980       0.0000000
       1772.1200       1.0005614       1.0010489       0.0000000
       1772.1408       1.0003167       1.0008640       0.0000000
       1772.1616       1.0009482       1.0015484       0.0000000
       1772.1825       1.0006655       1.0014956       0.0000000
       1772.2033      0.99911237      0.99901497       128.00000
       1772.2241       1.0001644       1.0007732       128.00000
       1772.2450       1.0008098       1.0010141       128.00000
       1772.2658      0.99943721       1.0000764       128.00000
       1772.2866      0.99987239       1.0005559       128.00000
       1772.3075       1.0008289       1.0007274       128.00000
       1772.3283       1.0014296       1.0016744       128.00000
       1772.3491       1.0011569       1.0016732       128.00000
       1772.3700       1.0017829       1.0020818       128.00000
       1772.3908       1.0025852       1.0025450       128.00000
       1772.4116       1.0032743       1.0038695       128.00000
       1772.4325       1.0033392       1.0032748       128.00000
       1772.4533       1.0029390       1.0028791       128.00000
       1772.4741  -2.7698024e-15      0.91317356       128.00000
       1772.4950       1.0048316       1.0047591       128.00000
       1772.5158       1.0028484       1.0027889       128.00000
       1772.5366       1.0016836       1.0007380       128.00000
       1772.5575       1.0040040       1.0030167       128.00000
       1772.5783       1.0015266       1.0007964       128.00000
       1772.5991      0.99771988      0.99946034       128.00000
       1772.6200       1.0003363      0.99960232       128.00000
       1772.6408       1.0005201       1.0005105       128.00000
       1772.6616      0.99806142      0.99809510       128.00000
       1772.6825      0.99787354      0.99836189       128.00000
       1772.7033      0.99863344      0.99880427       128.00000
       1772.7241      0.99735892      0.99763113       128.00000
       1772.7450      0.99652344      0.99637896       128.00000
       1772.7658      0.99686843      0.99706829       128.00000
       1772.7866      0.99591249      0.99582988       128.00000
       1772.8075      0.99690080      0.99677968       128.00000
       1772.8283      0.99728495      0.99241382       128.00000
       1772.8491      0.98385489      0.98308247       128.00000
       1772.8700      0.98163497      0.98137993       128.00000
       1772.8908      0.98883843      0.98833412       128.00000
       1772.9116      0.99537176      0.99550593       128.00000
       1772.9325      0.99622470      0.99645770       128.00000
       1772.9533      0.99955726      0.99886119       128.00000
       1772.9741      0.99974906      0.99832708       128.00000
       1772.9950      0.99888390      0.99707741       128.00000
       1773.0158       1.0023760       1.0004588       128.00000
       1773.0366       1.0038345       1.0017592       128.00000
       1773.0575       1.0036221       1.0015581       128.00000
       1773.0783       1.0053838       1.0032992       128.00000
       1773.0991       1.0068605       1.0047292       128.00000
       1773.1200       1.0082598       1.0060080       128.00000
       1773.1408       1.0068742       1.0043434       128.00000
       1773.1616      0.99998552      0.99596590       128.00000
       1773.1825       1.0119066       1.0054722       128.00000
       1773.2033       1.0142237       1.0077161       128.00000
       1773.2241       1.0139176       1.0070620       128.00000
       1773.2450       1.0139577       1.0064983       128.00000
       1773.2658       1.0140312       1.0069081       128.00000
       1773.2866       1.0117434       1.0044291       128.00000
       1773.3075       1.0079427       1.0007015       128.00000
       1773.3283       1.0065995      0.99908304       128.00000
       1773.3491       1.0066520      0.99996012       128.00000
       1773.3700       1.0081500       1.0019016       128.00000
       1773.3908       1.0072376       1.0017617       128.00000
       1773.4116       1.0031447      0.99846733       128.00000
       1773.4325       1.0007719      0.99663800       128.00000
       1773.4533       1.0027606      0.99900359       128.00000
       1773.4741      0.99133772      0.98757613       128.00000
       1773.4950      0.98584402      0.98372072       128.00000
       1773.5158      0.98860890      0.98861861       128.00000
       1773.5366      0.99247581      0.99204856       128.00000
       1773.5575      0.99740714      0.99764651       128.00000
       1773.5783      0.99879867      0.99911284       128.00000
       1773.5991      0.99709225      0.99749422       128.00000
       1773.6200      0.99664414      0.99728143       128.00000
       1773.6408      0.99759704      0.99821144       128.00000
       1773.6616      0.99785906      0.99860150       128.00000
       1773.6825      0.99731046      0.99810314       128.00000
       1773.7033      0.99744403      0.99837196       128.00000
       1773.7241      0.99871010      0.99973530       128.00000
       1773.7450      0.99755174      0.99861479       128.00000
       1773.7658      0.99902892       1.0002480       128.00000
       1773.7866      0.99880069       1.0001570       128.00000
       1773.8075      0.99839789      0.99967116       128.00000
       1773.8283       1.0000316       1.0015360       128.00000
       1773.8491       1.0000740       1.0016834       128.00000
       1773.8700      0.99861050       1.0001606       128.00000
       1773.8908       1.0012426       1.0029749       128.00000
       1773.9116       1.0019335       1.0036697       128.00000
       1773.9325       1.0006521       1.0023426       128.00000
       1773.9533       1.0000641       1.0019044       128.00000
       1773.9741       1.0024755       1.0035980       128.00000
       1773.9950       1.0019655       1.0038782       128.00000
       1774.0158      0.99989361       1.0017154       128.00000
       1774.0366       1.0024588       1.0044035       128.00000
       1774.0575       1.0015397       1.0033296       128.00000
       1774.0783       1.0002722       1.0020441       128.00000
       1774.0991       1.0021635       1.0040147       128.00000
       1774.1200       1.0013770       1.0025070       128.00000
       1774.1408       1.0012603       1.0030416       128.00000
       1774.1616       1.0022124       1.0034902       128.00000
       1774.1825       1.0003774       1.0018483       128.00000
       1774.2033       1.0026315       1.0032735       128.00000
       1774.2241       1.0003939       1.0014554       128.00000
       1774.2450      0.99965912       1.0005530       128.00000
       1774.2658      0.99976635       1.0003163       128.00000
       1774.2866      0.99780351      0.99870086       128.00000
       1774.3075      0.99916404      0.99953693       128.00000
       1774.3283      0.99843651      0.99863982       128.00000
       1774.3491      0.99573386      0.99595225       128.00000
       1774.3700      0.99826801      0.99858010       128.00000
       1774.3908      0.99585044      0.99593884       128.00000
       1774.4116      0.99547410      0.99561161       128.00000
       1774.4325      0.99627191      0.99728727       128.00000
       1774.4533      0.99657297      0.99689329       128.00000
       1774.4741      0.99739283      0.99777973       128.00000
       1774.4950      0.99466759      0.99515975       128.00000
       1774.5158      0.99570328      0.99633133       128.00000
       1774.5366      0.99499005      0.99580753       128.00000
       1774.5575      0.98291713      0.98421323       128.00000
       1774.5783      0.97789747      0.98106861       128.00000
       1774.5991      0.98583966      0.98759109       128.00000
       1774.6200      0.99248850      0.99503726       128.00000
       1774.6408      0.99505734      0.99786460       128.00000
       1774.6616      0.99603301      0.99830741       128.00000
       1774.6825      0.99654406      0.99943990       128.00000
       1774.7033      0.99674463      0.99927652       128.00000
       1774.7241      0.99762797       1.0004930       128.00000
       1774.7450      0.99857485       1.0010874       128.00000
       1774.7658      0.99982226       1.0019327       128.00000
       1774.7866       1.0011722       1.0036627       128.00000
       1774.8075       1.0013782       1.0038263       128.00000
       1774.8283       1.0018747       1.0043004       128.00000
       1774.8491       1.0046124       1.0075308       128.00000
       1774.8700       1.0043507       1.0072572       128.00000
       1774.8908       1.0032741       1.0061882       128.00000
       1774.9116       1.0049068       1.0078813       128.00000
       1774.9325       1.0036131       1.0061196       128.00000
       1774.9533       1.0016478       1.0041360       128.00000
       1774.9741       1.0013036       1.0038525       128.00000
       1774.9950       1.0013270       1.0038474       128.00000
       1775.0158      0.99992913       1.0024427       128.00000
       1775.0366      0.99775708       1.0002584       128.00000
       1775.0575      0.99947959       1.0019192       128.00000
       1775.0783      0.99809027       1.0005151       128.00000
       1775.0991      0.99670970      0.99888676       128.00000
       1775.1200      0.99922436       1.0013559       128.00000
       1775.1408      0.99624711      0.99843025       128.00000
       1775.1616      0.99837351       1.0005897       128.00000
       1775.1825      0.99478734      0.99690914       128.00000
       1775.2033      0.98510247      0.98732084       128.00000
       1775.2241      0.98367798      0.98878300       128.00000
       1775.2450      0.99255621      0.99480337       128.00000
       1775.2658      0.99549592      0.99782681       128.00000
       1775.2866      0.99657917      0.99890363       128.00000
       1775.3075      0.99593598      0.99824971       128.00000
       1775.3283      0.99697399      0.99930614       128.00000
       1775.3491      0.99520272      0.99753219       128.00000
       1775.3700      0.99576753      0.99807227       128.00000
       1775.3908      0.99742258      0.99960130       128.00000
       1775.4116      0.99552459      0.99762338       128.00000
       1775.4325      0.99619389      0.99792677       128.00000
       1775.4533      0.99770373      0.99964309       128.00000
       1775.4741      0.99631131      0.99800527       128.00000
       1775.4950      0.99754834      0.99932587       128.00000
       1775.5158      0.99692887      0.99850446       0.0000000
       1775.5366      0.99691206      0.99832165       0.0000000
       1775.5575      0.99983639       1.0009186       0.0000000
       1775.5783      0.99838114      0.99925762       0.0000000
       1775.5991      0.99984437       1.0004143       0.0000000
       1775.6200       1.0006387       1.0008568       0.0000000
       1775.6408       1.0003747       1.0001860       0.0000000
       1775.6616       1.0023874       1.0018123       0.0000000
       1775.6825       1.0015599       1.0005802       0.0000000
       1775.7033       1.0018543       1.0002687       128.00000
       1775.7241       1.0028793       1.0008738       128.00000
       1775.7450       1.0029320       1.0003744       128.00000
       1775.7658       1.0036091       1.0004835       128.00000
       1775.7866       1.0043027       1.0006340       128.00000
       1775.8075       1.0049117       1.0005305       128.00000
       1775.8283       1.0043834      0.99945855       128.00000
       1775.8491       1.0044025      0.99872905       128.00000
       1775.8700       1.0056999      0.99980772       128.00000
       1775.8908       1.0047444      0.99771762       128.00000
       1775.9116       1.0040708      0.99640197       128.00000
       1775.9325       1.0048772      0.99633181       128.00000
       1775.9533       1.0058914      0.99600321       128.00000
       1775.9741       1.0057435      0.99387842       128.00000
       1775.9950       1.0060710      0.99131984       128.00000
       1776.0158       1.0089844      0.99063158       128.00000
       1776.0366       1.0118979      0.98959309       128.00000
       1776.0575       1.0152442      0.98893631       128.00000
       1776.0783       1.0145602      0.98373669       128.00000
       1776.0991       1.0161346      0.98098779       128.00000
       1776.1200       1.0154493      0.98001283       128.00000
       1776.1408       1.0167575      0.98386598       128.00000
       1776.1616       1.0172966      0.98717380       128.00000
       1776.1825       1.0151888      0.98702633       128.00000
       1776.2033       1.0120350      0.98750913       128.00000
       1776.2241       1.0090737      0.98716325       128.00000
       1776.2450       1.0048962      0.98481697       128.00000
       1776.2658      0.99644059      0.97721249       128.00000
       1776.2866      0.98934478      0.97099525       128.00000
       1777.7449       1.0054171       1.0000509       0.0000000
       1777.7658       1.0018549      0.99842036       0.0000000
       1777.7866      0.99982190      0.99750930       0.0000000
       1777.8074       1.0015167      0.99824214       0.0000000
       1777.8283      0.99950618      0.99708140       0.0000000
       1777.8491       1.0006757      0.99814832       0.0000000
       1777.8699      0.99600476      0.99739695       0.0000000
       1777.8908      0.99798107      0.99635798       0.0000000
       1777.9116       1.0003480      0.99820739       0.0000000
       1777.9324      0.99584168      0.99496657       0.0000000
       1777.9533      0.99570668      0.99383914       0.0000000
       1777.9741      0.98904234      0.98628008       0.0000000
       1777.9949      0.98074985      0.98013693       0.0000000
       1778.0158      0.98578894      0.98343337       0.0000000
       1778.0366      0.99157721      0.99182987       0.0000000
       1778.0574      0.99607784      0.99594003       0.0000000
       1778.0783      0.99846441      0.99702346       128.00000
       1778.0991      0.99653208      0.99529856       0.0000000
       1778.1199      0.99756497      0.99634618       0.0000000
       1778.1408      0.99808967      0.99695349       0.0000000
       1778.1616      0.99814326      0.99768978       0.0000000
       1778.1824       1.0000472      0.99952239       0.0000000
       1778.2033       1.0018376       1.0001140       0.0000000
       1778.2241       1.0043542       1.0031834       0.0000000
       1778.2449       1.0058664       1.0042602       0.0000000
       1778.2658       1.0057772       1.0049151       0.0000000
       1778.2866       1.0074979       1.0056612       0.0000000
       1778.3074       1.0078574       1.0069330       0.0000000
       1778.3283       1.0079652       1.0072120       0.0000000
       1778.3491       1.0070548       1.0053978       0.0000000
       1778.3699       1.0068325       1.0065304       0.0000000
       1778.3908       1.0076977       1.0060043       0.0000000
       1778.4116       1.0043178       1.0027670       0.0000000
       1778.4324       1.0030471       1.0022970       0.0000000
       1778.4533       1.0036080       1.0019014       0.0000000
       1778.4741       1.0006329      0.99953330       0.0000000
       1778.4949       1.0013579      0.99993169       0.0000000
       1778.5158       1.0013702      0.99920517       0.0000000
       1778.5366      0.99852520      0.99762213       0.0000000
       1778.5574       1.0008190      0.99851429       0.0000000
       1778.5783      0.99701512      0.99773276       0.0000000
       1778.5991      0.99596721      0.99450940       0.0000000
       1778.6199      0.98910999      0.98735911       0.0000000
       1778.6408      0.98525947      0.98527467       0.0000000
       1778.6616      0.99156833      0.99019551       0.0000000
       1778.6824      0.99596930      0.99542403       0.0000000
       1778.7033      0.99889547      0.99798584       0.0000000
       1778.7241       1.0002251      0.99852848       0.0000000
       1778.7449      0.99778903      0.99611247       0.0000000
       1778.7658      0.99876410      0.99770552       0.0000000
       1778.7866      0.99902332      0.99695456       0.0000000
       1778.8074      0.99740046      0.99664104       0.0000000
       1778.8283      0.99940020      0.99811989       0.0000000
       1778.8491       1.0001100      0.99826980       0.0000000
       1778.8699      0.99908543      0.99860442       0.0000000
       1778.8908       1.0003327      0.99913615       0.0000000
       1778.9116       1.0024214       1.0006241       0.0000000
       1778.9324       1.0011277       1.0004441       0.0000000
       1778.9533       1.0030525       1.0011830       0.0000000
       1778.9741       1.0038376       1.0024438       0.0000000
       1778.9949       1.0047002       1.0033646       0.0000000
       1779.0158       1.0047017       1.0029972       0.0000000
       1779.0366       1.0047232       1.0038441       0.0000000
       1779.0574       1.0046902       1.0030977       0.0000000
       1779.0783       1.0062141       1.0038847       0.0000000
       1779.0991       1.0039572       1.0034904       0.0000000
       1779.1199       1.0046399       1.0031220       0.0000000
       1779.1408       1.0037264       1.0026152       0.0000000
       1779.1616       1.0037121       1.0027686       0.0000000
       1779.1824       1.0047548       1.0030333       0.0000000
       1779.2033       1.0033077       1.0019687       0.0000000
       1779.2241       1.0019233       1.0013046       0.0000000
       1779.2449       1.0014532       1.0016817       0.0000000
       1779.2658       1.0017982       1.0009438       0.0000000
       1779.2866       1.0019534       1.0010532       0.0000000
       1779.3074       1.0017807       1.0004718       0.0000000
       1779.3283       1.0001394       1.0004905       0.0000000
       1779.3491       1.0015306       1.0005749       0.0000000
       1779.3699      0.99996895      0.99918830       0.0000000
       1779.3908       1.0011181       1.0006001       0.0000000
       1779.4116       1.0005573      0.99978590       0.0000000
       1779.4324      0.99967879      0.99834251       0.0000000
       1779.4533      0.99958897      0.99996084       0.0000000
       1779.4741      0.99990475      0.99831182       0.0000000
       1779.4949      0.99964494      0.99783885       0.0000000
       1779.5158      0.99894750      0.99865830       0.0000000
       1779.5366      0.99890804      0.99758446       0.0000000
       1779.5574      0.99787390      0.99721664       0.0000000
       1779.5783      0.99834162      0.99790800       0.0000000
       1779.5991      0.99862105      0.99713570       0.0000000
       1779.6199      0.99786353      0.99693769       0.0000000
       1779.6408      0.99753976      0.99723333       0.0000000
       1779.6616      0.99853313      0.99721444       0.0000000
       1779.6824      0.98829091      0.98752731       0.0000000
       1779.7033      0.98256838      0.98153484       0.0000000
       1779.7241      0.98725063      0.98510468       0.0000000
       1779.7449      0.99161816      0.99087703       0.0000000
       1779.7658      0.99736506      0.99647951       0.0000000
       1779.7866      0.99949390      0.99786896       0.0000000
       1779.8074      0.99730587      0.99669880       0.0000000
       1779.8283      0.99814296      0.99796647       0.0000000
       1779.8491       1.0008866      0.99901080       0.0000000
       1779.8699       1.0011557       1.0000000       0.0000000
       1779.8908       1.0013990       1.0010436       0.0000000
       1779.9116       1.0040572       1.0027348       0.0000000
       1779.9324       1.0055192       1.0047221       0.0000000
       1779.9533       1.0048552       1.0046648       0.0000000
       1779.9741       1.0076245       1.0065942       0.0000000
       1779.9949       1.0086095       1.0079398       0.0000000
       1780.0158       1.0071753       1.0067557       0.0000000
       1780.0366       1.0092314       1.0082958       0.0000000
       1780.0574       1.0082748       1.0081356       0.0000000
       1780.0783       1.0067507       1.0060191       0.0000000
       1780.0991       1.0076023       1.0065118       0.0000000
       1780.1199       1.0056958       1.0050631       0.0000000
       1780.1408       1.0035107       1.0039395       0.0000000
       1780.1616       1.0034473       1.0025343       0.0000000
       1780.1824       1.0036440       1.0025476       0.0000000
       1780.2033       1.0005832       1.0010378       0.0000000
       1780.2241       1.0013826       1.0000708       0.0000000
       1780.2449       1.0010680      0.99998355       0.0000000
       1780.2657      0.99997479      0.99963540       0.0000000
       1780.2866      0.99840140      0.99796379       0.0000000
       1780.3074      0.99876070      0.99759352       0.0000000
       1780.3282      0.99058670      0.98930043       0.0000000
       1780.3491      0.98754781      0.98670197       0.0000000
       1780.3699      0.99200070      0.99078017       0.0000000
       1780.3907      0.99661952      0.99583471       0.0000000
       1780.4116      0.99874157      0.99894124       0.0000000
       1780.4324      0.99915057      0.99833220       0.0000000
       1780.4532      0.99800849      0.99712688       0.0000000
       1780.4741      0.99872297      0.99891531       0.0000000
       1780.4949      0.99901849      0.99817550       0.0000000
       1780.5157      0.99873048      0.99801981       0.0000000
       1780.5366      0.99882483      0.99867833       0.0000000
       1780.5574      0.99930710      0.99848205       0.0000000
       1780.5782       1.0010554       1.0005007       0.0000000
       1780.5991       1.0000367       1.0003071       0.0000000
       1780.6199       1.0005995       1.0005039       0.0000000
       1780.6407       1.0004121       1.0005419       0.0000000
       1780.6616      0.99984205       1.0007027       0.0000000
       1780.6824       1.0024042       1.0022067       0.0000000
       1780.7032       1.0021325       1.0014099       0.0000000
       1780.7241       1.0012834       1.0014515       0.0000000
       1780.7449       1.0041313       1.0040655       0.0000000
       1780.7657       1.0002985       1.0002735       0.0000000
       1780.7866       1.0024190       1.0030650       0.0000000
       1780.8074       1.0026747       1.0030887       0.0000000
       1780.8282       1.0020192       1.0017753       0.0000000
       1780.8491       1.0033602       1.0029262       0.0000000
       1780.8699       1.0031766       1.0037985       0.0000000
       1780.8907       1.0028656       1.0021446       0.0000000
       1780.9116       1.0041490       1.0035313       0.0000000
       1780.9324       1.0017455       1.0022714       0.0000000
       1780.9532       1.0034064       1.0033530       0.0000000
       1780.9741       1.0030603       1.0021800       0.0000000
       1780.9949       1.0023620       1.0034786       0.0000000
       1781.0157       1.0022168       1.0023268       0.0000000
       1781.0366       1.0016085       1.0014796       0.0000000
       1781.0574       1.0035030       1.0032892       0.0000000
       1781.0782       1.0022373       1.0024300       0.0000000
       1781.0991       1.0000139      0.99996465       0.0000000
       1781.1199       1.0025876       1.0026054       0.0000000
       1781.1407       1.0008725       1.0019912       0.0000000
       1781.1616       1.0001363      0.99992925       0.0000000
       1781.1824       1.0007172       1.0003760       0.0000000
       1781.2032      0.99866122      0.99929368       0.0000000
       1781.2241      0.99960452      0.99926263       0.0000000
       1781.2449      0.99851614      0.99811620       0.0000000
       1781.2657      0.99739736      0.99861062       0.0000000
       1781.2866      0.99785554      0.99841577       0.0000000
       1781.3074      0.99799836      0.99787700       0.0000000
       1781.3282      0.99794596      0.99883044       0.0000000
       1781.3491      0.99690247      0.99779624       0.0000000
       1781.3699      0.99689418      0.99704468       0.0000000
       1781.3907      0.99122202      0.99117762       0.0000000
       1781.4116      0.98177058      0.98243177       0.0000000
       1781.4324      0.98481476      0.98444057       0.0000000
       1781.4532      0.99172610      0.99167001       0.0000000
       1781.4741      0.99684131      0.99752402       0.0000000
       1781.4949      0.99778271      0.99814087       0.0000000
       1781.5157      0.99904889      0.99853683       0.0000000
       1781.5366      0.99936450      0.99905843       0.0000000
       1781.5574      0.99892670      0.99968028       0.0000000
       1781.5782       1.0001112       1.0003713       0.0000000
       1781.5991       1.0030946       1.0027803       0.0000000
       1781.6199       1.0021778       1.0034738       0.0000000
       1781.6407       1.0044352       1.0047024       0.0000000
       1781.6616       1.0056851       1.0055444       0.0000000
       1781.6824       1.0068969       1.0065725       0.0000000
       1781.7032       1.0080560       1.0089961       0.0000000
       1781.7241       1.0084351       1.0080107       0.0000000
       1781.7449       1.0073037       1.0083768       0.0000000
       1781.7657       1.0076787       1.0091486       0.0000000
       1781.7866   1.2593655e-15      0.92630899       128.00000
       1781.8074       1.0060290       1.0060863       0.0000000
       1781.8282       1.0063632       1.0061427       0.0000000
       1781.8491       1.0020913       1.0027844       0.0000000
       1781.8699       1.0025467       1.0026187       0.0000000
       1781.8907       1.0019659       1.0020070       0.0000000
       1781.9116      0.99875808       1.0000845       0.0000000
       1781.9324       1.0003819       1.0005946       0.0000000
       1781.9532      0.99910110      0.99879378       0.0000000
       1781.9741      0.99676502      0.99780470       0.0000000
       1781.9949      0.99769229      0.99797201       0.0000000
       1782.0157      0.99657655      0.99680960       0.0000000
       1782.0366      0.99092394      0.99085987       0.0000000
       1782.0574      0.98518318      0.98618770       0.0000000
       1782.0782      0.98996484      0.99018639       0.0000000
       1782.0991      0.99704969      0.99672616       0.0000000
       1782.1199      0.99582481      0.99739677       0.0000000
       1782.1407      0.99916142      0.99966067       0.0000000
       1782.1616      0.99955398      0.99978673       0.0000000
       1782.1824      0.99688017      0.99762541       0.0000000
       1782.2032      0.99936777      0.99982858       0.0000000
       1782.2241       1.0007098       1.0003742       0.0000000
       1782.2449      0.99966586      0.99941838       0.0000000
       1782.2657       1.0010488       1.0012920       0.0000000
       1782.2866       1.0002304       1.0008812       0.0000000
       1782.3074      0.99834049       1.0007596       0.0000000
       1782.3282       1.0015274       1.0015575       0.0000000
       1782.3490      0.99960482       1.0010029       0.0000000
       1782.3699       1.0004315       1.0014020       0.0000000
       1782.3907       1.0015028       1.0025111       0.0000000
       1782.4115       1.0031801       1.0028096       0.0000000
       1782.4324       1.0002363       1.0016176       0.0000000
       1782.4532       1.0012692       1.0019445       0.0000000
       1782.4740       1.0018119       1.0021091       0.0000000
       1782.4949       1.0003426       1.0016263       0.0000000
       1782.5157       1.0016304       1.0023193       0.0000000
       1782.5365       1.0008070       1.0017720       0.0000000
       1782.5574       1.0019741       1.0028253       0.0000000
       1782.5782      0.99954206       1.0012736       0.0000000
       1782.5990       1.0019660       1.0031111       0.0000000
       1782.6199       1.0026715       1.0026705       0.0000000
       1782.6407       1.0007838       1.0021914       0.0000000
       1782.6615       1.0008484       1.0020417       0.0000000
       1782.6824      0.99928063       1.0010815       0.0000000
       1782.7032       1.0024184       1.0028372       0.0000000
       1782.7240       1.0018288       1.0032928       0.0000000
       1782.7449      0.99992263       1.0009311       0.0000000
       1782.7657       1.0017961       1.0024428       0.0000000
       1782.7865       1.0018977       1.0023705       0.0000000
       1782.8074      0.99879229       1.0005314       0.0000000
       1782.8282       1.0004857       1.0013052       0.0000000
       1782.8490      0.99969620       1.0004846       0.0000000
       1782.8699      0.99855536      0.99980217       0.0000000
       1782.8907      0.99893475      0.99988163       0.0000000
       1782.9115      0.99857634      0.99902236       0.0000000
       1782.9324      0.99778974      0.99833256       0.0000000
       1782.9532      0.99791259      0.99860013       0.0000000
       1782.9740      0.99744725      0.99809664       0.0000000
       1782.9949      0.99769413      0.99785411       0.0000000
       1783.0157      0.99607944      0.99756199       0.0000000
       1783.0365      0.99709719      0.99794078       0.0000000
       1783.0574      0.99697292      0.99720848       0.0000000
       1783.0782      0.99596691      0.99642318       0.0000000
       1783.0990      0.99117786      0.99186832       0.0000000
       1783.1199      0.98144686      0.98236847       0.0000000
       1783.1407      0.98137015      0.98201358       0.0000000
       1783.1615      0.99112183      0.99111098       0.0000000
       1783.1824      0.99617535      0.99660760       0.0000000
       1783.2032      0.99656391      0.99719328       0.0000000
       1783.2240      0.99739838      0.99785829       0.0000000
       1783.2449      0.99750340      0.99787849       0.0000000
       1783.2657      0.99913979      0.99984014       0.0000000
       1783.2865      0.99882865      0.99943084       0.0000000
       1783.3074       1.0004727       1.0010246       0.0000000
       1783.3282      0.99990594       1.0020274       0.0000000
       1783.3490       1.0040553       1.0041572       0.0000000
       1783.3699       1.0038680       1.0053015       0.0000000
       1783.3907       1.0057048       1.0060241       0.0000000
       1783.4115       1.0085914       1.0086429       0.0000000
       1783.4324       1.0093176       1.0093203       0.0000000
       1783.4532       1.0067811       1.0079328       0.0000000
       1783.4740       1.0096171       1.0101178       0.0000000
       1783.4949       1.0065963       1.0089304       0.0000000
       1783.5157       1.0069841       1.0076799       0.0000000
       1783.5365       1.0049438       1.0061051       0.0000000
       1783.5574       1.0010599       1.0046616       0.0000000
       1783.5782       1.0053703       1.0047561       0.0000000
       1783.5990       1.0035985       1.0031531       0.0000000
       1783.6199       1.0006733       1.0023632       0.0000000
       1783.6407       1.0024098       1.0026346       0.0000000
       1783.6615       1.0009534       1.0007981       0.0000000
       1783.6824       1.0008775       1.0007659       0.0000000
       1783.7032      0.99959648      0.99991870       0.0000000
       1783.7240      0.99913710      0.99946845       0.0000000
       1783.7449      0.99232852      0.99285918       0.0000000
       1783.7657      0.98704934      0.98673433       0.0000000
       1783.7865      0.99002945      0.99001998       0.0000000
       1783.8074      0.99684668      0.99728841       0.0000000
       1783.8282      0.99725837      0.99725837       0.0000000
       1783.8490      0.99997562      0.99995422       128.00000
       1783.8699      0.99944204      0.99909484       0.0000000
       1783.8907      0.99829054      0.99982250       0.0000000
       1783.9115       1.0000000       1.0001503       128.00000
       1783.9324      0.99920809      0.99925607       0.0000000
       1783.9532       1.0004983       1.0002143       0.0000000
       1783.9740       1.0007062       1.0008032       0.0000000
       1783.9949      0.99703205      0.99899673       128.00000
       1784.0157       1.0018271       1.0013065       0.0000000
       1784.0365       1.0018951       1.0017201       0.0000000
       1784.0574       1.0034260       1.0028743       0.0000000
       1784.0782       1.0001559       1.0009164       128.00000
       1784.0990       1.0006971       1.0012523       0.0000000
       1784.1198       1.0061048       1.0056890       0.0000000
       1784.1407       1.0016875       1.0012847       0.0000000
       1784.1615       1.0035409       1.0032365       0.0000000
       1784.1823       1.0038055       1.0044857       0.0000000
       1784.2032       1.0030192       1.0032810       0.0000000
       1784.2240       1.0041937       1.0039214       0.0000000
       1784.2448       1.0034446       1.0034852       0.0000000
       1784.2657       1.0048023       1.0036958       0.0000000
       1784.2865       1.0029454       1.0023050       0.0000000
       1784.3073       1.0009168       1.0009134       0.0000000
       1784.3282       1.0008047       1.0014606       0.0000000
       1784.3490       1.0018117       1.0016013       0.0000000
       1784.3698       1.0013101       1.0009621       0.0000000
       1784.3907       1.0025303       1.0017021       0.0000000
       1784.4115       1.0000352       1.0001246       0.0000000
       1784.4323       1.0008566       1.0013095       0.0000000
       1784.4532       1.0008659       1.0013099       0.0000000
       1784.4740      0.99855888      0.99854290       0.0000000
       1784.4948      0.99908847       1.0004573       128.00000
       1784.5157       1.0003700       1.0005820       0.0000000
       1784.5365      0.99900377      0.99927551       0.0000000
       1784.5573      0.99879444      0.99928039       0.0000000
       1784.5782      0.99860954      0.99868619       0.0000000
       1784.5990      0.99906063      0.99895287       0.0000000
       1784.6198      0.99886435      0.99876630       0.0000000
       1784.6407      0.99816954      0.99841565       0.0000000
       1784.6615      0.99734151      0.99944544       128.00000
       1784.6823      0.99863452      0.99875212       0.0000000
       1784.7032      0.99890691      0.99856538       0.0000000
       1784.7240      0.99868637      0.99860680       0.0000000
       1784.7448      0.99881995      0.99899501       0.0000000
       1784.7657      0.99816889      0.99870831       0.0000000
       1784.7865      0.99746346      0.99774605       0.0000000
       1784.8073      0.99290287      0.99260408       0.0000000
       1784.8282      0.98416036      0.98468202       128.00000
       1784.8490      0.98158586      0.98232359       0.0000000
       1784.8698      0.98781347      0.98782545       0.0000000
       1784.8907      0.99439704      0.99538213       0.0000000
       1784.9115      0.99733233      0.99773848       0.0000000
       1784.9323      0.99739176      0.99743199       0.0000000
       1784.9532      0.99645227      0.99654239       0.0000000
       1784.9740      0.99892884      0.99915123       0.0000000
       1784.9948      0.99882752      0.99912816       0.0000000
       1785.0157      0.99717557      0.99893403       128.00000
       1785.0365       1.0006423       1.0012538       0.0000000
       1785.0573       1.0023838       1.0024092       0.0000000
       1785.0782       1.0046631       1.0046152       0.0000000
       1785.0990       1.0047560       1.0049682       0.0000000
       1785.1198       1.0055428       1.0059471       0.0000000
       1785.1407       1.0079561       1.0091859       0.0000000
       1785.1615       1.0063990       1.0068558       0.0000000
       1785.1823       1.0074784       1.0076448       0.0000000
       1785.2032       1.0075202       1.0081241       0.0000000
       1785.2240       1.0063344       1.0066330       0.0000000
       1785.2448       1.0052598       1.0056925       0.0000000
       1785.2657       1.0029874       1.0043068       0.0000000
       1785.2865       1.0022454       1.0032099       0.0000000
       1785.3073       1.0018880       1.0035377       128.00000
       1785.3282      0.87812549       1.0008646       128.00000
       1785.3490       1.0000017       1.0002147       0.0000000
       1785.3698       1.0012568       1.0010172       0.0000000
       1785.3907      0.99980992       1.0000510       128.00000
       1785.4115      0.99852151      0.99959052       0.0000000
       1785.4323      0.99691975      0.99738669       0.0000000
       1785.4532      0.99203849      0.99232036       128.00000
       1785.4740      0.98686624      0.98686069       0.0000000
       1785.4948      0.98571795      0.98610717       0.0000000
       1785.5157      0.99305284      0.99346381       128.00000
       1785.5365      0.99864876      0.99852341       0.0000000
       1785.5573      0.99606562      0.99631345       0.0000000
       1785.5782      0.99571133      0.99678761       0.0000000
       1785.5990      0.99682862      0.99717003       0.0000000
       1785.6198      0.99492842      0.99664414       128.00000
       1785.6407      0.99619436      0.99641937       0.0000000
       1785.6615      0.99657089      0.99702245       128.00000
       1785.6823      0.99786460      0.99786454       128.00000
       1785.7031      0.99819511      0.99836725       0.0000000
       1785.7240      0.99838197      0.99882776       0.0000000
       1785.7448      0.99819720      0.99910003       0.0000000
       1785.7656      0.99937451       1.0000471       0.0000000
       1785.7865   1.2497254e-15      0.91921836       128.00000
       1785.8073       1.0006018       1.0011299       0.0000000
       1785.8281      0.90801525       1.0016866       128.00000
       1785.8490       1.0017587       1.0020367       0.0000000
       1785.8698       1.0017972       1.0024700       0.0000000
       1785.8906       1.0019289       1.0025749       0.0000000
       1785.9115       1.0018270       1.0028396       0.0000000
       1785.9323       1.0047494       1.0051382       0.0000000
       1785.9531       1.0008146       1.0013944       0.0000000
       1785.9740       1.0007493       1.0003260       0.0000000
       1785.9948       1.0038102       1.0039244       0.0000000
       1786.0156       1.0022604       1.0020614       0.0000000
       1786.0365       1.0010830       1.0014569       0.0000000
       1786.0573       1.0015806       1.0022388       0.0000000
       1786.0781       1.0006542       1.0016257       0.0000000
       1786.0990       1.0001917       1.0012691       0.0000000
       1786.1198      0.99990594      0.99995446       0.0000000
       1786.1406       1.0006281       1.0010279       0.0000000
       1786.1615       1.0010835       1.0014452       0.0000000
       1786.1823       1.0008360       1.0008944       0.0000000
       1786.2031       1.0011219       1.0007333       0.0000000
       1786.2240       1.0004284       1.0004499       0.0000000
       1786.2448       1.0003446       1.0016321       0.0000000
       1786.2656       1.0005164       1.0010910       0.0000000
       1786.2865      0.99861640      0.99904758       0.0000000
       1786.3073       1.0003171       1.0002289       0.0000000
       1786.3281      0.99921376      0.99963927       0.0000000
       1786.3490      0.99900711      0.99912018       0.0000000
       1786.3698      0.99910021      0.99913353       0.0000000
       1786.3906      0.99959493      0.99976701       0.0000000
       1786.4115       1.0002664       1.0004139       0.0000000
       1786.4323      0.99841142      0.99955457       0.0000000
       1786.4531      0.99695343      0.99813414       0.0000000
       1786.4740      0.99979037       1.0001528       0.0000000
       1786.4948      0.99889499      0.99922901       0.0000000
       1786.5156      0.99347967      0.99379551       0.0000000
       1786.5365      0.98368520      0.98416132       0.0000000
       1786.5573      0.98232335      0.98250586       0.0000000
       1786.5781      0.98701441      0.98759580       0.0000000
       1786.5990      0.99456292      0.99455029       0.0000000
       1786.6198      0.99777788      0.99778718       0.0000000
       1786.6406      0.99847806      0.99888927       0.0000000
       1786.6615      0.99691087      0.99774194       0.0000000
       1786.6823      0.99783862      0.99823034       0.0000000
       1786.7031      0.99665791      0.99816895       128.00000
       1786.7240       1.0009477       1.0008384       0.0000000
       1786.7448       1.0009658       1.0011760       0.0000000
       1786.7656       1.0005803       1.0013565       0.0000000
       1786.7865       1.0045503       1.0047593       0.0000000
       1786.8073       1.0067800       1.0068222       0.0000000
       1786.8281       1.0067389       1.0067084       0.0000000
       1786.8490       1.0087297       1.0081441       0.0000000
       1786.8698       1.0096946       1.0096464       0.0000000
       1786.8906       1.0022181       1.0110995       128.00000
       1786.9115       1.0082711       1.0084801       0.0000000
       1786.9323       1.0073137       1.0081456       0.0000000
       1786.9531       1.0084881       1.0093737       0.0000000
       1786.9740       1.0048151       1.0046957       0.0000000
       1786.9948       1.0045077       1.0044845       0.0000000
       1787.0156       1.0053875       1.0054871       0.0000000
       1787.0365       1.0004342       1.0022358       0.0000000
       1787.0573       1.0022818       1.0022898       0.0000000
       1787.0781       1.0012766       1.0013801       0.0000000
       1787.0990      0.99997187      0.99965739       0.0000000
       1787.1198       1.0001940       1.0004709       0.0000000
       1787.1406      0.99728417      0.99768156       0.0000000
       1787.1614      0.99154121      0.99250335       128.00000
       1787.1823      0.98649454      0.98664737       0.0000000
       1787.2031      0.98622823      0.98635143       0.0000000
       1787.2239      0.99345100      0.99383289       0.0000000
       1787.2448      0.99689341      0.99703425       0.0000000
       1787.2656      0.99824953      0.99874067       0.0000000
       1787.2864      0.99881321      0.99910861       0.0000000
       1787.3073      0.99610966      0.99668837       0.0000000
       1787.3281      0.99903685      0.99989551       0.0000000
       1787.3489      0.99961931       1.0001361       0.0000000
       1787.3698      0.99837333      0.99871624       0.0000000
       1787.3906       1.0004411       1.0010325       0.0000000
       1787.4114       1.0003400       1.0005721       0.0000000
       1787.4323       1.0027961       1.0029650       0.0000000
       1787.4531       1.0031589       1.0037639       0.0000000
       1787.4739       1.0017203       1.0022390       0.0000000
       1787.4948       1.0048774       1.0051975       0.0000000
       1787.5156       1.0033126       1.0046556       0.0000000
       1787.5364       1.0032047       1.0042499       0.0000000
       1787.5573       1.0042017       1.0049548       0.0000000
       1787.5781       1.0038716       1.0048572       0.0000000
       1787.5989       1.0045825       1.0052495       0.0000000
       1787.6198       1.0030000       1.0037633       0.0000000
       1787.6406       1.0026931       1.0037088       0.0000000
       1787.6614       1.0036547       1.0044664       0.0000000
       1787.6823       1.0014544       1.0029998       0.0000000
       1787.7031       1.0019084       1.0030637       0.0000000
       1787.7239       1.0012873       1.0022953       0.0000000
       1787.7448       1.0013798       1.0024658       0.0000000
       1787.7656       1.0018967       1.0031091       0.0000000
       1787.7864       1.0001431       1.0010859       0.0000000
       1787.8073       1.0007120       1.0018930       0.0000000
       1787.8281       1.0027472       1.0033909       0.0000000
       1787.8489       1.0004646       1.0010562       0.0000000
       1787.8698       1.0003759       1.0009521       0.0000000
       1787.8906       1.0022128       1.0027554       0.0000000
       1787.9114       1.0022746       1.0027086       0.0000000
       1787.9323       1.0004245       1.0008091       0.0000000
       1787.9531       1.0011065       1.0014591       0.0000000
       1787.9739       1.0024542       1.0027345       0.0000000
       1787.9948       1.0009713       1.0012233       0.0000000
       1788.0156       1.0005261       1.0007268       0.0000000
       1788.0364       1.0008438       1.0010203       0.0000000
       1788.0573      0.99862587      0.99916369       0.0000000
       1788.0781       1.0004587       1.0006348       0.0000000
       1788.0989      0.99946964      0.99961716       0.0000000
       1788.1198      0.99825597      0.99840873       0.0000000
       1788.1406      0.99588668      0.99984741       128.00000
       1788.1614      0.99767280      0.99773759       0.0000000
       1788.1823      0.99713904      0.99715406       0.0000000
       1788.2031      0.99734390      0.99734610       0.0000000
       1788.2239      0.99442577      0.99455827       0.0000000
       1788.2448      0.98337132      0.98322904       0.0000000
       1788.2656      0.97865641      0.97840834       0.0000000
       1788.2864      0.98587453      0.98559105       0.0000000
       1788.3073      0.99358904      0.99342585       0.0000000
       1788.3281      0.99381053      0.99368799       0.0000000
       1788.3489      0.99629748      0.99620521       0.0000000
       1788.3698      0.99542534      0.99534047       0.0000000
       1788.3906      0.99592334      0.99577671       0.0000000
       1788.4114      0.99809384      0.99801898       0.0000000
       1788.4323      0.99812311      0.99812418       0.0000000
       1788.4531       1.0016366       1.0016532       0.0000000
       1788.4739       1.0031388       1.0032934       0.0000000
       1788.4947       1.0034132       1.0034968       0.0000000
       1788.5156       1.0062155       1.0065463       0.0000000
       1788.5364       1.0076547       1.0079011       128.00000
       1788.5572       1.0072081       1.0077559       0.0000000
       1788.5781       1.0080450       1.0086581       0.0000000
       1788.5989       1.0086552       1.0093237       0.0000000
       1788.6197       1.0083201       1.0090313       0.0000000
       1788.6406       1.0053356       1.0061156       0.0000000
       1788.6614       1.0046650       1.0054621       0.0000000
       1788.6822       1.0035243       1.0048501       0.0000000
       1788.7031       1.0024203       1.0035847       0.0000000
       1788.7239      0.99944907       1.0008599       128.00000
       1788.7447      0.99666435      0.99929982       128.00000
       1788.7656      0.99678403      0.99885201       128.00000
       1788.7864      0.99402553      0.99660790       128.00000
       1788.8072      0.99088508      0.99388731       128.00000
       1788.8281      0.99036777      0.99375230       128.00000
       1788.8489      0.98983741      0.99361259       128.00000
       1788.8697      0.98307109      0.98736036       128.00000
       1788.8906      0.97384363      0.97869462       128.00000
       1788.9114      0.97365171      0.97900021       128.00000
       1788.9322      0.97726899      0.98363495       128.00000
       1788.9531      0.97908044      0.98705798       128.00000
       1788.9739      0.97775578      0.98808306       128.00000
       1788.9947      0.97492468      0.98745281       128.00000
       1789.0156      0.96559936      0.98441631       128.00000
       1789.0364      0.93513501      0.97137344       128.00000
       1789.0572      0.90721178      0.95422751       128.00000
       1789.0781      0.90593028      0.95908791       128.00000
       1789.0989      0.89894837      0.95404100       128.00000
       1789.1197      0.90695667      0.95263427       128.00000
       1789.1406      0.93895096      0.97043616       128.00000
       1789.1614      0.96278131      0.98732620       128.00000
       1789.2031      0.97082925      0.98900092       128.00000
       1789.2239      0.97189325      0.98881298       128.00000
       1789.2447      0.97396600      0.99116135       128.00000
       1789.2656      0.97392786      0.98934329       128.00000
       1789.2864      0.97294229      0.98794895       128.00000
       1789.3072      0.97566289      0.99026072       128.00000
       1789.3281      0.97200841      0.98651248       128.00000
       1789.3489      0.97337419      0.98715127       128.00000
       1789.3697      0.97467172      0.98779553       128.00000
       1789.3906      0.97387046      0.98675555       128.00000
       1789.4114      0.97394323      0.98696578       128.00000
       1789.4322      0.97417074      0.98572743       128.00000
       1789.4531      0.97367913      0.98469335       128.00000
       1789.4739      0.97374797      0.98594505       128.00000
       1789.4947      0.97607189      0.98620611       128.00000
       1789.5156      0.97923255      0.98763949       128.00000
       1789.5364      0.98537612      0.99127877       128.00000
       1789.5572      0.98681450      0.99227113       128.00000
       1789.5781      0.98841721      0.99254036       128.00000
       1789.5989      0.99134982      0.99298775       0.0000000
       1789.6197      0.99468964      0.99586594       0.0000000
       1789.6406      0.99815297      0.99812490       0.0000000
       1789.6614      0.99992359      0.99789655       0.0000000
       1789.6822       1.0010672      0.99858624       0.0000000
