    1154
       1816.1190      0.99989408       1.0016303       0.0000000
       1816.1398      0.99985665       1.0018013       0.0000000
       1816.1607      0.99918294       1.0012246       0.0000000
       1816.1815      0.99968278       1.0014535       0.0000000
       1816.2023      0.99923301       1.0014548       0.0000000
       1816.2232      0.99987060       1.0016836       0.0000000
       1816.2440       1.0004538       1.0027689       0.0000000
       1816.2648       1.0000641       1.0021051       0.0000000
       1816.2857       1.0009155       1.0030208       0.0000000
       1816.3065       1.0008228       1.0030062       0.0000000
       1816.3273       1.0008326       1.0028458       0.0000000
       1816.3482       1.0011275       1.0032686       128.00000
       1816.3690       1.0033677       1.0054024       0.0000000
       1816.3898       1.0013452       1.0048952       128.00000
       1816.4107       1.0040303       1.0050687       128.00000
       1816.4315       1.0045067       1.0067823       0.0000000
       1816.4523       1.0043319       1.0060569       128.00000
       1816.4732       1.0071669       1.0072689       128.00000
       1816.4940       1.0095376       1.0056150       128.00000
       1816.5148       1.0044842       1.0067523       128.00000
       1816.5357       1.0039613       1.0066577       128.00000
       1816.5565       1.0030212       1.0049938       128.00000
       1816.5773      0.99822599       1.0044097       128.00000
       1816.5982       1.0005604       1.0019670       128.00000
       1816.6190      0.99518114       1.0021136       128.00000
       1816.6398      0.99961632       1.0011492       128.00000
       1816.6607      0.99106252       1.0009092       128.00000
       1816.6815      0.99920833       1.0005723       128.00000
       1816.7023      0.99788469      0.99936074       128.00000
       1816.7232      0.99116635      0.99283051       0.0000000
       1816.7440      0.98812115      0.98959577       128.00000
       1816.7648      0.99118370      0.99267370       128.00000
       1816.7857      0.97809857      0.99918824       128.00000
       1816.8065      0.99968982       1.0011920       0.0000000
       1816.8273      0.99899828       1.0009056       0.0000000
       1816.8482       1.0017427       1.0021787       128.00000
       1816.8690      0.99828017       1.0011594       128.00000
       1816.8899       1.0001262       1.0012735       128.00000
       1816.9107       1.0011263       1.0026714       0.0000000
       1816.9315       1.0007639       1.0018455       0.0000000
       1816.9524       1.0011573       1.0026413       128.00000
       1816.9732       1.0011303       1.0022464       128.00000
       1816.9940       1.0017254       1.0027103       0.0000000
       1817.0149       1.0022234       1.0028262       128.00000
       1817.0357       1.0013465       1.0022517       0.0000000
       1817.0565       1.0018651       1.0028942       0.0000000
       1817.0774       1.0020593       1.0031769       0.0000000
       1817.0982       1.0018796       1.0031892       0.0000000
       1817.1190       1.0017015       1.0030993       0.0000000
       1817.1399       1.0017444       1.0026277       128.00000
       1817.1607       1.0016096       1.0026577       0.0000000
       1817.1815       1.0018784       1.0024549       128.00000
       1817.2024       1.0013958       1.0020016       128.00000
       1817.2232       1.0015314       1.0026712       128.00000
       1817.2440       1.0020338       1.0014529       128.00000
       1817.2649       1.0010346       1.0024480       0.0000000
       1817.2857       1.0005898       1.0019457       128.00000
       1817.3065       1.0008416       1.0007384       128.00000
       1817.3274       1.0013596       1.0021750       128.00000
       1817.3482       1.0003911       1.0017004       0.0000000
       1817.3690       1.0004861       1.0015880       0.0000000
       1817.3899       1.0006230       1.0014765       128.00000
       1817.4107       1.0007628       1.0020806       0.0000000
       1817.4315      0.99898154       1.0016257       128.00000
       1817.4524      0.99997550       1.0013891       0.0000000
       1817.4732       1.0008607       1.0019846       128.00000
       1817.4940       1.0006621       1.0022496       0.0000000
       1817.5149       1.0004560       1.0018187       0.0000000
       1817.5357       1.0002031       1.0017964       128.00000
       1817.5565       1.0006845       1.0017352       0.0000000
       1817.5774       1.0001895       1.0026772       128.00000
       1817.5982       1.0008726       1.0013642       128.00000
       1817.6190       1.0004703       1.0021281       0.0000000
       1817.6399       1.0000622       1.0019057       128.00000
       1817.6607       1.0004319       1.0018158       128.00000
       1817.6815       1.0003206       1.0015070       0.0000000
       1817.7024      0.99865621       1.0012016       0.0000000
       1817.7232       1.0004677       1.0015926       128.00000
       1817.7440       1.0005566       1.0016068       0.0000000
       1817.7649       1.0001769       1.0009131       128.00000
       1817.7857      0.99990118       1.0009127       0.0000000
       1817.8065       1.0000134       1.0017638       0.0000000
       1817.8274       1.0001465       1.0007010       0.0000000
       1817.8482      0.99923426       1.0014706       128.00000
       1817.8690      0.99995494       1.0013151       0.0000000
       1817.8899      0.99979210       1.0011249       0.0000000
       1817.9107      0.99962676       1.0010022       0.0000000
       1817.9315      0.99872398       1.0002605       0.0000000
       1817.9524      0.99874771       1.0002692       0.0000000
       1817.9732      0.99901694       1.0007349       0.0000000
       1817.9940      0.99993706       1.0012470       0.0000000
       1818.0149      0.99938673       1.0007607       128.00000
       1818.0357      0.99963248       1.0008024       0.0000000
       1818.0565      0.99915802       1.0007108       0.0000000
       1818.0774      0.99907160       1.0002501       0.0000000
       1818.0982      0.99985266       1.0014908       0.0000000
       1818.1190      0.99878246       1.0003735       0.0000000
       1818.1399      0.99985445       1.0013679       0.0000000
       1818.1607      0.99954832       1.0009028       0.0000000
       1818.1815      0.99915808       1.0012679       128.00000
       1818.2024      0.99953115       1.0012093       0.0000000
       1818.2232       1.0001211       1.0009097       0.0000000
       1818.2440       1.0005050       1.0017734       128.00000
       1818.2649      0.99980265       1.0009614       0.0000000
       1818.2857       1.0003113       1.0016298       0.0000000
       1818.3065       1.0010177       1.0020763       0.0000000
       1818.3274       1.0008633       1.0022852       0.0000000
       1818.3482       1.0026233       1.0039582       0.0000000
       1818.3690       1.0023401       1.0037551       0.0000000
       1818.3899       1.0039148       1.0049206       0.0000000
       1818.4107       1.0045097       1.0054229       128.00000
       1818.4315       1.0045497       1.0057636       0.0000000
       1818.4524       1.0044346       1.0053982       0.0000000
       1818.4732       1.0041316       1.0056497       0.0000000
       1818.4940       1.0037251       1.0062581       0.0000000
       1818.5149       1.0040928       1.0056883       0.0000000
       1818.5357       1.0031682       1.0045685       0.0000000
       1818.5565       1.0023856       1.0040044       0.0000000
       1818.5774       1.0016210       1.0024536       0.0000000
       1818.5982      0.99959135       1.0015450       0.0000000
       1818.6190      0.99996066       1.0009471       0.0000000
       1818.6399      0.99917573       1.0002044       0.0000000
       1818.6607      0.99909568       1.0000820       0.0000000
       1818.6815      0.99900013       1.0002804       0.0000000
       1818.7024      0.99540430      0.99707842       128.00000
       1818.7232      0.98855340      0.98988843       0.0000000
       1818.7440      0.98832065      0.98941582       0.0000000
       1818.7649      0.99352956      0.99503547       0.0000000
       1818.7857      0.99858063      0.99986923       0.0000000
       1818.8065      0.99874771       1.0002929       0.0000000
       1818.8274      0.99924010       1.0004877       0.0000000
       1818.8482      0.99913126       1.0005093       0.0000000
       1818.8690       1.0003757       1.0017419       0.0000000
       1818.8899      0.99966204       1.0007005       0.0000000
       1818.9107       1.0000384       1.0017452       0.0000000
       1818.9315       1.0002232       1.0011588       0.0000000
       1818.9524      0.99991792       1.0009668       0.0000000
       1818.9732      0.99955863       1.0012349       0.0000000
       1818.9940      0.99944031       1.0008385       128.00000
       1819.0149       1.0007501       1.0013702       0.0000000
       1819.0357       1.0000446       1.0013323       0.0000000
       1819.0565       1.0002362       1.0010489       0.0000000
       1819.0774       1.0002512       1.0017722       0.0000000
       1819.0982       1.0006522       1.0015855       0.0000000
       1819.1190       1.0005820       1.0020239       0.0000000
       1819.1399       1.0003108       1.0012032       0.0000000
       1819.1607       1.0009212       1.0021533       0.0000000
       1819.1815       1.0009636       1.0022922       0.0000000
       1819.2024       1.0005418       1.0017712       0.0000000
       1819.2232      0.99986464       1.0014828       0.0000000
       1819.2440       1.0002751       1.0014722       0.0000000
       1819.2649      0.99797004       1.0011660       128.00000
       1819.2857       1.0004090       1.0014009       0.0000000
       1819.3065      0.99952847       1.0012001       0.0000000
       1819.3274       1.0013580       1.0019575       0.0000000
       1819.3482       1.0003355       1.0016307       0.0000000
       1819.3690       1.0005853       1.0012293       0.0000000
       1819.3899      0.99985546       1.0008839       0.0000000
       1819.4107      0.99997514       1.0005844       0.0000000
       1819.4315       1.0000405       1.0012330       0.0000000
       1819.4524       1.0005502       1.0013301       0.0000000
       1819.4732       1.0002633       1.0014127       0.0000000
       1819.4940      0.99957472       1.0003314       0.0000000
       1819.5149      0.99937761       1.0000675       0.0000000
       1819.5357      0.99949962       1.0005968       0.0000000
       1819.5565       1.0000865       1.0005600       0.0000000
       1819.5774      0.99963850       1.0010102       0.0000000
       1819.5982      0.99956983       1.0003386       0.0000000
       1819.6190      0.99942607       1.0006149       0.0000000
       1819.6399      0.99961179       1.0001593       0.0000000
       1819.6607      0.99937731       1.0000187       0.0000000
       1819.6815      0.99985474       1.0005504       0.0000000
       1819.7024      0.99993372       1.0008959       0.0000000
       1819.7232      0.99958050       1.0001829       0.0000000
       1819.7440      0.99986249       1.0003433       0.0000000
       1819.7649      0.99995071       1.0004549       0.0000000
       1819.7857      0.99966520       1.0001104       0.0000000
       1819.8065       1.0000197       1.0006889       0.0000000
       1819.8274      0.99976581      0.99999756       0.0000000
       1819.8482      0.99951386       1.0003848       0.0000000
       1819.8690      0.99905276      0.99956238       0.0000000
       1819.8899      0.99940103       1.0002884       0.0000000
       1819.9107      0.99904394      0.99942458       0.0000000
       1819.9315      0.99832678       1.0001698       0.0000000
       1819.9524      0.99934942      0.99920869       0.0000000
       1819.9732      0.99855399      0.99951625       0.0000000
       1819.9940      0.98335177       1.0001787       128.00000
       1820.0149      0.99925971      0.99979270       0.0000000
       1820.0357      0.99901587      0.99914324       0.0000000
       1820.0565      0.99956816      0.99994177       0.0000000
       1820.0774      0.99874181      0.99943399       0.0000000
       1820.0982      0.99893647      0.99919933       0.0000000
       1820.1190      0.99819154      0.99860388       0.0000000
       1820.1399      0.99928272      0.99938554       0.0000000
       1820.1607      0.99945045       1.0000325       0.0000000
       1820.1815      0.99917156      0.99935269       0.0000000
       1820.2024      0.99954224       1.0000156       0.0000000
       1820.2232       1.0007441       1.0007417       0.0000000
       1820.2440      0.99945140      0.99987262       0.0000000
       1820.2649      0.99877799      0.99917591       0.0000000
       1820.2857       1.0005480       1.0011703       0.0000000
       1820.3065       1.0010806       1.0013720       0.0000000
       1820.3274       1.0005906       1.0007645       0.0000000
       1820.3482       1.0018983       1.0022180       0.0000000
       1820.3690       1.0024688       1.0029035       0.0000000
       1820.3899       1.0035911       1.0039539       0.0000000
       1820.4107       1.0031946       1.0036062       0.0000000
       1820.4315       1.0049536       1.0054772       0.0000000
       1820.4524       1.0050150       1.0051944       0.0000000
       1820.4732       1.0045844       1.0050384       0.0000000
       1820.4940       1.0042741       1.0041821       0.0000000
       1820.5149       1.0031098       1.0034858       0.0000000
       1820.5357       1.0030451       1.0032579       0.0000000
       1820.5565       1.0017668       1.0020745       0.0000000
       1820.5774       1.0006045       1.0006520       128.00000
       1820.5982      0.99997157      0.99990922       0.0000000
       1820.6190       1.0006108       1.0007664       0.0000000
       1820.6399      0.99946779      0.99941677       0.0000000
       1820.6607      0.99894065      0.99913859       0.0000000
       1820.6815      0.99835318      0.99809009       0.0000000
       1820.7024      0.99292982      0.99317163       0.0000000
       1820.7232      0.98814821      0.98791999       0.0000000
       1820.7440      0.98144346      0.98970026       128.00000
       1820.7649      0.99657708      0.99662024       0.0000000
       1820.7857      0.99955302      0.99896371       0.0000000
       1820.8065       1.0000995      0.99969959       0.0000000
       1820.8274       1.0000340      0.99976599       0.0000000
       1820.8482      0.99988157      0.99970907       0.0000000
       1820.8690       1.0004277       1.0001876       0.0000000
       1820.8899      0.99999183      0.99952376       0.0000000
       1820.9107       1.0001609      0.99981970       0.0000000
       1820.9315       1.0002661       1.0002494       0.0000000
       1820.9524       1.0003470      0.99959511       0.0000000
       1820.9732       1.0005909       1.0005966       128.00000
       1820.9940      0.99962658      0.99904150       0.0000000
       1821.0149      0.99961638      0.99948364       128.00000
       1821.0357      0.99968165      0.99940699       128.00000
       1821.0565      0.99958760      0.99951345       0.0000000
       1821.0774      0.99954522      0.99883360       0.0000000
       1821.0982      0.99989432      0.99995714       0.0000000
       1821.1190       1.0007443      0.99994391       128.00000
       1821.1399   4.3197592e-15      0.90044129       128.00000
       1821.1607       1.0006869       1.0006517       0.0000000
       1821.1815       1.0009520       1.0006990       0.0000000
       1821.2024       1.0000101       1.0000840       0.0000000
       1821.2232       1.0005566       1.0002443       128.00000
       1821.2440       1.0000656       1.0003462       0.0000000
       1821.2649       1.0007389       1.0006161       128.00000
       1821.2857       1.0008821       1.0010709       0.0000000
       1821.3065       1.0002404       1.0004940       0.0000000
       1821.3274      0.96770328       1.0013369       128.00000
       1821.3482       1.0008286       1.0007126       0.0000000
       1821.3690       1.0003037       1.0003505       0.0000000
       1821.3899       1.0009913       1.0004421       128.00000
       1821.4107       1.0002189       1.0001283       0.0000000
       1821.4315       1.0000687       1.0002314       0.0000000
       1821.4524      0.99994081      0.99951130       0.0000000
       1821.4732      0.99900663      0.99942732       0.0000000
       1821.4940       1.0007209      0.99947113       128.00000
       1821.5149      0.99969232      0.99977744       0.0000000
       1821.5357      0.99950099      0.99944764       0.0000000
       1821.5565      0.99943686      0.99942565       128.00000
       1821.5774      0.99913782      0.99910933       128.00000
       1821.5982      0.99956787      0.99943495       0.0000000
       1821.6190      0.99999011      0.99977612       0.0000000
       1821.6399      0.99964929      0.99970353       0.0000000
       1821.6607      0.99945825      0.99945980       0.0000000
       1821.6815       1.0000857      0.99953425       128.00000
       1821.7024       1.0006202      0.99996924       128.00000
       1821.7232       1.0001920      0.99982142       0.0000000
       1821.7440      0.99998945       1.0005208       0.0000000
       1821.7649       1.0018027       1.0008949       128.00000
       1821.7857      0.99985850       1.0002184       0.0000000
       1821.8065      0.98098373      0.99996269       128.00000
       1821.8274       1.0007055       1.0007774       0.0000000
       1821.8482       1.0002061       1.0000049       0.0000000
       1821.8690      0.99996489       1.0002704       0.0000000
       1821.8899      0.99945527      0.99952650       0.0000000
       1821.9107      0.99930125      0.99917585       0.0000000
       1821.9315      0.99882978      0.99908352       0.0000000
       1821.9524      0.99918699      0.99913651       0.0000000
       1821.9732      0.99992478       1.0000972       0.0000000
       1821.9940      0.99903888      0.99896365       0.0000000
       1822.0149      0.99903888      0.99955529       0.0000000
       1822.0357      0.99838132      0.99833870       0.0000000
       1822.0565      0.99895424      0.99948931       0.0000000
       1822.0774      0.99796361      0.99772263       0.0000000
       1822.0982      0.99912399      0.99965018       0.0000000
       1822.1190      0.99931538      0.99916369       0.0000000
       1822.1399      0.99847025      0.99873316       0.0000000
       1822.1607      0.99831086      0.99844217       0.0000000
       1822.1815      0.99902201      0.99877119       0.0000000
       1822.2024      0.99846995      0.99941379       128.00000
       1822.2232      0.99997503      0.99948317       0.0000000
       1822.2440       1.0007137       1.0009235       0.0000000
       1822.2649       1.0008111       1.0006535       0.0000000
       1822.2857       1.0009557       1.0012028       0.0000000
       1822.3065       1.0014244       1.0013741       0.0000000
       1822.3274       1.0013514       1.0018198       0.0000000
       1822.3482       1.0028177       1.0030794       0.0000000
       1822.3690       1.0032570       1.0028921       0.0000000
       1822.3899       1.0040300       1.0039765       0.0000000
       1822.4107       1.0051455       1.0046754       0.0000000
       1822.4315       1.0045596       1.0048184       0.0000000
       1822.4524       1.0054970       1.0052395       0.0000000
       1822.4732       1.0048132       1.0050471       0.0000000
       1822.4940       1.0034536       1.0034069       0.0000000
       1822.5149       1.0028359       1.0031495       0.0000000
       1822.5357       1.0019047       1.0017461       0.0000000
       1822.5565       1.0004605       1.0002091       0.0000000
       1822.5774       1.0001246      0.99996620       0.0000000
       1822.5982      0.99940681      0.99927598       0.0000000
       1822.6190      0.99877840      0.99878216       0.0000000
       1822.6399      0.99813956      0.99784559       0.0000000
       1822.6607      0.99809974      0.99852836       0.0000000
       1822.6815      0.99568629      0.99581057       128.00000
       1822.7024      0.99017125      0.99040413       0.0000000
       1822.7232      0.98710692      0.98701310       0.0000000
       1822.7440      0.99228573      0.99238271       0.0000000
       1822.7649      0.99846870      0.99835211       0.0000000
       1822.7857      0.99917442      0.99905837       0.0000000
       1822.8065      0.99919283      0.99887365       0.0000000
       1822.8274      0.99939859      0.99933660       0.0000000
       1822.8482      0.99923033      0.99936384       0.0000000
       1822.8690      0.99968708      0.99950314       0.0000000
       1822.8899      0.99950981       1.0000036       0.0000000
       1822.9107       1.0002494      0.99998063       0.0000000
       1822.9315      0.99931127      0.99937469       0.0000000
       1822.9524       1.0003657       1.0002331       0.0000000
       1822.9732       1.0002420       1.0001075       0.0000000
       1822.9940       1.0003934       1.0003905       0.0000000
       1823.0149      0.99988437      0.99968320       0.0000000
       1823.0357       1.0003214       1.0005060       0.0000000
       1823.0565      0.99977285      0.99946916       0.0000000
       1823.0774       1.0009942       1.0000000       0.0000000
       1823.0982       1.0000507      0.99944305       0.0000000
       1823.1190       1.0001796       1.0002202       0.0000000
       1823.1399       1.0001106      0.99967480       0.0000000
       1823.1607       1.0004337      0.99971956       128.00000
       1823.1815      0.99998480      0.99992567       0.0000000
       1823.2024       1.0004171      0.99968708       0.0000000
       1823.2232       1.0001016      0.99995035       0.0000000
       1823.2440      0.99985331      0.99983364       0.0000000
       1823.2649       1.0004498       1.0001402       0.0000000
       1823.2857       1.0002422      0.99982834       0.0000000
       1823.3065       1.0004851       1.0001444       0.0000000
       1823.3274       1.0002391       1.0004370       0.0000000
       1823.3482       1.0007137       1.0001569       0.0000000
       1823.3690       1.0001093       1.0000474       0.0000000
       1823.3899       1.0008432       1.0004499       0.0000000
       1823.4107       1.0011359       1.0011792       0.0000000
       1823.4315       1.0013747       1.0008934       0.0000000
       1823.4524       1.0009046       1.0005755       0.0000000
       1823.4732       1.0001726      0.99983370       0.0000000
       1823.4940       1.0004447       1.0001944       0.0000000
       1823.5149       1.0005817       1.0003355       0.0000000
       1823.5357       1.0011929       1.0006436       0.0000000
       1823.5565       1.0003029       1.0003659       0.0000000
       1823.5774       1.0004002       1.0000542       0.0000000
       1823.5982       1.0000229      0.99978387       0.0000000
       1823.6190       1.0004923       1.0003432       0.0000000
       1823.6399       1.0001552      0.99975461       0.0000000
       1823.6607      0.99936813      0.99937069       0.0000000
       1823.6815       1.0000765      0.99981636       0.0000000
       1823.7024      0.99889463      0.99887139       0.0000000
       1823.7232      0.99959558      0.99906605       0.0000000
       1823.7440      0.99889946      0.99926996       0.0000000
       1823.7649      0.99955481      0.99929130       0.0000000
       1823.7857      0.99912661      0.99874055       0.0000000
       1823.8065      0.99937582      0.99917483       0.0000000
       1823.8274      0.99880737      0.99850309       0.0000000
       1823.8482      0.99931616      0.99915183       0.0000000
       1823.8690      0.99897742      0.99853915       0.0000000
       1823.8899      0.99853617      0.99829686       0.0000000
       1823.9107      0.99914467      0.99859715       128.00000
       1823.9315      0.99949044      0.99936014       0.0000000
       1823.9524      0.99881595      0.99821293       0.0000000
       1823.9732      0.99906319      0.99867767       0.0000000
       1823.9940       1.0000873      0.99957442       0.0000000
       1824.0149      0.99911195      0.99847203       0.0000000
       1824.0357      0.99931008      0.99911362       0.0000000
       1824.0565      0.99977124      0.99897557       0.0000000
       1824.0774      0.99970633      0.99953598       0.0000000
       1824.0982      0.99884903      0.99852771       0.0000000
       1824.1190      0.99952894      0.99943823       0.0000000
       1824.1399      0.99912006      0.99876124       0.0000000
       1824.1607      0.99887097      0.99865752       0.0000000
       1824.1815      0.99844432      0.99854219       0.0000000
       1824.2024      0.99903268      0.99867785       0.0000000
       1824.2232      0.99312222      0.99923050       128.00000
       1824.2440      0.99974084      0.99933141       0.0000000
       1824.2649      0.99913573      0.99926966       0.0000000
       1824.2857       1.0005611       1.0002609       0.0000000
       1824.3065       1.0006292       1.0000370       0.0000000
       1824.3274       1.0010600       1.0009236       0.0000000
       1824.3482       1.0019382       1.0015051       0.0000000
       1824.3690       1.0023750       1.0023811       0.0000000
       1824.3899       1.0034564       1.0029393       0.0000000
       1824.4107       1.0038249       1.0037665       0.0000000
       1824.4315       1.0049423       1.0043701       0.0000000
       1824.4524       1.0048031       1.0042539       0.0000000
       1824.4732       1.0040060       1.0038717       0.0000000
       1824.4940       1.0043057       1.0039246       0.0000000
       1824.5149       1.0034584       1.0034446       0.0000000
       1824.5357       1.0022575       1.0018324       0.0000000
       1824.5565       1.0014186       1.0012696       0.0000000
       1824.5774       1.0010738       1.0007757       128.00000
       1824.5982       1.0003637      0.99973863       0.0000000
       1824.6190      0.99978733      0.99948025       0.0000000
       1824.6399      0.99997658      0.99931228       0.0000000
       1824.6607      0.99922407      0.99904794       0.0000000
       1824.6815      0.99210924      0.99369383       128.00000
       1824.7024      0.98921090      0.98868465       0.0000000
       1824.7232      0.98976809      0.98911273       0.0000000
       1824.7440      0.99546486      0.99479681       0.0000000
       1824.7649      0.99840605      0.99797535       0.0000000
       1824.7857      0.99935472      0.99856764       0.0000000
       1824.8065      0.99890935      0.99843377       0.0000000
       1824.8274      0.99941689      0.99867404       128.00000
       1824.8482      0.99895191      0.99848133       0.0000000
       1824.8690      0.99858862      0.99838668       0.0000000
       1824.8899      0.99947304      0.99861193       0.0000000
       1824.9107      0.99911737      0.99864548       0.0000000
       1824.9315      0.99932897      0.99842316       0.0000000
       1824.9524      0.99987704      0.99945849       0.0000000
       1824.9732      0.99928182      0.99860466       0.0000000
       1824.9940      0.99935222      0.99893379       0.0000000
       1825.0149      0.99997193      0.99958450       0.0000000
       1825.0357      0.99969852      0.99895400       0.0000000
       1825.0565      0.99909705      0.99892038       0.0000000
       1825.0774      0.99963641      0.99903315       0.0000000
       1825.0982      0.99924874      0.99890274       0.0000000
       1825.1190       1.0000000      0.99950421       0.0000000
       1825.1399       1.0001607      0.99958968       0.0000000
       1825.1607       1.0003825      0.99986309       0.0000000
       1825.1815       1.0003629      0.99960721       0.0000000
       1825.2024       1.0006158       1.0001192       0.0000000
       1825.2232       1.0001415      0.99930036       0.0000000
       1825.2440       1.0009354      0.99993443       0.0000000
       1825.2649       1.0007201       1.0003980       0.0000000
       1825.2857       1.0001717      0.99939460       0.0000000
       1825.3065       1.0011336       1.0007595       0.0000000
       1825.3274       1.0006481      0.99996096       0.0000000
       1825.3482       1.0005573      0.99942863       0.0000000
       1825.3690       1.0007576       1.0001562       0.0000000
       1825.3899       1.0008759       1.0000648       0.0000000
       1825.4107       1.0010127       1.0002239       0.0000000
       1825.4315       1.0006527      0.99942034       0.0000000
       1825.4524       1.0008737      0.99978232       0.0000000
       1825.4732       1.0004094      0.99953961       0.0000000
       1825.4940      0.99929190      0.99838340       0.0000000
       1825.5149       1.0000167      0.99952316       0.0000000
       1825.5357      0.99943632      0.99832064       0.0000000
       1825.5565      0.99991518      0.99902785       0.0000000
       1825.5774      0.99948090      0.99821359       0.0000000
       1825.5982      0.99994701      0.99863124       0.0000000
       1825.6190      0.99907315      0.99802506       0.0000000
       1825.6399      0.99943608      0.99832177       0.0000000
       1825.6607      0.99970555      0.99884909       0.0000000
       1825.6815      0.99912542      0.99792123       0.0000000
       1825.7024      0.99913812      0.99802774       0.0000000
       1825.7232      0.99959052      0.99853021       0.0000000
       1825.7440      0.99898130      0.99785602       0.0000000
       1825.7649      0.99982828      0.99884379       0.0000000
       1825.7857       1.0000033      0.99877816       0.0000000
       1825.8065      0.99956077      0.99830973       0.0000000
       1825.8274      0.99948233      0.99834138       0.0000000
       1825.8482      0.99935019      0.99801075       0.0000000
       1825.8690      0.99920952      0.99823672       0.0000000
       1825.8899      0.99955368      0.99826670       0.0000000
       1825.9107      0.99881476      0.99760967       0.0000000
       1825.9315       1.0001532      0.99888307       0.0000000
       1825.9524      0.99916196      0.99763411       0.0000000
       1825.9732      0.99867362      0.99749631       0.0000000
       1825.9940      0.99852985      0.99722373       0.0000000
       1826.0149      0.99880773      0.99722928       0.0000000
       1826.0357      0.99844587      0.99674505       0.0000000
       1826.0565      0.99911308      0.99759620       0.0000000
       1826.0774      0.99849981      0.99716520       0.0000000
       1826.0982      0.99887174      0.99700516       0.0000000
       1826.1190      0.99871415      0.99745601       0.0000000
       1826.1399   4.3605578e-15      0.90894622       128.00000
       1826.1607      0.99944371      0.99770206       0.0000000
       1826.1815      0.99890137      0.99761271       0.0000000
       1826.2024      0.99983603      0.99801785       0.0000000
       1826.2232      0.99929893      0.99832237       0.0000000
       1826.2440      0.99986696      0.99832159       0.0000000
       1826.2649       1.0003692      0.99894404       0.0000000
       1826.2857       1.0002984      0.99856776       0.0000000
       1826.3065       1.0016670       1.0000525       0.0000000
       1826.3274       1.0017341       1.0001684       128.00000
       1826.3482       1.0023806       1.0006294       0.0000000
       1826.3690       1.0037725       1.0021868       0.0000000
       1826.3899       1.0040070       1.0020829       0.0000000
       1826.4107       1.0052314       1.0035454       0.0000000
       1826.4315       1.0043926       1.0029720       0.0000000
       1826.4524       1.0046881       1.0030437       0.0000000
       1826.4732       1.0043396       1.0026852       0.0000000
       1826.4940       1.0028112       1.0009551       0.0000000
       1826.5149       1.0023066       1.0003430       0.0000000
       1826.5357       1.0008214      0.99960804       0.0000000
       1826.5565       1.0009637      0.99901676       0.0000000
       1826.5774      0.99964684      0.99812418       0.0000000
       1826.5982      0.99914086      0.99728477       0.0000000
       1826.6190      0.99857622      0.99701756       0.0000000
       1826.6399      0.99841100      0.99672395       0.0000000
       1826.6607      0.99775416      0.99581152       0.0000000
       1826.6815      0.99216521      0.98959571       128.00000
       1826.7024      0.98714626      0.98518157       0.0000000
       1826.7232      0.99147183      0.98986685       0.0000000
       1826.7440      0.99678111      0.99480116       0.0000000
       1826.7649       1.0000348      0.99789584       0.0000000
       1826.7857      0.99979532      0.99779314       0.0000000
       1826.8065      0.99968439      0.99726927       0.0000000
       1826.8274      0.99900067      0.99681842       0.0000000
       1826.8482       1.0001072      0.99772036       0.0000000
       1826.8690       1.0004163      0.99789184       0.0000000
       1826.8899       1.0000035      0.99779755       0.0000000
       1826.9107       1.0004714      0.99804068       0.0000000
       1826.9315       1.0005246      0.99803686       0.0000000
       1826.9524       1.0007501      0.99778360       128.00000
       1826.9732       1.0009096      0.99828875       0.0000000
       1826.9940       1.0007943      0.99817562       0.0000000
       1827.0149       1.0007038      0.99785829       0.0000000
       1827.0357       1.0008520      0.99795109       0.0000000
       1827.0565       1.0019245      0.99845028       0.0000000
       1827.0774       1.0021654      0.99874002       0.0000000
       1827.0982       1.0020111      0.99893695       128.00000
       1827.1190       1.0022972      0.99833709       128.00000
       1827.1399       1.0018760      0.99826461       0.0000000
       1827.1607       1.0020152      0.99852574       0.0000000
       1827.1815       1.0002545      0.99824899       128.00000
       1827.2024       1.0017176      0.99829477       0.0000000
       1827.2232       1.0018500      0.99781758       0.0000000
       1827.2440       1.0020593      0.99818301       0.0000000
       1827.2649       1.0018996      0.99820018       0.0000000
       1827.2857       1.0017254      0.99798453       0.0000000
       1827.3065       1.0010630      0.99691039       0.0000000
       1827.3274       1.0013297      0.99715060       0.0000000
       1827.3482       1.0013703      0.99714452       0.0000000
       1827.3690       1.0011246      0.99711329       0.0000000
       1827.3899       1.0003325      0.99568301       0.0000000
       1827.4107       1.0006336      0.99632442       0.0000000
       1827.4315      0.99979186      0.99487072       0.0000000
       1827.4524      0.99974173      0.99459904       0.0000000
       1827.4732      0.99940413      0.99471003       0.0000000
       1827.4940       1.0000187      0.99414700       0.0000000
       1827.5149       1.0002446      0.99472225       0.0000000
       1827.5357      0.99958283      0.99370182       0.0000000
       1827.5565      0.99952251      0.99323833       0.0000000
       1827.5774      0.99902952      0.99316698       0.0000000
       1827.5982      0.99921578      0.99271572       0.0000000
       1827.6190       1.0003593      0.99292868       0.0000000
       1827.6399       1.0000314      0.99311727       0.0000000
       1827.6607      0.99990630      0.99224049       0.0000000
       1827.6815       1.0000916      0.99172139       0.0000000
       1827.7024       1.0002520      0.99114406       0.0000000
       1827.7232      0.99893832      0.98949075       0.0000000
       1827.7440      0.99876690      0.98898137       0.0000000
       1827.7649      0.99879724      0.98856062       0.0000000
       1827.7857      0.99896073      0.98838484       0.0000000
       1827.8065      0.99911231      0.98818755       0.0000000
       1827.8274      0.99869055      0.98746997       0.0000000
       1827.8482      0.99933696      0.98771024       128.00000
       1827.8690      0.99991363      0.98795044       0.0000000
       1827.8899      0.99937934      0.98723620       0.0000000
       1827.9107       1.0005869      0.98809010       0.0000000
       1827.9315       1.0001596      0.98710138       0.0000000
       1827.9524       1.0014659      0.98813802       0.0000000
       1827.9732       1.0035349      0.98881000       0.0000000
       1828.9732  -1.0945686e-13      0.99899757       128.00000
       1828.9940       1.0016880       1.0004952       0.0000000
       1829.0149       1.0021310       1.0014969       0.0000000
       1829.0357       1.0012996       1.0015359       0.0000000
       1829.0565       1.0013649       1.0011753       0.0000000
       1829.0774       1.0003330       1.0013485       0.0000000
       1829.0982       1.0004998       1.0017020       0.0000000
       1829.1190       1.0008552       1.0023479       0.0000000
       1829.1399       1.0000694       1.0018421       0.0000000
       1829.1607      0.99948961       1.0016739       0.0000000
       1829.1815       1.0003856       1.0022743       128.00000
       1829.2024       1.0000172       1.0021617       128.00000
       1829.2232      0.99963397       1.0021728       0.0000000
       1829.2440      0.99933976       1.0016543       0.0000000
       1829.2649      0.99947524       1.0021281       128.00000
       1829.2857      0.99972463       1.0024358       0.0000000
       1829.3065       1.0003409       1.0026857       0.0000000
       1829.3274      0.99935800       1.0023950       0.0000000
       1829.3482       1.0000746       1.0026599       0.0000000
       1829.3690      0.99991286       1.0023506       0.0000000
       1829.3899      0.99975795       1.0020362       128.00000
       1829.4107       1.0000892       1.0024401       0.0000000
       1829.4315      0.99983394       1.0020664       128.00000
       1829.4524      0.99905318       1.0014014       0.0000000
       1829.4732      0.99903142       1.0009062       0.0000000
       1829.4940      0.99882478       1.0012408       0.0000000
       1829.5149      0.99885416       1.0011187       0.0000000
       1829.5357      0.99944842       1.0012167       0.0000000
       1829.5565      0.99921358       1.0016757       128.00000
       1829.5774      0.99898082       1.0007601       0.0000000
       1829.5982      0.99946427       1.0009860       128.00000
       1829.6190      0.99994200       1.0016092       128.00000
       1829.6399      0.99990690       1.0004437       0.0000000
       1829.6607       1.0004647       1.0013102       128.00000
       1829.6815      0.99925268       1.0003029       0.0000000
       1829.7024       1.0003990       1.0007690       0.0000000
       1829.7232      0.99917310      0.99984765       0.0000000
       1829.7440      0.99880028      0.99971288       0.0000000
       1829.7649      0.99847716      0.99959898       0.0000000
       1829.7857      0.99962443       1.0000114       0.0000000
       1829.8065      0.99870467      0.99873322       0.0000000
       1829.8274       1.0003536       1.0005239       0.0000000
       1829.8482      0.99997795       1.0001705       0.0000000
       1829.8690      0.99899012      0.99911857       128.00000
       1829.8899       1.0003233       1.0000949       0.0000000
       1829.9107      0.99979168       1.0005010       0.0000000
       1829.9315      0.99906343      0.99963528       0.0000000
       1829.9524      0.99983740      0.99993652       0.0000000
       1829.9732      0.99861020      0.99890655       0.0000000
       1829.9940      0.99887049      0.99946028       0.0000000
       1830.0149      0.99969298      0.99998635       0.0000000
       1830.0357      0.99945742      0.99994648       0.0000000
       1830.0565      0.99957073       1.0000479       0.0000000
       1830.0774      0.99934280      0.99967664       0.0000000
       1830.0982      0.99949008      0.99952799       0.0000000
       1830.1190      0.99899811      0.99956763       0.0000000
       1830.1399      0.99916482       1.0001439       0.0000000
       1830.1607      0.99885619      0.99945295       128.00000
       1830.1815      0.99968898       1.0001767       0.0000000
       1830.2024      0.99991101       1.0001774       0.0000000
       1830.2232      0.99953055       1.0001183       0.0000000
       1830.2440      0.99894738       1.0006413       0.0000000
       1830.2649      0.99920863       1.0004770       0.0000000
       1830.2857      0.99927956       1.0002569       0.0000000
       1830.3065       1.0004731       1.0015330       0.0000000
       1830.3274       1.0012305       1.0023420       0.0000000
       1830.3482       1.0020484       1.0032749       0.0000000
       1830.3690       1.0026435       1.0042583       0.0000000
       1830.3899       1.0033348       1.0048236       0.0000000
       1830.4107       1.0035973       1.0047723       0.0000000
       1830.4315       1.0037208       1.0048200       0.0000000
       1830.4524       1.0033209       1.0043333       0.0000000
       1830.4732       1.0027308       1.0039178       0.0000000
       1830.4940       1.0014945       1.0029459       0.0000000
       1830.5149       1.0008930       1.0022460       0.0000000
       1830.5357       1.0006329       1.0019166       0.0000000
       1830.5565      0.99959272       1.0011344       128.00000
       1830.5774      0.99925739       1.0007129       0.0000000
       1830.5982      0.99871558       1.0001800       0.0000000
       1830.6190      0.99821067      0.99942684       0.0000000
       1830.6399      0.99801350      0.99957401       0.0000000
       1830.6607      0.99152344      0.99308604       0.0000000
       1830.6815      0.98694259      0.98789251       0.0000000
       1830.7023      0.98902243      0.99044949       0.0000000
       1830.7232      0.99590456      0.99738151       0.0000000
       1830.7440      0.99842668      0.99964458       0.0000000
       1830.7648      0.99832851      0.99978036       0.0000000
       1830.7857      0.99807906      0.99979413       0.0000000
       1830.8065      0.99786419      0.99932635       0.0000000
       1830.8273      0.99859124       1.0003523       0.0000000
       1830.8482      0.99890077       1.0002701       0.0000000
       1830.8690      0.99907100       1.0009415       0.0000000
       1830.8898      0.99942613       1.0010134       0.0000000
       1830.9107       1.0000978       1.0016254       0.0000000
       1830.9315      0.99937785       1.0008932       0.0000000
       1830.9523      0.99957138       1.0011948       0.0000000
       1830.9732       1.0009216       1.0021394       0.0000000
       1830.9940       1.0001922       1.0017468       0.0000000
       1831.0148       1.0002939       1.0019953       0.0000000
       1831.0357       1.0009668       1.0023129       0.0000000
       1831.0565       1.0003916       1.0019237       0.0000000
       1831.0773      0.99937171       1.0010021       0.0000000
       1831.0982       1.0004684       1.0021678       0.0000000
       1831.1190       1.0007962       1.0022030       0.0000000
       1831.1398       1.0012310       1.0019199       128.00000
       1831.1607       1.0000000       1.0012145       128.00000
       1831.1815       1.0010232       1.0022248       0.0000000
       1831.2023      0.99952888       1.0008841       0.0000000
       1831.2232      0.99961311       1.0012004       0.0000000
       1831.2440      0.99987137       1.0015500       128.00000
       1831.2648      0.99998212       1.0015978       128.00000
       1831.2857      0.99915260       1.0005970       0.0000000
       1831.3065      0.99905211       1.0007672       0.0000000
       1831.3273      0.99953717       1.0008042       0.0000000
       1831.3482      0.99917001       1.0009928       0.0000000
       1831.3690      0.99977922       1.0012050       0.0000000
       1831.3898      0.99936706       1.0011904       0.0000000
       1831.4107      0.99918687       1.0005628       128.00000
       1831.4315      0.99966031       1.0013328       128.00000
       1831.4523      0.99897283       1.0007778       0.0000000
       1831.4732       1.0000035       1.0014318       128.00000
       1831.4940      0.99896610       1.0003980       0.0000000
       1831.5148      0.99969047       1.0011349       0.0000000
       1831.5357      0.99972397       1.0013491       0.0000000
       1831.5565       1.0000823       1.0012757       0.0000000
       1831.5773      0.99943036       1.0006924       128.00000
       1831.5982      0.99997902       1.0014173       0.0000000
       1831.6190       1.0007404       1.0019439       0.0000000
       1831.6398       1.0005755       1.0016271       128.00000
       1831.6607       1.0001489       1.0012434       0.0000000
       1831.6815       1.0002182       1.0014141       128.00000
       1831.7023       1.0001864       1.0014615       0.0000000
       1831.7232      0.99933314       1.0007110       0.0000000
       1831.7440       1.0005666       1.0014096       0.0000000
       1831.7648      0.99966681       1.0006844       0.0000000
       1831.7857      0.99963820       1.0004679       128.00000
       1831.8065      0.99960625       1.0006956       128.00000
       1831.8273      0.99895179       1.0003862       0.0000000
       1831.8482      0.99959636       1.0004901       0.0000000
       1831.8690      0.99864465       1.0001118       0.0000000
       1831.8898      0.99826843      0.99938834       0.0000000
       1831.9107      0.99846381      0.99967319       0.0000000
       1831.9315      0.99868566       1.0000000       0.0000000
       1831.9523      0.99889547      0.99987906       0.0000000
       1831.9732      0.99845070      0.99966854       0.0000000
       1831.9940      0.99827039      0.99883187       0.0000000
       1832.0148      0.99897987       1.0001194       0.0000000
       1832.0357      0.99888164       1.0002185       0.0000000
       1832.0565      0.99895614       1.0003132       0.0000000
       1832.0773      0.99942523       1.0004840       0.0000000
       1832.0982      0.99890345       1.0001236       0.0000000
       1832.1190      0.99898738       1.0003796       0.0000000
       1832.1398      0.99924761       1.0007324       0.0000000
       1832.1607      0.99924451       1.0006717       0.0000000
       1832.1815      0.99880195       1.0003706       0.0000000
       1832.2023      0.99960810       1.0012764       0.0000000
       1832.2232       1.0006611       1.0018210       0.0000000
       1832.2440       1.0004491       1.0018778       0.0000000
       1832.2648       1.0010900       1.0023502       0.0000000
       1832.2857       1.0024828       1.0035170       0.0000000
       1832.3065       1.0030580       1.0041941       0.0000000
       1832.3273       1.0032605       1.0046818       0.0000000
       1832.3482       1.0039487       1.0053134       0.0000000
       1832.3690       1.0054222       1.0066825       0.0000000
       1832.3898       1.0047122       1.0059572       0.0000000
       1832.4107       1.0050584       1.0062921       0.0000000
       1832.4315       1.0047349       1.0058908       0.0000000
       1832.4523       1.0047131       1.0056826       0.0000000
       1832.4732       1.0037018       1.0048566       0.0000000
       1832.4940       1.0031238       1.0042499       0.0000000
       1832.5148       1.0012095       1.0023384       0.0000000
       1832.5357       1.0010942       1.0018735       0.0000000
       1832.5565      0.99969119       1.0006821       128.00000
       1832.5773      0.99975294       1.0008399       0.0000000
       1832.5982      0.99936622       1.0003364       0.0000000
       1832.6190      0.99975485       1.0007863       0.0000000
       1832.6398      0.99639243      0.99736851       0.0000000
       1832.6607      0.99065500      0.99186492       0.0000000
       1832.6815      0.98797381      0.98882687       0.0000000
       1832.7023      0.99242175      0.99343544       0.0000000
       1832.7232      0.99893314      0.99998248       0.0000000
       1832.7440      0.99934548       1.0004439       0.0000000
       1832.7648       1.0000553       1.0008258       0.0000000
       1832.7857      0.99886817      0.99995804       0.0000000
       1832.8065      0.99945801       1.0003694       0.0000000
       1832.8273       1.0008795       1.0016227       0.0000000
       1832.8482       1.0003148       1.0009990       0.0000000
       1832.8690      0.99940532       1.0006576       0.0000000
       1832.8898       1.0000486       1.0013198       0.0000000
       1832.9107      0.99958158       1.0005170       0.0000000
       1832.9315       1.0000216       1.0007455       0.0000000
       1832.9523       1.0009670       1.0017327       0.0000000
       1832.9732      0.99978691       1.0008330       0.0000000
       1832.9940       1.0002862       1.0014079       0.0000000
       1833.0148      0.99984044       1.0009511       0.0000000
       1833.0357       1.0007702       1.0014136       0.0000000
       1833.0565       1.0004460       1.0015641       0.0000000
       1833.0773       1.0003406       1.0012968       0.0000000
       1833.0982       1.0005537       1.0011797       0.0000000
       1833.1190       1.0008390       1.0018387       0.0000000
       1833.1398       1.0002841       1.0011473       0.0000000
       1833.1607       1.0013659       1.0019989       0.0000000
       1833.1815       1.0013798       1.0021188       0.0000000
       1833.2023       1.0011842       1.0020581       0.0000000
       1833.2232       1.0005823       1.0013409       0.0000000
       1833.2440       1.0001518       1.0010923       0.0000000
       1833.2648       1.0009729       1.0017627       0.0000000
       1833.2857       1.0007930       1.0016310       0.0000000
       1833.3065       1.0009029       1.0019817       0.0000000
       1833.3273       1.0012572       1.0020355       0.0000000
       1833.3482       1.0008738       1.0015666       0.0000000
       1833.3690       1.0009054       1.0015345       0.0000000
       1833.3898       1.0006996       1.0016228       0.0000000
       1833.4107       1.0002609       1.0011070       0.0000000
       1833.4315       1.0006750       1.0012568       0.0000000
       1833.4523       1.0002085       1.0008057       0.0000000
       1833.4732       1.0008450       1.0014722       0.0000000
       1833.4940       1.0006980       1.0011414       0.0000000
       1833.5148      0.99967754       1.0002265       0.0000000
       1833.5357       1.0001357       1.0010506       0.0000000
       1833.5565      0.99886233       1.0001246       0.0000000
       1833.5773      0.99967784       1.0007659       0.0000000
       1833.5982      0.99981838       1.0006038       0.0000000
       1833.6190       1.0001479       1.0010326       0.0000000
       1833.6398      0.99983013       1.0005761       0.0000000
       1833.6607      0.99996048       1.0010065       0.0000000
       1833.6815       1.0000530       1.0009532       0.0000000
       1833.7023       1.0004694       1.0013129       0.0000000
       1833.7232       1.0003997       1.0006236       0.0000000
       1833.7440      0.99931234       1.0003111       0.0000000
       1833.7648      0.99957019      0.99967194       0.0000000
       1833.7857       1.0006516       1.0004207       0.0000000
       1833.8065       1.0002390      0.99999261       128.00000
       1833.8273       1.0008879       1.0006220       0.0000000
       1833.8481       1.0007460       1.0007592       0.0000000
       1833.8690       1.0003043       1.0006542       0.0000000
       1833.8898       1.0004227      0.99973869       0.0000000
       1833.9106       1.0003321      0.99956805       0.0000000
       1833.9315      0.99941260      0.99961925       0.0000000
       1833.9523       1.0002860       1.0002339       0.0000000
       1833.9731       1.0004828       1.0000951       0.0000000
       1833.9940      0.99952900      0.99899405       0.0000000
       1834.0148      0.99999589      0.99923927       0.0000000
       1834.0356      0.99921715      0.99930882       0.0000000
       1834.0565      0.99970138      0.99942851       0.0000000
       1834.0773       1.0002640      0.99927855       0.0000000
       1834.0981      0.99994898      0.99948019       0.0000000
       1834.1190       1.0005056       1.0000454       0.0000000
       1834.1398      0.99997997       1.0000473       0.0000000
       1834.1606       1.0011022       1.0006891       0.0000000
       1834.1815       1.0003624      0.99953097       0.0000000
       1834.2023       1.0004766      0.99987209       128.00000
       1834.2231       1.0008446       1.0005585       0.0000000
       1834.2440       1.0007553       1.0006914       0.0000000
       1834.2648  -1.0095782e-13      0.92142808       128.00000
       1834.2856       1.0026146       1.0031406       0.0000000
       1834.3065       1.0034900       1.0038981       0.0000000
       1834.3273       1.0036273       1.0041956       0.0000000
       1834.3481       1.0045043       1.0046452       0.0000000
       1834.3690       1.0047096       1.0054262       0.0000000
       1834.3898       1.0050132       1.0055810       0.0000000
       1834.4106       1.0046637       1.0049959       0.0000000
       1834.4315       1.0058585       1.0059383       0.0000000
       1834.4523       1.0053693       1.0052580       0.0000000
       1834.4731       1.0030534       1.0034221       0.0000000
       1834.4940       1.0025880       1.0030118       0.0000000
       1834.5148       1.0012060       1.0013310       0.0000000
       1834.5356       1.0005857       1.0005021       0.0000000
       1834.5565      0.99968302       1.0001205       0.0000000
       1834.5773      0.99956805       1.0001186       0.0000000
       1834.5981      0.99941367      0.99986565       0.0000000
       1834.6190      0.99894202      0.99954820       0.0000000
       1834.6398      0.99364412      0.99401283       0.0000000
       1834.6606      0.98777330      0.98847198       0.0000000
       1834.6815      0.98869658      0.98941523       0.0000000
       1834.7023      0.99606764      0.99667102       0.0000000
       1834.7231      0.99898660      0.99922019       0.0000000
       1834.7440      0.99962270       1.0000268       0.0000000
       1834.7648      0.99931103      0.99993604       0.0000000
       1834.7856      0.99872589      0.99910021       0.0000000
       1834.8065      0.99984449       1.0002338       0.0000000
       1834.8273       1.0010961       1.0014482       0.0000000
       1834.8481       1.0004963       1.0007880       0.0000000
       1834.8690       1.0003543       1.0006212       0.0000000
       1834.8898       1.0002158       1.0005420       0.0000000
       1834.9106       1.0006967       1.0009606       0.0000000
       1834.9315       1.0006971       1.0006527       128.00000
       1834.9523       1.0005791       1.0008057       0.0000000
       1834.9731       1.0002891       1.0005448       0.0000000
       1834.9940       1.0005744       1.0010588       0.0000000
       1835.0148      0.99987000      0.99989027       0.0000000
       1835.0356       1.0009285       1.0009843       0.0000000
       1835.0565       1.0007274       1.0005701       128.00000
       1835.0773       1.0012463       1.0013431       0.0000000
       1835.0981       1.0013030       1.0012112       0.0000000
       1835.1190       1.0010678       1.0009066       128.00000
       1835.1398       1.0015897       1.0011762       0.0000000
       1835.1606       1.0008715       1.0007955       0.0000000
       1835.1815       1.0018754       1.0020776       0.0000000
       1835.2023       1.0015682       1.0014861       0.0000000
       1835.2231       1.0010743       1.0010005       0.0000000
       1835.2440       1.0014162       1.0015730       0.0000000
       1835.2648       1.0008842       1.0010689       0.0000000
       1835.2856       1.0002807       1.0001459       0.0000000
       1835.3065       1.0013362       1.0010195       0.0000000
       1835.3273       1.0014975       1.0007961       0.0000000
       1835.3481       1.0009738       1.0001160       0.0000000
       1835.3690      0.99995208      0.99990809       0.0000000
       1835.3898       1.0000945      0.99994618       0.0000000
       1835.4106       1.0002536       1.0000384       0.0000000
       1835.4315       1.0004196       1.0000783       0.0000000
       1835.4523       1.0002577      0.99950552       0.0000000
       1835.4731      0.99948710      0.99929780       0.0000000
       1835.4940      0.99936920      0.99940002       0.0000000
       1835.5148      0.99906707      0.99870032       0.0000000
       1835.5356      0.99944973      0.99913967       0.0000000
       1835.5565      0.99992478      0.99996179       0.0000000
       1835.5773       1.0003546      0.99996084       128.00000
       1835.5981       1.0000142      0.99997395       128.00000
       1835.6190       1.0000812      0.99960947       128.00000
       1835.6398      0.99966526      0.99901092       128.00000
       1835.6606       1.0002432      0.99984658       0.0000000
       1835.6815       1.0003737      0.99934101       0.0000000
       1835.7023       1.0001662      0.99968922       0.0000000
       1835.7231      0.99976647      0.99876016       128.00000
       1835.7440       1.0002741      0.99949795       0.0000000
       1835.7648       1.0000757      0.99944025       0.0000000
       1835.7856       1.0006464       1.0001398       0.0000000
       1835.8065       1.0000722      0.99964672       0.0000000
       1835.8273       1.0016277       1.0008187       128.00000
       1835.8481      0.99990761      0.99918234       0.0000000
       1835.8690      0.99982798      0.99928296       0.0000000
       1835.8898      0.99941891      0.99885285       0.0000000
       1835.9106      0.99931818      0.99905032       0.0000000
       1835.9315       1.0002174      0.99967426       0.0000000
       1835.9523       1.0001459      0.99956703       128.00000
       1835.9731       1.0001119      0.99957252       0.0000000
       1835.9940       1.0000027      0.99937660       0.0000000
       1836.0148      0.99962366      0.99927831       0.0000000
       1836.0356      0.99902862      0.99878979       0.0000000
       1836.0565      0.99942470      0.99886596       0.0000000
       1836.0773      0.99963433      0.99883848       0.0000000
       1836.0981      0.99986100      0.99908072       0.0000000
       1836.1190      0.99962997      0.99911547       128.00000
       1836.1398      0.99908757      0.99837703       0.0000000
       1836.1606      0.99951524      0.99855399       0.0000000
       1836.1815       1.0009456      0.99940664       128.00000
       1836.2023       1.0009022      0.99983031       0.0000000
       1836.2231       1.0012771      0.99976414       0.0000000
       1836.2439       1.0012432      0.99997151       0.0000000
       1836.2648       1.0019295       1.0005974       128.00000
       1836.2856       1.0016338       1.0005730       128.00000
       1836.3064       1.0027844       1.0024676       0.0000000
       1836.3273       1.0039693       1.0031390       0.0000000
       1836.3481       1.0051652       1.0040992       0.0000000
       1836.3689       1.0058452       1.0045716       0.0000000
       1836.3898       1.0055724       1.0046545       0.0000000
       1836.4106       1.0044628       1.0036548       0.0000000
       1836.4314       1.0048864       1.0042562       0.0000000
       1836.4523       1.0044386       1.0034531       0.0000000
       1836.4731       1.0030632       1.0021044       0.0000000
       1836.4939       1.0021250       1.0015378       0.0000000
       1836.5148       1.0013201       1.0003937       128.00000
       1836.5356       1.0013076       1.0005126       0.0000000
       1836.5564       1.0001063      0.99950045       0.0000000
       1836.5773      0.99937463      0.99840331       0.0000000
       1836.5981      0.99936438      0.99875104       0.0000000
       1836.6189      0.99755770      0.99648082       0.0000000
       1836.6398      0.99076599      0.99009633       0.0000000
       1836.6606      0.98740488      0.98668188       0.0000000
       1836.6814      0.99104232      0.99046189       0.0000000
       1836.7023      0.99723858      0.99677479       0.0000000
       1836.7231      0.99971581      0.99886829       0.0000000
       1836.7439      0.99856400      0.99765891       0.0000000
       1836.7648      0.99868947      0.99795479       0.0000000
       1836.7856      0.99940890      0.99830210       0.0000000
       1836.8064      0.99974358      0.99906081       0.0000000
       1836.8273       1.0002476      0.99936873       0.0000000
       1836.8481      0.99879956      0.99818915       0.0000000
       1836.8689      0.99974298      0.99915439       0.0000000
       1836.8898       1.0001912      0.99933600       0.0000000
       1836.9106       1.0008364       1.0000768       0.0000000
       1836.9314       1.0001709      0.99963528       0.0000000
       1836.9523      0.99968672      0.99905413       0.0000000
       1836.9731       1.0002890      0.99956602       0.0000000
       1836.9939       1.0015117       1.0006492       0.0000000
       1837.0148       1.0004237      0.99961615       0.0000000
       1837.0356       1.0013151       1.0002536       0.0000000
       1837.0564       1.0008914       1.0000519       0.0000000
       1837.0773       1.0011669       1.0001190       0.0000000
       1837.0981       1.0011530       1.0001839       0.0000000
       1837.1189       1.0016962       1.0008518       128.00000
       1837.1398       1.0011849       1.0004960       0.0000000
       1837.1606       1.0003259      0.99967855       0.0000000
       1837.1814       1.0006807      0.99989176       0.0000000
       1837.2023       1.0012468       1.0001507       0.0000000
       1837.2231       1.0005304      0.99940073       0.0000000
       1837.2439       1.0002048      0.99924523       0.0000000
       1837.2648       1.0002905      0.99902475       0.0000000
       1837.2856       1.0001037      0.99916422       0.0000000
       1837.3064      0.99989897      0.99885947       0.0000000
       1837.3273       1.0006353      0.99941987       0.0000000
       1837.3481       1.0000286      0.99875969       0.0000000
       1837.3689       1.0000389      0.99905962       0.0000000
       1837.3898       1.0003619      0.99901956       0.0000000
       1837.4106      0.99987745      0.99882895       0.0000000
       1837.4314       1.0001115      0.99916953       0.0000000
       1837.4523      0.99939299      0.99860650       0.0000000
       1837.4731       1.0002912      0.99947214       0.0000000
       1837.4939       1.0002221      0.99926549       0.0000000
       1837.5148       1.0001858      0.99935228       0.0000000
       1837.5356       1.0008327      0.99968505       0.0000000
       1837.5564       1.0001900      0.99934375       0.0000000
       1837.5773       1.0009398      0.99961305       0.0000000
       1837.5981       1.0007051      0.99990427       0.0000000
       1837.6189       1.0003364      0.99928617       0.0000000
       1837.6398      0.99992806      0.99914736       0.0000000
       1837.6606      0.99975324      0.99903202       0.0000000
       1837.6814      0.99981576      0.99885219       0.0000000
       1837.7023      0.99990803      0.99903345       0.0000000
       1837.7231      0.99992567      0.99874896       0.0000000
       1837.7439      0.99842024      0.99763608       0.0000000
       1837.7648      0.99903721      0.99812567       0.0000000
       1837.7856      0.99925274      0.99822295       0.0000000
       1837.8064      0.99902838      0.99811065       0.0000000
       1837.8273      0.99940383      0.99836975       0.0000000
       1837.8481      0.99900484      0.99816996       0.0000000
       1837.8689      0.99868298      0.99789912       0.0000000
       1837.8898      0.99903452      0.99797773       0.0000000
       1837.9106      0.99843639      0.99749660       0.0000000
       1837.9314      0.99852192      0.99754864       0.0000000
       1837.9523      0.99874377      0.99760354       0.0000000
       1837.9731      0.99858648      0.99764532       0.0000000
       1837.9939      0.99877357      0.99767494       0.0000000
       1838.0148      0.99812388      0.99724948       0.0000000
       1838.0356      0.99934161      0.99835211       0.0000000
       1838.0564      0.99918383      0.99824953       0.0000000
       1838.0773      0.99855572      0.99761629       0.0000000
       1838.0981      0.99928063      0.99833524       0.0000000
       1838.1189      0.99906975      0.99814129       0.0000000
       1838.1398      0.99941790      0.99833125       0.0000000
       1838.1606      0.99882567      0.99775338       0.0000000
       1838.1814      0.99972814      0.99864089       0.0000000
       1838.2023       1.0000815      0.99889588       0.0000000
       1838.2231       1.0003278      0.99930418       0.0000000
       1838.2439       1.0006785      0.99953318       0.0000000
       1838.2647       1.0018725       1.0007926       0.0000000
       1838.2856       1.0019355       1.0006927       0.0000000
       1838.3064       1.0029184       1.0018740       0.0000000
       1838.3272       1.0026695       1.0017192       0.0000000
       1838.3481       1.0035276       1.0024571       0.0000000
       1838.3689       1.0033965       1.0025673       0.0000000
       1838.3897       1.0039330       1.0028176       0.0000000
       1838.4106       1.0034828       1.0023732       0.0000000
       1838.4314       1.0023569       1.0014770       0.0000000
       1838.4522       1.0017471       1.0006953       0.0000000
       1838.4731       1.0010743       1.0001264       0.0000000
       1838.4939       1.0000064      0.99875516       0.0000000
       1838.5147      0.99981910      0.99872392       0.0000000
       1838.5356      0.99916291      0.99771148       0.0000000
       1838.5564      0.99839354      0.99728626       0.0000000
       1838.5772      0.99894232      0.99760395       0.0000000
       1838.5981      0.99843371      0.99703771       0.0000000
       1838.6189      0.99382734      0.99237448       0.0000000
       1838.6397      0.98938036      0.98703998       0.0000000
       1838.6606      0.98881036      0.98665541       0.0000000
       1838.6814      0.99438673      0.99238700       0.0000000
       1838.7022      0.99868256      0.99703598       0.0000000
       1838.7439      0.99987382      0.99818224       128.00000
       1838.7647      0.99986619      0.99812400       0.0000000
       1838.7856       1.0003339      0.99821764       0.0000000
       1838.8064       1.0008959      0.99891287       0.0000000
       1838.8272      0.99976009      0.99790418       0.0000000
       1838.8481      0.99906373      0.99771470       0.0000000
       1838.8689      0.99933541      0.99768257       0.0000000
       1838.8897      0.99981135      0.99797314       128.00000
       1838.9106       1.0005270      0.99772871       0.0000000
       1838.9314      0.99967360      0.99769008       0.0000000
       1838.9522       1.0001510      0.99811333       0.0000000
       1838.9731      0.99986410      0.99757260       0.0000000
       1838.9939       1.0004857      0.99743384       0.0000000
       1839.0147       1.0006608      0.99760520       0.0000000
       1839.0356      0.99963588      0.99725538       0.0000000
       1839.0564      0.99985820      0.99721873       0.0000000
       1839.0772      0.99991155      0.99738425       0.0000000
       1839.0981      0.99991059      0.99725235       0.0000000
       1839.1189       1.0001663      0.99757248       0.0000000
       1839.1397       1.0004699      0.99769264       0.0000000
       1839.1606       1.0004512      0.99779570       0.0000000
       1839.1814       1.0003327      0.99754417       0.0000000
       1839.2022       1.0007427      0.99781352       0.0000000
       1839.2231       1.0011744      0.99792433       0.0000000
       1839.2439       1.0006958      0.99828327       0.0000000
       1839.2647       1.0005161      0.99806136       0.0000000
       1839.2856       1.0010008      0.99798918       0.0000000
       1839.3064       1.0010664      0.99831372       0.0000000
       1839.3272       1.0005885      0.99767464       0.0000000
       1839.3481       1.0009094      0.99844038       0.0000000
       1839.3689       1.0011243      0.99801850       0.0000000
       1839.3897       1.0005664      0.99763763       128.00000
       1839.4106       1.0004945      0.99735600       0.0000000
       1839.4314      0.99958283      0.99642956       0.0000000
       1839.4522       1.0002556      0.99726081       0.0000000
       1839.4731      0.99977505      0.99719357       0.0000000
       1839.4939      0.99968773      0.99660373       0.0000000
       1839.5147  -9.8968278e-14      0.90326983       128.00000
       1839.5356      0.99928677      0.99679214       0.0000000
       1839.5564      0.99936920      0.99677038       0.0000000
       1839.5772      0.99905986      0.99611807       128.00000
       1839.5981      0.99963909      0.99640864       0.0000000
       1839.6189      0.99996006      0.99726605       0.0000000
       1839.6397      0.99969822      0.99636757       0.0000000
       1839.6606      0.99912828      0.99652040       0.0000000
       1839.6814      0.99919957      0.99658537       0.0000000
       1839.7022      0.99935770      0.99688768       128.00000
       1839.7231      0.99920422      0.99667281       0.0000000
       1839.7439      0.99972802      0.99721068       0.0000000
       1839.7647      0.99868530      0.99611485       128.00000
       1839.7856      0.99809331      0.99545413       128.00000
       1839.8064      0.99851459      0.99600536       128.00000
       1839.8272      0.99844617      0.99611580       128.00000
       1839.8481      0.99913961      0.99654299       0.0000000
       1839.8689      0.99904978      0.99640721       0.0000000
       1839.8897      0.99933666      0.99674064       128.00000
       1839.9106      0.99870586      0.99568236       128.00000
       1839.9314       1.0001851      0.99643600       128.00000
       1839.9522      0.99825472      0.99571854       0.0000000
       1839.9731      0.99868023      0.99608839       0.0000000
       1839.9939      0.99850529      0.99600136       128.00000
       1840.0147      0.99851215      0.99582487       0.0000000
       1840.0355      0.99935347      0.99677342       0.0000000
       1840.0564      0.99825150      0.99559295       0.0000000
       1840.0772      0.99813068      0.99517649       128.00000
       1840.0980      0.99914622      0.99631131       0.0000000
       1840.1189      0.99970186      0.99665117       0.0000000
       1840.1397      0.99942786      0.99659598       0.0000000
       1840.1605      0.99955207      0.99650031       128.00000
       1840.1814       1.0000530      0.99703592       0.0000000
       1840.2022      0.99980706      0.99673963       0.0000000
       1840.2230       1.0006558      0.99780875       0.0000000
       1840.2439       1.0012177      0.99818689       0.0000000
       1840.2647       1.0025321      0.99931467       0.0000000
       1840.2855       1.0035135       1.0002921       0.0000000
       1840.3064       1.0047811       1.0013758       0.0000000
       1840.3272       1.0053579       1.0019883       0.0000000
       1840.3480       1.0055714       1.0020758       0.0000000
       1840.3689       1.0053973       1.0015293       0.0000000
       1840.3897       1.0053940       1.0016270       0.0000000
       1840.4105       1.0043710       1.0008358       0.0000000
       1840.4314       1.0038815       1.0003166       0.0000000
       1840.4522       1.0026959      0.99885583       128.00000
       1840.4730       1.0024985      0.99858969       128.00000
       1840.4939       1.0001236      0.99636519       0.0000000
       1840.5147       1.0003793      0.99635768       0.0000000
       1840.5355      0.99910927      0.99492234       0.0000000
       1840.5564      0.99872923      0.99446374       0.0000000
       1840.5772      0.99813801      0.99369502       0.0000000
       1840.5980      0.99714482      0.99292117       0.0000000
       1840.6189      0.99052161      0.98595548       0.0000000
       1840.6397      0.98798805      0.98332834       0.0000000
       1840.6605      0.98952150      0.98496896       0.0000000
       1840.6814      0.99659163      0.99192613       128.00000
       1840.7022      0.99822921      0.99338490       0.0000000
       1840.7230      0.99851626      0.99357849       0.0000000
       1840.7439      0.99906552      0.99398422       0.0000000
       1840.7647      0.99897426      0.99371010       0.0000000
       1840.7855      0.99966460      0.99407417       0.0000000
       1840.8064      0.99947965      0.99379432       0.0000000
       1840.8272       1.0008206      0.99488300       128.00000
       1840.8480       1.0000633      0.99406064       0.0000000
       1840.8689      0.99992597      0.99403322       0.0000000
       1840.8897       1.0002419      0.99404550       0.0000000
       1840.9105       1.0000175      0.99357754       0.0000000
       1840.9314      0.99898410      0.99225336       0.0000000
       1840.9522       1.0003179      0.99314511       0.0000000
       1840.9730       1.0008054      0.99323732       0.0000000
       1840.9939       1.0009967      0.99304110       128.00000
       1841.0147       1.0005788      0.99247074       0.0000000
       1841.0355       1.0012552      0.99254000       0.0000000
       1841.0564       1.0017318      0.99241215       0.0000000
       1841.0772       1.0015912      0.99183857       0.0000000
       1841.0980       1.0016881      0.99129039       0.0000000
       1841.1189       1.0003803      0.98957115       0.0000000
       1841.1397       1.0011200      0.98982173       0.0000000
