    1154
       1816.1198       1.0005565       1.0018090       0.0000000
       1816.1406       1.0006117       1.0016655       0.0000000
       1816.1614       1.0008651       1.0019341       0.0000000
       1816.1823       1.0012774       1.0019058       0.0000000
       1816.2031       1.0013335       1.0018457       0.0000000
       1816.2239       1.0348362       1.0014988       128.00000
       1816.2448       1.0012929       1.0017395       0.0000000
       1816.2656       1.0017612       1.0017623       0.0000000
       1816.2864       1.0017351       1.0014731       0.0000000
       1816.3073       1.0015782       1.0014307       0.0000000
       1816.3281       1.0012337       1.0009640       0.0000000
       1816.3489       1.0009845       1.0007994       128.00000
       1816.3698       1.0012145       1.0006301       0.0000000
       1816.3906       1.0003773      0.99952674       128.00000
       1816.4114       1.0000169      0.99953985       128.00000
       1816.4323       1.0012193       1.0007325       0.0000000
       1816.4531      0.99965239      0.99982643       128.00000
       1816.4739      0.99904567      0.99924970       128.00000
       1816.4948      0.99735564      0.99830663       128.00000
       1816.5156       1.0017372       1.0007658       128.00000
       1816.5364       1.0016494       1.0001042       128.00000
       1816.5573       1.0007275      0.99959838       128.00000
       1816.5781      0.99982738      0.99892968       128.00000
       1816.5989      0.99911892      0.99835676       128.00000
       1816.6198      0.99988496      0.99869978       128.00000
       1816.6406      0.99983943      0.99889553       128.00000
       1816.6614      0.99982381      0.99892026       0.0000000
       1816.6823      0.99848622      0.99772680       128.00000
       1816.7031      0.99870449      0.99779356       0.0000000
       1816.7239       1.0250064      0.99723005       128.00000
       1816.7448      0.99746275      0.99650240       128.00000
       1816.7656      0.99702966      0.99614704       128.00000
       1816.7864      0.99573964      0.99567163       128.00000
       1816.8073      0.99640107      0.99532771       0.0000000
       1816.8281      0.99600214      0.99510622       0.0000000
       1816.8489      0.99457103      0.99366325       128.00000
       1816.8698      0.99574107      0.99454594       128.00000
       1816.8906      0.99590117      0.99478889       128.00000
       1816.9114      0.99577457      0.99579483       0.0000000
       1816.9323      0.99761409      0.99682647       0.0000000
       1816.9531      0.99853075      0.99754816       128.00000
       1816.9739       1.0000461      0.99891299       128.00000
       1816.9948       1.0016598       1.0006074       0.0000000
       1817.0156       1.0025476       1.0022663       128.00000
       1817.0364       1.0044105       1.0035808       0.0000000
       1817.0573       1.0050846       1.0041919       0.0000000
       1817.0781       1.0065494       1.0055557       0.0000000
       1817.0989       1.0068529       1.0057274       0.0000000
       1817.1198       1.0073235       1.0064411       0.0000000
       1817.1406       1.0065224       1.0062315       128.00000
       1817.1614       1.0080954       1.0064799       0.0000000
       1817.1823       1.0064670       1.0059224       128.00000
       1817.2031       1.0067185       1.0057837       128.00000
       1817.2239       1.0056051       1.0055506       128.00000
       1817.2448       1.0046741       1.0046232       128.00000
       1817.2656       1.0061866       1.0051733       0.0000000
       1817.2864       1.0053828       1.0046501       128.00000
       1817.3073       1.0035493       1.0032567       128.00000
       1817.3281       1.0045586       1.0039289       128.00000
       1817.3489       1.0039709       1.0035049       0.0000000
       1817.3698       1.0038805       1.0029582       0.0000000
       1817.3906       1.0029565       1.0026841       128.00000
       1817.4114       1.0029399       1.0019650       0.0000000
       1817.4323       1.0032704       1.0015204       128.00000
       1817.4531       1.0020373       1.0012524       0.0000000
       1817.4739       1.0077436       1.0010221       128.00000
       1817.4948       1.0009795       1.0008876       0.0000000
       1817.5156       1.0009177       1.0006542       0.0000000
       1817.5364       1.0005763       1.0002245       128.00000
       1817.5573       1.0012928       1.0005304       0.0000000
       1817.5781       1.0008677       1.0004399       128.00000
       1817.5989       1.0012845       1.0004729       128.00000
       1817.6198       1.0004413       1.0004078       0.0000000
       1817.6406       1.0014188      0.99995285       128.00000
       1817.6614       1.0006667       1.0001062       128.00000
       1817.6823       1.0011193       1.0002047       0.0000000
       1817.7031       1.0002183       1.0002850       0.0000000
       1817.7239       1.0003675       1.0000407       128.00000
       1817.7448       1.0000638      0.99969482       0.0000000
       1817.7656      0.99986953      0.99934310       128.00000
       1817.7864      0.99949992      0.99952537       0.0000000
       1817.8073      0.99976641      0.99919993       0.0000000
       1817.8281      0.99973077      0.99891573       0.0000000
       1817.8489      0.99949110      0.99907458       128.00000
       1817.8698       1.0000111      0.99936545       0.0000000
       1817.8906      0.99913204      0.99927396       0.0000000
       1817.9114      0.99985117      0.99905998       0.0000000
       1817.9323      0.99945199      0.99944305       0.0000000
       1817.9531      0.99944091      0.99892557       0.0000000
       1817.9739      0.99961507      0.99970853       0.0000000
       1817.9948      0.99988210      0.99920690       0.0000000
       1818.0156      0.99960548      0.99875700       128.00000
       1818.0364       1.0002196      0.99935275       0.0000000
       1818.0573      0.99973422      0.99974859       0.0000000
       1818.0781       1.0002393      0.99948090       0.0000000
       1818.0989      0.99949658      0.99955851       0.0000000
       1818.1198       1.0000657      0.99937421       0.0000000
       1818.1406      0.99980110      0.99985123       0.0000000
       1818.1614       1.0003277      0.99950659       0.0000000
       1818.1823      0.99978203      0.99964160       0.0000000
       1818.2031       1.0000148      0.99971664       0.0000000
       1818.2239      0.99989235      0.99968588       0.0000000
       1818.2448      0.99976003      0.99961674       128.00000
       1818.2656       1.0002110      0.99939007       0.0000000
       1818.2864      0.99969983      0.99974310       0.0000000
       1818.3073       1.0001006      0.99920863       0.0000000
       1818.3281      0.99948400      0.99914408       0.0000000
       1818.3489       1.0046743      0.99881893       128.00000
       1818.3698      0.99951172      0.99943841       0.0000000
       1818.3906      0.99954790      0.99917769       0.0000000
       1818.4114      0.99924004      0.99912530       128.00000
       1818.4323       1.0003701      0.99939430       0.0000000
       1818.4531       1.0102731      0.99952906       128.00000
       1818.4739      0.99988085       1.0000125       0.0000000
       1818.4948       1.0002910       1.0001383       0.0000000
       1818.5156      0.99971330      0.99979484       0.0000000
       1818.5364      0.99966615      0.99965584       0.0000000
       1818.5573       1.0010217      0.99987584       0.0000000
       1818.5781      0.99997276      0.99963933       0.0000000
       1818.5989      0.99993283      0.99970418       0.0000000
       1818.6198       1.0000322      0.99939269       0.0000000
       1818.6406      0.99946570      0.99956393       0.0000000
       1818.6615      0.99987316      0.99972826       0.0000000
       1818.6823      0.99926090      0.99917978       0.0000000
       1818.7031      0.99967772      0.99877220       128.00000
       1818.7240       1.0000780      0.99934375       128.00000
       1818.7448      0.99965978      0.99976516       0.0000000
       1818.7656      0.99983746      0.99989414       0.0000000
       1818.7865      0.99970037      0.99958789       0.0000000
       1818.8073       1.0011842      0.99947441       0.0000000
       1818.8281      0.99952114      0.99972522       0.0000000
       1818.8490       1.0000921      0.99993372       0.0000000
       1818.8698      0.99988401       1.0000256       0.0000000
       1818.8906      0.99994332      0.99988085       0.0000000
       1818.9115      0.99966645      0.99971277       0.0000000
       1818.9323      0.99993753      0.99973488       0.0000000
       1818.9531      0.99996209      0.99999231       0.0000000
       1818.9740       1.0000985      0.99991292       0.0000000
       1818.9948      0.99950379      0.99958801       128.00000
       1819.0156      0.99785084      0.99989676       128.00000
       1819.0365       1.0001917       1.0000172       0.0000000
       1819.0573       1.0004199       1.0003031       0.0000000
       1819.0781       1.0003793      0.99998730       0.0000000
       1819.0990      0.99965036      0.99994904       0.0000000
       1819.1198       1.0001336       1.0000106       0.0000000
       1819.1406       1.0001613      0.99998361       0.0000000
       1819.1615      0.99997199      0.99987185       0.0000000
       1819.1823      0.99982035      0.99998617       0.0000000
       1819.2031       1.0001118       1.0002048       0.0000000
       1819.2240       1.0000767       1.0002873       0.0000000
       1819.2448       1.0008544       1.0008522       0.0000000
       1819.2656       1.0006835       1.0007373       0.0000000
       1819.2865       1.0009656       1.0010988       0.0000000
       1819.3073       1.0006597       1.0007424       0.0000000
       1819.3281       1.0008627       1.0011480       0.0000000
       1819.3490       1.0004853       1.0004133       0.0000000
       1819.3698       1.0008591       1.0012891       0.0000000
       1819.3906       1.0011276       1.0009755       0.0000000
       1819.4115       1.0014576       1.0014862       0.0000000
       1819.4323       1.0010757       1.0012563       0.0000000
       1819.4531       1.0007994       1.0011057       0.0000000
       1819.4740       1.0005579       1.0007887       0.0000000
       1819.4948       1.0006258       1.0008261       0.0000000
       1819.5156       1.0008951       1.0010331       0.0000000
       1819.5365       1.0006796       1.0007678       0.0000000
       1819.5573       1.0006789       1.0010434       0.0000000
       1819.5781       1.0006253       1.0007163       0.0000000
       1819.5990       1.0006386       1.0008667       0.0000000
       1819.6198       1.0012618       1.0015308       0.0000000
       1819.6406       1.0007430       1.0009837       0.0000000
       1819.6615       1.0003450       1.0003647       0.0000000
       1819.6823       1.0005964       1.0008665       0.0000000
       1819.7031       1.0006856       1.0006855       0.0000000
       1819.7240      0.99992967       1.0002315       0.0000000
       1819.7448      0.99966198      0.99962789       0.0000000
       1819.7656      0.99871451      0.99881113       0.0000000
       1819.7865       1.0093172      0.99907869       128.00000
       1819.8073      0.99860954      0.99886352       0.0000000
       1819.8281      0.99770200      0.99774927       0.0000000
       1819.8490      0.99752688      0.99768645       0.0000000
       1819.8698      0.99674582      0.99684870       0.0000000
       1819.8906      0.99635500      0.99631846       0.0000000
       1819.9115      0.99598908      0.99576151       0.0000000
       1819.9323      0.99553347      0.99528289       0.0000000
       1819.9531      0.99495560      0.99508494       0.0000000
       1819.9740      0.99467242      0.99479806       0.0000000
       1819.9948      0.99464637      0.99472970       0.0000000
       1820.0156      0.99488395      0.99477428       0.0000000
       1820.0365      0.99557281      0.99564594       0.0000000
       1820.0573      0.99641180      0.99640656       0.0000000
       1820.0781      0.99760026      0.99755293       0.0000000
       1820.0990      0.99842769      0.99903375       128.00000
       1820.1198       1.0003825       1.0005462       0.0000000
       1820.1406       1.0013402       1.0015255       0.0000000
       1820.1615       1.0027508       1.0030657       0.0000000
       1820.1823       1.0038111       1.0040952       0.0000000
       1820.2031       1.0053433       1.0055997       0.0000000
       1820.2240       1.0047846       1.0060732       0.0000000
       1820.2448       1.0063248       1.0063820       0.0000000
       1820.2656       1.0068129       1.0068586       0.0000000
       1820.2865       1.0065823       1.0065538       0.0000000
       1820.3073       1.0060576       1.0062951       0.0000000
       1820.3281       1.0061833       1.0062023       0.0000000
       1820.3490       1.0055349       1.0057894       0.0000000
       1820.3698       1.0044856       1.0048424       128.00000
       1820.3906       1.0050132       1.0051675       0.0000000
       1820.4115       1.0044352       1.0042744       0.0000000
       1820.4323       1.0037075       1.0037339       0.0000000
       1820.4531       1.0030077       1.0029004       0.0000000
       1820.4740       1.0028907       1.0028369       0.0000000
       1820.4948       1.0023445       1.0022180       0.0000000
       1820.5156       1.0018725       1.0016625       0.0000000
       1820.5365       1.0017017       1.0018284       0.0000000
       1820.5573       1.0006821       1.0005716       0.0000000
       1820.5781       1.0004629       1.0004852       128.00000
       1820.5990       1.0004719       1.0002469       0.0000000
       1820.6198       1.0002394      0.99996316       0.0000000
       1820.6406       1.0008857       1.0003871       0.0000000
       1820.6615      0.99997842      0.99982184       0.0000000
       1820.6823       1.0000364      0.99978811       0.0000000
       1820.7031       1.0001345      0.99982560       0.0000000
       1820.7240       1.0002968       1.0000004       0.0000000
       1820.7448      0.99971813      0.99957389       0.0000000
       1820.7656       1.0001247      0.99992085       0.0000000
       1820.7865      0.99974799      0.99912375       0.0000000
       1820.8073      0.99967062      0.99929923       0.0000000
       1820.8281      0.99937075      0.99911833       0.0000000
       1820.8490      0.99949831      0.99930501       0.0000000
       1820.8698      0.99956423      0.99927479       0.0000000
       1820.8906      0.99918801      0.99880236       0.0000000
       1820.9115      0.99895370      0.99859989       0.0000000
       1820.9323      0.99895084      0.99872279       0.0000000
       1820.9531      0.99808449      0.99763834       0.0000000
       1820.9740      0.99839854      0.99826306       128.00000
       1820.9948      0.99846643      0.99810821       0.0000000
       1821.0156      0.99827480      0.99809033       128.00000
       1821.0365      0.99805188      0.99794102       128.00000
       1821.0573      0.99857807      0.99824822       0.0000000
       1821.0781      0.99882895      0.99834096       0.0000000
       1821.0990      0.99924064      0.99855793       0.0000000
       1821.1198      0.99910325      0.99840719       128.00000
       1821.1406  -1.3494049e-15      0.86550075       128.00000
       1821.1615      0.99964625      0.99948925       0.0000000
       1821.1823       1.0000005      0.99955285       0.0000000
       1821.2031      0.99944574      0.99930668       0.0000000
       1821.2240      0.99931300      0.99913210       128.00000
       1821.2448      0.99965125      0.99935776       0.0000000
       1821.2656      0.99943596      0.99888486       128.00000
       1821.2865      0.99950844      0.99915349       0.0000000
       1821.3073      0.99943447      0.99905556       0.0000000
       1821.3281      0.99949121      0.99923807       0.0000000
       1821.3490      0.99949723      0.99908549       0.0000000
       1821.3698      0.99925387      0.99890840       0.0000000
       1821.3906      0.99827701      0.99776942       128.00000
       1821.4115      0.99892545      0.99884462       0.0000000
       1821.4323      0.99884588      0.99850303       0.0000000
       1821.4531      0.99889904      0.99849236       0.0000000
       1821.4740      0.99920470      0.99876595       0.0000000
       1821.4948      0.99862659      0.99854618       128.00000
       1821.5156      0.99966037      0.99938315       0.0000000
       1821.5365      0.99938786      0.99933249       0.0000000
       1821.5573      0.99945539      0.99939191       128.00000
       1821.5781       1.0001402      0.99971968       128.00000
       1821.5990       1.0001543      0.99963224       0.0000000
       1821.6198       1.0000274      0.99983734       0.0000000
       1821.6406       1.0002781       1.0002133       0.0000000
       1821.6615       1.0000643      0.99990195       0.0000000
       1821.6823      0.99983239      0.99954879       128.00000
       1821.7031      0.99942213      0.99920398       128.00000
       1821.7240      0.99971628      0.99982554       0.0000000
       1821.7448       1.0000252      0.99962080       0.0000000
       1821.7656      0.99953479      0.99958032       128.00000
       1821.7865      0.99961883      0.99949646       0.0000000
       1821.8073      0.99897343      0.99898654       0.0000000
       1821.8281      0.99925542      0.99936795       0.0000000
       1821.8490      0.99941140      0.99968356       0.0000000
       1821.8698      0.99915922      0.99946707       0.0000000
       1821.8906      0.99956071      0.99970323       0.0000000
       1821.9115       1.0009171      0.99989641       0.0000000
       1821.9323       1.0000325       1.0004526       0.0000000
       1821.9531       1.0001351       1.0004811       0.0000000
       1821.9740      0.99996799       1.0001576       0.0000000
       1821.9948       1.0004226       1.0003591       0.0000000
       1822.0156       1.0002085       1.0004659       0.0000000
       1822.0365      0.99947202      0.99977660       0.0000000
       1822.0573       1.0001887       1.0004238       0.0000000
       1822.0781      0.99970537       1.0001876       0.0000000
       1822.0990      0.99994099       1.0002682       0.0000000
       1822.1198       1.0002543       1.0005159       0.0000000
       1822.1406       1.0002316       1.0000770       0.0000000
       1822.1615      0.99997163       1.0001338       0.0000000
       1822.1823      0.99981785       1.0001802       0.0000000
       1822.2031       1.0002909       1.0004383       0.0000000
       1822.2240      0.99967533      0.99956030       0.0000000
       1822.2448       1.0000826       1.0000474       0.0000000
       1822.2656       1.0000050       1.0001013       0.0000000
       1822.2865       1.0000961       1.0001971       0.0000000
       1822.3073       1.0005516       1.0008954       0.0000000
       1822.3281      0.99996680       1.0003462       0.0000000
       1822.3490       1.0007664       1.0008144       0.0000000
       1822.3698       1.0002463       1.0005304       0.0000000
       1822.3906       1.0010879       1.0012016       0.0000000
       1822.4115       1.0013205       1.0015888       0.0000000
       1822.4323       1.0016146       1.0015749       0.0000000
       1822.4531       1.0013387       1.0019318       0.0000000
       1822.4740       1.0019941       1.0021623       0.0000000
       1822.4948       1.0017892       1.0020483       0.0000000
       1822.5156       1.0019189       1.0021514       0.0000000
       1822.5365       1.0015649       1.0019720       0.0000000
       1822.5573       1.0014615       1.0015173       0.0000000
       1822.5781       1.0010868       1.0014366       0.0000000
       1822.5990       1.0007786       1.0015197       0.0000000
       1822.6198       1.0008494       1.0013198       0.0000000
       1822.6406       1.0005847       1.0010983       0.0000000
       1822.6615       1.0004822       1.0008352       0.0000000
       1822.6823       1.0009377       1.0012741       0.0000000
       1822.7031       1.0013094       1.0016278       0.0000000
       1822.7240       1.0007228       1.0012715       0.0000000
       1822.7448       1.0010914       1.0014553       0.0000000
       1822.7656       1.0011179       1.0013611       0.0000000
       1822.7865       1.0010290       1.0013463       0.0000000
       1822.8073       1.0007755       1.0010353       0.0000000
       1822.8281       1.0013804       1.0009001       0.0000000
       1822.8490       1.0004723       1.0007845       0.0000000
       1822.8698       1.0007854       1.0010499       0.0000000
       1822.8906       1.0001010       1.0004463       0.0000000
       1822.9115      0.99947864       1.0000620       0.0000000
       1822.9323      0.99882591      0.99904037       0.0000000
       1822.9531      0.99837035      0.99887884       0.0000000
       1822.9740      0.99786294      0.99812412       0.0000000
       1822.9948      0.99714708      0.99751437       0.0000000
       1823.0156      0.99652052      0.99708074       0.0000000
       1823.0365      0.99605018      0.99642467       0.0000000
       1823.0573      0.99546790      0.99607670       0.0000000
       1823.0781      0.99495721      0.99530303       0.0000000
       1823.0990      0.99458629      0.99461216       0.0000000
       1823.1198      0.99445677      0.99459517       0.0000000
       1823.1406      0.99482691      0.99516922       0.0000000
       1823.1615      0.99549067      0.99585849       128.00000
       1823.1823      0.99620038      0.99643594       0.0000000
       1823.2031      0.99710745      0.99775159       0.0000000
       1823.2240      0.99881673      0.99916941       0.0000000
       1823.2448       1.0001971       1.0006429       0.0000000
       1823.2656       1.0014522       1.0018445       0.0000000
       1823.2865       1.0029986       1.0034873       0.0000000
       1823.3073       1.0048089       1.0052197       0.0000000
       1823.3281       1.0054915       1.0059141       0.0000000
       1823.3490       1.0064546       1.0068901       0.0000000
       1823.3698       1.0070454       1.0071777       0.0000000
       1823.3906       1.0069902       1.0074198       0.0000000
       1823.4115       1.0075392       1.0073696       0.0000000
       1823.4323       1.0065228       1.0070212       0.0000000
       1823.4531       1.0061585       1.0068496       0.0000000
       1823.4740       1.0059623       1.0065045       0.0000000
       1823.4948       1.0062469       1.0057979       128.00000
       1823.5156       1.0213293       1.0054001       128.00000
       1823.5365       1.0046102       1.0051268       0.0000000
       1823.5573       1.0047570       1.0047755       0.0000000
       1823.5781       1.0038316       1.0043181       0.0000000
       1823.5990       1.0032544       1.0034761       0.0000000
       1823.6198       1.0032187       1.0036538       0.0000000
       1823.6406       1.0022993       1.0028901       0.0000000
       1823.6615       1.0061104       1.0023053       128.00000
       1823.6823       1.0017079       1.0022650       0.0000000
       1823.7031       1.0017768       1.0020181       0.0000000
       1823.7240       1.0008602       1.0012919       0.0000000
       1823.7448       1.0013069       1.0015018       0.0000000
       1823.7656       1.0005937       1.0008757       0.0000000
       1823.7865       1.0009160       1.0009367       0.0000000
       1823.8073       1.0009606       1.0012546       0.0000000
       1823.8281       1.0001924       1.0008368       0.0000000
       1823.8490       1.0009301       1.0012074       0.0000000
       1823.8698       1.0000952       1.0007174       0.0000000
       1823.8906       1.0005060       1.0006539       0.0000000
       1823.9115       1.0000973       1.0008060       0.0000000
       1823.9323       1.0005639       1.0006695       0.0000000
       1823.9531       1.0000643       1.0006661       0.0000000
       1823.9740      0.99996513       1.0003059       0.0000000
       1823.9948      0.99980414       1.0000807       0.0000000
       1824.0156      0.99954027      0.99965078       0.0000000
       1824.0365       1.0000631       1.0003347       0.0000000
       1824.0573      0.99913949      0.99975652       0.0000000
       1824.0781      0.99974459       1.0001316       0.0000000
       1824.0990      0.99990934       1.0001988       0.0000000
       1824.1198      0.99954402      0.99986362       0.0000000
       1824.1406      0.99952394      0.99982262       0.0000000
       1824.1615      0.99966693       1.0000950       0.0000000
       1824.1823      0.99968207       1.0000138       0.0000000
       1824.2031      0.99917191      0.99971598       0.0000000
       1824.2240      0.99956173      0.99995261       0.0000000
       1824.2448      0.99950045      0.99970239       0.0000000
       1824.2656      0.99928981      0.99959874       0.0000000
       1824.2865      0.99946147      0.99972504       0.0000000
       1824.3073      0.99924117      0.99956042       0.0000000
       1824.3281      0.99911499      0.99937356       0.0000000
       1824.3490      0.99982214       1.0002131       0.0000000
       1824.3698      0.99970651       1.0000159       0.0000000
       1824.3906      0.99918586      0.99966466       0.0000000
       1824.4115       1.0000000       1.0003743       0.0000000
       1824.4323       1.0000615       1.0004512       0.0000000
       1824.4531      0.99997973       1.0004686       0.0000000
       1824.4740       1.0004033       1.0007162       0.0000000
       1824.4948      0.99962872       1.0000188       0.0000000
       1824.5156       1.0000008       1.0003381       0.0000000
       1824.5365      0.99970829      0.99987781       0.0000000
       1824.5573      0.99951679      0.99986637       0.0000000
       1824.5781      0.99951565      0.99998629       0.0000000
       1824.5990      0.99924260      0.99965262       0.0000000
       1824.6198      0.99927932      0.99962115       0.0000000
       1824.6406      0.99898225      0.99953455       0.0000000
       1824.6615      0.99925494      0.99964023       0.0000000
       1824.6823      0.99930841      0.99969393       0.0000000
       1824.7031      0.99938309      0.99976033       0.0000000
       1824.7240      0.99947554      0.99989378       0.0000000
       1824.7448      0.99970537       1.0000000       0.0000000
       1824.7656      0.99982733       1.0002539       0.0000000
       1824.7865      0.99953538       1.0000349       0.0000000
       1824.8073       1.0003067       1.0005643       0.0000000
       1824.8281      0.99982256       1.0003505       0.0000000
       1824.8490      0.99994713       1.0002980       0.0000000
       1824.8698      0.99960166      0.99997580       0.0000000
       1824.8906       1.0005424       1.0004655       0.0000000
       1824.9115      0.99972934      0.99995935       0.0000000
       1824.9323      0.99945080       1.0001581       0.0000000
       1824.9531      0.99997371       1.0003899       0.0000000
       1824.9740      0.99944174      0.99995828       0.0000000
       1824.9948      0.99942863      0.99992335       0.0000000
       1825.0156      0.99970061       1.0002002       0.0000000
       1825.0365      0.99967223       1.0000616       0.0000000
       1825.0573      0.99966562       1.0000668       0.0000000
       1825.0781      0.99939638      0.99993306       0.0000000
       1825.0990      0.99937665       1.0000154       0.0000000
       1825.1198      0.99935573      0.99988359       0.0000000
       1825.1406      0.99966580      0.99994493       0.0000000
       1825.1615      0.99973160       1.0002911       0.0000000
       1825.1823      0.99958175       1.0001094       0.0000000
       1825.2031      0.99932766      0.99983555       0.0000000
       1825.2240       1.0000231       1.0005343       0.0000000
       1825.2448      0.99958009       1.0000213       0.0000000
       1825.2656      0.99970520       1.0001777       0.0000000
       1825.2865      0.99968928       1.0001737       0.0000000
       1825.3073      0.99990606       1.0002269       0.0000000
       1825.3281      0.99967605       1.0002466       0.0000000
       1825.3490      0.99969596       1.0001879       0.0000000
       1825.3698       1.0001827       1.0006938       0.0000000
       1825.3906      0.99952990      0.99998921       0.0000000
       1825.4115       1.0000799       1.0002517       0.0000000
       1825.4323      0.99970484       1.0001560       0.0000000
       1825.4531      0.99971980       1.0000528       0.0000000
       1825.4740      0.99999678       1.0002769       0.0000000
       1825.4948      0.99975348       1.0001879       0.0000000
       1825.5156      0.99979794       1.0001568       0.0000000
       1825.5365      0.99990267       1.0005801       0.0000000
       1825.5573       1.0002515       1.0006663       0.0000000
       1825.5781       1.0006924       1.0010426       0.0000000
       1825.5990       1.0003705       1.0008382       0.0000000
       1825.6198       1.0015988       1.0013011       0.0000000
       1825.6406       1.0004746       1.0009290       0.0000000
       1825.6615       1.0005881       1.0007942       0.0000000
       1825.6823       1.0010324       1.0015509       0.0000000
       1825.7031       1.0005283       1.0009347       0.0000000
       1825.7240       1.0004195       1.0008926       0.0000000
       1825.7448       1.0003046       1.0007776       0.0000000
       1825.7656       1.0004973       1.0008167       0.0000000
       1825.7865       1.0002888       1.0008104       0.0000000
       1825.8073       1.0007356       1.0009629       0.0000000
       1825.8281      0.99858457       1.0009906       0.0000000
       1825.8490       1.0003420       1.0006772       0.0000000
       1825.8698       1.0002531       1.0005234       0.0000000
       1825.8906       1.0001812       1.0007954       0.0000000
       1825.9115       1.0002961       1.0005783       0.0000000
       1825.9323      0.99964190       1.0002379       0.0000000
       1825.9531      0.99957055       1.0000411       0.0000000
       1825.9740      0.99962020      0.99997163       0.0000000
       1825.9948      0.99914420      0.99943662       0.0000000
       1826.0156      0.99895316      0.99930322       0.0000000
       1826.0365      0.99843222      0.99881428       0.0000000
       1826.0573      0.99842632      0.99865687       0.0000000
       1826.0781      0.99764138      0.99815929       0.0000000
       1826.0990      0.99704534      0.99741298       0.0000000
       1826.1198      0.99701238      0.99730259       0.0000000
       1826.1406  -1.3854962e-15      0.88864923       128.00000
       1826.1615      0.99617136      0.99603271       0.0000000
       1826.1823      0.99567628      0.99581784       0.0000000
       1826.2031      0.99513149      0.99509168       0.0000000
       1826.2240      0.99469787      0.99493378       0.0000000
       1826.2448      0.99439090      0.99488288       0.0000000
       1826.2656      0.99454784      0.99466443       0.0000000
       1826.2865      0.99465394      0.99504244       0.0000000
       1826.3073      0.99495035      0.99563074       0.0000000
       1826.3281      0.99577594      0.99643195       128.00000
       1826.3490      0.99710178      0.99764878       0.0000000
       1826.3698      0.99910957      0.99952590       0.0000000
       1826.3906       1.0001236       1.0005703       0.0000000
       1826.4115       1.0013459       1.0015675       0.0000000
       1826.4323       1.0028913       1.0033236       0.0000000
       1826.4531       1.0039247       1.0042080       0.0000000
       1826.4740       1.0046313       1.0052668       0.0000000
       1826.4948       1.0056484       1.0061940       0.0000000
       1826.5156       1.0066477       1.0068172       0.0000000
       1826.5365       1.0068686       1.0070668       0.0000000
       1826.5573       1.0060365       1.0067837       0.0000000
       1826.5781       1.0059413       1.0062612       0.0000000
       1826.5990       1.0060568       1.0061027       0.0000000
       1826.6198       1.0057856       1.0061680       0.0000000
       1826.6406       1.0052319       1.0055104       0.0000000
       1826.6615       1.0048977       1.0050560       0.0000000
       1826.6823       1.0035905       1.0039217       128.00000
       1826.7031       1.0039324       1.0040519       0.0000000
       1826.7240       1.0032426       1.0034144       0.0000000
       1826.7448       1.0024281       1.0026911       0.0000000
       1826.7656       1.0015811       1.0021671       0.0000000
       1826.7865       1.0025727       1.0021745       0.0000000
       1826.8073       1.0008769       1.0011200       0.0000000
       1826.8281       1.0008068       1.0009276       0.0000000
       1826.8490       1.0007311       1.0008508       0.0000000
       1826.8698       1.0137821       1.0005062       128.00000
       1826.8906       1.0010461       1.0005434       0.0000000
       1826.9115       1.0005405       1.0006437       0.0000000
       1826.9323       1.0007795       1.0002925       0.0000000
       1826.9531      0.99955726      0.99995762       128.00000
       1826.9740      0.99985987      0.99998307       0.0000000
       1826.9948       1.0004386       1.0000254       0.0000000
       1827.0156       1.0008557       1.0001980       0.0000000
       1827.0365       1.0003194      0.99978709       0.0000000
       1827.0573      0.99956048      0.99960297       0.0000000
       1827.0781      0.99960846      0.99970520       0.0000000
       1827.0990      0.99967206      0.99929219       128.00000
       1827.1198      0.99878502      0.99945450       128.00000
       1827.1406      0.99963939      0.99914974       0.0000000
       1827.1615      0.99948448      0.99920809       0.0000000
       1827.1823      0.99953020      0.99918956       0.0000000
       1827.2031      0.99970806      0.99890298       0.0000000
       1827.2240      0.99840516      0.99891764       0.0000000
       1827.2448      0.99931878      0.99907994       0.0000000
       1827.2656      0.99944627      0.99899906       0.0000000
       1827.2865      0.99956989      0.99913788       0.0000000
       1827.3073      0.99925870      0.99871486       0.0000000
       1827.3281      0.99924886      0.99881583       0.0000000
       1827.3490      0.99964237      0.99920595       0.0000000
       1827.3698      0.99936801      0.99890488       0.0000000
       1827.3906      0.99998260      0.99934918       0.0000000
       1827.4115      0.99955124      0.99892402       0.0000000
       1827.4323      0.99946308      0.99880934       0.0000000
       1827.4531      0.99938303      0.99894321       0.0000000
       1827.4740       1.0003495      0.99925750       0.0000000
       1827.4948      0.99949056      0.99899983       0.0000000
       1827.5156       1.0002631      0.99945909       0.0000000
       1827.5365      0.99993193      0.99950141       0.0000000
       1827.5573      0.99952805      0.99967211       0.0000000
       1827.5781      0.99902052      0.99927860       0.0000000
       1827.5990      0.99872017      0.99946111       0.0000000
       1827.6198      0.99979061      0.99909621       0.0000000
       1827.6406      0.99896574      0.99890900       0.0000000
       1827.6615       1.0000554      0.99904358       0.0000000
       1827.6823      0.99922907      0.99885505       0.0000000
       1827.7031      0.99923408      0.99861771       0.0000000
       1827.7240      0.99991441      0.99837720       0.0000000
       1827.7448      0.99959135      0.99834675       0.0000000
       1827.7656      0.99828035      0.99817961       0.0000000
       1827.7865      0.99829382      0.99819183       0.0000000
       1827.8073      0.99975216      0.99822444       0.0000000
       1827.8281      0.99958163      0.99791557       0.0000000
       1827.8490      0.99998575      0.99824256       128.00000
       1827.8698       1.0003927      0.99821401       0.0000000
       1827.8906       1.0002310      0.99793357       0.0000000
       1827.9115       1.0012264      0.99856222       0.0000000
       1827.9323       1.0016558      0.99824446       0.0000000
       1827.9531       1.0018771      0.99804121       0.0000000
       1827.9740       1.0023935      0.99796623       0.0000000
       1828.9739  -3.4565848e-15      0.99546748       128.00000
       1828.9948      0.99964976      0.99986947       0.0000000
       1829.0156      0.99845594      0.99946648       0.0000000
       1829.0364      0.99801183      0.99991649       0.0000000
       1829.0573      0.99696708      0.99953121       0.0000000
       1829.0781      0.99696445      0.99966103       0.0000000
       1829.0989      0.99676305      0.99970430       0.0000000
       1829.1198      0.99609768      0.99937177       0.0000000
       1829.1406      0.99496287      0.99894315       0.0000000
       1829.1614      0.99424118      0.99856502       0.0000000
       1829.1823      0.99441624      0.99809492       128.00000
       1829.2031      0.99341810      0.99792987       0.0000000
       1829.2239      0.99288547      0.99747860       0.0000000
       1829.2448      0.99248481      0.99676710       0.0000000
       1829.2656      0.99162728      0.99599999       128.00000
       1829.2864      0.99078578      0.99558264       0.0000000
       1829.3073      0.99170965      0.99550742       0.0000000
       1829.3281      0.99051613      0.99460417       0.0000000
       1829.3489      0.98958290      0.99393851       0.0000000
       1829.3698      0.98999000      0.99372959       0.0000000
       1829.3906      0.98801661      0.99349934       128.00000
       1829.4114      0.99046677      0.99414146       0.0000000
       1829.4323      0.99123895      0.99479181       128.00000
       1829.4531      0.99198192      0.99577659       0.0000000
       1829.4739      0.99296933      0.99638230       0.0000000
       1829.4948      0.99501377      0.99797738       0.0000000
       1829.5156       1.0009239      0.99967051       128.00000
       1829.5364      0.99833280       1.0009454       0.0000000
       1829.5573      0.99944603       1.0026554       128.00000
       1829.5781       1.0009619       1.0037378       0.0000000
       1829.5989       1.0016985       1.0045958       128.00000
       1829.6198       1.0024216       1.0051601       128.00000
       1829.6406       1.0019389       1.0053335       0.0000000
       1829.6614       1.0027319       1.0051959       0.0000000
       1829.6823       1.0036776       1.0056114       0.0000000
       1829.7031       1.0028911       1.0052006       0.0000000
       1829.7239       1.0036473       1.0052011       0.0000000
       1829.7448       1.0020792       1.0044613       0.0000000
       1829.7656       1.0021126       1.0042276       0.0000000
       1829.7864       1.0019619       1.0035437       0.0000000
       1829.8073       1.0007970       1.0027044       0.0000000
       1829.8281       1.0010883       1.0024750       0.0000000
       1829.8489       1.0006790       1.0021621       0.0000000
       1829.8698       1.0010766       1.0019780       0.0000000
       1829.8906       1.0000234       1.0011929       0.0000000
       1829.9114       1.0003918       1.0014057       0.0000000
       1829.9323      0.99985665       1.0008907       0.0000000
       1829.9531       1.0000784       1.0005958       0.0000000
       1829.9739      0.99951977       1.0005312       0.0000000
       1829.9948      0.99902248       1.0001689       0.0000000
       1830.0156      0.99926597      0.99991757       0.0000000
       1830.0364      0.99918616       1.0002271       0.0000000
       1830.0573      0.99852490      0.99953049       0.0000000
       1830.0781      0.99921876      0.99970442       0.0000000
       1830.0989      0.99842417      0.99889845       0.0000000
       1830.1198      0.99883294      0.99941498       0.0000000
       1830.1406      0.99960017      0.99953389       0.0000000
       1830.1614      0.99796426      0.99857759       128.00000
       1830.1823      0.99889755      0.99948102       0.0000000
       1830.2031      0.99889410      0.99939108       0.0000000
       1830.2239      0.99814260      0.99868745       0.0000000
       1830.2448      0.99949378      0.99981457       0.0000000
       1830.2656      0.99940079      0.99942887       0.0000000
       1830.2864      0.99843824      0.99885464       0.0000000
       1830.3073      0.99856639      0.99877363       0.0000000
       1830.3281      0.99901229      0.99895418       0.0000000
       1830.3489      0.99952751      0.99953765       0.0000000
       1830.3698      0.99985516      0.99996227       0.0000000
       1830.3906       1.0001484      0.99979770       0.0000000
       1830.4114      0.99996376      0.99981517       0.0000000
       1830.4323      0.99949890      0.99958616       0.0000000
       1830.4531       1.0000764      0.99980217       0.0000000
       1830.4739      0.99989474      0.99959016       0.0000000
       1830.4948      0.99980438      0.99967700       0.0000000
       1830.5156       1.0002481      0.99956971       0.0000000
       1830.5364       1.0001476      0.99976325       0.0000000
       1830.5573      0.99994582      0.99956191       0.0000000
       1830.5781       1.0004491      0.99975139       0.0000000
       1830.5989      0.99961424      0.99946988       0.0000000
       1830.6198      0.99949342      0.99941987       0.0000000
       1830.6406       1.0004065      0.99995184       0.0000000
       1830.6614       1.0002726      0.99999720       0.0000000
       1830.6823      0.99995738      0.99983156       0.0000000
       1830.7031       1.0006926       1.0003448       0.0000000
       1830.7239       1.0006064       1.0002068       0.0000000
       1830.7448       1.0007259       1.0003692       0.0000000
       1830.7656       1.0007575       1.0001886       0.0000000
       1830.7864       1.0011586       1.0006459       0.0000000
       1830.8073       1.0003898       1.0000583       0.0000000
       1830.8281       1.0005780      0.99999499       0.0000000
       1830.8489       1.0005037       1.0000409       0.0000000
       1830.8698       1.0085515      0.99984115       128.00000
       1830.8906       1.0002580      0.99996334       0.0000000
       1830.9114       1.0009203       1.0001321       0.0000000
       1830.9323       1.0002474      0.99979460       0.0000000
       1830.9531       1.0004456      0.99991709       0.0000000
       1830.9739       1.0005997      0.99995983       0.0000000
       1830.9948       1.0004706       1.0001066       0.0000000
       1831.0156       1.0002638       1.0001075       0.0000000
       1831.0364       1.0003937      0.99993336       0.0000000
       1831.0573       1.0007341       1.0005833       0.0000000
       1831.0781       1.0001813       1.0002345       0.0000000
       1831.0989       1.0006994       1.0003374       0.0000000
       1831.1198       1.0003598       1.0001429       0.0000000
       1831.1406       1.0001065      0.99975181       128.00000
       1831.1614      0.99903429      0.99955577       128.00000
       1831.1823       1.0005492       1.0000734       0.0000000
       1831.2031       1.0000038       1.0000613       0.0000000
       1831.2239      0.99973840      0.99982399       0.0000000
       1831.2448      0.99978656      0.99989665       128.00000
       1831.2656      0.99950475      0.99928415       128.00000
       1831.2864      0.99998206       1.0001771       0.0000000
       1831.3073       1.0004189       1.0003146       0.0000000
       1831.3281       1.0001348      0.99982506       0.0000000
       1831.3489       1.0007308       1.0001671       0.0000000
       1831.3698      0.99988514      0.99988693       0.0000000
       1831.3906       1.0001473       1.0000321       0.0000000
       1831.4114       1.0005735      0.99971861       128.00000
       1831.4323      0.99946028      0.99991524       128.00000
       1831.4531       1.0001096       1.0000380       0.0000000
       1831.4739       1.0007849       1.0001955       128.00000
       1831.4948       1.0007800       1.0004582       0.0000000
       1831.5156       1.0001996       1.0002500       0.0000000
       1831.5364       1.0009741       1.0006499       0.0000000
       1831.5573       1.0006243       1.0000601       0.0000000
       1831.5781       1.0003898       1.0004637       128.00000
       1831.5989       1.0005825       1.0007342       0.0000000
       1831.6198       1.0010780       1.0009266       0.0000000
       1831.6406       1.0001732       1.0002725       128.00000
       1831.6614       1.0000037       1.0004121       0.0000000
       1831.6823       1.0000576       1.0004274       128.00000
       1831.7031       1.0008898       1.0007848       0.0000000
       1831.7239       1.0008341       1.0010190       0.0000000
       1831.7448       1.0008384       1.0005691       0.0000000
       1831.7656       1.0007865       1.0006700       0.0000000
       1831.7864       1.0018414       1.0010977       0.0000000
       1831.8073       1.0007625       1.0006087       128.00000
       1831.8281       1.0013684       1.0010867       0.0000000
       1831.8489       1.0017430       1.0013119       0.0000000
       1831.8698       1.0017841       1.0015386       0.0000000
       1831.8906       1.0010473       1.0014863       0.0000000
       1831.9114       1.0017885       1.0013796       0.0000000
       1831.9323       1.0022336       1.0019196       0.0000000
       1831.9531       1.0015810       1.0014666       0.0000000
       1831.9739       1.0012122       1.0012579       0.0000000
       1831.9948       1.0007459       1.0007387       0.0000000
       1832.0156       1.0012552       1.0011904       0.0000000
       1832.0364       1.0010817       1.0013644       0.0000000
       1832.0572       1.0008178       1.0010186       0.0000000
       1832.0781       1.0017073       1.0013597       0.0000000
       1832.0989       1.0007566       1.0008800       0.0000000
       1832.1197       1.0007232       1.0011338       0.0000000
       1832.1406       1.0019019       1.0014948       0.0000000
       1832.1614       1.0012932       1.0011474       0.0000000
       1832.1822       1.0011311       1.0010341       0.0000000
       1832.2031       1.0009820       1.0008575       0.0000000
       1832.2239       1.0013300       1.0009530       0.0000000
       1832.2447       1.0008644       1.0007547       0.0000000
       1832.2656       1.0000359       1.0002391       0.0000000
       1832.2864      0.99979538      0.99990344       0.0000000
       1832.3072       1.0000623      0.99955064       0.0000000
       1832.3281      0.99878109      0.99900264       0.0000000
       1832.3489      0.99875796      0.99877769       0.0000000
       1832.3697      0.99901396      0.99845332       0.0000000
       1832.3906      0.99847478      0.99790061       0.0000000
       1832.4114       1.0021715      0.99711162       128.00000
       1832.4322      0.99647748      0.99644881       0.0000000
       1832.4531      0.99680263      0.99624431       0.0000000
       1832.4739      0.99533218      0.99571985       0.0000000
       1832.4947      0.99548107      0.99506521       0.0000000
       1832.5156      0.99774337      0.99504560       0.0000000
       1832.5364      0.99678779      0.99555546       0.0000000
       1832.5572      0.99588138      0.99558967       0.0000000
       1832.5781      0.99621737      0.99602580       0.0000000
       1832.5989      0.99807537      0.99738795       0.0000000
       1832.6197      0.99904430      0.99866199       0.0000000
       1832.6406       1.0001855      0.99998617       0.0000000
       1832.6614       1.0007313       1.0012112       128.00000
       1832.6822       1.0030520       1.0028028       0.0000000
       1832.7031       1.0038637       1.0040324       0.0000000
       1832.7239       1.0057120       1.0054251       0.0000000
       1832.7447       1.0058700       1.0058478       0.0000000
       1832.7656       1.0070319       1.0067148       0.0000000
       1832.7864       1.0067096       1.0069488       0.0000000
       1832.8072       1.0072240       1.0072912       0.0000000
       1832.8281       1.0069104       1.0067729       0.0000000
       1832.8489       1.0071822       1.0066575       0.0000000
       1832.8697       1.0065323       1.0064574       0.0000000
       1832.8906       1.0054075       1.0054201       0.0000000
       1832.9114       1.0048201       1.0050787       0.0000000
       1832.9322       1.0050697       1.0045367       0.0000000
       1832.9531       1.0042659       1.0041177       0.0000000
       1832.9739       1.0039625       1.0039963       0.0000000
       1832.9947       1.0036989       1.0035275       0.0000000
       1833.0156       1.0014654       1.0028629       128.00000
       1833.0364       1.0023743       1.0025251       0.0000000
       1833.0572       1.0029820       1.0020083       0.0000000
       1833.0781       1.0016685       1.0015980       0.0000000
       1833.0989       1.0014659       1.0014291       0.0000000
       1833.1197       1.0005422       1.0008304       0.0000000
       1833.1406       1.0008330       1.0009217       0.0000000
       1833.1614       1.0006157       1.0006074       0.0000000
       1833.1822       1.0005261       1.0004537       0.0000000
       1833.2031       1.0002922       1.0005928       0.0000000
       1833.2239      0.99975967      0.99984717       0.0000000
       1833.2447       1.0001739       1.0003580       0.0000000
       1833.2656       1.0016901       1.0003802       0.0000000
       1833.2864       1.0001923       1.0004766       0.0000000
       1833.3072       1.0000739       1.0003676       0.0000000
       1833.3281       1.0000335       1.0001770       0.0000000
       1833.3489       1.0010248      0.99979466       0.0000000
       1833.3697       1.0000000      0.99926370       0.0000000
       1833.3906      0.99926025      0.99966139       0.0000000
       1833.4114      0.99943274      0.99946719       0.0000000
       1833.4322      0.99888998      0.99888945       0.0000000
       1833.4531      0.99886054      0.99924928       0.0000000
       1833.4739      0.99831784      0.99904639       0.0000000
       1833.4947      0.99850404      0.99888211       0.0000000
       1833.5156      0.99897981      0.99913728       0.0000000
       1833.5364       1.0008948      0.99947947       0.0000000
       1833.5572      0.99904358      0.99959123       0.0000000
       1833.5781       1.0000128      0.99964851       0.0000000
       1833.5989      0.99908900      0.99938250       0.0000000
       1833.6197      0.99926376      0.99902123       0.0000000
       1833.6406      0.99864137      0.99891853       0.0000000
       1833.6614      0.99871027      0.99906290       0.0000000
       1833.6822       1.0015441      0.99937588       128.00000
       1833.7031       1.0002702      0.99898624       0.0000000
       1833.7239       1.0003076      0.99919921       0.0000000
       1833.7447      0.99921548      0.99931782       0.0000000
       1833.7656      0.99919897      0.99867499       0.0000000
       1833.7864      0.99923247      0.99852538       0.0000000
       1833.8072      0.99971569      0.99857688       0.0000000
       1833.8281      0.99889374      0.99824530       0.0000000
       1833.8489      0.99927551      0.99848878       0.0000000
       1833.8697      0.99967277      0.99883628       0.0000000
       1833.8906      0.99937350      0.99857718       0.0000000
       1833.9114      0.99852628      0.99826062       0.0000000
       1833.9322      0.99971181      0.99905694       0.0000000
       1833.9531      0.99942094      0.99861830       0.0000000
       1833.9739      0.99930215      0.99849367       0.0000000
       1833.9947      0.99749625      0.99799478       0.0000000
       1834.0156      0.99855161      0.99772793       0.0000000
       1834.0364      0.99920249      0.99859536       0.0000000
       1834.0572      0.99937081      0.99857008       0.0000000
       1834.0781      0.99928808      0.99854457       0.0000000
       1834.0989      0.99941021      0.99882579       0.0000000
       1834.1197      0.99914694      0.99868327       0.0000000
       1834.1406      0.99980301      0.99911803       0.0000000
       1834.1614      0.99856353      0.99868095       0.0000000
       1834.1822      0.99974996      0.99909484       0.0000000
       1834.2031      0.99916953      0.99892133       0.0000000
       1834.2239      0.99974704      0.99903500       0.0000000
       1834.2447      0.99993223      0.99911529       0.0000000
       1834.2656  -3.0710243e-15      0.88442892       128.00000
       1834.2864      0.99927711      0.99927515       0.0000000
       1834.3072      0.99869150      0.99886674       0.0000000
       1834.3281       1.0047646      0.99916381       128.00000
       1834.3489      0.99878830      0.99854171       0.0000000
       1834.3697       1.0001581      0.99919325       0.0000000
       1834.3906      0.99977756      0.99899405       0.0000000
       1834.4114      0.99965322      0.99877810       0.0000000
       1834.4322      0.99822265      0.99862230       0.0000000
       1834.4530      0.99959785      0.99879277       0.0000000
       1834.4739      0.99935687      0.99899942       0.0000000
       1834.4947       1.0000378      0.99902797       0.0000000
       1834.5155      0.99945617      0.99878639       0.0000000
       1834.5364      0.99969113      0.99886364       0.0000000
       1834.5572      0.99996793      0.99919212       0.0000000
       1834.5780      0.99980015      0.99902540       0.0000000
       1834.5989      0.99884963      0.99926370       0.0000000
       1834.6197       1.0004386      0.99934793       0.0000000
       1834.6405       1.0003101      0.99947417       0.0000000
       1834.6614       1.0006964      0.99984777       0.0000000
       1834.6822       1.0002850      0.99949837       0.0000000
       1834.7030       1.0007696      0.99963677       0.0000000
       1834.7239       1.0002946      0.99929178       0.0000000
       1834.7447      0.99984097      0.99926132       0.0000000
       1834.7655      0.99915034      0.99913478       0.0000000
       1834.7864       1.0000037      0.99935406       0.0000000
       1834.8072      0.99973905      0.99915516       0.0000000
       1834.8280       1.0001922      0.99934441       0.0000000
       1834.8489      0.99945492      0.99919826       0.0000000
       1834.8697      0.99999624      0.99954981       0.0000000
       1834.8905       1.0002856      0.99949753       0.0000000
       1834.9114       1.0002517      0.99974400       0.0000000
       1834.9322       1.0001788      0.99968672       0.0000000
       1834.9530       1.0005990       1.0001932       0.0000000
       1834.9739       1.0010834       1.0005451       0.0000000
       1834.9947       1.0010489       1.0005313       0.0000000
       1835.0155       1.0014013       1.0005170       0.0000000
       1835.0364      0.99871129       1.0007672       0.0000000
       1835.0572       1.0012498       1.0006688       128.00000
       1835.0780       1.0009745       1.0006737       0.0000000
       1835.0989       1.0013454       1.0008638       0.0000000
       1835.1197       1.0013614       1.0005099       0.0000000
       1835.1405       1.0006257       1.0006551       128.00000
       1835.1614       1.0006043       1.0001991       0.0000000
       1835.1822       1.0007344       1.0003239       0.0000000
       1835.2030       1.0007719       1.0000273       0.0000000
       1835.2239       1.0011268      0.99985254       128.00000
       1835.2447       1.0011282       1.0003945       0.0000000
       1835.2655       1.0001193      0.99981016       0.0000000
       1835.2864       1.0001910      0.99983162       0.0000000
       1835.3072      0.99971670      0.99947757       0.0000000
       1835.3280      0.99919701      0.99927104       0.0000000
       1835.3489      0.99975598      0.99960351       0.0000000
       1835.3697      0.99989492      0.99916297       0.0000000
       1835.3905      0.99929339      0.99920309       0.0000000
       1835.4114      0.99919915      0.99908137       0.0000000
       1835.4322      0.99894714      0.99871129       0.0000000
       1835.4530      0.99943781      0.99862164       0.0000000
       1835.4739      0.99883378      0.99820459       0.0000000
       1835.4947      0.99810147      0.99821281       0.0000000
       1835.5155      0.99745101      0.99766892       0.0000000
       1835.5364      0.99715066      0.99692446       0.0000000
       1835.5572      0.99716473      0.99681354       0.0000000
       1835.5780      0.99572802      0.99511909       128.00000
       1835.5989      0.99198908      0.99401563       128.00000
       1835.6197      0.99353844      0.99366945       128.00000
       1835.6405      0.99403346      0.99346501       128.00000
       1835.6614      0.99405152      0.99397939       0.0000000
       1835.6822      0.99388885      0.99385691       0.0000000
       1835.7030      0.99498481      0.99502641       0.0000000
       1835.7239      0.99502271      0.99543405       128.00000
       1835.7447      0.99707329      0.99695987       0.0000000
       1835.7655      0.99879825      0.99855185       0.0000000
       1835.7864       1.0002444       1.0002055       0.0000000
       1835.8072       1.0016192       1.0015044       0.0000000
       1835.8280       1.0033363       1.0027287       128.00000
       1835.8489       1.0040734       1.0041569       0.0000000
       1835.8697       1.0051585       1.0049981       0.0000000
       1835.8905       1.0061722       1.0059125       0.0000000
       1835.9114       1.0065525       1.0064214       0.0000000
       1835.9322       1.0066055       1.0066926       0.0000000
       1835.9530       1.0060269       1.0057042       128.00000
       1835.9739       1.0063287       1.0061849       0.0000000
       1835.9947       1.0055903       1.0057261       0.0000000
       1836.0155       1.0055692       1.0050479       0.0000000
       1836.0364       1.0050719       1.0049086       0.0000000
       1836.0572       1.0041827       1.0039960       0.0000000
       1836.0780       1.0033662       1.0034474       0.0000000
       1836.0989       1.0033294       1.0031954       0.0000000
       1836.1197       1.0027789       1.0024353       128.00000
       1836.1405       1.0023556       1.0024831       0.0000000
       1836.1614       1.0014380       1.0014790       0.0000000
       1836.1822       1.0015640       1.0012683       0.0000000
       1836.2030       1.0011517       1.0011321       0.0000000
       1836.2239       1.0002924       1.0005449       0.0000000
       1836.2447       1.0002644       1.0004272       0.0000000
       1836.2655      0.99937111      0.99940985       128.00000
       1836.2864      0.99949396      0.99950165       128.00000
       1836.3072       1.0007327       1.0006560       0.0000000
       1836.3280       1.0005105       1.0003415       0.0000000
       1836.3488       1.0002971       1.0000712       0.0000000
       1836.3697      0.99973810      0.99986076       0.0000000
       1836.3905      0.99971604      0.99977666       0.0000000
       1836.4113      0.99990708      0.99973392       0.0000000
       1836.4322      0.99976778      0.99958163       0.0000000
       1836.4530      0.99901110      0.99928188       128.00000
       1836.4738      0.99957448      0.99943304       0.0000000
       1836.4947      0.99934316      0.99923992       0.0000000
       1836.5155      0.99864650      0.99880373       128.00000
       1836.5363      0.99978268      0.99933803       0.0000000
       1836.5572      0.99961615      0.99962825       0.0000000
       1836.5780      0.99889898      0.99904871       0.0000000
       1836.5988      0.99958050      0.99941683       0.0000000
       1836.6197      0.99955529      0.99944985       0.0000000
       1836.6405      0.99961692      0.99962312       0.0000000
       1836.6613       1.0000882      0.99980694       0.0000000
       1836.6822      0.99997711      0.99971229       0.0000000
       1836.7030       1.0002745      0.99974489       0.0000000
       1836.7238       1.0004078       1.0000000       0.0000000
       1836.7447      0.99997002      0.99980253       0.0000000
       1836.7655      0.99963337      0.99961078       0.0000000
       1836.7863      0.99952477      0.99967444       0.0000000
       1836.8072      0.99773353      0.99958241       128.00000
       1836.8280      0.99958712      0.99953932       0.0000000
       1836.8488      0.99939841      0.99954957       0.0000000
       1836.8697      0.99952078      0.99958932       0.0000000
       1836.8905      0.99905914      0.99938762       0.0000000
       1836.9113      0.99962556      0.99979985       0.0000000
       1836.9322      0.99977893       1.0000738       0.0000000
       1836.9530       1.0004499      0.99971837       0.0000000
       1836.9738      0.99958378      0.99975109       0.0000000
       1836.9947      0.99958837      0.99987382       0.0000000
       1837.0155      0.99909908      0.99927670       0.0000000
       1837.0363      0.99946338      0.99974394       0.0000000
       1837.0572      0.99936825      0.99970722       0.0000000
       1837.0780      0.99908096      0.99966812       0.0000000
       1837.0988      0.99941736      0.99975717       0.0000000
       1837.1197      0.99974847      0.99992263       0.0000000
       1837.1405      0.99927628      0.99977940       0.0000000
       1837.1613      0.99940717      0.99989718       0.0000000
       1837.1822      0.99960953      0.99995595       0.0000000
       1837.2030       1.0002598      0.99992019       0.0000000
       1837.2238      0.99926311      0.99983907       0.0000000
       1837.2447      0.99971372      0.99986064       0.0000000
       1837.2655      0.99991560      0.99984133       0.0000000
       1837.2863      0.99978518       1.0001894       0.0000000
       1837.3072      0.99926859      0.99958485       0.0000000
       1837.3280       1.0013684      0.99951822       0.0000000
       1837.3488      0.99962640      0.99966383       0.0000000
       1837.3697       1.0000260       1.0003339       0.0000000
       1837.3905      0.99947453      0.99963897       0.0000000
       1837.4113      0.99909383      0.99941552       0.0000000
       1837.4322      0.99930364      0.99951607       0.0000000
       1837.4530      0.99971443      0.99981672       0.0000000
       1837.4738      0.99970251      0.99971867       0.0000000
       1837.4947       1.0002706       1.0002631       0.0000000
       1837.5155      0.99996161       1.0002642       0.0000000
       1837.5363       1.0000045       1.0000486       0.0000000
       1837.5572      0.99981326      0.99969894       0.0000000
       1837.5780       1.0000896       1.0000795       0.0000000
       1837.5988       1.0000132      0.99999571       0.0000000
       1837.6197       1.0003814       1.0005045       0.0000000
       1837.6405      0.99987692       1.0001116       0.0000000
       1837.6613       1.0001302       1.0003932       0.0000000
       1837.6822       1.0004480       1.0003064       0.0000000
       1837.7030       1.0001190       1.0003092       0.0000000
       1837.7238      0.99992412       1.0001537       0.0000000
       1837.7447       1.0003468       1.0002522       0.0000000
       1837.7655       1.0003340       1.0006109       0.0000000
       1837.7863       1.0001462       1.0007019       0.0000000
       1837.8072      0.99994236       1.0003009       0.0000000
       1837.8280       1.0006407       1.0008765       0.0000000
       1837.8488       1.0004284       1.0009187       0.0000000
       1837.8697       1.0010668       1.0012112       0.0000000
       1837.8905       1.0013856       1.0015458       0.0000000
       1837.9113       1.0012282       1.0014293       0.0000000
       1837.9322       1.0008034       1.0012366       0.0000000
       1837.9530       1.0012889       1.0016406       0.0000000
       1837.9738       1.0010401       1.0013825       0.0000000
       1837.9947       1.0010158       1.0013548       0.0000000
       1838.0155       1.0008378       1.0011355       0.0000000
       1838.0363       1.0009427       1.0015049       0.0000000
       1838.0571       1.0008553       1.0013011       0.0000000
       1838.0780       1.0007275       1.0014522       0.0000000
       1838.0988       1.0014850       1.0016943       0.0000000
       1838.1196       1.0015998       1.0020248       0.0000000
       1838.1405       1.0017260       1.0021929       0.0000000
       1838.1613       1.0018160       1.0022528       0.0000000
       1838.1821       1.0013856       1.0020729       0.0000000
       1838.2030       1.0014422       1.0021405       0.0000000
       1838.2238       1.0016886       1.0023324       0.0000000
       1838.2446       1.0014288       1.0021051       0.0000000
       1838.2655       1.0013459       1.0020846       0.0000000
       1838.2863       1.0015677       1.0021696       0.0000000
       1838.3071       1.0020975       1.0023416       0.0000000
       1838.3280       1.0016578       1.0019276       0.0000000
       1838.3488       1.0012926       1.0018106       0.0000000
       1838.3696       1.0018371       1.0021999       0.0000000
       1838.3905       1.0016267       1.0018885       0.0000000
       1838.4113       1.0015404       1.0019164       0.0000000
       1838.4321       1.0014607       1.0019439       0.0000000
       1838.4530       1.0010834       1.0015495       0.0000000
       1838.4738       1.0007885       1.0014632       0.0000000
       1838.4946       1.0005869       1.0011313       0.0000000
       1838.5155      0.99982601       1.0006046       0.0000000
       1838.5363       1.0004394       1.0007147       0.0000000
       1838.5571      0.99929816       1.0003184       0.0000000
       1838.5780      0.99897528      0.99969542       0.0000000
       1838.5988      0.99877536      0.99971896       0.0000000
       1838.6196      0.99821466      0.99903339       0.0000000
       1838.6405      0.99718475      0.99808532       0.0000000
       1838.6613      0.99680406      0.99755579       0.0000000
       1838.6821      0.99625677      0.99729943       0.0000000
       1838.7030      0.99657333      0.99732840       0.0000000
       1838.7446      0.99482769      0.99583632       128.00000
       1838.7655      0.99426275      0.99550050       0.0000000
       1838.7863      0.99432015      0.99570411       0.0000000
       1838.8071       1.0002538      0.99575424       128.00000
       1838.8280      0.99470001      0.99620855       0.0000000
       1838.8488      0.99579275      0.99709809       0.0000000
       1838.8696      0.99679857      0.99820983       0.0000000
       1838.8905      0.99835384      0.99956214       128.00000
       1838.9113       1.0000495       1.0010196       0.0000000
       1838.9321       1.0014678       1.0024621       0.0000000
       1838.9530       1.0025084       1.0037369       0.0000000
       1838.9738       1.0032816       1.0047183       0.0000000
       1838.9946       1.0041126       1.0055476       0.0000000
       1839.0155       1.0055839       1.0069189       0.0000000
       1839.0363       1.0051718       1.0076948       0.0000000
       1839.0571       1.0052996       1.0072258       0.0000000
       1839.0780       1.0058142       1.0074145       0.0000000
       1839.0988       1.0058188       1.0072173       0.0000000
       1839.1196       1.0052544       1.0066872       0.0000000
       1839.1405       1.0049938       1.0065134       0.0000000
       1839.1613       1.0048707       1.0062338       0.0000000
       1839.1821       1.0044745       1.0055392       0.0000000
       1839.2030       1.0037403       1.0050751       0.0000000
       1839.2238       1.0034924       1.0044053       0.0000000
       1839.2446       1.0028172       1.0043868       0.0000000
       1839.2655       1.0030386       1.0042161       0.0000000
       1839.2863       1.0018071       1.0027914       0.0000000
       1839.3071       1.0018492       1.0027455       0.0000000
       1839.3280       1.0007155       1.0016659       0.0000000
       1839.3488       1.0006437       1.0017407       0.0000000
       1839.3696       1.0003716       1.0013318       0.0000000
       1839.3905       1.0009937       1.0014570       128.00000
       1839.4113       1.0003402       1.0010648       0.0000000
       1839.4321       1.0000926       1.0010395       0.0000000
       1839.4530       1.0001476       1.0010736       0.0000000
       1839.4738      0.99990189       1.0009192       0.0000000
       1839.4946      0.99992263       1.0010245       0.0000000
       1839.5154  -3.0583058e-15      0.88076633       128.00000
       1839.5363      0.99990499       1.0007890       0.0000000
       1839.5571      0.99914068       1.0005734       0.0000000
       1839.5779      0.99911296       1.0001206       128.00000
       1839.5988      0.99830484      0.99988067       0.0000000
       1839.6196      0.99959171       1.0006372       0.0000000
       1839.6404      0.99899703       1.0004690       0.0000000
       1839.6613      0.99906230       1.0002134       0.0000000
       1839.6821      0.99909109       1.0002451       0.0000000
       1839.7029      0.99818432      0.99985600       128.00000
       1839.7238      0.99873024      0.99977851       0.0000000
       1839.7446      0.99885827      0.99958193       0.0000000
       1839.7654      0.99913371       1.0001253       128.00000
       1839.7863      0.99688745      0.99880940       128.00000
       1839.8071      0.99875695      0.99985129       128.00000
       1839.8279      0.99841499      0.99998683       128.00000
       1839.8488      0.99936205       1.0000671       0.0000000
       1839.8696      0.99872565      0.99973142       0.0000000
       1839.8904      0.99865431      0.99975246       128.00000
       1839.9113      0.99898791       1.0003324       128.00000
       1839.9321      0.99927998       1.0002202       0.0000000
       1839.9529      0.99895942       1.0002037       0.0000000
       1839.9738      0.99977612       1.0006315       0.0000000
       1839.9946      0.99899429       1.0002080       128.00000
       1840.0154      0.99950647       1.0006227       0.0000000
       1840.0363      0.99971485       1.0005196       0.0000000
       1840.0571      0.99955547       1.0005792       0.0000000
       1840.0779      0.99906760       1.0000430       128.00000
       1840.0988      0.99961948       1.0006061       0.0000000
       1840.1196      0.99977416       1.0005767       0.0000000
       1840.1404      0.99985939       1.0004331       0.0000000
       1840.1613      0.99905682      0.99991685       128.00000
       1840.1821      0.99945104       1.0002371       0.0000000
       1840.2029      0.99943662       1.0000746       0.0000000
       1840.2238      0.99943566      0.99978793       0.0000000
       1840.2446      0.99931866       1.0000334       0.0000000
       1840.2654      0.99910671      0.99990076       0.0000000
       1840.2863      0.99919808       1.0000522       0.0000000
       1840.3071      0.99966669       1.0002863       0.0000000
       1840.3279      0.99928337      0.99992186       0.0000000
       1840.3488      0.99970156       1.0004116       0.0000000
       1840.3696      0.99896318      0.99960667       0.0000000
       1840.3904      0.99984401       1.0001177       0.0000000
       1840.4113      0.99982983       1.0004925       0.0000000
       1840.4321       1.0004712       1.0006944       0.0000000
       1840.4529      0.99935055       1.0003259       128.00000
       1840.4738       1.0001198       1.0007939       128.00000
       1840.4946      0.99970019       1.0002196       0.0000000
       1840.5154      0.99993187       1.0001141       0.0000000
       1840.5363      0.99958080       1.0000281       0.0000000
       1840.5571      0.99992371       1.0001822       0.0000000
       1840.5779      0.99936187      0.99982572       0.0000000
       1840.5988      0.99953151      0.99970526       0.0000000
       1840.6196      0.99970621      0.99958795       128.00000
       1840.6404      0.99930054      0.99964446       0.0000000
       1840.6613       1.0003971       1.0003046       0.0000000
       1840.6821      0.99973190       1.0001965       128.00000
       1840.7029      0.99972206       1.0000610       0.0000000
       1840.7238      0.99955612      0.99969292       0.0000000
       1840.7446       1.0001436       1.0002204       0.0000000
       1840.7654       1.0001590       1.0000911       0.0000000
       1840.7863      0.99990624       1.0000076       0.0000000
       1840.8071       1.0001048       1.0000067       0.0000000
       1840.8279       1.0003952       1.0003669       0.0000000
       1840.8488      0.99982083      0.99974805       0.0000000
       1840.8696       1.0000327       1.0001091       0.0000000
       1840.8904       1.0002373       1.0002571       0.0000000
       1840.9112       1.0002017      0.99960291       0.0000000
       1840.9321      0.99913478      0.99956870       0.0000000
       1840.9529       1.0003062       1.0001694       0.0000000
       1840.9737      0.99985206      0.99989933       0.0000000
       1840.9946       1.0008528       1.0001431       128.00000
       1841.0154       1.0017005       1.0002135       0.0000000
       1841.0362       1.0005342       1.0001806       0.0000000
       1841.0571       1.0014352       1.0000139       0.0000000
       1841.0779       1.0009779      0.99987656       0.0000000
       1841.0987       1.0008303       1.0001693       0.0000000
       1841.1196       1.0004758      0.99977982       0.0000000
       1841.1404       1.0021676       1.0000567       0.0000000
